#R=0.78678847387405548
#a=1.0
#interptype='linear'
#name='planet'
#norm={'P': 1000000000000.0, 'R': 0.78678847387405548, 'M': 0.59999999999999998, 'g': 9.5275980201608608, 'rho': 4000.0}
#state=1
#composition
#layer0		Fe08FeS02		0.650000
#layer1		pv_fmw		0.350000
#Cols=
 #'ur		r		mr		rho		P		g		phi		T		composition'
#-end-
0.000000e+00	0.000000e+00	5.145107e-12	1.145256e+04	2.738900e+11	0.000000e+00	-8.145870e+07	5.000000e+03	0
5.025126e-03	3.953711e-03	1.282706e-07	1.145249e+04	2.738825e+11	6.624439e-02	-8.145769e+07	5.000000e+03	0
1.005025e-02	7.907422e-03	1.025358e-06	1.145221e+04	2.738518e+11	1.468658e-01	-8.145465e+07	5.000000e+03	0
1.507538e-02	1.186113e-02	3.459649e-06	1.145172e+04	2.737978e+11	2.274844e-01	-8.144957e+07	5.000000e+03	0
2.010050e-02	1.581484e-02	8.199362e-06	1.145102e+04	2.737206e+11	3.080958e-01	-8.144247e+07	5.000000e+03	0
2.512563e-02	1.976855e-02	1.601247e-05	1.145011e+04	2.736202e+11	3.886969e-01	-8.143334e+07	5.000000e+03	0
3.015075e-02	2.372227e-02	2.766661e-05	1.144898e+04	2.734965e+11	4.692850e-01	-8.142218e+07	5.000000e+03	0
3.517588e-02	2.767598e-02	4.392901e-05	1.144765e+04	2.733497e+11	5.498576e-01	-8.140899e+07	5.000000e+03	0
4.020101e-02	3.162969e-02	6.556638e-05	1.144610e+04	2.731796e+11	6.304118e-01	-8.139377e+07	5.000000e+03	0
4.522613e-02	3.558340e-02	9.334486e-05	1.144434e+04	2.729864e+11	7.109450e-01	-8.137652e+07	5.000000e+03	0
5.025126e-02	3.953711e-02	1.280299e-04	1.144238e+04	2.727700e+11	7.914545e-01	-8.135725e+07	5.000000e+03	0
5.527638e-02	4.349082e-02	1.703862e-04	1.144019e+04	2.725305e+11	8.719377e-01	-8.133595e+07	5.000000e+03	0
6.030151e-02	4.744453e-02	2.211776e-04	1.143780e+04	2.722678e+11	9.523919e-01	-8.131506e+07	5.000000e+03	0
6.532663e-02	5.139824e-02	2.811671e-04	1.143520e+04	2.719821e+11	1.032814e+00	-8.128728e+07	5.000000e+03	0
7.035176e-02	5.535195e-02	3.511165e-04	1.143238e+04	2.716732e+11	1.113202e+00	-8.125991e+07	5.000000e+03	0
7.537688e-02	5.930566e-02	4.317867e-04	1.142936e+04	2.713413e+11	1.193553e+00	-8.123051e+07	5.000000e+03	0
8.040201e-02	6.325937e-02	5.239373e-04	1.142612e+04	2.709865e+11	1.273864e+00	-8.119910e+07	5.000000e+03	0
8.542714e-02	6.721309e-02	6.283267e-04	1.142267e+04	2.706086e+11	1.354133e+00	-8.116566e+07	5.000000e+03	0
9.045226e-02	7.116680e-02	7.457118e-04	1.141900e+04	2.702077e+11	1.434357e+00	-8.113020e+07	5.000000e+03	0
9.547739e-02	7.512051e-02	8.768482e-04	1.141513e+04	2.697840e+11	1.514533e+00	-8.109272e+07	5.000000e+03	0
1.005025e-01	7.907422e-02	1.022490e-03	1.141104e+04	2.693374e+11	1.594658e+00	-8.105323e+07	5.000000e+03	0
1.055276e-01	8.302793e-02	1.183389e-03	1.140674e+04	2.688679e+11	1.674730e+00	-8.101171e+07	5.000000e+03	0
1.105528e-01	8.698164e-02	1.360297e-03	1.140222e+04	2.683756e+11	1.754746e+00	-8.096819e+07	5.000000e+03	0
1.155779e-01	9.093535e-02	1.553970e-03	1.139749e+04	2.678606e+11	1.834703e+00	-8.092265e+07	5.000000e+03	0
1.206030e-01	9.488906e-02	1.765148e-03	1.139255e+04	2.673229e+11	1.914599e+00	-8.087510e+07	5.000000e+03	0
1.256281e-01	9.884277e-02	1.994576e-03	1.138740e+04	2.667625e+11	1.994431e+00	-8.082553e+07	5.000000e+03	0
1.306533e-01	1.027965e-01	2.242997e-03	1.138203e+04	2.661795e+11	2.074197e+00	-8.077396e+07	5.000000e+03	0
1.356784e-01	1.067502e-01	2.511153e-03	1.137645e+04	2.655739e+11	2.153893e+00	-8.072038e+07	5.000000e+03	0
1.407035e-01	1.107039e-01	2.799781e-03	1.137066e+04	2.649459e+11	2.233516e+00	-8.066480e+07	5.000000e+03	0
1.457286e-01	1.146576e-01	3.109618e-03	1.136465e+04	2.642953e+11	2.313065e+00	-8.060721e+07	5.000000e+03	0
1.507538e-01	1.186113e-01	3.441398e-03	1.135842e+04	2.636224e+11	2.392536e+00	-8.054763e+07	5.000000e+03	0
1.557789e-01	1.225650e-01	3.795853e-03	1.135198e+04	2.629272e+11	2.471927e+00	-8.048604e+07	5.000000e+03	0
1.608040e-01	1.265187e-01	4.173711e-03	1.134533e+04	2.622097e+11	2.551235e+00	-8.042245e+07	5.000000e+03	0
1.658291e-01	1.304725e-01	4.575698e-03	1.133846e+04	2.614700e+11	2.630457e+00	-8.035687e+07	5.000000e+03	0
1.708543e-01	1.344262e-01	5.002539e-03	1.133138e+04	2.607082e+11	2.709590e+00	-8.028930e+07	5.000000e+03	0
1.758794e-01	1.383799e-01	5.454953e-03	1.132408e+04	2.599243e+11	2.788632e+00	-8.021974e+07	5.000000e+03	0
1.809045e-01	1.423336e-01	5.933658e-03	1.131656e+04	2.591184e+11	2.867580e+00	-8.014818e+07	5.000000e+03	0
1.859296e-01	1.462873e-01	6.439369e-03	1.130883e+04	2.582905e+11	2.946432e+00	-8.007464e+07	5.000000e+03	0
1.909548e-01	1.502410e-01	6.972798e-03	1.130088e+04	2.574409e+11	3.025183e+00	-7.999912e+07	5.000000e+03	0
1.959799e-01	1.541947e-01	7.534652e-03	1.129271e+04	2.565694e+11	3.103833e+00	-7.992162e+07	5.000000e+03	0
2.010050e-01	1.581484e-01	8.125637e-03	1.128433e+04	2.556763e+11	3.182377e+00	-7.984214e+07	5.000000e+03	0
2.060302e-01	1.621021e-01	8.746455e-03	1.127573e+04	2.547615e+11	3.260814e+00	-7.976068e+07	5.000000e+03	0
2.110553e-01	1.660559e-01	9.397803e-03	1.126691e+04	2.538252e+11	3.339140e+00	-7.967725e+07	5.000000e+03	0
2.160804e-01	1.700096e-01	1.008038e-02	1.125787e+04	2.528675e+11	3.417352e+00	-7.959185e+07	5.000000e+03	0
2.211055e-01	1.739633e-01	1.079487e-02	1.124861e+04	2.518884e+11	3.495449e+00	-7.950448e+07	5.000000e+03	0
2.261307e-01	1.779170e-01	1.154197e-02	1.123914e+04	2.508880e+11	3.573426e+00	-7.941515e+07	5.000000e+03	0
2.311558e-01	1.818707e-01	1.232236e-02	1.122944e+04	2.498664e+11	3.651282e+00	-7.932385e+07	5.000000e+03	0
2.361809e-01	1.858244e-01	1.313672e-02	1.121953e+04	2.488238e+11	3.729013e+00	-7.923060e+07	5.000000e+03	0
2.412060e-01	1.897781e-01	1.398573e-02	1.120939e+04	2.477601e+11	3.806616e+00	-7.913539e+07	5.000000e+03	0
2.462312e-01	1.937318e-01	1.487004e-02	1.119903e+04	2.466756e+11	3.884090e+00	-7.903823e+07	5.000000e+03	0
2.512563e-01	1.976855e-01	1.579034e-02	1.118845e+04	2.455702e+11	3.961430e+00	-7.893913e+07	5.000000e+03	0
2.562814e-01	2.016393e-01	1.674727e-02	1.117765e+04	2.444442e+11	4.038635e+00	-7.883807e+07	5.000000e+03	0
2.613065e-01	2.055930e-01	1.774151e-02	1.116663e+04	2.432976e+11	4.115700e+00	-7.873508e+07	5.000000e+03	0
2.663317e-01	2.095467e-01	1.877370e-02	1.115538e+04	2.421304e+11	4.192624e+00	-7.863015e+07	5.000000e+03	0
2.713568e-01	2.135004e-01	1.984450e-02	1.114392e+04	2.409429e+11	4.269404e+00	-7.852328e+07	5.000000e+03	0
2.763819e-01	2.174541e-01	2.095454e-02	1.113222e+04	2.397352e+11	4.346037e+00	-7.841448e+07	5.000000e+03	0
2.814070e-01	2.214078e-01	2.210447e-02	1.112031e+04	2.385072e+11	4.422519e+00	-7.830376e+07	5.000000e+03	0
2.864322e-01	2.253615e-01	2.329493e-02	1.110816e+04	2.372592e+11	4.498848e+00	-7.819111e+07	5.000000e+03	0
2.914573e-01	2.293152e-01	2.452653e-02	1.109579e+04	2.359913e+11	4.575022e+00	-7.807654e+07	5.000000e+03	0
2.964824e-01	2.332689e-01	2.579991e-02	1.108320e+04	2.347036e+11	4.651036e+00	-7.796006e+07	5.000000e+03	0
3.015075e-01	2.372227e-01	2.711568e-02	1.107038e+04	2.333962e+11	4.726889e+00	-7.784167e+07	5.000000e+03	0
3.065327e-01	2.411764e-01	2.847447e-02	1.105733e+04	2.320692e+11	4.802577e+00	-7.772137e+07	5.000000e+03	0
3.115578e-01	2.451301e-01	2.987687e-02	1.104405e+04	2.307227e+11	4.878098e+00	-7.759916e+07	5.000000e+03	0
3.165829e-01	2.490838e-01	3.132349e-02	1.103055e+04	2.293569e+11	4.953448e+00	-7.747506e+07	5.000000e+03	0
3.216080e-01	2.530375e-01	3.281492e-02	1.101682e+04	2.279719e+11	5.028624e+00	-7.734906e+07	5.000000e+03	0
3.266332e-01	2.569912e-01	3.435177e-02	1.100285e+04	2.265679e+11	5.103625e+00	-7.722117e+07	5.000000e+03	0
3.316583e-01	2.609449e-01	3.593461e-02	1.098866e+04	2.251449e+11	5.178445e+00	-7.709140e+07	5.000000e+03	0
3.366834e-01	2.648986e-01	3.756404e-02	1.097423e+04	2.237031e+11	5.253084e+00	-7.695974e+07	5.000000e+03	0
3.417085e-01	2.688523e-01	3.924063e-02	1.095957e+04	2.222426e+11	5.327537e+00	-7.682621e+07	5.000000e+03	0
3.467337e-01	2.728061e-01	4.096493e-02	1.094468e+04	2.207636e+11	5.401801e+00	-7.669081e+07	5.000000e+03	0
3.517588e-01	2.767598e-01	4.273751e-02	1.092955e+04	2.192662e+11	5.475875e+00	-7.655354e+07	5.000000e+03	0
3.567839e-01	2.807135e-01	4.455893e-02	1.091419e+04	2.177505e+11	5.549753e+00	-7.641441e+07	5.000000e+03	0
3.618090e-01	2.846672e-01	4.642972e-02	1.089860e+04	2.162168e+11	5.623435e+00	-7.627342e+07	5.000000e+03	0
3.668342e-01	2.886209e-01	4.835044e-02	1.088276e+04	2.146651e+11	5.696916e+00	-7.613058e+07	5.000000e+03	0
3.718593e-01	2.925746e-01	5.032161e-02	1.086669e+04	2.130955e+11	5.770193e+00	-7.598589e+07	5.000000e+03	0
3.768844e-01	2.965283e-01	5.234377e-02	1.085039e+04	2.115083e+11	5.843264e+00	-7.583936e+07	5.000000e+03	0
3.819095e-01	3.004820e-01	5.441744e-02	1.083384e+04	2.099036e+11	5.916124e+00	-7.569100e+07	5.000000e+03	0
3.869347e-01	3.044357e-01	5.654313e-02	1.081705e+04	2.082815e+11	5.988772e+00	-7.554080e+07	5.000000e+03	0
3.919598e-01	3.083895e-01	5.872134e-02	1.080003e+04	2.066423e+11	6.061205e+00	-7.538878e+07	5.000000e+03	0
3.969849e-01	3.123432e-01	6.095258e-02	1.078276e+04	2.049859e+11	6.133417e+00	-7.523493e+07	5.000000e+03	0
4.020101e-01	3.162969e-01	6.323734e-02	1.076525e+04	2.033127e+11	6.205408e+00	-7.507927e+07	5.000000e+03	0
4.070352e-01	3.202506e-01	6.557611e-02	1.074749e+04	2.016228e+11	6.277173e+00	-7.492180e+07	5.000000e+03	0
4.120603e-01	3.242043e-01	6.796936e-02	1.072949e+04	1.999163e+11	6.348710e+00	-7.476253e+07	5.000000e+03	0
4.170854e-01	3.281580e-01	7.041755e-02	1.071124e+04	1.981934e+11	6.420015e+00	-7.460146e+07	5.000000e+03	0
4.221106e-01	3.321117e-01	7.292116e-02	1.069275e+04	1.964543e+11	6.491084e+00	-7.443860e+07	5.000000e+03	0
4.271357e-01	3.360654e-01	7.548062e-02	1.067400e+04	1.946992e+11	6.561916e+00	-7.427396e+07	5.000000e+03	0
4.321608e-01	3.400191e-01	7.809640e-02	1.065501e+04	1.929281e+11	6.632505e+00	-7.410753e+07	5.000000e+03	0
4.371859e-01	3.439729e-01	8.076892e-02	1.063577e+04	1.911414e+11	6.702850e+00	-7.393933e+07	5.000000e+03	0
4.422111e-01	3.479266e-01	8.349861e-02	1.061627e+04	1.893391e+11	6.772947e+00	-7.376936e+07	5.000000e+03	0
4.472362e-01	3.518803e-01	8.628591e-02	1.059652e+04	1.875215e+11	6.842792e+00	-7.359763e+07	5.000000e+03	0
4.522613e-01	3.558340e-01	8.913122e-02	1.057651e+04	1.856886e+11	6.912382e+00	-7.342415e+07	5.000000e+03	0
4.572864e-01	3.597877e-01	9.203493e-02	1.055625e+04	1.838408e+11	6.981714e+00	-7.324892e+07	5.000000e+03	0
4.623116e-01	3.637414e-01	9.499744e-02	1.053573e+04	1.819782e+11	7.050785e+00	-7.307194e+07	5.000000e+03	0
4.673367e-01	3.676951e-01	9.801913e-02	1.051496e+04	1.801010e+11	7.119590e+00	-7.289323e+07	5.000000e+03	0
4.723618e-01	3.716488e-01	1.011004e-01	1.049392e+04	1.782093e+11	7.188127e+00	-7.271280e+07	5.000000e+03	0
4.773869e-01	3.756025e-01	1.042415e-01	1.047262e+04	1.763034e+11	7.256392e+00	-7.253064e+07	5.000000e+03	0
4.824121e-01	3.795562e-01	1.074429e-01	1.045105e+04	1.743835e+11	7.324382e+00	-7.234676e+07	5.000000e+03	0
4.874372e-01	3.835100e-01	1.107050e-01	1.042922e+04	1.724497e+11	7.392093e+00	-7.216118e+07	5.000000e+03	0
4.924623e-01	3.874637e-01	1.140280e-01	1.040712e+04	1.705023e+11	7.459522e+00	-7.197390e+07	5.000000e+03	0
4.974874e-01	3.914174e-01	1.174122e-01	1.038476e+04	1.685414e+11	7.526664e+00	-7.178492e+07	5.000000e+03	0
5.025126e-01	3.953711e-01	1.208581e-01	1.036212e+04	1.665672e+11	7.593517e+00	-7.159426e+07	5.000000e+03	0
5.075377e-01	3.993248e-01	1.243658e-01	1.033921e+04	1.645801e+11	7.660077e+00	-7.140192e+07	5.000000e+03	0
5.125628e-01	4.032785e-01	1.279358e-01	1.031602e+04	1.625800e+11	7.726339e+00	-7.120791e+07	5.000000e+03	0
5.175879e-01	4.072322e-01	1.315682e-01	1.029256e+04	1.605674e+11	7.792302e+00	-7.101223e+07	5.000000e+03	0
5.226131e-01	4.111859e-01	1.352633e-01	1.026882e+04	1.585423e+11	7.857960e+00	-7.081490e+07	5.000000e+03	0
5.276382e-01	4.151396e-01	1.390214e-01	1.024480e+04	1.565050e+11	7.923309e+00	-7.061592e+07	5.000000e+03	0
5.326633e-01	4.190934e-01	1.428428e-01	1.022050e+04	1.544557e+11	7.988348e+00	-7.041530e+07	5.000000e+03	0
5.376884e-01	4.230471e-01	1.467276e-01	1.019591e+04	1.523947e+11	8.053070e+00	-7.021304e+07	5.000000e+03	0
5.427136e-01	4.270008e-01	1.506762e-01	1.017104e+04	1.503220e+11	8.117473e+00	-7.000916e+07	5.000000e+03	0
5.477387e-01	4.309545e-01	1.546887e-01	1.014587e+04	1.482381e+11	8.181553e+00	-6.980366e+07	5.000000e+03	0
5.527638e-01	4.349082e-01	1.587653e-01	1.012042e+04	1.461430e+11	8.245305e+00	-6.959656e+07	5.000000e+03	0
5.577889e-01	4.388619e-01	1.629062e-01	1.009466e+04	1.440371e+11	8.308727e+00	-6.938785e+07	5.000000e+03	0
5.628141e-01	4.428156e-01	1.671116e-01	1.006862e+04	1.419205e+11	8.371812e+00	-6.917755e+07	5.000000e+03	0
5.678392e-01	4.467693e-01	1.713817e-01	1.004227e+04	1.397934e+11	8.434559e+00	-6.896567e+07	5.000000e+03	0
5.728643e-01	4.507230e-01	1.757166e-01	1.001562e+04	1.376562e+11	8.496962e+00	-6.875222e+07	5.000000e+03	0
5.778894e-01	4.546768e-01	1.801163e-01	9.988663e+03	1.355090e+11	8.559017e+00	-6.853719e+07	5.000000e+03	0
5.829146e-01	4.586305e-01	1.845812e-01	9.961399e+03	1.333521e+11	8.620720e+00	-6.832061e+07	5.000000e+03	0
5.879397e-01	4.625842e-01	1.891112e-01	9.933824e+03	1.311857e+11	8.682068e+00	-6.810249e+07	5.000000e+03	0
5.929648e-01	4.665379e-01	1.937064e-01	9.905935e+03	1.290101e+11	8.743055e+00	-6.788282e+07	5.000000e+03	0
5.979899e-01	4.704916e-01	1.983670e-01	9.877728e+03	1.268255e+11	8.803678e+00	-6.766162e+07	5.000000e+03	0
6.030151e-01	4.744453e-01	2.030930e-01	9.849200e+03	1.246322e+11	8.863931e+00	-6.743890e+07	5.000000e+03	0
6.080402e-01	4.783990e-01	2.078844e-01	9.820347e+03	1.224304e+11	8.923811e+00	-6.721467e+07	5.000000e+03	0
6.130653e-01	4.823527e-01	2.127413e-01	9.791167e+03	1.202203e+11	8.983313e+00	-6.698894e+07	5.000000e+03	0
6.180905e-01	4.863064e-01	2.176638e-01	9.761654e+03	1.180022e+11	9.042432e+00	-6.676171e+07	5.000000e+03	0
6.231156e-01	4.902602e-01	2.226517e-01	9.731806e+03	1.157765e+11	9.101164e+00	-6.653300e+07	5.000000e+03	0
6.281407e-01	4.942139e-01	2.277051e-01	9.701618e+03	1.135432e+11	9.159504e+00	-6.630282e+07	5.000000e+03	0
6.331658e-01	4.981676e-01	2.328240e-01	9.671087e+03	1.113028e+11	9.217447e+00	-6.607118e+07	5.000000e+03	0
6.381910e-01	5.021213e-01	2.380082e-01	9.640207e+03	1.090554e+11	9.274989e+00	-6.583808e+07	5.000000e+03	0
6.432161e-01	5.060750e-01	2.432579e-01	9.608974e+03	1.068014e+11	9.332124e+00	-6.560354e+07	5.000000e+03	0
6.482412e-01	5.100287e-01	2.485727e-01	9.577384e+03	1.045409e+11	9.388847e+00	-6.536756e+07	5.000000e+03	0
6.532663e-01	5.139824e-01	2.539528e-01	9.545432e+03	1.022744e+11	9.445154e+00	-6.513017e+07	5.000000e+03	0
6.582915e-01	5.179361e-01	2.593979e-01	9.513113e+03	1.000020e+11	9.501039e+00	-6.489136e+07	5.000000e+03	0
6.633166e-01	5.218898e-01	2.649079e-01	9.480422e+03	9.772409e+10	9.556497e+00	-6.465115e+07	5.000000e+03	0
6.683417e-01	5.258436e-01	2.704827e-01	9.447352e+03	9.544087e+10	9.611523e+00	-6.440955e+07	5.000000e+03	0
6.733668e-01	5.297973e-01	2.761221e-01	9.413899e+03	9.315267e+10	9.666111e+00	-6.416657e+07	5.000000e+03	0
6.783920e-01	5.337510e-01	2.818258e-01	9.380057e+03	9.085978e+10	9.720255e+00	-6.392223e+07	5.000000e+03	0
6.834171e-01	5.377047e-01	2.875937e-01	9.345818e+03	8.856248e+10	9.773951e+00	-6.367652e+07	5.000000e+03	0
6.884422e-01	5.416584e-01	2.934255e-01	9.311178e+03	8.626107e+10	9.827191e+00	-6.342948e+07	5.000000e+03	0
6.934673e-01	5.456121e-01	2.993210e-01	9.276130e+03	8.395586e+10	9.879972e+00	-6.318109e+07	5.000000e+03	0
6.984925e-01	5.495658e-01	3.052798e-01	9.240665e+03	8.164715e+10	9.932285e+00	-6.293139e+07	5.000000e+03	0
7.035176e-01	5.535195e-01	3.113017e-01	9.204778e+03	7.933525e+10	9.984126e+00	-6.268037e+07	5.000000e+03	0
7.085427e-01	5.574732e-01	3.173864e-01	9.168460e+03	7.702046e+10	1.003549e+01	-6.242806e+07	5.000000e+03	0
7.135678e-01	5.614270e-01	3.235334e-01	9.131704e+03	7.470310e+10	1.008637e+01	-6.217446e+07	5.000000e+03	0
7.185930e-01	5.653807e-01	3.297424e-01	9.094500e+03	7.238350e+10	1.013675e+01	-6.191959e+07	5.000000e+03	0
7.236181e-01	5.693344e-01	3.360130e-01	9.056841e+03	7.006196e+10	1.018664e+01	-6.166345e+07	5.000000e+03	0
7.286432e-01	5.732881e-01	3.423448e-01	9.018717e+03	6.773883e+10	1.023602e+01	-6.140607e+07	5.000000e+03	0
7.336683e-01	5.772418e-01	3.487372e-01	8.980118e+03	6.541443e+10	1.028489e+01	-6.114745e+07	5.000000e+03	0
7.386935e-01	5.811955e-01	3.551898e-01	8.941034e+03	6.308910e+10	1.033324e+01	-6.088760e+07	5.000000e+03	0
7.437186e-01	5.851492e-01	3.617021e-01	8.901455e+03	6.076317e+10	1.038106e+01	-6.062655e+07	5.000000e+03	0
7.487437e-01	5.891029e-01	3.682736e-01	8.861369e+03	5.843700e+10	1.042835e+01	-6.036430e+07	5.000000e+03	0
7.537688e-01	5.930566e-01	3.749036e-01	8.820764e+03	5.611092e+10	1.047510e+01	-6.010087e+07	5.000000e+03	0
7.587940e-01	5.970103e-01	3.815915e-01	8.779629e+03	5.378531e+10	1.052130e+01	-5.983627e+07	5.000000e+03	0
7.638191e-01	6.009641e-01	3.883367e-01	8.737948e+03	5.146051e+10	1.056694e+01	-5.957051e+07	5.000000e+03	0
7.688442e-01	6.049178e-01	3.926505e-01	4.668178e+03	4.998917e+10	1.054517e+01	-5.930419e+07	5.000000e+03	1
7.738693e-01	6.088715e-01	3.963355e-01	4.654210e+03	4.875414e+10	1.050641e+01	-5.903880e+07	5.000000e+03	1
7.788945e-01	6.128252e-01	4.000575e-01	4.640243e+03	4.752728e+10	1.046874e+01	-5.877437e+07	5.000000e+03	1
7.839196e-01	6.167789e-01	4.038165e-01	4.626275e+03	4.630845e+10	1.043212e+01	-5.851088e+07	5.000000e+03	1
7.889447e-01	6.207326e-01	4.076125e-01	4.612306e+03	4.509749e+10	1.039653e+01	-5.824831e+07	5.000000e+03	1
7.939698e-01	6.246863e-01	4.114456e-01	4.598333e+03	4.389426e+10	1.036194e+01	-5.798662e+07	5.000000e+03	1
7.989950e-01	6.286400e-01	4.153157e-01	4.584354e+03	4.269862e+10	1.032831e+01	-5.772579e+07	5.000000e+03	1
8.040201e-01	6.325937e-01	4.192228e-01	4.570368e+03	4.151045e+10	1.029562e+01	-5.746580e+07	5.000000e+03	1
8.090452e-01	6.365475e-01	4.231671e-01	4.556374e+03	4.032961e+10	1.026385e+01	-5.720663e+07	5.000000e+03	1
8.140704e-01	6.405012e-01	4.271483e-01	4.542369e+03	3.915598e+10	1.023296e+01	-5.694825e+07	5.000000e+03	1
8.190955e-01	6.444549e-01	4.311666e-01	4.528353e+03	3.798944e+10	1.020293e+01	-5.669063e+07	5.000000e+03	1
8.241206e-01	6.484086e-01	4.352220e-01	4.514323e+03	3.682987e+10	1.017373e+01	-5.643377e+07	5.000000e+03	1
8.291457e-01	6.523623e-01	4.393143e-01	4.500279e+03	3.567717e+10	1.014535e+01	-5.617764e+07	5.000000e+03	1
8.341709e-01	6.563160e-01	4.434437e-01	4.486217e+03	3.453124e+10	1.011776e+01	-5.592221e+07	5.000000e+03	1
8.391960e-01	6.602697e-01	4.476100e-01	4.472138e+03	3.339195e+10	1.009093e+01	-5.566747e+07	5.000000e+03	1
8.442211e-01	6.642234e-01	4.518132e-01	4.458038e+03	3.225923e+10	1.006485e+01	-5.541340e+07	5.000000e+03	1
8.492462e-01	6.681771e-01	4.560534e-01	4.443918e+03	3.113296e+10	1.003949e+01	-5.515998e+07	5.000000e+03	1
8.542714e-01	6.721309e-01	4.603304e-01	4.429774e+03	3.001307e+10	1.001483e+01	-5.490720e+07	5.000000e+03	1
8.592965e-01	6.760846e-01	4.646441e-01	4.415606e+03	2.889945e+10	9.990848e+00	-5.465503e+07	5.000000e+03	1
8.643216e-01	6.800383e-01	4.689947e-01	4.401412e+03	2.779203e+10	9.967530e+00	-5.440345e+07	5.000000e+03	1
8.693467e-01	6.839920e-01	4.733819e-01	4.387189e+03	2.669072e+10	9.944853e+00	-5.415246e+07	5.000000e+03	1
8.743719e-01	6.879457e-01	4.778058e-01	4.372938e+03	2.559545e+10	9.922799e+00	-5.390416e+07	5.000000e+03	1
8.793970e-01	6.918994e-01	4.822663e-01	4.358656e+03	2.450613e+10	9.901350e+00	-5.365216e+07	5.000000e+03	1
8.844221e-01	6.958531e-01	4.867632e-01	4.344341e+03	2.342270e+10	9.880488e+00	-5.340283e+07	5.000000e+03	1
8.894472e-01	6.998068e-01	4.912966e-01	4.329991e+03	2.234508e+10	9.860196e+00	-5.315401e+07	5.000000e+03	1
8.944724e-01	7.037605e-01	4.958663e-01	4.315606e+03	2.127322e+10	9.840457e+00	-5.290570e+07	5.000000e+03	1
8.994975e-01	7.077143e-01	5.004722e-01	4.301183e+03	2.020703e+10	9.821254e+00	-5.265788e+07	5.000000e+03	1
9.045226e-01	7.116680e-01	5.051143e-01	4.286720e+03	1.914647e+10	9.802571e+00	-5.241054e+07	5.000000e+03	1
9.095477e-01	7.156217e-01	5.097924e-01	4.272217e+03	1.809147e+10	9.784393e+00	-5.216367e+07	5.000000e+03	1
9.145729e-01	7.195754e-01	5.145064e-01	4.257670e+03	1.704198e+10	9.766704e+00	-5.191725e+07	5.000000e+03	1
9.195980e-01	7.235291e-01	5.192562e-01	4.243079e+03	1.599794e+10	9.749489e+00	-5.167127e+07	5.000000e+03	1
9.246231e-01	7.274828e-01	5.240417e-01	4.228442e+03	1.495929e+10	9.732734e+00	-5.142573e+07	5.000000e+03	1
9.296482e-01	7.314365e-01	5.288628e-01	4.213756e+03	1.392600e+10	9.716425e+00	-5.118060e+07	5.000000e+03	1
9.346734e-01	7.353902e-01	5.337193e-01	4.199020e+03	1.289802e+10	9.700547e+00	-5.093588e+07	5.000000e+03	1
9.396985e-01	7.393439e-01	5.386110e-01	4.184232e+03	1.187529e+10	9.685088e+00	-5.069155e+07	5.000000e+03	1
9.447236e-01	7.432977e-01	5.435379e-01	4.169389e+03	1.085779e+10	9.670033e+00	-5.044762e+07	5.000000e+03	1
9.497487e-01	7.472514e-01	5.484998e-01	4.154491e+03	9.845460e+09	9.655370e+00	-5.020406e+07	5.000000e+03	1
9.547739e-01	7.512051e-01	5.534964e-01	4.139534e+03	8.838275e+09	9.641086e+00	-4.996086e+07	5.000000e+03	1
9.597990e-01	7.551588e-01	5.585277e-01	4.124517e+03	7.836196e+09	9.627168e+00	-4.971803e+07	5.000000e+03	1
9.648241e-01	7.591125e-01	5.635934e-01	4.109438e+03	6.839190e+09	9.613605e+00	-4.947554e+07	5.000000e+03	1
9.698492e-01	7.630662e-01	5.686934e-01	4.094294e+03	5.847226e+09	9.600384e+00	-4.923339e+07	5.000000e+03	1
9.748744e-01	7.670199e-01	5.738274e-01	4.079083e+03	4.860275e+09	9.587494e+00	-4.899157e+07	5.000000e+03	1
9.798995e-01	7.709736e-01	5.789953e-01	4.063803e+03	3.878311e+09	9.574923e+00	-4.875008e+07	5.000000e+03	1
9.849246e-01	7.749273e-01	5.841968e-01	4.048451e+03	2.901308e+09	9.562661e+00	-4.850890e+07	5.000000e+03	1
9.899497e-01	7.788811e-01	5.894317e-01	4.033024e+03	1.929244e+09	9.550695e+00	-4.826802e+07	5.000000e+03	1
9.949749e-01	7.828348e-01	5.946998e-01	4.017521e+03	9.620982e+08	9.539015e+00	-4.802745e+07	5.000000e+03	1
1.000000e+00	7.867885e-01	6.000000e-01	4.000000e+03	1.490116e-08	9.527598e+00	-4.778717e+07	3.000000e+02	1
