#t		Qconv[W]	Ri[Rp]		R*[Rp]		Qc[W]		Qm[W]		Qr[W]		Tcmb[K]		Tl[K]		Tup[K]		RiFlag		Bs[T]
0.000000e+00	1.704559e+13	1.857119e-01	7.487437e-01	3.086026e+13	1.630488e+15	1.277290e+14	5.160693e+03	3.520244e+03	2.160755e+03	0	6.656401e-04
1.000000e+08	1.723616e+13	1.958266e-01	7.487437e-01	3.084230e+13	1.388200e+15	1.208848e+14	5.160263e+03	3.416153e+03	2.096863e+03	1	6.646790e-04
2.000000e+08	1.481547e+13	2.037858e-01	7.487437e-01	2.743041e+13	5.428472e+14	1.145319e+14	5.156050e+03	2.872655e+03	1.763259e+03	1	6.294188e-04
3.000000e+08	1.363841e+13	2.104201e-01	7.487437e-01	2.487642e+13	3.348603e+14	1.086309e+14	5.152173e+03	2.654836e+03	1.629561e+03	1	6.102158e-04
4.000000e+08	1.205463e+13	2.162192e-01	7.487437e-01	2.327684e+13	2.472994e+14	1.031459e+14	5.148794e+03	2.535266e+03	1.556167e+03	1	5.838821e-04
5.000000e+08	1.158483e+13	2.218996e-01	7.487437e-01	2.219392e+13	2.005238e+14	9.804399e+13	5.145395e+03	2.459813e+03	1.509854e+03	1	5.745226e-04
6.000000e+08	1.120471e+13	2.271674e-01	7.487437e-01	2.141689e+13	1.717902e+14	9.329513e+13	5.142219e+03	2.408000e+03	1.478050e+03	1	5.666373e-04
7.000000e+08	1.088313e+13	2.320826e-01	7.487437e-01	2.082873e+13	1.524044e+14	8.887169e+13	5.139186e+03	2.370235e+03	1.454870e+03	1	5.597511e-04
8.000000e+08	1.058322e+13	2.366901e-01	7.487437e-01	2.036339e+13	1.384006e+14	8.474839e+13	5.136247e+03	2.341409e+03	1.437176e+03	1	5.532521e-04
9.000000e+08	1.087646e+13	2.411210e-01	7.487437e-01	1.998107e+13	1.277404e+14	8.090206e+13	5.133365e+03	2.318558e+03	1.423150e+03	1	5.570471e-04
1.000000e+09	1.059102e+13	2.450711e-01	7.487437e-01	1.966248e+13	1.192845e+14	7.731145e+13	5.130746e+03	2.299855e+03	1.411670e+03	1	5.510122e-04
1.100000e+09	1.030781e+13	2.488151e-01	7.487437e-01	1.938527e+13	1.123493e+14	7.395706e+13	5.128134e+03	2.284124e+03	1.402015e+03	1	5.450073e-04
1.200000e+09	1.005791e+13	2.526951e-01	7.487437e-01	1.913841e+13	1.065056e+14	7.082099e+13	5.125513e+03	2.270580e+03	1.393701e+03	1	5.394905e-04
1.300000e+09	9.823500e+12	2.563763e-01	7.487437e-01	1.891456e+13	1.014730e+14	6.788681e+13	5.122884e+03	2.258681e+03	1.386397e+03	1	5.342548e-04
1.400000e+09	1.003892e+13	2.599452e-01	7.487437e-01	1.870845e+13	9.706097e+13	6.513942e+13	5.120244e+03	2.248049e+03	1.379871e+03	1	5.371459e-04
1.500000e+09	9.779031e+12	2.631706e-01	7.487437e-01	1.852051e+13	9.313841e+13	6.256497e+13	5.117773e+03	2.238412e+03	1.373956e+03	1	5.315880e-04
1.600000e+09	9.549475e+12	2.665033e-01	7.487437e-01	1.834324e+13	8.960878e+13	6.015070e+13	5.115266e+03	2.229573e+03	1.368531e+03	1	5.264928e-04
1.700000e+09	9.726662e+12	2.697410e-01	7.487437e-01	1.817480e+13	8.640208e+13	5.788489e+13	5.112732e+03	2.221386e+03	1.363505e+03	1	5.288483e-04
1.800000e+09	9.480901e+12	2.728463e-01	7.487437e-01	1.801747e+13	8.346720e+13	5.575673e+13	5.110337e+03	2.213740e+03	1.358812e+03	1	5.235198e-04
1.900000e+09	9.641313e+12	2.759318e-01	7.487437e-01	1.786592e+13	8.076275e+13	5.375631e+13	5.107900e+03	2.206553e+03	1.354400e+03	1	5.256215e-04
2.000000e+09	9.383779e+12	2.787331e-01	7.487437e-01	1.772307e+13	7.825858e+13	5.187448e+13	5.105589e+03	2.199758e+03	1.350230e+03	1	5.201496e-04
2.100000e+09	9.158017e+12	2.816245e-01	7.487437e-01	1.758413e+13	7.592849e+13	5.010279e+13	5.103225e+03	2.193307e+03	1.346270e+03	1	5.151780e-04
2.200000e+09	9.285856e+12	2.844403e-01	7.487437e-01	1.744882e+13	7.375215e+13	4.843350e+13	5.100818e+03	2.187158e+03	1.342495e+03	1	5.168156e-04
2.300000e+09	9.054143e+12	2.872021e-01	7.487437e-01	1.731999e+13	7.171407e+13	4.685942e+13	5.098519e+03	2.181278e+03	1.338886e+03	1	5.117536e-04
2.400000e+09	9.168384e+12	2.898927e-01	7.487437e-01	1.719379e+13	6.979933e+13	4.537394e+13	5.096170e+03	2.175642e+03	1.335427e+03	1	5.131868e-04
2.500000e+09	8.939034e+12	2.925318e-01	7.487437e-01	1.707315e+13	6.799726e+13	4.397097e+13	5.093920e+03	2.170227e+03	1.332104e+03	1	5.081818e-04
2.600000e+09	9.040840e+12	2.951048e-01	7.487437e-01	1.695452e+13	6.629683e+13	4.264487e+13	5.091618e+03	2.165017e+03	1.328906e+03	1	5.094298e-04
2.700000e+09	8.814659e+12	2.976289e-01	7.487437e-01	1.684078e+13	6.469032e+13	4.139041e+13	5.089407e+03	2.159996e+03	1.325823e+03	1	5.044910e-04
2.800000e+09	8.905205e+12	3.000915e-01	7.487437e-01	1.672860e+13	6.316919e+13	4.020280e+13	5.087141e+03	2.155150e+03	1.322849e+03	1	5.055725e-04
2.900000e+09	8.683814e+12	3.025078e-01	7.487437e-01	1.662077e+13	6.172767e+13	3.907756e+13	5.084960e+03	2.150468e+03	1.319975e+03	1	5.007258e-04
3.000000e+09	8.764265e+12	3.048671e-01	7.487437e-01	1.651419e+13	6.035889e+13	3.801058e+13	5.082723e+03	2.145941e+03	1.317196e+03	1	5.016592e-04
3.100000e+09	8.553765e+12	3.071833e-01	7.487437e-01	1.641152e+13	5.905843e+13	3.699805e+13	5.080564e+03	2.141558e+03	1.314506e+03	1	4.970189e-04
3.200000e+09	8.625368e+12	3.094472e-01	7.487437e-01	1.630990e+13	5.782063e+13	3.603641e+13	5.078353e+03	2.137314e+03	1.311901e+03	1	4.978229e-04
3.300000e+09	8.406905e+12	3.116689e-01	7.487437e-01	1.621185e+13	5.664201e+13	3.512239e+13	5.076213e+03	2.133199e+03	1.309375e+03	1	4.930215e-04
3.400000e+09	8.470225e+12	3.138399e-01	7.487437e-01	1.611452e+13	5.551777e+13	3.425296e+13	5.074014e+03	2.129209e+03	1.306926e+03	1	4.937058e-04
3.500000e+09	8.533474e+12	3.160026e-01	7.487437e-01	1.602044e+13	5.444515e+13	3.342528e+13	5.071883e+03	2.125336e+03	1.304549e+03	1	4.943827e-04
3.600000e+09	8.312122e+12	3.179988e-01	7.487437e-01	1.592950e+13	5.342098e+13	3.263674e+13	5.069817e+03	2.121576e+03	1.302241e+03	1	4.895689e-04
3.700000e+09	8.367998e+12	3.200745e-01	7.487437e-01	1.583896e+13	5.244137e+13	3.188491e+13	5.067688e+03	2.117924e+03	1.299999e+03	1	4.901414e-04
3.800000e+09	8.171944e+12	3.221138e-01	7.487437e-01	1.575130e+13	5.150435e+13	3.116753e+13	5.065620e+03	2.114374e+03	1.297820e+03	1	4.857750e-04
3.900000e+09	8.221566e+12	3.241110e-01	7.487437e-01	1.566409e+13	5.060660e+13	3.048248e+13	5.063497e+03	2.110923e+03	1.295702e+03	1	4.862581e-04
4.000000e+09	8.271051e+12	3.261003e-01	7.487437e-01	1.557955e+13	4.974647e+13	2.982783e+13	5.061433e+03	2.107567e+03	1.293642e+03	1	4.867351e-04
4.100000e+09	8.057075e+12	3.279409e-01	7.487437e-01	1.549757e+13	4.892186e+13	2.920173e+13	5.059424e+03	2.104300e+03	1.291637e+03	1	4.820462e-04
4.200000e+09	8.100619e+12	3.298526e-01	7.487437e-01	1.541567e+13	4.812992e+13	2.860251e+13	5.057351e+03	2.101121e+03	1.289686e+03	1	4.824402e-04
4.300000e+09	7.914734e+12	3.317319e-01	7.487437e-01	1.533615e+13	4.736949e+13	2.802857e+13	5.055330e+03	2.098025e+03	1.287785e+03	1	4.782608e-04
4.400000e+09	7.953323e+12	3.335747e-01	7.487437e-01	1.525682e+13	4.663813e+13	2.747845e+13	5.053255e+03	2.095009e+03	1.285934e+03	1	4.785849e-04
4.500000e+09	7.991760e+12	3.354098e-01	7.487437e-01	1.517971e+13	4.593486e+13	2.695077e+13	5.051230e+03	2.092070e+03	1.284130e+03	1	4.789044e-04
4.600000e+09	7.795631e+12	3.372127e-01	7.487437e-01	1.510474e+13	4.525820e+13	2.644425e+13	5.049254e+03	2.089204e+03	1.282371e+03	1	4.745161e-04
4.700000e+09	7.829365e+12	3.389798e-01	7.487437e-01	1.502970e+13	4.460602e+13	2.595770e+13	5.047216e+03	2.086410e+03	1.280656e+03	1	4.747700e-04
4.800000e+09	7.862947e+12	3.407396e-01	7.487437e-01	1.495665e+13	4.397764e+13	2.548998e+13	5.045225e+03	2.083683e+03	1.278982e+03	1	4.750200e-04
4.900000e+09	7.682967e+12	3.424699e-01	7.487437e-01	1.488554e+13	4.337186e+13	2.504007e+13	5.043279e+03	2.081023e+03	1.277349e+03	1	4.709506e-04
5.000000e+09	7.712562e+12	3.441684e-01	7.487437e-01	1.481435e+13	4.278687e+13	2.460697e+13	5.041276e+03	2.078425e+03	1.275755e+03	1	4.711451e-04
5.100000e+09	7.742008e+12	3.458597e-01	7.487437e-01	1.474497e+13	4.222216e+13	2.418979e+13	5.039317e+03	2.075889e+03	1.274198e+03	1	4.713361e-04
5.200000e+09	7.558168e+12	3.475223e-01	7.487437e-01	1.467735e+13	4.167677e+13	2.378765e+13	5.037400e+03	2.073411e+03	1.272677e+03	1	4.671782e-04
5.300000e+09	7.583907e+12	3.491542e-01	7.487437e-01	1.460947e+13	4.114906e+13	2.339976e+13	5.035422e+03	2.070989e+03	1.271190e+03	1	4.673180e-04
5.400000e+09	7.609502e+12	3.507792e-01	7.487437e-01	1.454324e+13	4.063873e+13	2.302536e+13	5.033484e+03	2.068622e+03	1.269737e+03	1	4.674549e-04
5.500000e+09	7.440393e+12	3.523781e-01	7.487437e-01	1.447860e+13	4.014497e+13	2.266376e+13	5.031586e+03	2.066307e+03	1.268316e+03	1	4.635874e-04
5.600000e+09	7.462826e+12	3.539493e-01	7.487437e-01	1.441373e+13	3.966637e+13	2.231429e+13	5.029632e+03	2.064042e+03	1.266926e+03	1	4.636806e-04
5.700000e+09	7.485121e+12	3.555139e-01	7.487437e-01	1.435036e+13	3.920274e+13	2.197633e+13	5.027716e+03	2.061826e+03	1.265566e+03	1	4.637713e-04
5.800000e+09	7.312849e+12	3.570530e-01	7.487437e-01	1.428844e+13	3.875341e+13	2.164930e+13	5.025836e+03	2.059656e+03	1.264234e+03	1	4.598243e-04
5.900000e+09	7.332194e+12	3.585652e-01	7.487437e-01	1.422616e+13	3.831709e+13	2.133265e+13	5.023898e+03	2.057532e+03	1.262930e+03	1	4.598744e-04
6.000000e+09	7.351410e+12	3.600711e-01	7.487437e-01	1.416524e+13	3.789371e+13	2.102587e+13	5.021995e+03	2.055451e+03	1.261653e+03	1	4.599223e-04
6.100000e+09	7.370491e+12	3.615707e-01	7.487437e-01	1.410565e+13	3.748272e+13	2.072848e+13	5.020126e+03	2.053411e+03	1.260401e+03	1	4.599680e-04
6.200000e+09	7.205984e+12	3.629778e-01	7.487437e-01	1.404736e+13	3.708358e+13	2.044002e+13	5.018292e+03	2.051413e+03	1.259174e+03	1	4.561926e-04
6.300000e+09	7.222520e+12	3.644295e-01	7.487437e-01	1.398866e+13	3.669518e+13	2.016007e+13	5.016400e+03	2.049453e+03	1.257971e+03	1	4.562036e-04
6.400000e+09	7.238930e+12	3.658752e-01	7.487437e-01	1.393117e+13	3.631755e+13	1.988822e+13	5.014540e+03	2.047531e+03	1.256791e+03	1	4.562126e-04
6.500000e+09	7.078443e+12	3.672982e-01	7.487437e-01	1.387487e+13	3.595024e+13	1.962409e+13	5.012713e+03	2.045645e+03	1.255634e+03	1	4.524877e-04
6.600000e+09	7.092516e+12	3.686981e-01	7.487437e-01	1.381811e+13	3.559225e+13	1.936732e+13	5.010828e+03	2.043794e+03	1.254498e+03	1	4.524646e-04
6.700000e+09	7.106472e+12	3.700922e-01	7.487437e-01	1.376248e+13	3.524366e+13	1.911759e+13	5.008974e+03	2.041977e+03	1.253382e+03	1	4.524399e-04
6.800000e+09	7.120310e+12	3.714804e-01	7.487437e-01	1.370793e+13	3.490409e+13	1.887457e+13	5.007151e+03	2.040192e+03	1.252286e+03	1	4.524135e-04
6.900000e+09	6.967035e+12	3.727872e-01	7.487437e-01	1.365446e+13	3.457320e+13	1.863796e+13	5.005357e+03	2.038438e+03	1.251210e+03	1	4.488450e-04
7.000000e+09	6.978843e+12	3.741334e-01	7.487437e-01	1.360050e+13	3.425009e+13	1.840749e+13	5.003507e+03	2.036715e+03	1.250153e+03	1	4.487909e-04
7.100000e+09	6.990542e+12	3.754740e-01	7.487437e-01	1.354755e+13	3.393491e+13	1.818287e+13	5.001687e+03	2.035022e+03	1.249113e+03	1	4.487354e-04
7.200000e+09	7.002130e+12	3.768090e-01	7.487437e-01	1.349559e+13	3.362735e+13	1.796387e+13	4.999894e+03	2.033356e+03	1.248091e+03	1	4.486784e-04
7.300000e+09	6.850723e+12	3.780658e-01	7.487437e-01	1.344458e+13	3.332713e+13	1.775024e+13	4.998129e+03	2.031718e+03	1.247085e+03	1	4.451363e-04
7.400000e+09	6.860462e+12	3.793608e-01	7.487437e-01	1.339303e+13	3.303345e+13	1.754175e+13	4.996307e+03	2.030107e+03	1.246096e+03	1	4.450541e-04
7.500000e+09	6.870098e+12	3.806506e-01	7.487437e-01	1.334240e+13	3.274649e+13	1.733820e+13	4.994513e+03	2.028520e+03	1.245123e+03	1	4.449706e-04
7.600000e+09	6.726069e+12	3.819214e-01	7.487437e-01	1.329265e+13	3.246601e+13	1.713939e+13	4.992744e+03	2.026959e+03	1.244164e+03	1	4.415538e-04
7.700000e+09	6.734040e+12	3.831734e-01	7.487437e-01	1.324237e+13	3.219128e+13	1.694511e+13	4.990922e+03	2.025421e+03	1.243220e+03	1	4.414474e-04
7.800000e+09	6.741918e+12	3.844202e-01	7.487437e-01	1.319294e+13	3.192250e+13	1.675519e+13	4.989126e+03	2.023907e+03	1.242291e+03	1	4.413399e-04
7.900000e+09	6.749700e+12	3.856620e-01	7.487437e-01	1.314434e+13	3.165947e+13	1.656946e+13	4.987354e+03	2.022414e+03	1.241374e+03	1	4.412314e-04
8.000000e+09	6.757380e+12	3.868988e-01	7.487437e-01	1.309655e+13	3.140200e+13	1.638776e+13	4.985606e+03	2.020943e+03	1.240471e+03	1	4.411217e-04
8.100000e+09	6.617160e+12	3.880666e-01	7.487437e-01	1.304956e+13	3.114990e+13	1.620993e+13	4.983883e+03	2.019493e+03	1.239581e+03	1	4.377896e-04
8.200000e+09	6.623377e+12	3.892682e-01	7.487437e-01	1.300199e+13	3.090252e+13	1.603582e+13	4.982106e+03	2.018063e+03	1.238704e+03	1	4.376598e-04
8.300000e+09	6.629508e+12	3.904649e-01	7.487437e-01	1.295518e+13	3.066007e+13	1.586530e+13	4.980353e+03	2.016653e+03	1.237838e+03	1	4.375291e-04
8.400000e+09	6.635552e+12	3.916568e-01	7.487437e-01	1.290910e+13	3.042242e+13	1.569824e+13	4.978623e+03	2.015261e+03	1.236984e+03	1	4.373976e-04
8.500000e+09	6.497457e+12	3.927827e-01	7.487437e-01	1.286376e+13	3.018940e+13	1.553450e+13	4.976915e+03	2.013888e+03	1.236141e+03	1	4.340942e-04
8.600000e+09	6.502158e+12	3.939411e-01	7.487437e-01	1.281781e+13	2.996041e+13	1.537398e+13	4.975153e+03	2.012533e+03	1.235309e+03	1	4.339440e-04
8.700000e+09	6.506780e+12	3.950949e-01	7.487437e-01	1.277255e+13	2.973570e+13	1.521656e+13	4.973414e+03	2.011195e+03	1.234488e+03	1	4.337932e-04
8.800000e+09	6.511323e+12	3.962440e-01	7.487437e-01	1.272797e+13	2.951514e+13	1.506212e+13	4.971696e+03	2.009873e+03	1.233677e+03	1	4.336416e-04
8.900000e+09	6.385181e+12	3.973775e-01	7.487437e-01	1.268405e+13	2.929862e+13	1.491058e+13	4.970000e+03	2.008568e+03	1.232876e+03	1	4.305758e-04
9.000000e+09	6.388568e+12	3.984961e-01	7.487437e-01	1.263960e+13	2.908558e+13	1.476182e+13	4.968255e+03	2.007278e+03	1.232084e+03	1	4.304081e-04
9.100000e+09	6.391882e+12	3.996102e-01	7.487437e-01	1.259578e+13	2.887628e+13	1.461576e+13	4.966530e+03	2.006003e+03	1.231302e+03	1	4.302398e-04
9.200000e+09	6.395125e+12	4.007198e-01	7.487437e-01	1.255259e+13	2.867061e+13	1.447231e+13	4.964826e+03	2.004743e+03	1.230528e+03	1	4.300710e-04
9.300000e+09	6.398297e+12	4.018252e-01	7.487437e-01	1.251001e+13	2.846847e+13	1.433139e+13	4.963142e+03	2.003498e+03	1.229763e+03	1	4.299016e-04
9.400000e+09	6.267929e+12	4.028709e-01	7.487437e-01	1.246803e+13	2.826976e+13	1.419291e+13	4.961479e+03	2.002266e+03	1.229007e+03	1	4.267360e-04
9.500000e+09	6.270013e+12	4.039463e-01	7.487437e-01	1.242543e+13	2.807396e+13	1.405680e+13	4.959762e+03	2.001048e+03	1.228260e+03	1	4.265512e-04
9.600000e+09	6.272034e+12	4.050175e-01	7.487437e-01	1.238341e+13	2.788135e+13	1.392299e+13	4.958065e+03	1.999843e+03	1.227520e+03	1	4.263661e-04
9.700000e+09	6.273992e+12	4.060845e-01	7.487437e-01	1.234195e+13	2.769184e+13	1.379140e+13	4.956387e+03	1.998650e+03	1.226788e+03	1	4.261806e-04
9.800000e+09	6.154563e+12	4.071373e-01	7.487437e-01	1.230105e+13	2.750535e+13	1.366196e+13	4.954728e+03	1.997470e+03	1.226064e+03	1	4.232338e-04
9.900000e+09	6.155581e+12	4.081769e-01	7.487437e-01	1.225959e+13	2.732142e+13	1.353463e+13	4.953021e+03	1.996302e+03	1.225347e+03	1	4.230349e-04
1.000000e+10	6.156542e+12	4.092124e-01	7.487437e-01	1.221866e+13	2.714031e+13	1.340933e+13	4.951332e+03	1.995145e+03	1.224637e+03	1	4.228358e-04
