#R=1.6336432842946316
#a=1.0
#interptype='linear'
#name='planet'
#norm={'P': 1000000000000.0, 'R': 1.6336432842946316, 'M': 8.5, 'g': 31.307804657158194, 'rho': 4000.0}
#state=1
#composition
#layer0		Fe08FeS02		0.650000
#layer1		pv_fmw		0.350000
#Cols=
 #'ur		r		mr		rho		P		g		phi		T		composition'
#-end-
0.000000e+00	0.000000e+00	2.472575e-11	2.527692e+04	4.072128e+12	0.000000e+00	-6.031500e+08	5.000000e+03	0
5.025126e-03	8.209263e-03	3.368407e-06	2.527761e+04	4.072438e+12	-1.957248e-02	-6.031403e+08	5.000000e+03	0
1.005025e-02	1.641853e-02	2.025508e-05	2.527721e+04	4.072258e+12	3.429412e-01	-6.031115e+08	5.000000e+03	0
1.507538e-02	2.462779e-02	7.071446e-05	2.527562e+04	4.071536e+12	7.131622e-01	-6.030630e+08	5.000000e+03	0
2.010050e-02	3.283705e-02	1.617575e-04	2.527306e+04	4.070379e+12	1.083544e+00	-6.029954e+08	5.000000e+03	0
2.512563e-02	4.104631e-02	3.197674e-04	2.526931e+04	4.068682e+12	1.453880e+00	-6.029085e+08	5.000000e+03	0
3.015075e-02	4.925558e-02	5.455267e-04	2.526460e+04	4.066549e+12	1.824120e+00	-6.028024e+08	5.000000e+03	0
3.517588e-02	5.746484e-02	8.714533e-04	2.525870e+04	4.063878e+12	2.194205e+00	-6.026769e+08	5.000000e+03	0
4.020101e-02	6.567410e-02	1.292367e-03	2.525184e+04	4.060771e+12	2.564136e+00	-6.025321e+08	5.000000e+03	0
4.522613e-02	7.388336e-02	1.846422e-03	2.524378e+04	4.057129e+12	2.933845e+00	-6.023681e+08	5.000000e+03	0
5.025126e-02	8.209263e-02	2.522746e-03	2.523476e+04	4.053051e+12	3.303348e+00	-6.021848e+08	5.000000e+03	0
5.527638e-02	9.030189e-02	3.364922e-03	2.522456e+04	4.048440e+12	3.672568e+00	-6.019822e+08	5.000000e+03	0
6.030151e-02	9.851115e-02	4.356666e-03	2.521338e+04	4.043394e+12	4.041530e+00	-6.017604e+08	5.000000e+03	0
6.532663e-02	1.067204e-01	5.546680e-03	2.520103e+04	4.037819e+12	4.410147e+00	-6.015195e+08	5.000000e+03	0
7.035176e-02	1.149297e-01	6.913546e-03	2.518770e+04	4.031809e+12	4.778455e+00	-6.012591e+08	5.000000e+03	0
7.537688e-02	1.231389e-01	8.510774e-03	2.517320e+04	4.025274e+12	5.146357e+00	-6.009797e+08	5.000000e+03	0
8.040201e-02	1.313482e-01	1.031209e-02	2.515772e+04	4.018305e+12	5.513897e+00	-6.006812e+08	5.000000e+03	0
8.542714e-02	1.395575e-01	1.237551e-02	2.514107e+04	4.010815e+12	5.880970e+00	-6.003635e+08	5.000000e+03	0
9.045226e-02	1.477667e-01	1.467019e-02	2.512344e+04	4.002893e+12	6.247630e+00	-6.000266e+08	5.000000e+03	0
9.547739e-02	1.559760e-01	1.725830e-02	2.510464e+04	3.994454e+12	6.613763e+00	-5.996707e+08	5.000000e+03	0
1.005025e-01	1.641853e-01	2.010475e-02	2.508486e+04	3.985586e+12	6.979430e+00	-5.992956e+08	5.000000e+03	0
1.055276e-01	1.723945e-01	2.327555e-02	2.506392e+04	3.976206e+12	7.344509e+00	-5.989016e+08	5.000000e+03	0
1.105528e-01	1.806038e-01	2.673161e-02	2.504200e+04	3.966398e+12	7.709070e+00	-5.984886e+08	5.000000e+03	0
1.155779e-01	1.888130e-01	3.054250e-02	2.501891e+04	3.956083e+12	8.072984e+00	-5.980565e+08	5.000000e+03	0
1.206030e-01	1.970223e-01	3.466542e-02	2.499485e+04	3.945344e+12	8.436327e+00	-5.976055e+08	5.000000e+03	0
1.256281e-01	2.052316e-01	3.917315e-02	2.496962e+04	3.934104e+12	8.798962e+00	-5.971356e+08	5.000000e+03	0
1.306533e-01	2.134408e-01	4.401950e-02	2.494341e+04	3.922443e+12	9.160974e+00	-5.966468e+08	5.000000e+03	0
1.356784e-01	2.216501e-01	4.928011e-02	2.491605e+04	3.910287e+12	9.522219e+00	-5.961391e+08	5.000000e+03	0
1.407035e-01	2.298594e-01	5.490571e-02	2.488770e+04	3.897712e+12	9.882787e+00	-5.956128e+08	5.000000e+03	0
1.457286e-01	2.380686e-01	6.097448e-02	2.485820e+04	3.884650e+12	1.024253e+01	-5.950675e+08	5.000000e+03	0
1.507538e-01	2.462779e-01	6.743436e-02	2.482772e+04	3.871173e+12	1.060154e+01	-5.945035e+08	5.000000e+03	0
1.557789e-01	2.544871e-01	7.436575e-02	2.479609e+04	3.857214e+12	1.095967e+01	-5.939209e+08	5.000000e+03	0
1.608040e-01	2.626964e-01	8.171406e-02	2.476347e+04	3.842846e+12	1.131702e+01	-5.933197e+08	5.000000e+03	0
1.658291e-01	2.709057e-01	8.956162e-02	2.472970e+04	3.828003e+12	1.167342e+01	-5.926998e+08	5.000000e+03	0
1.708543e-01	2.791149e-01	9.785162e-02	2.469496e+04	3.812755e+12	1.202899e+01	-5.920614e+08	5.000000e+03	0
1.758794e-01	2.873242e-01	1.066680e-01	2.465907e+04	3.797040e+12	1.238355e+01	-5.914044e+08	5.000000e+03	0
1.809045e-01	2.955335e-01	1.159519e-01	2.462219e+04	3.780925e+12	1.273723e+01	-5.907291e+08	5.000000e+03	0
1.859296e-01	3.037427e-01	1.257886e-01	2.458417e+04	3.764351e+12	1.308984e+01	-5.900353e+08	5.000000e+03	0
1.909548e-01	3.119520e-01	1.361177e-01	2.454517e+04	3.747382e+12	1.344152e+01	-5.893230e+08	5.000000e+03	0
1.959799e-01	3.201612e-01	1.470254e-01	2.450503e+04	3.729962e+12	1.379207e+01	-5.885927e+08	5.000000e+03	0
2.010050e-01	3.283705e-01	1.584498e-01	2.446391e+04	3.712153e+12	1.414163e+01	-5.878440e+08	5.000000e+03	0
2.060302e-01	3.365798e-01	1.704777e-01	2.442165e+04	3.693902e+12	1.449002e+01	-5.870772e+08	5.000000e+03	0
2.110553e-01	3.447890e-01	1.830464e-01	2.437841e+04	3.675267e+12	1.483735e+01	-5.862923e+08	5.000000e+03	0
2.160804e-01	3.529983e-01	1.962428e-01	2.433404e+04	3.656200e+12	1.518345e+01	-5.854892e+08	5.000000e+03	0
2.211055e-01	3.612076e-01	2.100034e-01	2.428868e+04	3.636755e+12	1.552845e+01	-5.846675e+08	5.000000e+03	0
2.261307e-01	3.694168e-01	2.244154e-01	2.424219e+04	3.616887e+12	1.587216e+01	-5.838291e+08	5.000000e+03	0
2.311558e-01	3.776261e-01	2.394145e-01	2.419472e+04	3.596648e+12	1.621471e+01	-5.829722e+08	5.000000e+03	0
2.361809e-01	3.858353e-01	2.550875e-01	2.414613e+04	3.575995e+12	1.655592e+01	-5.820975e+08	5.000000e+03	0
2.412060e-01	3.940446e-01	2.713702e-01	2.409654e+04	3.554979e+12	1.689591e+01	-5.812051e+08	5.000000e+03	0
2.462312e-01	4.022539e-01	2.883486e-01	2.404585e+04	3.533558e+12	1.723451e+01	-5.802951e+08	5.000000e+03	0
2.512563e-01	4.104631e-01	3.059585e-01	2.399415e+04	3.511782e+12	1.757183e+01	-5.793673e+08	5.000000e+03	0
2.562814e-01	4.186724e-01	3.242852e-01	2.394135e+04	3.489612e+12	1.790771e+01	-5.784221e+08	5.000000e+03	0
2.613065e-01	4.268817e-01	3.432647e-01	2.388756e+04	3.467093e+12	1.824225e+01	-5.774594e+08	5.000000e+03	0
2.663317e-01	4.350909e-01	3.629810e-01	2.383266e+04	3.444191e+12	1.857529e+01	-5.764793e+08	5.000000e+03	0
2.713568e-01	4.433002e-01	3.833708e-01	2.377676e+04	3.420948e+12	1.890695e+01	-5.754819e+08	5.000000e+03	0
2.763819e-01	4.515095e-01	4.045166e-01	2.371977e+04	3.397333e+12	1.923705e+01	-5.744673e+08	5.000000e+03	0
2.814070e-01	4.597187e-01	4.263557e-01	2.366177e+04	3.373386e+12	1.956571e+01	-5.734354e+08	5.000000e+03	0
2.864322e-01	4.679280e-01	4.489692e-01	2.360268e+04	3.349078e+12	1.989275e+01	-5.723865e+08	5.000000e+03	0
2.914573e-01	4.761372e-01	4.722953e-01	2.354259e+04	3.324446e+12	2.021830e+01	-5.713206e+08	5.000000e+03	0
2.964824e-01	4.843465e-01	4.964130e-01	2.348141e+04	3.299464e+12	2.054219e+01	-5.702379e+08	5.000000e+03	0
3.015075e-01	4.925558e-01	5.212619e-01	2.341922e+04	3.274167e+12	2.086452e+01	-5.691386e+08	5.000000e+03	0
3.065327e-01	5.007650e-01	5.469187e-01	2.335595e+04	3.248533e+12	2.118513e+01	-5.680219e+08	5.000000e+03	0
3.115578e-01	5.089743e-01	5.733244e-01	2.329168e+04	3.222592e+12	2.150414e+01	-5.668888e+08	5.000000e+03	0
3.165829e-01	5.171836e-01	6.005533e-01	2.322632e+04	3.196326e+12	2.182137e+01	-5.657391e+08	5.000000e+03	0
3.216080e-01	5.253928e-01	6.285481e-01	2.315995e+04	3.169763e+12	2.213694e+01	-5.645732e+08	5.000000e+03	0
3.266332e-01	5.336021e-01	6.573803e-01	2.309251e+04	3.142886e+12	2.245069e+01	-5.633907e+08	5.000000e+03	0
3.316583e-01	5.418113e-01	6.869946e-01	2.302406e+04	3.115724e+12	2.276271e+01	-5.621920e+08	5.000000e+03	0
3.366834e-01	5.500206e-01	7.174595e-01	2.295453e+04	3.088259e+12	2.307286e+01	-5.609770e+08	5.000000e+03	0
3.417085e-01	5.582299e-01	7.487217e-01	2.288400e+04	3.060519e+12	2.338123e+01	-5.597460e+08	5.000000e+03	0
3.467337e-01	5.664391e-01	7.808466e-01	2.281238e+04	3.032488e+12	2.368766e+01	-5.584989e+08	5.000000e+03	0
3.517588e-01	5.746484e-01	8.137831e-01	2.273976e+04	3.004193e+12	2.399227e+01	-5.572359e+08	5.000000e+03	0
3.567839e-01	5.828577e-01	8.475934e-01	2.266607e+04	2.975621e+12	2.429489e+01	-5.559571e+08	5.000000e+03	0
3.618090e-01	5.910669e-01	8.822286e-01	2.259137e+04	2.946795e+12	2.459562e+01	-5.546627e+08	5.000000e+03	0
3.668342e-01	5.992762e-01	9.177475e-01	2.251559e+04	2.917704e+12	2.489432e+01	-5.533526e+08	5.000000e+03	0
3.718593e-01	6.074854e-01	9.541038e-01	2.243880e+04	2.888371e+12	2.519107e+01	-5.520269e+08	5.000000e+03	0
3.768844e-01	6.156947e-01	9.913523e-01	2.236094e+04	2.858786e+12	2.548573e+01	-5.506860e+08	5.000000e+03	0
3.819095e-01	6.239040e-01	1.029450e+00	2.228207e+04	2.828969e+12	2.577839e+01	-5.493297e+08	5.000000e+03	0
3.869347e-01	6.321132e-01	1.068447e+00	2.220213e+04	2.798915e+12	2.606891e+01	-5.479582e+08	5.000000e+03	0
3.919598e-01	6.403225e-01	1.108303e+00	2.212117e+04	2.768640e+12	2.635737e+01	-5.465717e+08	5.000000e+03	0
3.969849e-01	6.485318e-01	1.149066e+00	2.203914e+04	2.738141e+12	2.664363e+01	-5.451702e+08	5.000000e+03	0
4.020101e-01	6.567410e-01	1.190697e+00	2.195609e+04	2.707434e+12	2.692778e+01	-5.437539e+08	5.000000e+03	0
4.070352e-01	6.649503e-01	1.233239e+00	2.187198e+04	2.676515e+12	2.720968e+01	-5.423228e+08	5.000000e+03	0
4.120603e-01	6.731595e-01	1.276657e+00	2.178684e+04	2.645401e+12	2.748941e+01	-5.408771e+08	5.000000e+03	0
4.170854e-01	6.813688e-01	1.320991e+00	2.170063e+04	2.614090e+12	2.776684e+01	-5.394170e+08	5.000000e+03	0
4.221106e-01	6.895781e-01	1.366207e+00	2.161340e+04	2.582594e+12	2.804204e+01	-5.379424e+08	5.000000e+03	0
4.271357e-01	6.977873e-01	1.412342e+00	2.152510e+04	2.550916e+12	2.831489e+01	-5.364535e+08	5.000000e+03	0
4.321608e-01	7.059966e-01	1.459366e+00	2.143577e+04	2.519066e+12	2.858544e+01	-5.349506e+08	5.000000e+03	0
4.371859e-01	7.142059e-01	1.507308e+00	2.134537e+04	2.487047e+12	2.885360e+01	-5.334336e+08	5.000000e+03	0
4.422111e-01	7.224151e-01	1.556144e+00	2.125393e+04	2.454869e+12	2.911940e+01	-5.319028e+08	5.000000e+03	0
4.472362e-01	7.306244e-01	1.605898e+00	2.116142e+04	2.422536e+12	2.938276e+01	-5.303582e+08	5.000000e+03	0
4.522613e-01	7.388336e-01	1.656550e+00	2.106787e+04	2.390059e+12	2.964369e+01	-5.287998e+08	5.000000e+03	0
4.572864e-01	7.470429e-01	1.708118e+00	2.097325e+04	2.357440e+12	2.990214e+01	-5.272281e+08	5.000000e+03	0
4.623116e-01	7.552522e-01	1.760585e+00	2.087758e+04	2.324689e+12	3.015810e+01	-5.256430e+08	5.000000e+03	0
4.673367e-01	7.634614e-01	1.813966e+00	2.078083e+04	2.291812e+12	3.041151e+01	-5.240445e+08	5.000000e+03	0
4.723618e-01	7.716707e-01	1.868246e+00	2.068303e+04	2.258816e+12	3.066239e+01	-5.224330e+08	5.000000e+03	0
4.773869e-01	7.798800e-01	1.923436e+00	2.058415e+04	2.225708e+12	3.091066e+01	-5.208085e+08	5.000000e+03	0
4.824121e-01	7.880892e-01	1.979524e+00	2.048421e+04	2.192495e+12	3.115634e+01	-5.191711e+08	5.000000e+03	0
4.874372e-01	7.962985e-01	2.036516e+00	2.038318e+04	2.159185e+12	3.139936e+01	-5.175211e+08	5.000000e+03	0
4.924623e-01	8.045077e-01	2.094404e+00	2.028108e+04	2.125784e+12	3.163972e+01	-5.158585e+08	5.000000e+03	0
4.974874e-01	8.127170e-01	2.153189e+00	2.017789e+04	2.092300e+12	3.187737e+01	-5.141835e+08	5.000000e+03	0
5.025126e-01	8.209263e-01	2.212864e+00	2.007362e+04	2.058739e+12	3.211230e+01	-5.124961e+08	5.000000e+03	0
5.075377e-01	8.291355e-01	2.273428e+00	1.996825e+04	2.025110e+12	3.234447e+01	-5.107966e+08	5.000000e+03	0
5.125628e-01	8.373448e-01	2.334878e+00	1.986179e+04	1.991419e+12	3.257384e+01	-5.090852e+08	5.000000e+03	0
5.175879e-01	8.455541e-01	2.397205e+00	1.975423e+04	1.957674e+12	3.280041e+01	-5.073619e+08	5.000000e+03	0
5.226131e-01	8.537633e-01	2.460411e+00	1.964555e+04	1.923881e+12	3.302412e+01	-5.056269e+08	5.000000e+03	0
5.276382e-01	8.619726e-01	2.524483e+00	1.953577e+04	1.890049e+12	3.324497e+01	-5.038803e+08	5.000000e+03	0
5.326633e-01	8.701818e-01	2.589424e+00	1.942486e+04	1.856185e+12	3.346290e+01	-5.021223e+08	5.000000e+03	0
5.376884e-01	8.783911e-01	2.655217e+00	1.931284e+04	1.822297e+12	3.367791e+01	-5.003531e+08	5.000000e+03	0
5.427136e-01	8.866004e-01	2.721869e+00	1.919967e+04	1.788390e+12	3.388992e+01	-4.985728e+08	5.000000e+03	0
5.477387e-01	8.948096e-01	2.789357e+00	1.908538e+04	1.754474e+12	3.409897e+01	-4.967816e+08	5.000000e+03	0
5.527638e-01	9.030189e-01	2.857692e+00	1.896992e+04	1.720556e+12	3.430495e+01	-4.949796e+08	5.000000e+03	0
5.577889e-01	9.112282e-01	2.926846e+00	1.885332e+04	1.686643e+12	3.450791e+01	-4.931669e+08	5.000000e+03	0
5.628141e-01	9.194374e-01	2.996832e+00	1.873554e+04	1.652744e+12	3.470773e+01	-4.913438e+08	5.000000e+03	0
5.678392e-01	9.276467e-01	3.067619e+00	1.861661e+04	1.618864e+12	3.490448e+01	-4.895104e+08	5.000000e+03	0
5.728643e-01	9.358560e-01	3.139221e+00	1.849646e+04	1.585013e+12	3.509801e+01	-4.876669e+08	5.000000e+03	0
5.778894e-01	9.440652e-01	3.211603e+00	1.837515e+04	1.551197e+12	3.528841e+01	-4.858134e+08	5.000000e+03	0
5.829146e-01	9.522745e-01	3.284781e+00	1.825260e+04	1.517425e+12	3.547553e+01	-4.839502e+08	5.000000e+03	0
5.879397e-01	9.604837e-01	3.358717e+00	1.812886e+04	1.483703e+12	3.565945e+01	-4.820772e+08	5.000000e+03	0
5.929648e-01	9.686930e-01	3.433428e+00	1.800386e+04	1.450042e+12	3.584002e+01	-4.801949e+08	5.000000e+03	0
5.979899e-01	9.769023e-01	3.508873e+00	1.787765e+04	1.416446e+12	3.601732e+01	-4.783032e+08	5.000000e+03	0
6.030151e-01	9.851115e-01	3.585070e+00	1.775014e+04	1.382926e+12	3.619119e+01	-4.764025e+08	5.000000e+03	0
6.080402e-01	9.933208e-01	3.661974e+00	1.762139e+04	1.349486e+12	3.636175e+01	-4.744928e+08	5.000000e+03	0
6.130653e-01	1.001530e+00	3.739604e+00	1.749131e+04	1.316139e+12	3.652878e+01	-4.725744e+08	5.000000e+03	0
6.180905e-01	1.009739e+00	3.817912e+00	1.735996e+04	1.282888e+12	3.669243e+01	-4.706473e+08	5.000000e+03	0
6.231156e-01	1.017949e+00	3.896919e+00	1.722725e+04	1.249745e+12	3.685248e+01	-4.687120e+08	5.000000e+03	0
6.281407e-01	1.026158e+00	3.976573e+00	1.709322e+04	1.216714e+12	3.700908e+01	-4.667683e+08	5.000000e+03	0
6.331658e-01	1.034367e+00	4.056895e+00	1.695779e+04	1.183808e+12	3.716199e+01	-4.648168e+08	5.000000e+03	0
6.381910e-01	1.042576e+00	4.137830e+00	1.682100e+04	1.151027e+12	3.731138e+01	-4.628573e+08	5.000000e+03	0
6.432161e-01	1.050786e+00	4.219400e+00	1.668276e+04	1.118390e+12	3.745699e+01	-4.608902e+08	5.000000e+03	0
6.482412e-01	1.058995e+00	4.301548e+00	1.654312e+04	1.085893e+12	3.759902e+01	-4.589157e+08	5.000000e+03	0
6.532663e-01	1.067204e+00	4.384294e+00	1.640197e+04	1.053557e+12	3.773716e+01	-4.569340e+08	5.000000e+03	0
6.582915e-01	1.075413e+00	4.467579e+00	1.625937e+04	1.021377e+12	3.787164e+01	-4.549450e+08	5.000000e+03	0
6.633166e-01	1.083623e+00	4.551423e+00	1.611519e+04	9.893738e+11	3.800215e+01	-4.529495e+08	5.000000e+03	0
6.683417e-01	1.091832e+00	4.635765e+00	1.596950e+04	9.575431e+11	3.812891e+01	-4.509472e+08	5.000000e+03	0
6.733668e-01	1.100041e+00	4.720622e+00	1.582216e+04	9.259069e+11	3.825159e+01	-4.489384e+08	5.000000e+03	0
6.783920e-01	1.108250e+00	4.805934e+00	1.567325e+04	8.944588e+11	3.837044e+01	-4.469234e+08	5.000000e+03	0
6.834171e-01	1.116460e+00	4.891713e+00	1.552260e+04	8.632230e+11	3.848510e+01	-4.449024e+08	5.000000e+03	0
6.884422e-01	1.124669e+00	4.977901e+00	1.537029e+04	8.321911e+11	3.859584e+01	-4.428756e+08	5.000000e+03	0
6.934673e-01	1.132878e+00	5.064505e+00	1.521615e+04	8.013897e+11	3.870227e+01	-4.408431e+08	5.000000e+03	0
6.984925e-01	1.141088e+00	5.151467e+00	1.506027e+04	7.708082e+11	3.880469e+01	-4.388053e+08	5.000000e+03	0
7.035176e-01	1.149297e+00	5.238790e+00	1.490244e+04	7.404759e+11	3.890267e+01	-4.367623e+08	5.000000e+03	0
7.085427e-01	1.157506e+00	5.326417e+00	1.474276e+04	7.103796e+11	3.899654e+01	-4.347144e+08	5.000000e+03	0
7.135678e-01	1.165715e+00	5.414345e+00	1.458100e+04	6.805516e+11	3.908583e+01	-4.326618e+08	5.000000e+03	0
7.185930e-01	1.173925e+00	5.502519e+00	1.441728e+04	6.509762e+11	3.917090e+01	-4.306047e+08	5.000000e+03	0
7.236181e-01	1.182134e+00	5.557006e+00	8.229656e+03	6.329678e+11	3.901300e+01	-4.285459e+08	5.000000e+03	1
7.286432e-01	1.190343e+00	5.608245e+00	8.159600e+03	6.163386e+11	3.883294e+01	-4.264952e+08	5.000000e+03	1
7.336683e-01	1.198552e+00	5.659765e+00	8.089614e+03	5.999379e+11	3.865614e+01	-4.244541e+08	5.000000e+03	1
7.386935e-01	1.206762e+00	5.711532e+00	8.019683e+03	5.837411e+11	3.848218e+01	-4.224223e+08	5.000000e+03	1
7.437186e-01	1.214971e+00	5.763567e+00	7.949799e+03	5.677677e+11	3.831123e+01	-4.203997e+08	5.000000e+03	1
7.487437e-01	1.223180e+00	5.815834e+00	7.879947e+03	5.519929e+11	3.814288e+01	-4.183862e+08	5.000000e+03	1
7.537688e-01	1.231389e+00	5.868354e+00	7.810119e+03	5.364368e+11	3.797731e+01	-4.163816e+08	5.000000e+03	1
7.587940e-01	1.239599e+00	5.921092e+00	7.740302e+03	5.210744e+11	3.781413e+01	-4.143857e+08	5.000000e+03	1
7.638191e-01	1.247808e+00	5.974066e+00	7.670485e+03	5.059265e+11	3.765351e+01	-4.123984e+08	5.000000e+03	1
7.688442e-01	1.256017e+00	6.027242e+00	7.600656e+03	4.909676e+11	3.749507e+01	-4.104197e+08	5.000000e+03	1
7.738693e-01	1.264226e+00	6.080638e+00	7.530802e+03	4.762194e+11	3.733897e+01	-4.084494e+08	5.000000e+03	1
7.788945e-01	1.272436e+00	6.134220e+00	7.460914e+03	4.616561e+11	3.718488e+01	-4.064874e+08	5.000000e+03	1
7.839196e-01	1.280645e+00	6.188004e+00	7.390974e+03	4.472998e+11	3.703292e+01	-4.045335e+08	5.000000e+03	1
7.889447e-01	1.288854e+00	6.241957e+00	7.320977e+03	4.331246e+11	3.688278e+01	-4.025875e+08	5.000000e+03	1
7.939698e-01	1.297064e+00	6.296092e+00	7.250901e+03	4.191531e+11	3.673460e+01	-4.006498e+08	5.000000e+03	1
7.989950e-01	1.305273e+00	6.350379e+00	7.180744e+03	4.053593e+11	3.658806e+01	-3.987197e+08	5.000000e+03	1
8.040201e-01	1.313482e+00	6.404828e+00	7.110479e+03	3.917663e+11	3.644330e+01	-3.967975e+08	5.000000e+03	1
8.090452e-01	1.321691e+00	6.459409e+00	7.040108e+03	3.783477e+11	3.630001e+01	-3.948829e+08	5.000000e+03	1
8.140704e-01	1.329901e+00	6.514132e+00	6.969598e+03	3.651273e+11	3.615832e+01	-3.929760e+08	5.000000e+03	1
8.190955e-01	1.338110e+00	6.568968e+00	6.898955e+03	3.520783e+11	3.601796e+01	-3.910765e+08	5.000000e+03	1
8.241206e-01	1.346319e+00	6.623923e+00	6.828141e+03	3.392252e+11	3.587903e+01	-3.891845e+08	5.000000e+03	1
8.291457e-01	1.354528e+00	6.678970e+00	6.757164e+03	3.265409e+11	3.574128e+01	-3.872999e+08	5.000000e+03	1
8.341709e-01	1.362738e+00	6.734112e+00	6.685980e+03	3.140504e+11	3.560480e+01	-3.854226e+08	5.000000e+03	1
8.391960e-01	1.370947e+00	6.789324e+00	6.614603e+03	3.017263e+11	3.546936e+01	-3.835526e+08	5.000000e+03	1
8.442211e-01	1.379156e+00	6.844606e+00	6.542981e+03	2.895943e+11	3.533503e+01	-3.816897e+08	5.000000e+03	1
8.492462e-01	1.387365e+00	6.899936e+00	6.471132e+03	2.776265e+11	3.520160e+01	-3.798340e+08	5.000000e+03	1
8.542714e-01	1.395575e+00	6.955308e+00	6.398996e+03	2.658493e+11	3.506914e+01	-3.779854e+08	5.000000e+03	1
8.592965e-01	1.403784e+00	7.010705e+00	6.326595e+03	2.542344e+11	3.493744e+01	-3.761438e+08	5.000000e+03	1
8.643216e-01	1.411993e+00	7.066115e+00	6.253859e+03	2.428089e+11	3.480657e+01	-3.743091e+08	5.000000e+03	1
8.693467e-01	1.420202e+00	7.121523e+00	6.180818e+03	2.315441e+11	3.467633e+01	-3.724815e+08	5.000000e+03	1
8.743719e-01	1.428412e+00	7.176914e+00	6.107390e+03	2.204677e+11	3.454676e+01	-3.706608e+08	5.000000e+03	1
8.793970e-01	1.436621e+00	7.232277e+00	6.033610e+03	2.095506e+11	3.441771e+01	-3.688470e+08	5.000000e+03	1
8.844221e-01	1.444830e+00	7.287590e+00	5.959383e+03	1.988213e+11	3.428919e+01	-3.670400e+08	5.000000e+03	1
8.894472e-01	1.453040e+00	7.342845e+00	5.884752e+03	1.882501e+11	3.416106e+01	-3.652399e+08	5.000000e+03	1
8.944724e-01	1.461249e+00	7.398015e+00	5.809606e+03	1.778664e+11	3.403331e+01	-3.634466e+08	5.000000e+03	1
8.994975e-01	1.469458e+00	7.453098e+00	5.733996e+03	1.676399e+11	3.390584e+01	-3.616601e+08	5.000000e+03	1
9.045226e-01	1.477667e+00	7.508057e+00	5.657791e+03	1.576009e+11	3.377861e+01	-3.598803e+08	5.000000e+03	1
9.095477e-01	1.485877e+00	7.562896e+00	5.581054e+03	1.477186e+11	3.365153e+01	-3.581074e+08	5.000000e+03	1
9.145729e-01	1.494086e+00	7.617570e+00	5.503628e+03	1.380240e+11	3.352456e+01	-3.563411e+08	5.000000e+03	1
9.195980e-01	1.502295e+00	7.672088e+00	5.425588e+03	1.284858e+11	3.339760e+01	-3.545817e+08	5.000000e+03	1
9.246231e-01	1.510504e+00	7.726397e+00	5.346750e+03	1.191361e+11	3.327061e+01	-3.528289e+08	5.000000e+03	1
9.296482e-01	1.518714e+00	7.780512e+00	5.267198e+03	1.099429e+11	3.314351e+01	-3.510831e+08	5.000000e+03	1
9.346734e-01	1.526923e+00	7.834367e+00	5.186714e+03	1.009392e+11	3.301621e+01	-3.493439e+08	5.000000e+03	1
9.396985e-01	1.535132e+00	7.887988e+00	5.105398e+03	9.209252e+10	3.288869e+01	-3.476115e+08	5.000000e+03	1
9.447236e-01	1.543341e+00	7.941295e+00	5.022984e+03	8.343707e+10	3.276081e+01	-3.458859e+08	5.000000e+03	1
9.497487e-01	1.551551e+00	7.994322e+00	4.939588e+03	7.493943e+10	3.263256e+01	-3.441671e+08	5.000000e+03	1
9.547739e-01	1.559760e+00	8.046974e+00	4.854884e+03	6.663533e+10	3.250378e+01	-3.424551e+08	5.000000e+03	1
9.597990e-01	1.567969e+00	8.099294e+00	4.769009e+03	5.849051e+10	3.237450e+01	-3.407500e+08	5.000000e+03	1
9.648241e-01	1.576178e+00	8.151172e+00	4.681552e+03	5.054229e+10	3.224450e+01	-3.390518e+08	5.000000e+03	1
9.698492e-01	1.584388e+00	8.202660e+00	4.592672e+03	4.275548e+10	3.211383e+01	-3.373606e+08	5.000000e+03	1
9.748744e-01	1.592597e+00	8.253627e+00	4.501840e+03	3.516934e+10	3.198224e+01	-3.356762e+08	5.000000e+03	1
9.798995e-01	1.600806e+00	8.304138e+00	4.409237e+03	2.774767e+10	3.184980e+01	-3.339989e+08	5.000000e+03	1
9.849246e-01	1.609015e+00	8.354036e+00	4.314159e+03	2.053210e+10	3.171619e+01	-3.323286e+08	5.000000e+03	1
9.899497e-01	1.617225e+00	8.403398e+00	4.216802e+03	1.348536e+10	3.158153e+01	-3.306658e+08	5.000000e+03	1
9.949749e-01	1.625434e+00	8.452037e+00	4.115750e+03	6.652147e+09	3.144540e+01	-3.290096e+08	5.000000e+03	1
1.000000e+00	1.633643e+00	8.500000e+00	4.000000e+03	0.000000e+00	3.130780e+01	-3.273609e+08	3.000000e+02	1
