#R=1.0898717675880254
#interptype='linear'
#name='planet'
#norm={'P': 1000000000000.0, 'R': 1.0898717675880254, 'M': 1.0, 'g': 8.275559165948545, 'rho': 1000.0}
#state=1
#composition
#layer0		Fe08FeS02		0.600000
#layer1		pv_fmw		0.400000
#layer2		ice_VII		0.200000
#Cols=
 #'ur		r		mr		rho		P		g		phi		T		composition'
#-end-
0.000000e+00	0.000000e+00	2.942917e-12	1.200165e+04	3.765482e+11	0.000000e+00	-1.161035e+08	5.000000e+03	0
5.025126e-03	5.476743e-03	1.358863e-06	1.200258e+04	3.766745e+11	-6.174012e-02	-1.161014e+08	5.000000e+03	0
1.005025e-02	1.095349e-02	3.115446e-06	1.200346e+04	3.767951e+11	-1.149593e-01	-1.160953e+08	5.000000e+03	0
1.507538e-02	1.643023e-02	1.258784e-05	1.200352e+04	3.768030e+11	-2.872617e-03	-1.160851e+08	5.000000e+03	0
2.010050e-02	2.190697e-02	2.364713e-05	1.200351e+04	3.768015e+11	1.097585e-01	-1.160653e+08	5.000000e+03	0
2.512563e-02	2.738371e-02	4.930591e-05	1.200286e+04	3.767134e+11	2.273979e-01	-1.160528e+08	5.000000e+03	0
3.015075e-02	3.286046e-02	7.853124e-05	1.200211e+04	3.766113e+11	3.450877e-01	-1.160300e+08	5.000000e+03	0
3.517588e-02	3.833720e-02	1.284425e-04	1.200076e+04	3.764277e+11	4.630696e-01	-1.160035e+08	5.000000e+03	0
4.020101e-02	4.381394e-02	1.846884e-04	1.199928e+04	3.762254e+11	5.810516e-01	-1.159729e+08	5.000000e+03	0
4.522613e-02	4.929068e-02	2.669062e-04	1.199723e+04	3.759464e+11	6.990336e-01	-1.159381e+08	5.000000e+03	0
5.025126e-02	5.476743e-02	3.590118e-04	1.199501e+04	3.756441e+11	8.169978e-01	-1.158994e+08	5.000000e+03	0
5.527638e-02	6.024417e-02	4.815721e-04	1.199226e+04	3.752698e+11	9.349069e-01	-1.158565e+08	5.000000e+03	0
6.030151e-02	6.572091e-02	6.183546e-04	1.198930e+04	3.748676e+11	1.052784e+00	-1.158095e+08	5.000000e+03	0
6.532663e-02	7.119765e-02	7.892704e-04	1.198584e+04	3.743983e+11	1.170585e+00	-1.157586e+08	5.000000e+03	0
7.035176e-02	7.667440e-02	9.795184e-04	1.198215e+04	3.738965e+11	1.288340e+00	-1.157036e+08	5.000000e+03	0
7.537688e-02	8.215114e-02	1.206774e-03	1.197799e+04	3.733324e+11	1.406006e+00	-1.156445e+08	5.000000e+03	0
8.040201e-02	8.762788e-02	1.459240e-03	1.197356e+04	3.727313e+11	1.523609e+00	-1.155813e+08	5.000000e+03	0
8.542714e-02	9.310462e-02	1.750785e-03	1.196870e+04	3.720728e+11	1.641114e+00	-1.155140e+08	5.000000e+03	0
9.045226e-02	9.858137e-02	2.074182e-03	1.196354e+04	3.713728e+11	1.758539e+00	-1.154427e+08	5.000000e+03	0
9.547739e-02	1.040581e-01	2.437925e-03	1.195797e+04	3.706202e+11	1.875860e+00	-1.153673e+08	5.000000e+03	0
1.005025e-01	1.095349e-01	2.840916e-03	1.195207e+04	3.698216e+11	1.993079e+00	-1.152879e+08	5.000000e+03	0
1.055276e-01	1.150116e-01	3.284722e-03	1.194580e+04	3.689754e+11	2.110192e+00	-1.152044e+08	5.000000e+03	0
1.105528e-01	1.204883e-01	3.775913e-03	1.193915e+04	3.680788e+11	2.227179e+00	-1.151170e+08	5.000000e+03	0
1.155779e-01	1.259651e-01	4.307597e-03	1.193218e+04	3.671393e+11	2.344059e+00	-1.150254e+08	5.000000e+03	0
1.206030e-01	1.314418e-01	4.895534e-03	1.192479e+04	3.661453e+11	2.460788e+00	-1.149299e+08	5.000000e+03	0
1.256281e-01	1.369186e-01	5.522850e-03	1.191712e+04	3.651131e+11	2.577412e+00	-1.148301e+08	5.000000e+03	0
1.306533e-01	1.423953e-01	6.216012e-03	1.190899e+04	3.640222e+11	2.693856e+00	-1.147267e+08	5.000000e+03	0
1.356784e-01	1.478720e-01	6.946656e-03	1.190060e+04	3.628979e+11	2.810199e+00	-1.146188e+08	5.000000e+03	0
1.407035e-01	1.533488e-01	7.753443e-03	1.189173e+04	3.617108e+11	2.926333e+00	-1.145072e+08	5.000000e+03	0
1.457286e-01	1.588255e-01	8.595040e-03	1.188264e+04	3.604949e+11	3.042371e+00	-1.143915e+08	5.000000e+03	0
1.507538e-01	1.643023e-01	9.523774e-03	1.187303e+04	3.592123e+11	3.158167e+00	-1.142718e+08	5.000000e+03	0
1.557789e-01	1.697790e-01	1.048388e-02	1.186323e+04	3.579057e+11	3.273876e+00	-1.141481e+08	5.000000e+03	0
1.608040e-01	1.752558e-01	1.154279e-02	1.185287e+04	3.565284e+11	3.389308e+00	-1.140204e+08	5.000000e+03	0
1.658291e-01	1.807325e-01	1.262887e-02	1.184236e+04	3.551316e+11	3.504664e+00	-1.138888e+08	5.000000e+03	0
1.708543e-01	1.862092e-01	1.382609e-02	1.183125e+04	3.536604e+11	3.619705e+00	-1.137530e+08	5.000000e+03	0
1.758794e-01	1.916860e-01	1.504554e-02	1.182003e+04	3.521744e+11	3.734683e+00	-1.136134e+08	5.000000e+03	0
1.809045e-01	1.971627e-01	1.638911e-02	1.180817e+04	3.506102e+11	3.849307e+00	-1.134699e+08	5.000000e+03	0
1.859296e-01	2.026395e-01	1.774923e-02	1.179623e+04	3.490356e+11	3.963883e+00	-1.133223e+08	5.000000e+03	0
1.909548e-01	2.081162e-01	1.924706e-02	1.178363e+04	3.473794e+11	4.078062e+00	-1.131708e+08	5.000000e+03	0
1.959799e-01	2.135930e-01	2.075505e-02	1.177098e+04	3.457172e+11	4.192212e+00	-1.130154e+08	5.000000e+03	0
2.010050e-01	2.190697e-01	2.241496e-02	1.175762e+04	3.439700e+11	4.305920e+00	-1.128560e+08	5.000000e+03	0
2.060302e-01	2.245464e-01	2.408267e-02	1.174423e+04	3.422185e+11	4.419605e+00	-1.126927e+08	5.000000e+03	0
2.110553e-01	2.300232e-01	2.590757e-02	1.173014e+04	3.403839e+11	4.532829e+00	-1.125254e+08	5.000000e+03	0
2.160804e-01	2.354999e-01	2.774572e-02	1.171600e+04	3.385426e+11	4.646013e+00	-1.123543e+08	5.000000e+03	0
2.211055e-01	2.409767e-01	2.973946e-02	1.170118e+04	3.366233e+11	4.758736e+00	-1.121793e+08	5.000000e+03	0
2.261307e-01	2.464534e-01	3.175558e-02	1.168628e+04	3.346932e+11	4.871392e+00	-1.120003e+08	5.000000e+03	0
2.311558e-01	2.519302e-01	3.392490e-02	1.167075e+04	3.326903e+11	4.983591e+00	-1.118175e+08	5.000000e+03	0
2.361809e-01	2.574069e-01	3.612639e-02	1.165509e+04	3.306727e+11	5.095692e+00	-1.116307e+08	5.000000e+03	0
2.412060e-01	2.628836e-01	3.847793e-02	1.163883e+04	3.285872e+11	5.207340e+00	-1.114403e+08	5.000000e+03	0
2.462312e-01	2.683604e-01	4.087203e-02	1.162240e+04	3.264834e+11	5.318859e+00	-1.112459e+08	5.000000e+03	0
2.512563e-01	2.738371e-01	4.341230e-02	1.160541e+04	3.243166e+11	5.429933e+00	-1.110476e+08	5.000000e+03	0
2.562814e-01	2.793139e-01	4.600611e-02	1.158823e+04	3.221278e+11	5.540841e+00	-1.108457e+08	5.000000e+03	0
2.613065e-01	2.847906e-01	4.874146e-02	1.157051e+04	3.198808e+11	5.651315e+00	-1.106392e+08	5.000000e+03	0
2.663317e-01	2.902674e-01	5.154192e-02	1.155255e+04	3.176084e+11	5.761586e+00	-1.104299e+08	5.000000e+03	0
2.713568e-01	2.957441e-01	5.447856e-02	1.153410e+04	3.152826e+11	5.871435e+00	-1.102164e+08	5.000000e+03	0
2.763819e-01	3.012208e-01	5.749244e-02	1.151537e+04	3.129280e+11	5.981040e+00	-1.099991e+08	5.000000e+03	0
2.814070e-01	3.066976e-01	6.063644e-02	1.149617e+04	3.105247e+11	6.090238e+00	-1.097780e+08	5.000000e+03	0
2.864322e-01	3.121743e-01	6.387034e-02	1.147667e+04	3.080892e+11	6.199151e+00	-1.095528e+08	5.000000e+03	0
2.914573e-01	3.176511e-01	6.722759e-02	1.145674e+04	3.056098e+11	6.307673e+00	-1.093246e+08	5.000000e+03	0
2.964824e-01	3.231278e-01	7.068791e-02	1.143646e+04	3.030952e+11	6.415864e+00	-1.090923e+08	5.000000e+03	0
3.015075e-01	3.286046e-01	7.426418e-02	1.141578e+04	3.005410e+11	6.523684e+00	-1.088562e+08	5.000000e+03	0
3.065327e-01	3.340813e-01	7.795714e-02	1.139471e+04	2.979487e+11	6.631126e+00	-1.086164e+08	5.000000e+03	0
3.115578e-01	3.395580e-01	8.175799e-02	1.137329e+04	2.953212e+11	6.738218e+00	-1.083730e+08	5.000000e+03	0
3.165829e-01	3.450348e-01	8.568961e-02	1.135143e+04	2.926529e+11	6.844882e+00	-1.081258e+08	5.000000e+03	0
3.216080e-01	3.505115e-01	8.972044e-02	1.132926e+04	2.899537e+11	6.951221e+00	-1.078750e+08	5.000000e+03	0
3.266332e-01	3.559883e-01	9.389654e-02	1.130661e+04	2.872111e+11	7.057079e+00	-1.076204e+08	5.000000e+03	0
3.316583e-01	3.614650e-01	9.816256e-02	1.128368e+04	2.844416e+11	7.162638e+00	-1.073623e+08	5.000000e+03	0
3.366834e-01	3.669418e-01	1.025887e-01	1.126023e+04	2.816264e+11	7.267660e+00	-1.071005e+08	5.000000e+03	0
3.417085e-01	3.724185e-01	1.070950e-01	1.123654e+04	2.787883e+11	7.372413e+00	-1.068351e+08	5.000000e+03	0
3.467337e-01	3.778952e-01	1.117766e-01	1.121229e+04	2.759023e+11	7.476571e+00	-1.065661e+08	5.000000e+03	0
3.517588e-01	3.833720e-01	1.165279e-01	1.118783e+04	2.729973e+11	7.580492e+00	-1.062935e+08	5.000000e+03	0
3.567839e-01	3.888487e-01	1.214701e-01	1.116277e+04	2.700423e+11	7.683755e+00	-1.060172e+08	5.000000e+03	0
3.618090e-01	3.943255e-01	1.264710e-01	1.113754e+04	2.670720e+11	7.786817e+00	-1.057376e+08	5.000000e+03	0
3.668342e-01	3.998022e-01	1.316787e-01	1.111167e+04	2.640501e+11	7.889157e+00	-1.054543e+08	5.000000e+03	0
3.718593e-01	4.052789e-01	1.369337e-01	1.108566e+04	2.610162e+11	7.991332e+00	-1.051675e+08	5.000000e+03	0
3.768844e-01	4.107557e-01	1.424115e-01	1.105897e+04	2.579292e+11	8.092719e+00	-1.048773e+08	5.000000e+03	0
3.819095e-01	4.162324e-01	1.479248e-01	1.103217e+04	2.548336e+11	8.193980e+00	-1.045880e+08	5.000000e+03	0
3.869347e-01	4.217092e-01	1.536772e-01	1.100465e+04	2.516835e+11	8.294384e+00	-1.042861e+08	5.000000e+03	0
3.919598e-01	4.271859e-01	1.594527e-01	1.097706e+04	2.485280e+11	8.394704e+00	-1.039856e+08	5.000000e+03	0
3.969849e-01	4.326627e-01	1.654837e-01	1.094871e+04	2.453168e+11	8.494094e+00	-1.036813e+08	5.000000e+03	0
4.020101e-01	4.381394e-01	1.715278e-01	1.092032e+04	2.421028e+11	8.593435e+00	-1.033738e+08	5.000000e+03	0
4.070352e-01	4.436161e-01	1.778387e-01	1.089113e+04	2.388333e+11	8.691789e+00	-1.030581e+08	5.000000e+03	0
4.120603e-01	4.490929e-01	1.841656e-01	1.086189e+04	2.355605e+11	8.790083e+00	-1.027488e+08	5.000000e+03	0
4.170854e-01	4.545696e-01	1.907491e-01	1.083189e+04	2.322369e+11	8.887412e+00	-1.024304e+08	5.000000e+03	0
4.221106e-01	4.600464e-01	1.973624e-01	1.080179e+04	2.289076e+11	8.984627e+00	-1.021091e+08	5.000000e+03	0
4.271357e-01	4.655231e-01	2.042216e-01	1.077097e+04	2.255318e+11	9.080901e+00	-1.017849e+08	5.000000e+03	0
4.321608e-01	4.709999e-01	2.111244e-01	1.074002e+04	2.221482e+11	9.177006e+00	-1.014571e+08	5.000000e+03	0
4.371859e-01	4.764766e-01	2.182619e-01	1.070836e+04	2.187223e+11	9.272197e+00	-1.011260e+08	5.000000e+03	0
4.422111e-01	4.819533e-01	2.254573e-01	1.067653e+04	2.152866e+11	9.367158e+00	-1.007917e+08	5.000000e+03	0
4.472362e-01	4.874301e-01	2.328756e-01	1.064404e+04	2.118129e+11	9.461236e+00	-1.004541e+08	5.000000e+03	0
4.522613e-01	4.929068e-01	2.403660e-01	1.061133e+04	2.083275e+11	9.555022e+00	-1.001133e+08	5.000000e+03	0
4.572864e-01	4.983836e-01	2.480671e-01	1.057798e+04	2.048079e+11	9.647956e+00	-9.976917e+07	5.000000e+03	0
4.623116e-01	5.038603e-01	2.558548e-01	1.054438e+04	2.012751e+11	9.740533e+00	-9.942207e+07	5.000000e+03	0
4.673367e-01	5.093371e-01	2.638408e-01	1.051017e+04	1.977120e+11	9.832294e+00	-9.907138e+07	5.000000e+03	0
4.723618e-01	5.148138e-01	2.719277e-01	1.047565e+04	1.941343e+11	9.923629e+00	-9.871798e+07	5.000000e+03	0
4.773869e-01	5.202905e-01	2.801999e-01	1.044057e+04	1.905298e+11	1.001418e+01	-9.836165e+07	5.000000e+03	0
4.824121e-01	5.257673e-01	2.885876e-01	1.040513e+04	1.869097e+11	1.010424e+01	-9.800147e+07	5.000000e+03	0
4.874372e-01	5.312440e-01	2.971472e-01	1.036916e+04	1.832661e+11	1.019356e+01	-9.763840e+07	5.000000e+03	0
4.924623e-01	5.367208e-01	3.058369e-01	1.033279e+04	1.796060e+11	1.028231e+01	-9.727260e+07	5.000000e+03	0
4.974874e-01	5.421975e-01	3.146848e-01	1.029592e+04	1.759258e+11	1.037036e+01	-9.690369e+07	5.000000e+03	0
5.025126e-01	5.476743e-01	3.236772e-01	1.025859e+04	1.722284e+11	1.045776e+01	-9.653161e+07	5.000000e+03	0
5.075377e-01	5.531510e-01	3.328140e-01	1.022081e+04	1.685138e+11	1.054451e+01	-9.615654e+07	5.000000e+03	0
5.125628e-01	5.586277e-01	3.421095e-01	1.018251e+04	1.647817e+11	1.063052e+01	-9.577846e+07	5.000000e+03	0
5.175879e-01	5.641045e-01	3.515354e-01	1.014379e+04	1.610351e+11	1.071594e+01	-9.539757e+07	5.000000e+03	0
5.226131e-01	5.695812e-01	3.611340e-01	1.010450e+04	1.572710e+11	1.080053e+01	-9.501392e+07	5.000000e+03	0
5.276382e-01	5.750580e-01	3.708487e-01	1.006483e+04	1.534951e+11	1.088458e+01	-9.462710e+07	5.000000e+03	0
5.326633e-01	5.805347e-01	3.807499e-01	1.002454e+04	1.497017e+11	1.096771e+01	-9.423745e+07	5.000000e+03	0
5.376884e-01	5.860115e-01	3.907528e-01	9.983897e+03	1.458988e+11	1.105035e+01	-9.384497e+07	5.000000e+03	0
5.427136e-01	5.914882e-01	4.009557e-01	9.942568e+03	1.420790e+11	1.113199e+01	-9.344973e+07	5.000000e+03	0
5.477387e-01	5.969649e-01	4.112459e-01	9.900937e+03	1.382518e+11	1.121319e+01	-9.305151e+07	5.000000e+03	0
5.527638e-01	6.024417e-01	4.217490e-01	9.858552e+03	1.344083e+11	1.129329e+01	-9.265074e+07	5.000000e+03	0
5.577889e-01	6.079184e-01	4.323250e-01	9.815908e+03	1.305594e+11	1.137301e+01	-9.224712e+07	5.000000e+03	0
5.628141e-01	6.133952e-01	4.431266e-01	9.772439e+03	1.266953e+11	1.145153e+01	-9.184069e+07	5.000000e+03	0
5.678392e-01	6.188719e-01	4.539866e-01	9.728757e+03	1.228272e+11	1.152973e+01	-9.143179e+07	5.000000e+03	0
5.728643e-01	6.243487e-01	4.650841e-01	9.684176e+03	1.189454e+11	1.160663e+01	-9.102010e+07	5.000000e+03	0
5.778894e-01	6.298254e-01	4.762257e-01	9.639427e+03	1.150610e+11	1.168328e+01	-9.060581e+07	5.000000e+03	0
5.829146e-01	6.353021e-01	4.876162e-01	9.593701e+03	1.111646e+11	1.175851e+01	-9.018889e+07	5.000000e+03	0
5.879397e-01	6.407789e-01	4.990368e-01	9.547857e+03	1.072666e+11	1.183356e+01	-8.976940e+07	5.000000e+03	0
5.929648e-01	6.462556e-01	5.107167e-01	9.500950e+03	1.033586e+11	1.190708e+01	-8.934728e+07	5.000000e+03	0
5.979899e-01	6.517324e-01	5.224129e-01	9.453977e+03	9.944990e+10	1.198049e+01	-8.892281e+07	5.000000e+03	0
6.030151e-01	6.572091e-01	5.343782e-01	9.405850e+03	9.553346e+10	1.205224e+01	-8.849577e+07	5.000000e+03	0
6.080402e-01	6.626858e-01	5.463566e-01	9.357664e+03	9.161674e+10	1.212391e+01	-8.806626e+07	5.000000e+03	0
6.130653e-01	6.681626e-01	5.585919e-01	9.308319e+03	8.769533e+10	1.219392e+01	-8.763434e+07	5.000000e+03	0
6.180905e-01	6.736393e-01	5.708503e-01	9.258865e+03	8.377374e+10	1.226377e+01	-8.719998e+07	5.000000e+03	0
6.231156e-01	6.791161e-01	5.833480e-01	9.208270e+03	7.985045e+10	1.233201e+01	-8.676333e+07	5.000000e+03	0
6.281407e-01	6.845928e-01	5.951021e-01	8.874362e+03	7.616957e+10	1.238412e+01	-8.632452e+07	5.000000e+03	0
6.331658e-01	6.900696e-01	6.021815e-01	6.759632e+03	7.401244e+10	1.233488e+01	-8.588341e+07	5.000000e+03	0
6.381910e-01	6.955463e-01	6.092914e-01	5.034992e+03	7.186149e+10	1.228627e+01	-8.544287e+07	5.000000e+03	1
6.432161e-01	7.010230e-01	6.165342e-01	5.014429e+03	6.973754e+10	1.224035e+01	-8.500371e+07	5.000000e+03	1
6.482412e-01	7.064998e-01	6.238154e-01	4.993861e+03	6.762110e+10	1.219516e+01	-8.456633e+07	5.000000e+03	1
6.532663e-01	7.119765e-01	6.312213e-01	4.973272e+03	6.552903e+10	1.215234e+01	-8.413069e+07	5.000000e+03	1
6.582915e-01	7.174533e-01	6.386735e-01	4.952672e+03	6.344567e+10	1.211033e+01	-8.369656e+07	5.000000e+03	1
6.633166e-01	7.229300e-01	6.462422e-01	4.932044e+03	6.138427e+10	1.207038e+01	-8.326404e+07	5.000000e+03	1
6.683417e-01	7.284068e-01	6.538649e-01	4.911399e+03	5.933272e+10	1.203132e+01	-8.283304e+07	5.000000e+03	1
6.733668e-01	7.338835e-01	6.615959e-01	4.890719e+03	5.730087e+10	1.199404e+01	-8.240348e+07	5.000000e+03	1
6.783920e-01	7.393602e-01	6.693887e-01	4.870014e+03	5.527995e+10	1.195770e+01	-8.197534e+07	5.000000e+03	1
6.834171e-01	7.448370e-01	6.772814e-01	4.849270e+03	5.327666e+10	1.192291e+01	-8.154858e+07	5.000000e+03	1
6.884422e-01	7.503137e-01	6.852435e-01	4.828492e+03	5.128530e+10	1.188911e+01	-8.112313e+07	5.000000e+03	1
6.934673e-01	7.557905e-01	6.932971e-01	4.807670e+03	4.930966e+10	1.185662e+01	-8.069896e+07	5.000000e+03	1
6.984925e-01	7.612672e-01	7.014277e-01	4.786804e+03	4.734689e+10	1.182515e+01	-8.027601e+07	5.000000e+03	1
7.035176e-01	7.667440e-01	7.096414e-01	4.765892e+03	4.539805e+10	1.179481e+01	-7.985427e+07	5.000000e+03	1
7.085427e-01	7.722207e-01	7.179393e-01	4.744925e+03	4.346301e+10	1.176551e+01	-7.943369e+07	5.000000e+03	1
7.135678e-01	7.776974e-01	7.263120e-01	4.723910e+03	4.154022e+10	1.173715e+01	-7.901420e+07	5.000000e+03	1
7.185930e-01	7.831742e-01	7.347760e-01	4.702827e+03	3.963211e+10	1.170986e+01	-7.859581e+07	5.000000e+03	1
7.236181e-01	7.886509e-01	7.433066e-01	4.681696e+03	3.773470e+10	1.168334e+01	-7.817846e+07	5.000000e+03	1
7.286432e-01	7.941277e-01	7.519354e-01	4.660484e+03	3.585282e+10	1.165790e+01	-7.776206e+07	5.000000e+03	1
7.336683e-01	7.996044e-01	7.606224e-01	4.639223e+03	3.398016e+10	1.163309e+01	-7.734678e+07	5.000000e+03	1
7.386935e-01	8.050812e-01	7.694143e-01	4.617866e+03	3.212388e+10	1.160935e+01	-7.693238e+07	5.000000e+03	1
7.437186e-01	8.105579e-01	7.782563e-01	4.596463e+03	3.027544e+10	1.158612e+01	-7.651891e+07	5.000000e+03	1
7.487437e-01	8.160346e-01	7.872095e-01	4.574946e+03	2.844420e+10	1.156395e+01	-7.610631e+07	5.000000e+03	1
7.537688e-01	8.215114e-01	7.962048e-01	4.553387e+03	2.661949e+10	1.154218e+01	-7.569459e+07	5.000000e+03	1
7.587940e-01	8.269881e-01	8.012317e-01	3.500615e+03	2.562123e+10	1.146362e+01	-7.528382e+07	5.000000e+03	1
7.638191e-01	8.324649e-01	8.051032e-01	2.147617e+03	2.486359e+10	1.136854e+01	-7.487489e+07	5.000000e+03	1
7.688442e-01	8.379416e-01	8.090322e-01	1.902654e+03	2.412060e+10	1.127665e+01	-7.446902e+07	5.000000e+03	2
7.738693e-01	8.434184e-01	8.129736e-01	1.895127e+03	2.338075e+10	1.118545e+01	-7.406649e+07	5.000000e+03	2
7.788945e-01	8.488951e-01	8.169761e-01	1.887688e+03	2.265576e+10	1.109745e+01	-7.366723e+07	5.000000e+03	2
7.839196e-01	8.543718e-01	8.209875e-01	1.880263e+03	2.193294e+10	1.100992e+01	-7.327117e+07	5.000000e+03	2
7.889447e-01	8.598486e-01	8.250636e-01	1.872926e+03	2.122518e+10	1.092561e+01	-7.287826e+07	5.000000e+03	2
7.939698e-01	8.653253e-01	8.291452e-01	1.865596e+03	2.051871e+10	1.084158e+01	-7.248842e+07	5.000000e+03	2
7.989950e-01	8.708021e-01	8.332951e-01	1.858356e+03	1.982745e+10	1.076077e+01	-7.210159e+07	5.000000e+03	2
8.040201e-01	8.762788e-01	8.374483e-01	1.851121e+03	1.913694e+10	1.068011e+01	-7.171772e+07	5.000000e+03	2
8.090452e-01	8.817556e-01	8.416706e-01	1.843971e+03	1.846119e+10	1.060255e+01	-7.133673e+07	5.000000e+03	2
8.140704e-01	8.872323e-01	8.458977e-01	1.836827e+03	1.778644e+10	1.052520e+01	-7.095859e+07	5.000000e+03	2
8.190955e-01	8.927090e-01	8.501904e-01	1.829760e+03	1.712516e+10	1.045064e+01	-7.058321e+07	5.000000e+03	2
8.241206e-01	8.981858e-01	8.544914e-01	1.822703e+03	1.646551e+10	1.037641e+01	-7.021057e+07	5.000000e+03	2
8.291457e-01	9.036625e-01	8.588546e-01	1.815716e+03	1.581813e+10	1.030471e+01	-6.984058e+07	5.000000e+03	2
8.341709e-01	9.091393e-01	8.632296e-01	1.808741e+03	1.517299e+10	1.023346e+01	-6.947322e+07	5.000000e+03	2
8.391960e-01	9.146160e-01	8.676634e-01	1.801829e+03	1.453899e+10	1.016447e+01	-6.910842e+07	5.000000e+03	2
8.442211e-01	9.200927e-01	8.721032e-01	1.791243e+03	1.390902e+10	1.009594e+01	-6.874612e+07	5.000000e+03	2
8.492462e-01	9.255695e-01	8.765654e-01	1.767294e+03	1.329370e+10	1.002907e+01	-6.838633e+07	5.000000e+03	2
8.542714e-01	9.310462e-01	8.810232e-01	1.743360e+03	1.268471e+10	9.962593e+00	-6.802897e+07	5.000000e+03	2
8.592965e-01	9.365230e-01	8.854689e-01	1.719466e+03	1.209328e+10	9.897238e+00	-6.767432e+07	5.000000e+03	2
8.643216e-01	9.419997e-01	8.899082e-01	1.695577e+03	1.150915e+10	9.832331e+00	-6.732147e+07	5.000000e+03	2
8.693467e-01	9.474765e-01	8.943334e-01	1.671697e+03	1.094100e+10	9.768402e+00	-6.697121e+07	5.000000e+03	2
8.743719e-01	9.529532e-01	8.987495e-01	1.647804e+03	1.038110e+10	9.704957e+00	-6.662310e+07	5.000000e+03	2
8.793970e-01	9.584299e-01	9.031496e-01	1.623888e+03	9.835677e+09	9.642360e+00	-6.627774e+07	5.000000e+03	2
8.844221e-01	9.639067e-01	9.075374e-01	1.599936e+03	9.299412e+09	9.580273e+00	-6.593443e+07	5.000000e+03	2
8.894472e-01	9.693834e-01	9.119077e-01	1.575930e+03	8.776227e+09	9.518917e+00	-6.559338e+07	5.000000e+03	2
8.944724e-01	9.748602e-01	9.162617e-01	1.551853e+03	8.263085e+09	9.458090e+00	-6.525457e+07	5.000000e+03	2
8.994975e-01	9.803369e-01	9.205968e-01	1.527692e+03	7.761697e+09	9.397884e+00	-6.491796e+07	5.000000e+03	2
9.045226e-01	9.858137e-01	9.249110e-01	1.503412e+03	7.271231e+09	9.338218e+00	-6.458355e+07	5.000000e+03	2
9.095477e-01	9.912904e-01	9.292050e-01	1.479017e+03	6.791266e+09	9.279073e+00	-6.425130e+07	5.000000e+03	2
9.145729e-01	9.967671e-01	9.334725e-01	1.454438e+03	6.323101e+09	9.220470e+00	-6.392121e+07	5.000000e+03	2
9.195980e-01	1.002244e+00	9.377191e-01	1.429712e+03	5.864252e+09	9.162295e+00	-6.359325e+07	5.000000e+03	2
9.246231e-01	1.007721e+00	9.419323e-01	1.404710e+03	5.418101e+09	9.104655e+00	-6.326741e+07	5.000000e+03	2
9.296482e-01	1.013197e+00	9.461240e-01	1.379530e+03	4.980142e+09	9.047360e+00	-6.294366e+07	5.000000e+03	2
9.346734e-01	1.018674e+00	9.502741e-01	1.353944e+03	4.555818e+09	8.990579e+00	-6.262199e+07	5.000000e+03	2
9.396985e-01	1.024151e+00	9.544025e-01	1.328146e+03	4.138616e+09	8.934068e+00	-6.230243e+07	5.000000e+03	2
9.447236e-01	1.029628e+00	9.584793e-01	1.301753e+03	3.736057e+09	8.878037e+00	-6.198511e+07	5.000000e+03	2
9.497487e-01	1.035104e+00	9.625345e-01	1.275112e+03	3.339599e+09	8.822206e+00	-6.166934e+07	5.000000e+03	2
9.547739e-01	1.040581e+00	9.665254e-01	1.247587e+03	2.958913e+09	8.766804e+00	-6.135585e+07	5.000000e+03	2
9.597990e-01	1.046058e+00	9.704955e-01	1.219776e+03	2.583347e+09	8.711540e+00	-6.104438e+07	5.000000e+03	2
9.648241e-01	1.051535e+00	9.743849e-01	1.190611e+03	2.224883e+09	8.656626e+00	-6.073493e+07	5.000000e+03	2
9.698492e-01	1.057011e+00	9.782547e-01	1.161117e+03	1.870591e+09	8.601798e+00	-6.042746e+07	5.000000e+03	2
9.748744e-01	1.062488e+00	9.820218e-01	1.129423e+03	1.535090e+09	8.547198e+00	-6.012201e+07	5.000000e+03	2
9.798995e-01	1.067965e+00	9.857712e-01	1.097350e+03	1.202829e+09	8.492638e+00	-5.981836e+07	5.000000e+03	2
9.849246e-01	1.073442e+00	9.893853e-01	1.061276e+03	8.917609e+08	8.438108e+00	-5.951702e+07	5.000000e+03	2
9.899497e-01	1.078918e+00	9.929846e-01	1.024767e+03	5.829961e+08	8.383582e+00	-5.921751e+07	5.000000e+03	2
9.949749e-01	1.084395e+00	9.964946e-01	1.011777e+03	2.910642e+08	8.329558e+00	-5.891997e+07	5.000000e+03	2
1.000000e+00	1.089872e+00	1.000000e+00	1.000000e+03	0.000000e+00	8.275559e+00	-5.862440e+07	3.000000e+02	2
