#t		Qconv[W]	Ri[Rp]		R*[Rp]		Qc[W]		Qm[W]		Qr[W]		Tcmb[K]		Tl[K]		Tup[K]		RiFlag		Bs[T]
0.000000e+00	2.094206e+14	0.000000e+00	8.378375e-01	2.244788e+15	8.613501e+13	1.105822e+14	1.322569e+04	4.567361e+03	2.480901e+03	0	1.569936e-03
1.000000e+07	2.095404e+14	0.000000e+00	8.378375e-01	2.244539e+15	1.156155e+14	1.099695e+14	1.318630e+04	4.773841e+03	2.593057e+03	0	1.570236e-03
2.000000e+07	2.090581e+14	0.000000e+00	8.378375e-01	2.239078e+15	1.515699e+14	1.093613e+14	1.314691e+04	4.977251e+03	2.703545e+03	0	1.569030e-03
3.000000e+07	2.079941e+14	0.000000e+00	8.378375e-01	2.228584e+15	1.943789e+14	1.087578e+14	1.310763e+04	5.176502e+03	2.811774e+03	0	1.566364e-03
4.000000e+07	2.063813e+14	0.000000e+00	8.378375e-01	2.213346e+15	2.441876e+14	1.081587e+14	1.306852e+04	5.370497e+03	2.917148e+03	0	1.562305e-03
5.000000e+07	2.042648e+14	0.000000e+00	8.378375e-01	2.193756e+15	3.008679e+14	1.075641e+14	1.302969e+04	5.558165e+03	3.019086e+03	0	1.556946e-03
6.000000e+07	2.016998e+14	0.000000e+00	8.378375e-01	2.170294e+15	3.640017e+14	1.069739e+14	1.299119e+04	5.738496e+03	3.117038e+03	0	1.550401e-03
7.000000e+07	1.987495e+14	0.000000e+00	8.378375e-01	2.143511e+15	4.328868e+14	1.063881e+14	1.295311e+04	5.910575e+03	3.210508e+03	0	1.542805e-03
8.000000e+07	1.954822e+14	0.000000e+00	8.378375e-01	2.113998e+15	5.065681e+14	1.058067e+14	1.291550e+04	6.073613e+03	3.299067e+03	0	1.534304e-03
9.000000e+07	1.919682e+14	0.000000e+00	8.378375e-01	2.082367e+15	5.838889e+14	1.052296e+14	1.287840e+04	6.226974e+03	3.382370e+03	0	1.525054e-03
1.000000e+08	1.882770e+14	0.000000e+00	8.378375e-01	2.049220e+15	6.635587e+14	1.046568e+14	1.284186e+04	6.370189e+03	3.460162e+03	0	1.515217e-03
1.100000e+08	1.844745e+14	0.000000e+00	8.378375e-01	2.015128e+15	7.442289e+14	1.040882e+14	1.280590e+04	6.502966e+03	3.532283e+03	0	1.504946e-03
1.200000e+08	1.806207e+14	0.000000e+00	8.378375e-01	1.980611e+15	8.245684e+14	1.035239e+14	1.277054e+04	6.625188e+03	3.598672e+03	0	1.494393e-03
1.300000e+08	1.767683e+14	0.000000e+00	8.378375e-01	1.946127e+15	9.033299e+14	1.029637e+14	1.273578e+04	6.736904e+03	3.659354e+03	0	1.483692e-03
1.400000e+08	1.729618e+14	0.000000e+00	8.378375e-01	1.912060e+15	9.794046e+14	1.024077e+14	1.270163e+04	6.838315e+03	3.714439e+03	0	1.472965e-03
1.500000e+08	1.692370e+14	0.000000e+00	8.378375e-01	1.878720e+15	1.051859e+15	1.018558e+14	1.266807e+04	6.929749e+03	3.764103e+03	0	1.462314e-03
1.600000e+08	1.656215e+14	0.000000e+00	8.378375e-01	1.846345e+15	1.119955e+15	1.013079e+14	1.263509e+04	7.011639e+03	3.808584e+03	0	1.451826e-03
1.700000e+08	1.621352e+14	0.000000e+00	8.378375e-01	1.815106e+15	1.183155e+15	1.007641e+14	1.260269e+04	7.084499e+03	3.848161e+03	0	1.441566e-03
1.800000e+08	1.587908e+14	0.000000e+00	8.378375e-01	1.785114e+15	1.241113e+15	1.002244e+14	1.257083e+04	7.148899e+03	3.883141e+03	0	1.431586e-03
1.900000e+08	1.555957e+14	0.000000e+00	8.378375e-01	1.756431e+15	1.293653e+15	9.968855e+13	1.253949e+04	7.205443e+03	3.913855e+03	0	1.421919e-03
2.000000e+08	1.525521e+14	0.000000e+00	8.378375e-01	1.729077e+15	1.340751e+15	9.915669e+13	1.250866e+04	7.254749e+03	3.940637e+03	0	1.412586e-03
2.100000e+08	1.496586e+14	0.000000e+00	8.378375e-01	1.703038e+15	1.382503e+15	9.862873e+13	1.247831e+04	7.297433e+03	3.963822e+03	0	1.403598e-03
2.200000e+08	1.469112e+14	0.000000e+00	8.378375e-01	1.678278e+15	1.419103e+15	9.810465e+13	1.244841e+04	7.334099e+03	3.983738e+03	0	1.394956e-03
2.300000e+08	1.443036e+14	0.000000e+00	8.378375e-01	1.654742e+15	1.450813e+15	9.758442e+13	1.241895e+04	7.365323e+03	4.000698e+03	0	1.386653e-03
2.400000e+08	1.418282e+14	0.000000e+00	8.378375e-01	1.632365e+15	1.477942e+15	9.706800e+13	1.238990e+04	7.391651e+03	4.015000e+03	0	1.378679e-03
2.500000e+08	1.394768e+14	0.000000e+00	8.378375e-01	1.611074e+15	1.500828e+15	9.655537e+13	1.236124e+04	7.413596e+03	4.026920e+03	0	1.371017e-03
2.600000e+08	1.372407e+14	0.000000e+00	8.378375e-01	1.590793e+15	1.519822e+15	9.604648e+13	1.233295e+04	7.431628e+03	4.036714e+03	0	1.363651e-03
2.700000e+08	1.351113e+14	0.000000e+00	8.378375e-01	1.571446e+15	1.535276e+15	9.554132e+13	1.230502e+04	7.446181e+03	4.044619e+03	0	1.356561e-03
2.800000e+08	1.330800e+14	0.000000e+00	8.378375e-01	1.552961e+15	1.547534e+15	9.503985e+13	1.227743e+04	7.457650e+03	4.050849e+03	0	1.349729e-03
2.900000e+08	1.311387e+14	0.000000e+00	8.378375e-01	1.535266e+15	1.556922e+15	9.454203e+13	1.225016e+04	7.466391e+03	4.055597e+03	0	1.343134e-03
3.000000e+08	1.292799e+14	0.000000e+00	8.378375e-01	1.518294e+15	1.563751e+15	9.404785e+13	1.222321e+04	7.472724e+03	4.059037e+03	0	1.336757e-03
3.100000e+08	1.274965e+14	0.000000e+00	8.378375e-01	1.501985e+15	1.568307e+15	9.355726e+13	1.219655e+04	7.476939e+03	4.061327e+03	0	1.330582e-03
3.200000e+08	1.257818e+14	0.000000e+00	8.378375e-01	1.486280e+15	1.570854e+15	9.307025e+13	1.217017e+04	7.479292e+03	4.062605e+03	0	1.324590e-03
3.300000e+08	1.241300e+14	0.000000e+00	8.378375e-01	1.471128e+15	1.571634e+15	9.258677e+13	1.214407e+04	7.480012e+03	4.062995e+03	0	1.318766e-03
3.400000e+08	1.225357e+14	0.000000e+00	8.378375e-01	1.456483e+15	1.570863e+15	9.210681e+13	1.211824e+04	7.479300e+03	4.062609e+03	0	1.313096e-03
3.500000e+08	1.209938e+14	0.000000e+00	8.378375e-01	1.442300e+15	1.568737e+15	9.163033e+13	1.209266e+04	7.477337e+03	4.061543e+03	0	1.307565e-03
3.600000e+08	1.195002e+14	0.000000e+00	8.378375e-01	1.428543e+15	1.565432e+15	9.115730e+13	1.206733e+04	7.474281e+03	4.059883e+03	0	1.302162e-03
3.700000e+08	1.180507e+14	0.000000e+00	8.378375e-01	1.415176e+15	1.561105e+15	9.068770e+13	1.204224e+04	7.470273e+03	4.057705e+03	0	1.296876e-03
3.800000e+08	1.166419e+14	0.000000e+00	8.378375e-01	1.402168e+15	1.555894e+15	9.022150e+13	1.201739e+04	7.465435e+03	4.055078e+03	0	1.291696e-03
3.900000e+08	1.152706e+14	0.000000e+00	8.378375e-01	1.389493e+15	1.549921e+15	8.975866e+13	1.199276e+04	7.459876e+03	4.052058e+03	0	1.286614e-03
4.000000e+08	1.139339e+14	0.000000e+00	8.378375e-01	1.377125e+15	1.543295e+15	8.929917e+13	1.196835e+04	7.453691e+03	4.048699e+03	0	1.281622e-03
4.100000e+08	1.126295e+14	0.000000e+00	8.378375e-01	1.365043e+15	1.536112e+15	8.884300e+13	1.194417e+04	7.446965e+03	4.045045e+03	0	1.276712e-03
4.200000e+08	1.113549e+14	0.000000e+00	8.378375e-01	1.353227e+15	1.528455e+15	8.839011e+13	1.192019e+04	7.439770e+03	4.041137e+03	0	1.271878e-03
4.300000e+08	1.101083e+14	0.000000e+00	8.378375e-01	1.341659e+15	1.520398e+15	8.794048e+13	1.189642e+04	7.432172e+03	4.037010e+03	0	1.267114e-03
4.400000e+08	1.088879e+14	0.000000e+00	8.378375e-01	1.330324e+15	1.512005e+15	8.749409e+13	1.187285e+04	7.424227e+03	4.032694e+03	0	1.262415e-03
4.500000e+08	1.076920e+14	0.000000e+00	8.378375e-01	1.319208e+15	1.503334e+15	8.705091e+13	1.184948e+04	7.415985e+03	4.028217e+03	0	1.257776e-03
4.600000e+08	1.065192e+14	0.000000e+00	8.378375e-01	1.308299e+15	1.494433e+15	8.661090e+13	1.182631e+04	7.407489e+03	4.023602e+03	0	1.253194e-03
4.700000e+08	1.053682e+14	0.000000e+00	8.378375e-01	1.297585e+15	1.485346e+15	8.617406e+13	1.180333e+04	7.398777e+03	4.018870e+03	0	1.248664e-03
4.800000e+08	1.042380e+14	0.000000e+00	8.378375e-01	1.287056e+15	1.476109e+15	8.574034e+13	1.178053e+04	7.389884e+03	4.014040e+03	0	1.244183e-03
4.900000e+08	1.031274e+14	0.000000e+00	8.378375e-01	1.276704e+15	1.466756e+15	8.530973e+13	1.175792e+04	7.380838e+03	4.009126e+03	0	1.239748e-03
5.000000e+08	1.020355e+14	0.000000e+00	8.378375e-01	1.266520e+15	1.457316e+15	8.488219e+13	1.173549e+04	7.371665e+03	4.004144e+03	0	1.235358e-03
5.100000e+08	1.009616e+14	0.000000e+00	8.378375e-01	1.256496e+15	1.447812e+15	8.445772e+13	1.171324e+04	7.362389e+03	3.999105e+03	0	1.231008e-03
5.200000e+08	9.990477e+13	0.000000e+00	8.378375e-01	1.246627e+15	1.438267e+15	8.403627e+13	1.169117e+04	7.353027e+03	3.994020e+03	0	1.226698e-03
5.300000e+08	9.886440e+13	0.000000e+00	8.378375e-01	1.236905e+15	1.428699e+15	8.361782e+13	1.166926e+04	7.343599e+03	3.988899e+03	0	1.222425e-03
5.400000e+08	9.783986e+13	0.000000e+00	8.378375e-01	1.227326e+15	1.419124e+15	8.320236e+13	1.164753e+04	7.334119e+03	3.983749e+03	0	1.218188e-03
5.500000e+08	9.683056e+13	0.000000e+00	8.378375e-01	1.217885e+15	1.409556e+15	8.278986e+13	1.162597e+04	7.324600e+03	3.978579e+03	0	1.213984e-03
5.600000e+08	9.583598e+13	0.000000e+00	8.378375e-01	1.208576e+15	1.400007e+15	8.238028e+13	1.160457e+04	7.315054e+03	3.973394e+03	0	1.209814e-03
5.700000e+08	9.485565e+13	0.000000e+00	8.378375e-01	1.199396e+15	1.390489e+15	8.197362e+13	1.158333e+04	7.305491e+03	3.968199e+03	0	1.205674e-03
5.800000e+08	9.388911e+13	0.000000e+00	8.378375e-01	1.190341e+15	1.381008e+15	8.156984e+13	1.156226e+04	7.295921e+03	3.963001e+03	0	1.201565e-03
5.900000e+08	9.293595e+13	0.000000e+00	8.378375e-01	1.181407e+15	1.371574e+15	8.116892e+13	1.154134e+04	7.286350e+03	3.957802e+03	0	1.197485e-03
6.000000e+08	9.199580e+13	0.000000e+00	8.378375e-01	1.172590e+15	1.362192e+15	8.077084e+13	1.152058e+04	7.276786e+03	3.952607e+03	0	1.193434e-03
6.100000e+08	9.106829e+13	0.000000e+00	8.378375e-01	1.163888e+15	1.352869e+15	8.037557e+13	1.149998e+04	7.267235e+03	3.947419e+03	0	1.189409e-03
6.200000e+08	9.015310e+13	0.000000e+00	8.378375e-01	1.155298e+15	1.343609e+15	7.998310e+13	1.147953e+04	7.257701e+03	3.942241e+03	0	1.185412e-03
6.300000e+08	8.924992e+13	0.000000e+00	8.378375e-01	1.146816e+15	1.334416e+15	7.959340e+13	1.145922e+04	7.248190e+03	3.937075e+03	0	1.181440e-03
6.400000e+08	8.835844e+13	0.000000e+00	8.378375e-01	1.138441e+15	1.325293e+15	7.920645e+13	1.143907e+04	7.238705e+03	3.931923e+03	0	1.177493e-03
6.500000e+08	8.747841e+13	0.000000e+00	8.378375e-01	1.130169e+15	1.316243e+15	7.882222e+13	1.141906e+04	7.229250e+03	3.926787e+03	0	1.173571e-03
6.600000e+08	8.660956e+13	0.000000e+00	8.378375e-01	1.121999e+15	1.307269e+15	7.844070e+13	1.139920e+04	7.219828e+03	3.921669e+03	0	1.169672e-03
6.700000e+08	8.575165e+13	0.000000e+00	8.378375e-01	1.113929e+15	1.298372e+15	7.806186e+13	1.137948e+04	7.210441e+03	3.916570e+03	0	1.165797e-03
6.800000e+08	8.490444e+13	0.000000e+00	8.378375e-01	1.105955e+15	1.289553e+15	7.768568e+13	1.135991e+04	7.201091e+03	3.911491e+03	0	1.161945e-03
6.900000e+08	8.406771e+13	0.000000e+00	8.378375e-01	1.098077e+15	1.280815e+15	7.731214e+13	1.134047e+04	7.191781e+03	3.906434e+03	0	1.158116e-03
7.000000e+08	8.324124e+13	0.000000e+00	8.378375e-01	1.090292e+15	1.272156e+15	7.694122e+13	1.132117e+04	7.182511e+03	3.901399e+03	0	1.154308e-03
7.100000e+08	8.242485e+13	0.000000e+00	8.378375e-01	1.082599e+15	1.263580e+15	7.657289e+13	1.130201e+04	7.173284e+03	3.896387e+03	0	1.150522e-03
7.200000e+08	8.161833e+13	0.000000e+00	8.378375e-01	1.074996e+15	1.255085e+15	7.620714e+13	1.128298e+04	7.164101e+03	3.891399e+03	0	1.146757e-03
7.300000e+08	8.082149e+13	0.000000e+00	8.378375e-01	1.067481e+15	1.246671e+15	7.584395e+13	1.126409e+04	7.154962e+03	3.886434e+03	0	1.143013e-03
7.400000e+08	8.003416e+13	0.000000e+00	8.378375e-01	1.060053e+15	1.238340e+15	7.548329e+13	1.124532e+04	7.145868e+03	3.881495e+03	0	1.139289e-03
7.500000e+08	7.925617e+13	0.000000e+00	8.378375e-01	1.052709e+15	1.230090e+15	7.512515e+13	1.122669e+04	7.136820e+03	3.876580e+03	0	1.135586e-03
7.600000e+08	7.848734e+13	0.000000e+00	8.378375e-01	1.045450e+15	1.221922e+15	7.476950e+13	1.120819e+04	7.127818e+03	3.871691e+03	0	1.131902e-03
7.700000e+08	7.772752e+13	0.000000e+00	8.378375e-01	1.038272e+15	1.213835e+15	7.441632e+13	1.118981e+04	7.118864e+03	3.866827e+03	0	1.128237e-03
7.800000e+08	7.697656e+13	0.000000e+00	8.378375e-01	1.031175e+15	1.205829e+15	7.406560e+13	1.117156e+04	7.109957e+03	3.861989e+03	0	1.124592e-03
7.900000e+08	7.623429e+13	0.000000e+00	8.378375e-01	1.024158e+15	1.197903e+15	7.371732e+13	1.115343e+04	7.101097e+03	3.857176e+03	0	1.120966e-03
8.000000e+08	7.550059e+13	0.000000e+00	8.378375e-01	1.017218e+15	1.190057e+15	7.337145e+13	1.113543e+04	7.092285e+03	3.852390e+03	0	1.117358e-03
8.100000e+08	7.477529e+13	0.000000e+00	8.378375e-01	1.010356e+15	1.182291e+15	7.302798e+13	1.111755e+04	7.083521e+03	3.847629e+03	0	1.113769e-03
8.200000e+08	7.405827e+13	0.000000e+00	8.378375e-01	1.003568e+15	1.174602e+15	7.268688e+13	1.109979e+04	7.074804e+03	3.842895e+03	0	1.110197e-03
8.300000e+08	7.334939e+13	0.000000e+00	8.378375e-01	9.968557e+14	1.166992e+15	7.234814e+13	1.108215e+04	7.066136e+03	3.838186e+03	0	1.106644e-03
8.400000e+08	7.264852e+13	0.000000e+00	8.378375e-01	9.902162e+14	1.159458e+15	7.201175e+13	1.106462e+04	7.057515e+03	3.833503e+03	0	1.103108e-03
8.500000e+08	7.195554e+13	0.000000e+00	8.378375e-01	9.836488e+14	1.152001e+15	7.167767e+13	1.104721e+04	7.048941e+03	3.828846e+03	0	1.099589e-03
8.600000e+08	7.127031e+13	0.000000e+00	8.378375e-01	9.771522e+14	1.144619e+15	7.134590e+13	1.102992e+04	7.040416e+03	3.824215e+03	0	1.096087e-03
8.700000e+08	7.059272e+13	0.000000e+00	8.378375e-01	9.707255e+14	1.137312e+15	7.101641e+13	1.101274e+04	7.031937e+03	3.819610e+03	0	1.092603e-03
8.800000e+08	6.992265e+13	0.000000e+00	8.378375e-01	9.643676e+14	1.130079e+15	7.068919e+13	1.099567e+04	7.023505e+03	3.815030e+03	0	1.089135e-03
8.900000e+08	6.925999e+13	0.000000e+00	8.378375e-01	9.580774e+14	1.122919e+15	7.036421e+13	1.097872e+04	7.015121e+03	3.810476e+03	0	1.085683e-03
9.000000e+08	6.860461e+13	0.000000e+00	8.378375e-01	9.518539e+14	1.115831e+15	7.004147e+13	1.096188e+04	7.006783e+03	3.805947e+03	0	1.082248e-03
9.100000e+08	6.795642e+13	0.000000e+00	8.378375e-01	9.456962e+14	1.108815e+15	6.972094e+13	1.094514e+04	6.998491e+03	3.801443e+03	0	1.078829e-03
9.200000e+08	6.731530e+13	0.000000e+00	8.378375e-01	9.396032e+14	1.101869e+15	6.940260e+13	1.092851e+04	6.990246e+03	3.796964e+03	0	1.075425e-03
9.300000e+08	6.668114e+13	0.000000e+00	8.378375e-01	9.335740e+14	1.094992e+15	6.908644e+13	1.091199e+04	6.982046e+03	3.792510e+03	0	1.072037e-03
9.400000e+08	6.605385e+13	0.000000e+00	8.378375e-01	9.276077e+14	1.088185e+15	6.877244e+13	1.089558e+04	6.973892e+03	3.788081e+03	0	1.068665e-03
9.500000e+08	6.543332e+13	0.000000e+00	8.378375e-01	9.217033e+14	1.081445e+15	6.846059e+13	1.087927e+04	6.965783e+03	3.783676e+03	0	1.065308e-03
9.600000e+08	6.481946e+13	0.000000e+00	8.378375e-01	9.158600e+14	1.074772e+15	6.815086e+13	1.086306e+04	6.957719e+03	3.779296e+03	0	1.061966e-03
9.700000e+08	6.421216e+13	0.000000e+00	8.378375e-01	9.100769e+14	1.068166e+15	6.784324e+13	1.084696e+04	6.949699e+03	3.774940e+03	0	1.058639e-03
9.800000e+08	6.361133e+13	0.000000e+00	8.378375e-01	9.043531e+14	1.061626e+15	6.753771e+13	1.083095e+04	6.941724e+03	3.770608e+03	0	1.055327e-03
9.900000e+08	6.301688e+13	0.000000e+00	8.378375e-01	8.986878e+14	1.055150e+15	6.723426e+13	1.081505e+04	6.933793e+03	3.766300e+03	0	1.052029e-03
1.000000e+09	6.242871e+13	0.000000e+00	8.378375e-01	8.930801e+14	1.048737e+15	6.693287e+13	1.079925e+04	6.925905e+03	3.762015e+03	0	1.048746e-03
1.010000e+09	6.184674e+13	0.000000e+00	8.378375e-01	8.875293e+14	1.042388e+15	6.663353e+13	1.078355e+04	6.918060e+03	3.757754e+03	0	1.045477e-03
1.020000e+09	6.127088e+13	0.000000e+00	8.378375e-01	8.820345e+14	1.036101e+15	6.633621e+13	1.076794e+04	6.910259e+03	3.753517e+03	0	1.042222e-03
1.030000e+09	6.070103e+13	0.000000e+00	8.378375e-01	8.765950e+14	1.029875e+15	6.604090e+13	1.075243e+04	6.902500e+03	3.749302e+03	0	1.038981e-03
1.040000e+09	6.013713e+13	0.000000e+00	8.378375e-01	8.712101e+14	1.023711e+15	6.574759e+13	1.073701e+04	6.894783e+03	3.745110e+03	0	1.035754e-03
1.050000e+09	5.957907e+13	0.000000e+00	8.378375e-01	8.658788e+14	1.017605e+15	6.545627e+13	1.072169e+04	6.887108e+03	3.740942e+03	0	1.032540e-03
1.060000e+09	5.902679e+13	0.000000e+00	8.378375e-01	8.606006e+14	1.011559e+15	6.516690e+13	1.070646e+04	6.879474e+03	3.736795e+03	0	1.029339e-03
1.070000e+09	5.848020e+13	0.000000e+00	8.378375e-01	8.553747e+14	1.005572e+15	6.487949e+13	1.069133e+04	6.871882e+03	3.732671e+03	0	1.026152e-03
1.080000e+09	5.793921e+13	0.000000e+00	8.378375e-01	8.502003e+14	9.996414e+14	6.459400e+13	1.067629e+04	6.864331e+03	3.728569e+03	0	1.022978e-03
1.090000e+09	5.740377e+13	0.000000e+00	8.378375e-01	8.450768e+14	9.937681e+14	6.431044e+13	1.066134e+04	6.856820e+03	3.724490e+03	0	1.019817e-03
1.100000e+09	5.687378e+13	0.000000e+00	8.378375e-01	8.400035e+14	9.879511e+14	6.402879e+13	1.064647e+04	6.849349e+03	3.720432e+03	0	1.016669e-03
1.110000e+09	5.634918e+13	0.000000e+00	8.378375e-01	8.349797e+14	9.821892e+14	6.374902e+13	1.063170e+04	6.841918e+03	3.716395e+03	0	1.013534e-03
1.120000e+09	5.582988e+13	0.000000e+00	8.378375e-01	8.300048e+14	9.764821e+14	6.347112e+13	1.061701e+04	6.834527e+03	3.712381e+03	0	1.010410e-03
1.130000e+09	5.531583e+13	0.000000e+00	8.378375e-01	8.250780e+14	9.708290e+14	6.319509e+13	1.060242e+04	6.827174e+03	3.708387e+03	0	1.007300e-03
1.140000e+09	5.480694e+13	0.000000e+00	8.378375e-01	8.201989e+14	9.652293e+14	6.292090e+13	1.058791e+04	6.819861e+03	3.704414e+03	0	1.004201e-03
1.150000e+09	5.430315e+13	0.000000e+00	8.378375e-01	8.153666e+14	9.596819e+14	6.264854e+13	1.057348e+04	6.812586e+03	3.700463e+03	0	1.001115e-03
1.160000e+09	5.380439e+13	0.000000e+00	8.378375e-01	8.105806e+14	9.541868e+14	6.237800e+13	1.055914e+04	6.805349e+03	3.696532e+03	0	9.980405e-04
1.170000e+09	5.331059e+13	0.000000e+00	8.378375e-01	8.058404e+14	9.487431e+14	6.210926e+13	1.054488e+04	6.798150e+03	3.692622e+03	0	9.949779e-04
1.180000e+09	5.282169e+13	0.000000e+00	8.378375e-01	8.011452e+14	9.433498e+14	6.184230e+13	1.053071e+04	6.790989e+03	3.688732e+03	0	9.919269e-04
1.190000e+09	5.233762e+13	0.000000e+00	8.378375e-01	7.964946e+14	9.380067e+14	6.157713e+13	1.051662e+04	6.783865e+03	3.684862e+03	0	9.888875e-04
1.200000e+09	5.185831e+13	0.000000e+00	8.378375e-01	7.918879e+14	9.327128e+14	6.131371e+13	1.050261e+04	6.776778e+03	3.681013e+03	0	9.858595e-04
1.210000e+09	5.138371e+13	0.000000e+00	8.378375e-01	7.873246e+14	9.274678e+14	6.105204e+13	1.048868e+04	6.769728e+03	3.677183e+03	0	9.828428e-04
1.220000e+09	5.091375e+13	0.000000e+00	8.378375e-01	7.828040e+14	9.222709e+14	6.079211e+13	1.047483e+04	6.762713e+03	3.673373e+03	0	9.798373e-04
1.230000e+09	5.044838e+13	0.000000e+00	8.378375e-01	7.783257e+14	9.171215e+14	6.053389e+13	1.046106e+04	6.755735e+03	3.669583e+03	0	9.768427e-04
1.240000e+09	4.998752e+13	0.000000e+00	8.378375e-01	7.738892e+14	9.120192e+14	6.027738e+13	1.044737e+04	6.748793e+03	3.665812e+03	0	9.738591e-04
1.250000e+09	4.953113e+13	0.000000e+00	8.378375e-01	7.694938e+14	9.069634e+14	6.002256e+13	1.043376e+04	6.741885e+03	3.662060e+03	0	9.708862e-04
1.260000e+09	4.907915e+13	0.000000e+00	8.378375e-01	7.651390e+14	9.019531e+14	5.976943e+13	1.042022e+04	6.735013e+03	3.658327e+03	0	9.679240e-04
1.270000e+09	4.863151e+13	0.000000e+00	8.378375e-01	7.608244e+14	8.969882e+14	5.951796e+13	1.040676e+04	6.728176e+03	3.654613e+03	0	9.649723e-04
1.280000e+09	4.818817e+13	0.000000e+00	8.378375e-01	7.565495e+14	8.920681e+14	5.926814e+13	1.039338e+04	6.721373e+03	3.650918e+03	0	9.620310e-04
1.290000e+09	4.774906e+13	0.000000e+00	8.378375e-01	7.523136e+14	8.871921e+14	5.901997e+13	1.038007e+04	6.714605e+03	3.647242e+03	0	9.590999e-04
1.300000e+09	4.731414e+13	0.000000e+00	8.378375e-01	7.481165e+14	8.823596e+14	5.877343e+13	1.036684e+04	6.707871e+03	3.643583e+03	0	9.561791e-04
1.310000e+09	4.688335e+13	0.000000e+00	8.378375e-01	7.439574e+14	8.775701e+14	5.852850e+13	1.035368e+04	6.701170e+03	3.639944e+03	0	9.532682e-04
1.320000e+09	4.645663e+13	0.000000e+00	8.378375e-01	7.398361e+14	8.728234e+14	5.828517e+13	1.034059e+04	6.694502e+03	3.636322e+03	0	9.503673e-04
1.330000e+09	4.603394e+13	0.000000e+00	8.378375e-01	7.357520e+14	8.681184e+14	5.804344e+13	1.032757e+04	6.687868e+03	3.632718e+03	0	9.474762e-04
1.340000e+09	4.561523e+13	0.000000e+00	8.378375e-01	7.317046e+14	8.634550e+14	5.780329e+13	1.031463e+04	6.681266e+03	3.629133e+03	0	9.445948e-04
1.350000e+09	4.520044e+13	0.000000e+00	8.378375e-01	7.276935e+14	8.588329e+14	5.756470e+13	1.030176e+04	6.674698e+03	3.625565e+03	0	9.417229e-04
1.360000e+09	4.478953e+13	0.000000e+00	8.378375e-01	7.237183e+14	8.542511e+14	5.732767e+13	1.028895e+04	6.668161e+03	3.622014e+03	0	9.388605e-04
1.370000e+09	4.438245e+13	0.000000e+00	8.378375e-01	7.197785e+14	8.497093e+14	5.709219e+13	1.027622e+04	6.661656e+03	3.618481e+03	0	9.360075e-04
1.380000e+09	4.397914e+13	0.000000e+00	8.378375e-01	7.158737e+14	8.452071e+14	5.685823e+13	1.026356e+04	6.655184e+03	3.614965e+03	0	9.331637e-04
1.390000e+09	4.357958e+13	0.000000e+00	8.378375e-01	7.120035e+14	8.407441e+14	5.662579e+13	1.025096e+04	6.648742e+03	3.611466e+03	0	9.303290e-04
1.400000e+09	4.318369e+13	0.000000e+00	8.378375e-01	7.081674e+14	8.363195e+14	5.639486e+13	1.023844e+04	6.642332e+03	3.607984e+03	0	9.275034e-04
1.410000e+09	4.279145e+13	0.000000e+00	8.378375e-01	7.043650e+14	8.319333e+14	5.616543e+13	1.022598e+04	6.635954e+03	3.604520e+03	0	9.246867e-04
1.420000e+09	4.240281e+13	0.000000e+00	8.378375e-01	7.005959e+14	8.275847e+14	5.593748e+13	1.021359e+04	6.629605e+03	3.601071e+03	0	9.218787e-04
1.430000e+09	4.201772e+13	0.000000e+00	8.378375e-01	6.968598e+14	8.232733e+14	5.571101e+13	1.020126e+04	6.623288e+03	3.597640e+03	0	9.190795e-04
1.440000e+09	4.163614e+13	0.000000e+00	8.378375e-01	6.931561e+14	8.189989e+14	5.548600e+13	1.018900e+04	6.617000e+03	3.594225e+03	0	9.162888e-04
1.450000e+09	4.125802e+13	0.000000e+00	8.378375e-01	6.894846e+14	8.147608e+14	5.526244e+13	1.017680e+04	6.610743e+03	3.590826e+03	0	9.135067e-04
1.460000e+09	4.088334e+13	0.000000e+00	8.378375e-01	6.858449e+14	8.105588e+14	5.504032e+13	1.016467e+04	6.604516e+03	3.587443e+03	0	9.107329e-04
1.470000e+09	4.051203e+13	0.000000e+00	8.378375e-01	6.822366e+14	8.063923e+14	5.481962e+13	1.015261e+04	6.598318e+03	3.584077e+03	0	9.079674e-04
1.480000e+09	4.014407e+13	0.000000e+00	8.378375e-01	6.786592e+14	8.022607e+14	5.460035e+13	1.014060e+04	6.592149e+03	3.580726e+03	0	9.052101e-04
1.490000e+09	3.977941e+13	0.000000e+00	8.378375e-01	6.751125e+14	7.981641e+14	5.438249e+13	1.012866e+04	6.586010e+03	3.577391e+03	0	9.024608e-04
1.500000e+09	3.941801e+13	0.000000e+00	8.378375e-01	6.715961e+14	7.941018e+14	5.416602e+13	1.011678e+04	6.579899e+03	3.574072e+03	0	8.997195e-04
1.510000e+09	3.905984e+13	0.000000e+00	8.378375e-01	6.681096e+14	7.900734e+14	5.395093e+13	1.010496e+04	6.573817e+03	3.570768e+03	0	8.969861e-04
1.520000e+09	3.870485e+13	0.000000e+00	8.378375e-01	6.646526e+14	7.860786e+14	5.373723e+13	1.009321e+04	6.567764e+03	3.567480e+03	0	8.942605e-04
1.530000e+09	3.835301e+13	0.000000e+00	8.378375e-01	6.612249e+14	7.821171e+14	5.352488e+13	1.008151e+04	6.561739e+03	3.564207e+03	0	8.915425e-04
1.540000e+09	3.800428e+13	0.000000e+00	8.378375e-01	6.578261e+14	7.781882e+14	5.331389e+13	1.006988e+04	6.555741e+03	3.560950e+03	0	8.888322e-04
1.550000e+09	3.765863e+13	0.000000e+00	8.378375e-01	6.544559e+14	7.742918e+14	5.310425e+13	1.005830e+04	6.549772e+03	3.557707e+03	0	8.861293e-04
1.560000e+09	3.731601e+13	0.000000e+00	8.378375e-01	6.511139e+14	7.704273e+14	5.289594e+13	1.004679e+04	6.543830e+03	3.554480e+03	0	8.834337e-04
1.570000e+09	3.697640e+13	0.000000e+00	8.378375e-01	6.477998e+14	7.665946e+14	5.268896e+13	1.003533e+04	6.537915e+03	3.551267e+03	0	8.807455e-04
1.580000e+09	3.663975e+13	0.000000e+00	8.378375e-01	6.445132e+14	7.627931e+14	5.248329e+13	1.002393e+04	6.532028e+03	3.548069e+03	0	8.780645e-04
1.590000e+09	3.630603e+13	0.000000e+00	8.378375e-01	6.412540e+14	7.590229e+14	5.227892e+13	1.001259e+04	6.526167e+03	3.544886e+03	0	8.753905e-04
1.600000e+09	3.597521e+13	0.000000e+00	8.378375e-01	6.380217e+14	7.552832e+14	5.207585e+13	1.000130e+04	6.520333e+03	3.541717e+03	0	8.727236e-04
1.610000e+09	3.564726e+13	0.000000e+00	8.378375e-01	6.348161e+14	7.515738e+14	5.187406e+13	9.990077e+03	6.514526e+03	3.538563e+03	0	8.700635e-04
1.620000e+09	3.532214e+13	0.000000e+00	8.378375e-01	6.316368e+14	7.478942e+14	5.167355e+13	9.978906e+03	6.508745e+03	3.535423e+03	0	8.674103e-04
1.630000e+09	3.499982e+13	0.000000e+00	8.378375e-01	6.284835e+14	7.442445e+14	5.147430e+13	9.967790e+03	6.502990e+03	3.532297e+03	0	8.647638e-04
1.640000e+09	3.468026e+13	0.000000e+00	8.378375e-01	6.253561e+14	7.406238e+14	5.127631e+13	9.956730e+03	6.497262e+03	3.529185e+03	0	8.621239e-04
1.650000e+09	3.436344e+13	0.000000e+00	8.378375e-01	6.222540e+14	7.370323e+14	5.107956e+13	9.945725e+03	6.491558e+03	3.526087e+03	0	8.594906e-04
1.660000e+09	3.404933e+13	0.000000e+00	8.378375e-01	6.191772e+14	7.334693e+14	5.088405e+13	9.934775e+03	6.485881e+03	3.523003e+03	0	8.568637e-04
1.670000e+09	3.373788e+13	0.000000e+00	8.378375e-01	6.161253e+14	7.299347e+14	5.068977e+13	9.923878e+03	6.480228e+03	3.519933e+03	0	8.542432e-04
1.680000e+09	3.342908e+13	0.000000e+00	8.378375e-01	6.130980e+14	7.264283e+14	5.049671e+13	9.913035e+03	6.474601e+03	3.516876e+03	0	8.516289e-04
1.690000e+09	3.312290e+13	0.000000e+00	8.378375e-01	6.100951e+14	7.229494e+14	5.030486e+13	9.902245e+03	6.468999e+03	3.513833e+03	0	8.490208e-04
1.700000e+09	3.281929e+13	0.000000e+00	8.378375e-01	6.071163e+14	7.194980e+14	5.011420e+13	9.891509e+03	6.463422e+03	3.510804e+03	0	8.464188e-04
1.710000e+09	3.251824e+13	0.000000e+00	8.378375e-01	6.041613e+14	7.160737e+14	4.992474e+13	9.880824e+03	6.457869e+03	3.507788e+03	0	8.438228e-04
1.720000e+09	3.221972e+13	0.000000e+00	8.378375e-01	6.012298e+14	7.126763e+14	4.973646e+13	9.870191e+03	6.452341e+03	3.504785e+03	0	8.412327e-04
1.730000e+09	3.192369e+13	0.000000e+00	8.378375e-01	5.983216e+14	7.093055e+14	4.954935e+13	9.859610e+03	6.446837e+03	3.501795e+03	0	8.386485e-04
1.740000e+09	3.163014e+13	0.000000e+00	8.378375e-01	5.954365e+14	7.059609e+14	4.936341e+13	9.849080e+03	6.441357e+03	3.498818e+03	0	8.360699e-04
1.750000e+09	3.133902e+13	0.000000e+00	8.378375e-01	5.925742e+14	7.026422e+14	4.917863e+13	9.838600e+03	6.435901e+03	3.495855e+03	0	8.334970e-04
1.760000e+09	3.105032e+13	0.000000e+00	8.378375e-01	5.897344e+14	6.993493e+14	4.899499e+13	9.828171e+03	6.430468e+03	3.492904e+03	0	8.309297e-04
1.770000e+09	3.076401e+13	0.000000e+00	8.378375e-01	5.869170e+14	6.960819e+14	4.881249e+13	9.817792e+03	6.425060e+03	3.489966e+03	0	8.283679e-04
1.780000e+09	3.048006e+13	0.000000e+00	8.378375e-01	5.841216e+14	6.928395e+14	4.863112e+13	9.807462e+03	6.419674e+03	3.487041e+03	0	8.258114e-04
1.790000e+09	3.019845e+13	0.000000e+00	8.378375e-01	5.813480e+14	6.896222e+14	4.845087e+13	9.797181e+03	6.414312e+03	3.484128e+03	0	8.232602e-04
1.800000e+09	2.991915e+13	0.000000e+00	8.378375e-01	5.785960e+14	6.864294e+14	4.827174e+13	9.786949e+03	6.408973e+03	3.481228e+03	0	8.207143e-04
1.810000e+09	2.964213e+13	0.000000e+00	8.378375e-01	5.758654e+14	6.832610e+14	4.809371e+13	9.776765e+03	6.403657e+03	3.478340e+03	0	8.181735e-04
1.820000e+09	2.936737e+13	0.000000e+00	8.378375e-01	5.731559e+14	6.801165e+14	4.791678e+13	9.766630e+03	6.398363e+03	3.475465e+03	0	8.156377e-04
1.830000e+09	2.909485e+13	0.000000e+00	8.378375e-01	5.704673e+14	6.769962e+14	4.774094e+13	9.756542e+03	6.393092e+03	3.472602e+03	0	8.131069e-04
1.840000e+09	2.882454e+13	0.000000e+00	8.378375e-01	5.677995e+14	6.738995e+14	4.756618e+13	9.746501e+03	6.387844e+03	3.469751e+03	0	8.105809e-04
1.850000e+09	2.855642e+13	0.000000e+00	8.378375e-01	5.651520e+14	6.708261e+14	4.739249e+13	9.736507e+03	6.382617e+03	3.466912e+03	0	8.080598e-04
1.860000e+09	2.829046e+13	0.000000e+00	8.378375e-01	5.625249e+14	6.677757e+14	4.721987e+13	9.726559e+03	6.377413e+03	3.464085e+03	0	8.055433e-04
1.870000e+09	2.802664e+13	0.000000e+00	8.378375e-01	5.599177e+14	6.647482e+14	4.704830e+13	9.716658e+03	6.372231e+03	3.461270e+03	0	8.030315e-04
1.880000e+09	2.776494e+13	0.000000e+00	8.378375e-01	5.573304e+14	6.617436e+14	4.687778e+13	9.706803e+03	6.367070e+03	3.458467e+03	0	8.005243e-04
1.890000e+09	2.750533e+13	0.000000e+00	8.378375e-01	5.547627e+14	6.587612e+14	4.670831e+13	9.696992e+03	6.361931e+03	3.455676e+03	0	7.980214e-04
1.900000e+09	2.724780e+13	0.000000e+00	8.378375e-01	5.522144e+14	6.558011e+14	4.653986e+13	9.687228e+03	6.356814e+03	3.452896e+03	0	7.955230e-04
1.910000e+09	2.699232e+13	0.000000e+00	8.378375e-01	5.496854e+14	6.528629e+14	4.637245e+13	9.677507e+03	6.351717e+03	3.450128e+03	0	7.930289e-04
1.920000e+09	2.673887e+13	0.000000e+00	8.378375e-01	5.471753e+14	6.499464e+14	4.620605e+13	9.667832e+03	6.346642e+03	3.447371e+03	0	7.905389e-04
1.930000e+09	2.648742e+13	0.000000e+00	8.378375e-01	5.446841e+14	6.470516e+14	4.604066e+13	9.658200e+03	6.341588e+03	3.444626e+03	0	7.880531e-04
1.940000e+09	2.623796e+13	0.000000e+00	8.378375e-01	5.422115e+14	6.441780e+14	4.587628e+13	9.648612e+03	6.336555e+03	3.441892e+03	0	7.855713e-04
1.950000e+09	2.599047e+13	0.000000e+00	8.378375e-01	5.397573e+14	6.413254e+14	4.571289e+13	9.639068e+03	6.331543e+03	3.439170e+03	0	7.830935e-04
1.960000e+09	2.574492e+13	0.000000e+00	8.378375e-01	5.373214e+14	6.384938e+14	4.555050e+13	9.629567e+03	6.326551e+03	3.436458e+03	0	7.806195e-04
1.970000e+09	2.550129e+13	0.000000e+00	8.378375e-01	5.349035e+14	6.356828e+14	4.538908e+13	9.620108e+03	6.321580e+03	3.433758e+03	0	7.781494e-04
1.980000e+09	2.525957e+13	0.000000e+00	8.378375e-01	5.325035e+14	6.328923e+14	4.522864e+13	9.610692e+03	6.316629e+03	3.431069e+03	0	7.756829e-04
1.990000e+09	2.501974e+13	0.000000e+00	8.378375e-01	5.301212e+14	6.301220e+14	4.506917e+13	9.601318e+03	6.311698e+03	3.428390e+03	0	7.732201e-04
2.000000e+09	2.478176e+13	0.000000e+00	8.378375e-01	5.277564e+14	6.273717e+14	4.491065e+13	9.591986e+03	6.306787e+03	3.425723e+03	0	7.707609e-04
2.010000e+09	2.454564e+13	0.000000e+00	8.378375e-01	5.254090e+14	6.246414e+14	4.475309e+13	9.582696e+03	6.301897e+03	3.423066e+03	0	7.683051e-04
2.020000e+09	2.431134e+13	0.000000e+00	8.378375e-01	5.230787e+14	6.219306e+14	4.459648e+13	9.573447e+03	6.297026e+03	3.420421e+03	0	7.658526e-04
2.030000e+09	2.407885e+13	0.000000e+00	8.378375e-01	5.207654e+14	6.192393e+14	4.444080e+13	9.564239e+03	6.292174e+03	3.417785e+03	0	7.634035e-04
2.040000e+09	2.384814e+13	0.000000e+00	8.378375e-01	5.184689e+14	6.165673e+14	4.428606e+13	9.555071e+03	6.287342e+03	3.415161e+03	0	7.609576e-04
2.050000e+09	2.361921e+13	0.000000e+00	8.378375e-01	5.161890e+14	6.139145e+14	4.413224e+13	9.545944e+03	6.282530e+03	3.412547e+03	0	7.585148e-04
2.060000e+09	2.339203e+13	0.000000e+00	8.378375e-01	5.139256e+14	6.112804e+14	4.397934e+13	9.536857e+03	6.277736e+03	3.409943e+03	0	7.560751e-04
2.070000e+09	2.316659e+13	0.000000e+00	8.378375e-01	5.116786e+14	6.086651e+14	4.382736e+13	9.527810e+03	6.272962e+03	3.407350e+03	0	7.536383e-04
2.080000e+09	2.294286e+13	0.000000e+00	8.378375e-01	5.094477e+14	6.060683e+14	4.367628e+13	9.518802e+03	6.268207e+03	3.404767e+03	0	7.512044e-04
2.090000e+09	2.272084e+13	0.000000e+00	8.378375e-01	5.072328e+14	6.034898e+14	4.352610e+13	9.509833e+03	6.263471e+03	3.402194e+03	0	7.487733e-04
2.100000e+09	2.250049e+13	0.000000e+00	8.378375e-01	5.050337e+14	6.009295e+14	4.337681e+13	9.500903e+03	6.258753e+03	3.399632e+03	0	7.463449e-04
2.110000e+09	2.228181e+13	0.000000e+00	8.378375e-01	5.028503e+14	5.983873e+14	4.322840e+13	9.492012e+03	6.254054e+03	3.397079e+03	0	7.439192e-04
2.120000e+09	2.206478e+13	0.000000e+00	8.378375e-01	5.006825e+14	5.958627e+14	4.308088e+13	9.483160e+03	6.249373e+03	3.394537e+03	0	7.414960e-04
2.130000e+09	2.184939e+13	0.000000e+00	8.378375e-01	4.985300e+14	5.933558e+14	4.293423e+13	9.474345e+03	6.244711e+03	3.392004e+03	0	7.390752e-04
2.140000e+09	2.163560e+13	0.000000e+00	8.378375e-01	4.963927e+14	5.908664e+14	4.278845e+13	9.465568e+03	6.240067e+03	3.389482e+03	0	7.366569e-04
2.150000e+09	2.142342e+13	0.000000e+00	8.378375e-01	4.942705e+14	5.883944e+14	4.264352e+13	9.456829e+03	6.235442e+03	3.386969e+03	0	7.342408e-04
2.160000e+09	2.121283e+13	0.000000e+00	8.378375e-01	4.921633e+14	5.859393e+14	4.249945e+13	9.448127e+03	6.230834e+03	3.384467e+03	0	7.318270e-04
2.170000e+09	2.100380e+13	0.000000e+00	8.378375e-01	4.900708e+14	5.835015e+14	4.235623e+13	9.439462e+03	6.226244e+03	3.381973e+03	0	7.294153e-04
2.180000e+09	2.079632e+13	0.000000e+00	8.378375e-01	4.879930e+14	5.810804e+14	4.221386e+13	9.430834e+03	6.221672e+03	3.379490e+03	0	7.270056e-04
2.190000e+09	2.059038e+13	0.000000e+00	8.378375e-01	4.859297e+14	5.786759e+14	4.207231e+13	9.422243e+03	6.217118e+03	3.377016e+03	0	7.245978e-04
2.200000e+09	2.038596e+13	0.000000e+00	8.378375e-01	4.838807e+14	5.762879e+14	4.193160e+13	9.413687e+03	6.212581e+03	3.374552e+03	0	7.221920e-04
2.210000e+09	2.018305e+13	0.000000e+00	8.378375e-01	4.818460e+14	5.739162e+14	4.179171e+13	9.405168e+03	6.208062e+03	3.372097e+03	0	7.197879e-04
2.220000e+09	1.998164e+13	0.000000e+00	8.378375e-01	4.798253e+14	5.715607e+14	4.165264e+13	9.396685e+03	6.203560e+03	3.369652e+03	0	7.173855e-04
2.230000e+09	1.978170e+13	0.000000e+00	8.378375e-01	4.778186e+14	5.692213e+14	4.151438e+13	9.388236e+03	6.199075e+03	3.367216e+03	0	7.149847e-04
2.240000e+09	1.958322e+13	0.000000e+00	8.378375e-01	4.758258e+14	5.668977e+14	4.137693e+13	9.379824e+03	6.194607e+03	3.364789e+03	0	7.125855e-04
2.250000e+09	1.938620e+13	0.000000e+00	8.378375e-01	4.738466e+14	5.645899e+14	4.124028e+13	9.371446e+03	6.190156e+03	3.362371e+03	0	7.101876e-04
2.260000e+09	1.919060e+13	0.000000e+00	8.378375e-01	4.718809e+14	5.622978e+14	4.110442e+13	9.363103e+03	6.185722e+03	3.359963e+03	0	7.077912e-04
2.270000e+09	1.899643e+13	0.000000e+00	8.378375e-01	4.699288e+14	5.600210e+14	4.096936e+13	9.354795e+03	6.181305e+03	3.357564e+03	0	7.053959e-04
2.280000e+09	1.880367e+13	0.000000e+00	8.378375e-01	4.679899e+14	5.577595e+14	4.083507e+13	9.346521e+03	6.176905e+03	3.355173e+03	0	7.030018e-04
2.290000e+09	1.861230e+13	0.000000e+00	8.378375e-01	4.660642e+14	5.555132e+14	4.070157e+13	9.338281e+03	6.172521e+03	3.352792e+03	0	7.006088e-04
2.300000e+09	1.842231e+13	0.000000e+00	8.378375e-01	4.641515e+14	5.532819e+14	4.056883e+13	9.330075e+03	6.168154e+03	3.350420e+03	0	6.982168e-04
2.310000e+09	1.823369e+13	0.000000e+00	8.378375e-01	4.622518e+14	5.510656e+14	4.043686e+13	9.321902e+03	6.163803e+03	3.348057e+03	0	6.958257e-04
2.320000e+09	1.804643e+13	0.000000e+00	8.378375e-01	4.603649e+14	5.488638e+14	4.030566e+13	9.313763e+03	6.159468e+03	3.345702e+03	0	6.934354e-04
2.330000e+09	1.786050e+13	0.000000e+00	8.378375e-01	4.584907e+14	5.466768e+14	4.017521e+13	9.305657e+03	6.155150e+03	3.343357e+03	0	6.910458e-04
2.340000e+09	1.767591e+13	0.000000e+00	8.378375e-01	4.566291e+14	5.445042e+14	4.004551e+13	9.297584e+03	6.150848e+03	3.341020e+03	0	6.886568e-04
2.350000e+09	1.749263e+13	0.000000e+00	8.378375e-01	4.547799e+14	5.423460e+14	3.991655e+13	9.289544e+03	6.146561e+03	3.338691e+03	0	6.862683e-04
2.360000e+09	1.731065e+13	0.000000e+00	8.378375e-01	4.529431e+14	5.402020e+14	3.978834e+13	9.281536e+03	6.142291e+03	3.336372e+03	0	6.838802e-04
2.370000e+09	1.712996e+13	0.000000e+00	8.378375e-01	4.511185e+14	5.380721e+14	3.966086e+13	9.273561e+03	6.138036e+03	3.334060e+03	0	6.814925e-04
2.380000e+09	1.695056e+13	0.000000e+00	8.378375e-01	4.493060e+14	5.359562e+14	3.953411e+13	9.265617e+03	6.133797e+03	3.331758e+03	0	6.791049e-04
2.390000e+09	1.677242e+13	0.000000e+00	8.378375e-01	4.475055e+14	5.338540e+14	3.940808e+13	9.257706e+03	6.129573e+03	3.329464e+03	0	6.767176e-04
2.400000e+09	1.659553e+13	0.000000e+00	8.378375e-01	4.457170e+14	5.317656e+14	3.928277e+13	9.249826e+03	6.125365e+03	3.327178e+03	0	6.743302e-04
2.410000e+09	1.641989e+13	0.000000e+00	8.378375e-01	4.439402e+14	5.296908e+14	3.915818e+13	9.241978e+03	6.121172e+03	3.324900e+03	0	6.719428e-04
2.420000e+09	1.624548e+13	0.000000e+00	8.378375e-01	4.421751e+14	5.276294e+14	3.903430e+13	9.234160e+03	6.116995e+03	3.322631e+03	0	6.695553e-04
2.430000e+09	1.607229e+13	0.000000e+00	8.378375e-01	4.404216e+14	5.255815e+14	3.891112e+13	9.226374e+03	6.112833e+03	3.320371e+03	0	6.671674e-04
2.440000e+09	1.590031e+13	0.000000e+00	8.378375e-01	4.386795e+14	5.235467e+14	3.878863e+13	9.218619e+03	6.108686e+03	3.318118e+03	0	6.647792e-04
2.450000e+09	1.572953e+13	0.000000e+00	8.378375e-01	4.369489e+14	5.215249e+14	3.866685e+13	9.210894e+03	6.104553e+03	3.315873e+03	0	6.623906e-04
2.460000e+09	1.555993e+13	0.000000e+00	8.378375e-01	4.352295e+14	5.195162e+14	3.854575e+13	9.203200e+03	6.100436e+03	3.313637e+03	0	6.600013e-04
2.470000e+09	1.539151e+13	0.000000e+00	8.378375e-01	4.335212e+14	5.175205e+14	3.842533e+13	9.195536e+03	6.096334e+03	3.311409e+03	0	6.576114e-04
2.480000e+09	1.522426e+13	0.000000e+00	8.378375e-01	4.318240e+14	5.155375e+14	3.830560e+13	9.187902e+03	6.092246e+03	3.309189e+03	0	6.552207e-04
2.490000e+09	1.505816e+13	0.000000e+00	8.378375e-01	4.301378e+14	5.135670e+14	3.818654e+13	9.180298e+03	6.088174e+03	3.306976e+03	0	6.528291e-04
2.500000e+09	1.489320e+13	0.000000e+00	8.378375e-01	4.284625e+14	5.116092e+14	3.806814e+13	9.172723e+03	6.084115e+03	3.304772e+03	0	6.504365e-04
2.510000e+09	1.472937e+13	0.000000e+00	8.378375e-01	4.267979e+14	5.096637e+14	3.795042e+13	9.165178e+03	6.080071e+03	3.302575e+03	0	6.480428e-04
2.520000e+09	1.456667e+13	0.000000e+00	8.378375e-01	4.251440e+14	5.077306e+14	3.783335e+13	9.157662e+03	6.076042e+03	3.300387e+03	0	6.456478e-04
2.530000e+09	1.440508e+13	0.000000e+00	8.378375e-01	4.235007e+14	5.058097e+14	3.771694e+13	9.150176e+03	6.072027e+03	3.298206e+03	0	6.432516e-04
2.540000e+09	1.424460e+13	0.000000e+00	8.378375e-01	4.218679e+14	5.039009e+14	3.760119e+13	9.142718e+03	6.068026e+03	3.296032e+03	0	6.408538e-04
2.550000e+09	1.408520e+13	0.000000e+00	8.378375e-01	4.202455e+14	5.020041e+14	3.748607e+13	9.135289e+03	6.064039e+03	3.293867e+03	0	6.384545e-04
2.560000e+09	1.392689e+13	0.000000e+00	8.378375e-01	4.186333e+14	5.001193e+14	3.737160e+13	9.127888e+03	6.060066e+03	3.291709e+03	0	6.360535e-04
2.570000e+09	1.376966e+13	0.000000e+00	8.378375e-01	4.170314e+14	4.982461e+14	3.725777e+13	9.120516e+03	6.056108e+03	3.289559e+03	0	6.336507e-04
2.580000e+09	1.361348e+13	0.000000e+00	8.378375e-01	4.154396e+14	4.963847e+14	3.714457e+13	9.113172e+03	6.052163e+03	3.287416e+03	0	6.312460e-04
2.590000e+09	1.345836e+13	0.000000e+00	8.378375e-01	4.138579e+14	4.945349e+14	3.703200e+13	9.105856e+03	6.048232e+03	3.285281e+03	0	6.288392e-04
2.600000e+09	1.330428e+13	0.000000e+00	8.378375e-01	4.122861e+14	4.926966e+14	3.692006e+13	9.098568e+03	6.044315e+03	3.283153e+03	0	6.264303e-04
2.610000e+09	1.315124e+13	0.000000e+00	8.378375e-01	4.107242e+14	4.908697e+14	3.680873e+13	9.091307e+03	6.040411e+03	3.281033e+03	0	6.240190e-04
2.620000e+09	1.299923e+13	0.000000e+00	8.378375e-01	4.091720e+14	4.890541e+14	3.669802e+13	9.084074e+03	6.036521e+03	3.278920e+03	0	6.216054e-04
2.630000e+09	1.284823e+13	0.000000e+00	8.378375e-01	4.076295e+14	4.872496e+14	3.658793e+13	9.076868e+03	6.032645e+03	3.276814e+03	0	6.191891e-04
2.640000e+09	1.269824e+13	0.000000e+00	8.378375e-01	4.060967e+14	4.854563e+14	3.647844e+13	9.069689e+03	6.028781e+03	3.274716e+03	0	6.167702e-04
2.650000e+09	1.254924e+13	0.000000e+00	8.378375e-01	4.045733e+14	4.836740e+14	3.636955e+13	9.062537e+03	6.024932e+03	3.272624e+03	0	6.143485e-04
2.660000e+09	1.240124e+13	0.000000e+00	8.378375e-01	4.030595e+14	4.819027e+14	3.626126e+13	9.055412e+03	6.021095e+03	3.270541e+03	0	6.119238e-04
2.670000e+09	1.225422e+13	0.000000e+00	8.378375e-01	4.015549e+14	4.801421e+14	3.615356e+13	9.048314e+03	6.017272e+03	3.268464e+03	0	6.094959e-04
2.680000e+09	1.210817e+13	0.000000e+00	8.378375e-01	4.000597e+14	4.783922e+14	3.604646e+13	9.041242e+03	6.013462e+03	3.266394e+03	0	6.070649e-04
2.690000e+09	1.196309e+13	0.000000e+00	8.378375e-01	3.985736e+14	4.766531e+14	3.593994e+13	9.034197e+03	6.009664e+03	3.264332e+03	0	6.046305e-04
2.700000e+09	1.181896e+13	0.000000e+00	8.378375e-01	3.970967e+14	4.749244e+14	3.583401e+13	9.027177e+03	6.005880e+03	3.262276e+03	0	6.021925e-04
2.710000e+09	1.167578e+13	0.000000e+00	8.378375e-01	3.956289e+14	4.732063e+14	3.572865e+13	9.020183e+03	6.002109e+03	3.260228e+03	0	5.997508e-04
2.720000e+09	1.153354e+13	0.000000e+00	8.378375e-01	3.941700e+14	4.714986e+14	3.562387e+13	9.013216e+03	5.998351e+03	3.258186e+03	0	5.973053e-04
2.730000e+09	1.139222e+13	0.000000e+00	8.378375e-01	3.927200e+14	4.698010e+14	3.551966e+13	9.006274e+03	5.994605e+03	3.256152e+03	0	5.948559e-04
2.740000e+09	1.125183e+13	0.000000e+00	8.378375e-01	3.912788e+14	4.681137e+14	3.541601e+13	8.999357e+03	5.990872e+03	3.254124e+03	0	5.924023e-04
2.750000e+09	1.111236e+13	0.000000e+00	8.378375e-01	3.898464e+14	4.664367e+14	3.531293e+13	8.992466e+03	5.987151e+03	3.252103e+03	0	5.899443e-04
2.760000e+09	1.097379e+13	0.000000e+00	8.378375e-01	3.884227e+14	4.647696e+14	3.521041e+13	8.985600e+03	5.983443e+03	3.250089e+03	0	5.874819e-04
2.770000e+09	1.083613e+13	0.000000e+00	8.378375e-01	3.870075e+14	4.631124e+14	3.510844e+13	8.978759e+03	5.979748e+03	3.248082e+03	0	5.850149e-04
2.780000e+09	1.069935e+13	0.000000e+00	8.378375e-01	3.856009e+14	4.614652e+14	3.500702e+13	8.971943e+03	5.976065e+03	3.246081e+03	0	5.825431e-04
2.790000e+09	1.056346e+13	0.000000e+00	8.378375e-01	3.842027e+14	4.598277e+14	3.490615e+13	8.965152e+03	5.972394e+03	3.244087e+03	0	5.800663e-04
2.800000e+09	1.042844e+13	0.000000e+00	8.378375e-01	3.828130e+14	4.581999e+14	3.480582e+13	8.958385e+03	5.968736e+03	3.242100e+03	0	5.775843e-04
2.810000e+09	1.029429e+13	0.000000e+00	8.378375e-01	3.814315e+14	4.565818e+14	3.470604e+13	8.951642e+03	5.965089e+03	3.240119e+03	0	5.750970e-04
2.820000e+09	1.016101e+13	0.000000e+00	8.378375e-01	3.800583e+14	4.549733e+14	3.460678e+13	8.944924e+03	5.961455e+03	3.238145e+03	0	5.726042e-04
2.830000e+09	1.002858e+13	0.000000e+00	8.378375e-01	3.786933e+14	4.533741e+14	3.450807e+13	8.938231e+03	5.957833e+03	3.236178e+03	0	5.701056e-04
2.840000e+09	9.896990e+12	0.000000e+00	8.378375e-01	3.773364e+14	4.517845e+14	3.440988e+13	8.931561e+03	5.954223e+03	3.234217e+03	0	5.676012e-04
2.850000e+09	9.766244e+12	0.000000e+00	8.378375e-01	3.759875e+14	4.502041e+14	3.431221e+13	8.924915e+03	5.950625e+03	3.232262e+03	0	5.650906e-04
2.860000e+09	9.636331e+12	0.000000e+00	8.378375e-01	3.746466e+14	4.486330e+14	3.421507e+13	8.918292e+03	5.947038e+03	3.230314e+03	0	5.625738e-04
2.870000e+09	9.507243e+12	0.000000e+00	8.378375e-01	3.733137e+14	4.470710e+14	3.411844e+13	8.911694e+03	5.943464e+03	3.228373e+03	0	5.600504e-04
2.880000e+09	9.378974e+12	0.000000e+00	8.378375e-01	3.719886e+14	4.455182e+14	3.402233e+13	8.905118e+03	5.939901e+03	3.226437e+03	0	5.575203e-04
2.890000e+09	9.251517e+12	0.000000e+00	8.378375e-01	3.706712e+14	4.439744e+14	3.392673e+13	8.898567e+03	5.936350e+03	3.224508e+03	0	5.549833e-04
2.900000e+09	9.124864e+12	0.000000e+00	8.378375e-01	3.693616e+14	4.424395e+14	3.383164e+13	8.892038e+03	5.932810e+03	3.222586e+03	0	5.524391e-04
2.910000e+09	8.999010e+12	0.000000e+00	8.378375e-01	3.680597e+14	4.409135e+14	3.373706e+13	8.885532e+03	5.929282e+03	3.220669e+03	0	5.498875e-04
2.920000e+09	8.873947e+12	0.000000e+00	8.378375e-01	3.667654e+14	4.393964e+14	3.364297e+13	8.879049e+03	5.925765e+03	3.218759e+03	0	5.473283e-04
2.930000e+09	8.749670e+12	0.000000e+00	8.378375e-01	3.654786e+14	4.378879e+14	3.354938e+13	8.872589e+03	5.922260e+03	3.216855e+03	0	5.447612e-04
2.940000e+09	8.626170e+12	0.000000e+00	8.378375e-01	3.641993e+14	4.363882e+14	3.345628e+13	8.866152e+03	5.918766e+03	3.214958e+03	0	5.421859e-04
2.950000e+09	8.503443e+12	0.000000e+00	8.378375e-01	3.629274e+14	4.348970e+14	3.336368e+13	8.859737e+03	5.915284e+03	3.213066e+03	0	5.396024e-04
2.960000e+09	8.381481e+12	0.000000e+00	8.378375e-01	3.616628e+14	4.334145e+14	3.327156e+13	8.853344e+03	5.911812e+03	3.211180e+03	0	5.370102e-04
2.970000e+09	8.260279e+12	0.000000e+00	8.378375e-01	3.604056e+14	4.319403e+14	3.317993e+13	8.846974e+03	5.908352e+03	3.209301e+03	0	5.344091e-04
2.980000e+09	8.139830e+12	0.000000e+00	8.378375e-01	3.591556e+14	4.304745e+14	3.308878e+13	8.840626e+03	5.904903e+03	3.207427e+03	0	5.317988e-04
2.990000e+09	8.020127e+12	0.000000e+00	8.378375e-01	3.579127e+14	4.290172e+14	3.299810e+13	8.834299e+03	5.901465e+03	3.205560e+03	0	5.291791e-04
3.000000e+09	7.901165e+12	0.000000e+00	8.378375e-01	3.566771e+14	4.275680e+14	3.290790e+13	8.827995e+03	5.898038e+03	3.203698e+03	0	5.265496e-04
3.010000e+09	7.782938e+12	0.000000e+00	8.378375e-01	3.554484e+14	4.261271e+14	3.281817e+13	8.821712e+03	5.894622e+03	3.201843e+03	0	5.239101e-04
3.020000e+09	7.665440e+12	0.000000e+00	8.378375e-01	3.542268e+14	4.246943e+14	3.272891e+13	8.815451e+03	5.891217e+03	3.199993e+03	0	5.212603e-04
3.030000e+09	7.548665e+12	0.000000e+00	8.378375e-01	3.530122e+14	4.232696e+14	3.264011e+13	8.809212e+03	5.887822e+03	3.198149e+03	0	5.185997e-04
3.040000e+09	7.432606e+12	0.000000e+00	8.378375e-01	3.518044e+14	4.218529e+14	3.255178e+13	8.802994e+03	5.884439e+03	3.196311e+03	0	5.159282e-04
3.050000e+09	7.317259e+12	0.000000e+00	8.378375e-01	3.506035e+14	4.204443e+14	3.246390e+13	8.796797e+03	5.881066e+03	3.194479e+03	0	5.132454e-04
3.060000e+09	7.202616e+12	0.000000e+00	8.378375e-01	3.494094e+14	4.190434e+14	3.237648e+13	8.790621e+03	5.877703e+03	3.192653e+03	0	5.105509e-04
3.070000e+09	7.088674e+12	0.000000e+00	8.378375e-01	3.482221e+14	4.176504e+14	3.228951e+13	8.784466e+03	5.874352e+03	3.190832e+03	0	5.078443e-04
3.080000e+09	6.975425e+12	0.000000e+00	8.378375e-01	3.470414e+14	4.162651e+14	3.220299e+13	8.778332e+03	5.871010e+03	3.189017e+03	0	5.051253e-04
3.090000e+09	6.862865e+12	0.000000e+00	8.378375e-01	3.458674e+14	4.148877e+14	3.211692e+13	8.772219e+03	5.867680e+03	3.187208e+03	0	5.023936e-04
3.100000e+09	6.750988e+12	0.000000e+00	8.378375e-01	3.446999e+14	4.135177e+14	3.203129e+13	8.766127e+03	5.864359e+03	3.185405e+03	0	4.996486e-04
3.110000e+09	6.639788e+12	0.000000e+00	8.378375e-01	3.435390e+14	4.121554e+14	3.194610e+13	8.760055e+03	5.861049e+03	3.183607e+03	0	4.968901e-04
3.120000e+09	6.529260e+12	0.000000e+00	8.378375e-01	3.423846e+14	4.108007e+14	3.186135e+13	8.754003e+03	5.857750e+03	3.181815e+03	0	4.941175e-04
3.130000e+09	6.419399e+12	0.000000e+00	8.378375e-01	3.412366e+14	4.094535e+14	3.177703e+13	8.747972e+03	5.854460e+03	3.180028e+03	0	4.913305e-04
3.140000e+09	6.310200e+12	0.000000e+00	8.378375e-01	3.400950e+14	4.081136e+14	3.169315e+13	8.741961e+03	5.851181e+03	3.178247e+03	0	4.885285e-04
3.150000e+09	6.201656e+12	0.000000e+00	8.378375e-01	3.389597e+14	4.067811e+14	3.160969e+13	8.735970e+03	5.847912e+03	3.176471e+03	0	4.857112e-04
3.160000e+09	6.093763e+12	0.000000e+00	8.378375e-01	3.378308e+14	4.054558e+14	3.152666e+13	8.729999e+03	5.844653e+03	3.174701e+03	0	4.828780e-04
3.170000e+09	5.986516e+12	0.000000e+00	8.378375e-01	3.367080e+14	4.041380e+14	3.144405e+13	8.724048e+03	5.841404e+03	3.172936e+03	0	4.800284e-04
3.180000e+09	5.879910e+12	0.000000e+00	8.378375e-01	3.355915e+14	4.028272e+14	3.136187e+13	8.718117e+03	5.838165e+03	3.171177e+03	0	4.771619e-04
3.190000e+09	5.773939e+12	0.000000e+00	8.378375e-01	3.344810e+14	4.015237e+14	3.128010e+13	8.712205e+03	5.834936e+03	3.169423e+03	0	4.742780e-04
3.200000e+09	5.668599e+12	0.000000e+00	8.378375e-01	3.333767e+14	4.002271e+14	3.119874e+13	8.706313e+03	5.831717e+03	3.167674e+03	0	4.713760e-04
3.210000e+09	5.563884e+12	0.000000e+00	8.378375e-01	3.322785e+14	3.989377e+14	3.111780e+13	8.700440e+03	5.828508e+03	3.165931e+03	0	4.684554e-04
3.220000e+09	5.459790e+12	0.000000e+00	8.378375e-01	3.311862e+14	3.976553e+14	3.103727e+13	8.694587e+03	5.825309e+03	3.164193e+03	0	4.655156e-04
3.230000e+09	5.356313e+12	0.000000e+00	8.378375e-01	3.300999e+14	3.963797e+14	3.095714e+13	8.688752e+03	5.822119e+03	3.162461e+03	0	4.625559e-04
3.240000e+09	5.253446e+12	0.000000e+00	8.378375e-01	3.290195e+14	3.951109e+14	3.087742e+13	8.682937e+03	5.818939e+03	3.160733e+03	0	4.595756e-04
3.250000e+09	5.151185e+12	0.000000e+00	8.378375e-01	3.279450e+14	3.938492e+14	3.079810e+13	8.677141e+03	5.815769e+03	3.159011e+03	0	4.565741e-04
3.260000e+09	5.049527e+12	0.000000e+00	8.378375e-01	3.268763e+14	3.925940e+14	3.071918e+13	8.671364e+03	5.812608e+03	3.157295e+03	0	4.535507e-04
3.270000e+09	4.948465e+12	0.000000e+00	8.378375e-01	3.258134e+14	3.913457e+14	3.064066e+13	8.665606e+03	5.809457e+03	3.155583e+03	0	4.505044e-04
3.280000e+09	4.847995e+12	0.000000e+00	8.378375e-01	3.247562e+14	3.901041e+14	3.056252e+13	8.659866e+03	5.806315e+03	3.153876e+03	0	4.474347e-04
3.290000e+09	4.748114e+12	0.000000e+00	8.378375e-01	3.237048e+14	3.888690e+14	3.048478e+13	8.654145e+03	5.803183e+03	3.152175e+03	0	4.443405e-04
3.300000e+09	4.648815e+12	0.000000e+00	8.378375e-01	3.226590e+14	3.876406e+14	3.040743e+13	8.648442e+03	5.800060e+03	3.150479e+03	0	4.412212e-04
3.310000e+09	4.550095e+12	0.000000e+00	8.378375e-01	3.216187e+14	3.864187e+14	3.033046e+13	8.642758e+03	5.796947e+03	3.148788e+03	0	4.380756e-04
3.320000e+09	4.451950e+12	0.000000e+00	8.378375e-01	3.205841e+14	3.852032e+14	3.025388e+13	8.637092e+03	5.793843e+03	3.147101e+03	0	4.349029e-04
3.330000e+09	4.354374e+12	0.000000e+00	8.378375e-01	3.195550e+14	3.839942e+14	3.017768e+13	8.631444e+03	5.790748e+03	3.145420e+03	0	4.317021e-04
3.340000e+09	4.257364e+12	0.000000e+00	8.378375e-01	3.185314e+14	3.827916e+14	3.010185e+13	8.625815e+03	5.787662e+03	3.143744e+03	0	4.284721e-04
3.350000e+09	4.160916e+12	0.000000e+00	8.378375e-01	3.175132e+14	3.815953e+14	3.002640e+13	8.620203e+03	5.784586e+03	3.142073e+03	0	4.252117e-04
3.360000e+09	4.065024e+12	0.000000e+00	8.378375e-01	3.165004e+14	3.804053e+14	2.995133e+13	8.614610e+03	5.781518e+03	3.140407e+03	0	4.219198e-04
3.370000e+09	3.969685e+12	0.000000e+00	8.378375e-01	3.154930e+14	3.792216e+14	2.987662e+13	8.609034e+03	5.778460e+03	3.138746e+03	0	4.185952e-04
3.380000e+09	3.874894e+12	0.000000e+00	8.378375e-01	3.144909e+14	3.780441e+14	2.980229e+13	8.603476e+03	5.775411e+03	3.137090e+03	0	4.152365e-04
3.390000e+09	3.780648e+12	0.000000e+00	8.378375e-01	3.134941e+14	3.768727e+14	2.972832e+13	8.597935e+03	5.772370e+03	3.135438e+03	0	4.118423e-04
3.400000e+09	3.686942e+12	0.000000e+00	8.378375e-01	3.125026e+14	3.757074e+14	2.965471e+13	8.592412e+03	5.769339e+03	3.133792e+03	0	4.084112e-04
3.410000e+09	3.593773e+12	0.000000e+00	8.378375e-01	3.115163e+14	3.745483e+14	2.958147e+13	8.586907e+03	5.766317e+03	3.132150e+03	0	4.049416e-04
3.420000e+09	3.501135e+12	0.000000e+00	8.378375e-01	3.105351e+14	3.733951e+14	2.950858e+13	8.581419e+03	5.763303e+03	3.130513e+03	0	4.014319e-04
3.430000e+09	3.409026e+12	0.000000e+00	8.378375e-01	3.095591e+14	3.722478e+14	2.943605e+13	8.575948e+03	5.760298e+03	3.128881e+03	0	3.978802e-04
3.440000e+09	3.317440e+12	0.000000e+00	8.378375e-01	3.085882e+14	3.711066e+14	2.936388e+13	8.570494e+03	5.757302e+03	3.127254e+03	0	3.942847e-04
3.450000e+09	3.226375e+12	0.000000e+00	8.378375e-01	3.076223e+14	3.699713e+14	2.929205e+13	8.565058e+03	5.754315e+03	3.125631e+03	0	3.906435e-04
3.460000e+09	3.135827e+12	0.000000e+00	8.378375e-01	3.066615e+14	3.688418e+14	2.922058e+13	8.559638e+03	5.751337e+03	3.124013e+03	0	3.869542e-04
3.470000e+09	3.045791e+12	0.000000e+00	8.378375e-01	3.057056e+14	3.677181e+14	2.914946e+13	8.554235e+03	5.748367e+03	3.122400e+03	0	3.832148e-04
3.480000e+09	2.956263e+12	0.000000e+00	8.378375e-01	3.047547e+14	3.666003e+14	2.907868e+13	8.548849e+03	5.745406e+03	3.120791e+03	0	3.794227e-04
3.490000e+09	2.867241e+12	0.000000e+00	8.378375e-01	3.038088e+14	3.654881e+14	2.900824e+13	8.543480e+03	5.742453e+03	3.119188e+03	0	3.755753e-04
3.500000e+09	2.778720e+12	0.000000e+00	8.378375e-01	3.028677e+14	3.643816e+14	2.893815e+13	8.538128e+03	5.739509e+03	3.117588e+03	0	3.716697e-04
3.510000e+09	2.690696e+12	0.000000e+00	8.378375e-01	3.019314e+14	3.632808e+14	2.886839e+13	8.532792e+03	5.736573e+03	3.115994e+03	0	3.677030e-04
3.520000e+09	2.603166e+12	0.000000e+00	8.378375e-01	3.010000e+14	3.621856e+14	2.879897e+13	8.527472e+03	5.733646e+03	3.114404e+03	0	3.636717e-04
3.530000e+09	2.516126e+12	0.000000e+00	8.378375e-01	3.000733e+14	3.610960e+14	2.872988e+13	8.522169e+03	5.730727e+03	3.112818e+03	0	3.595724e-04
3.540000e+09	2.429573e+12	0.000000e+00	8.378375e-01	2.991514e+14	3.600118e+14	2.866113e+13	8.516882e+03	5.727816e+03	3.111237e+03	0	3.554012e-04
3.550000e+09	2.343503e+12	0.000000e+00	8.378375e-01	2.982342e+14	3.589332e+14	2.859270e+13	8.511612e+03	5.724914e+03	3.109661e+03	0	3.511538e-04
3.560000e+09	2.257912e+12	0.000000e+00	8.378375e-01	2.973217e+14	3.578601e+14	2.852461e+13	8.506357e+03	5.722020e+03	3.108089e+03	0	3.468257e-04
3.570000e+09	2.172797e+12	0.000000e+00	8.378375e-01	2.964138e+14	3.567923e+14	2.845684e+13	8.501119e+03	5.719134e+03	3.106521e+03	0	3.424118e-04
3.580000e+09	2.088155e+12	0.000000e+00	8.378375e-01	2.955106e+14	3.557300e+14	2.838939e+13	8.495897e+03	5.716257e+03	3.104958e+03	0	3.379065e-04
3.590000e+09	2.003982e+12	0.000000e+00	8.378375e-01	2.946119e+14	3.546729e+14	2.832227e+13	8.490690e+03	5.713388e+03	3.103400e+03	0	3.333037e-04
3.600000e+09	1.920274e+12	0.000000e+00	8.378375e-01	2.937177e+14	3.536212e+14	2.825546e+13	8.485499e+03	5.710526e+03	3.101846e+03	0	3.285968e-04
3.610000e+09	1.837028e+12	0.000000e+00	8.378375e-01	2.928281e+14	3.525748e+14	2.818898e+13	8.480324e+03	5.707673e+03	3.100296e+03	0	3.237782e-04
3.620000e+09	1.754242e+12	0.000000e+00	8.378375e-01	2.919430e+14	3.515336e+14	2.812281e+13	8.475165e+03	5.704828e+03	3.098751e+03	0	3.188395e-04
3.630000e+09	1.671911e+12	0.000000e+00	8.378375e-01	2.910623e+14	3.504975e+14	2.805695e+13	8.470021e+03	5.701991e+03	3.097210e+03	0	3.137713e-04
3.640000e+09	1.590032e+12	0.000000e+00	8.378375e-01	2.901860e+14	3.494667e+14	2.799140e+13	8.464893e+03	5.699162e+03	3.095673e+03	0	3.085632e-04
3.650000e+09	1.508602e+12	0.000000e+00	8.378375e-01	2.893141e+14	3.484409e+14	2.792617e+13	8.459780e+03	5.696341e+03	3.094140e+03	0	3.032032e-04
3.660000e+09	1.427618e+12	0.000000e+00	8.378375e-01	2.884466e+14	3.474202e+14	2.786124e+13	8.454683e+03	5.693528e+03	3.092612e+03	0	2.976777e-04
3.670000e+09	1.347076e+12	0.000000e+00	8.378375e-01	2.875834e+14	3.464046e+14	2.779662e+13	8.449601e+03	5.690722e+03	3.091089e+03	0	2.919710e-04
3.680000e+09	1.266974e+12	0.000000e+00	8.378375e-01	2.867245e+14	3.453941e+14	2.773230e+13	8.444534e+03	5.687925e+03	3.089569e+03	0	2.860651e-04
3.690000e+09	1.187308e+12	0.000000e+00	8.378375e-01	2.858699e+14	3.443884e+14	2.766828e+13	8.439482e+03	5.685135e+03	3.088054e+03	0	2.799390e-04
3.700000e+09	1.108075e+12	0.000000e+00	8.378375e-01	2.850195e+14	3.433878e+14	2.760456e+13	8.434445e+03	5.682353e+03	3.086542e+03	0	2.735680e-04
3.710000e+09	1.029273e+12	0.000000e+00	8.378375e-01	2.841734e+14	3.423920e+14	2.754114e+13	8.429423e+03	5.679579e+03	3.085035e+03	0	2.669228e-04
3.720000e+09	9.508969e+11	0.000000e+00	8.378375e-01	2.833314e+14	3.414011e+14	2.747802e+13	8.424416e+03	5.676812e+03	3.083533e+03	0	2.599681e-04
3.730000e+09	8.729451e+11	0.000000e+00	8.378375e-01	2.824936e+14	3.404152e+14	2.741519e+13	8.419424e+03	5.674053e+03	3.082034e+03	0	2.526608e-04
3.740000e+09	7.954142e+11	0.000000e+00	8.378375e-01	2.816599e+14	3.394340e+14	2.735266e+13	8.414446e+03	5.671302e+03	3.080540e+03	0	2.449477e-04
3.750000e+09	7.183013e+11	0.000000e+00	8.378375e-01	2.808303e+14	3.384576e+14	2.729041e+13	8.409484e+03	5.668558e+03	3.079049e+03	0	2.367615e-04
3.760000e+09	6.416034e+11	0.000000e+00	8.378375e-01	2.800047e+14	3.374859e+14	2.722846e+13	8.404536e+03	5.665821e+03	3.077563e+03	0	2.280155e-04
3.770000e+09	5.653175e+11	0.000000e+00	8.378375e-01	2.791832e+14	3.365190e+14	2.716679e+13	8.399602e+03	5.663093e+03	3.076081e+03	0	2.185948e-04
3.780000e+09	4.894409e+11	0.000000e+00	8.378375e-01	2.783657e+14	3.355567e+14	2.710540e+13	8.394683e+03	5.660371e+03	3.074602e+03	0	2.083414e-04
3.790000e+09	4.139705e+11	0.000000e+00	8.378375e-01	2.775522e+14	3.345991e+14	2.704430e+13	8.389778e+03	5.657657e+03	3.073128e+03	0	1.970299e-04
3.800000e+09	3.389036e+11	0.000000e+00	8.378375e-01	2.767427e+14	3.336462e+14	2.698348e+13	8.384888e+03	5.654951e+03	3.071658e+03	0	1.843180e-04
3.810000e+09	2.642373e+11	0.000000e+00	8.378375e-01	2.759371e+14	3.326978e+14	2.692294e+13	8.380011e+03	5.652252e+03	3.070192e+03	0	1.696447e-04
3.820000e+09	1.899688e+11	0.000000e+00	8.378375e-01	2.751354e+14	3.317540e+14	2.686268e+13	8.375149e+03	5.649560e+03	3.068730e+03	0	1.519741e-04
3.830000e+09	1.160954e+11	0.000000e+00	8.378375e-01	2.743376e+14	3.308147e+14	2.680270e+13	8.370301e+03	5.646876e+03	3.067272e+03	0	1.289676e-04
3.840000e+09	4.261425e+10	0.000000e+00	8.378375e-01	2.735436e+14	3.298799e+14	2.674299e+13	8.365467e+03	5.644198e+03	3.065818e+03	0	9.234085e-05
3.850000e+09	-3.047732e+10	0.000000e+00	8.378375e-01	2.727535e+14	3.289496e+14	2.668355e+13	8.360648e+03	5.641528e+03	3.064367e+03	0	nan
