#t		Qconv[W]	Ri[Rp]		R*[Rp]		Qc[W]		Qm[W]		Qr[W]		Tcmb[K]		Tl[K]		Tup[K]		RiFlag		Bs[T]
0.000000e+00	4.114050e+14	0.000000e+00	6.960002e-01	4.370759e+15	2.130972e+15	1.828880e+14	1.797147e+04	4.462343e+03	2.674321e+03	0	2.220061e-03
1.000000e+07	3.994410e+14	0.000000e+00	6.960002e-01	4.248211e+15	2.481701e+15	1.818747e+14	1.779811e+04	4.582443e+03	2.746297e+03	0	2.198329e-03
2.000000e+07	3.871566e+14	0.000000e+00	6.960002e-01	4.122504e+15	2.780108e+15	1.808690e+14	1.762954e+04	4.678287e+03	2.803737e+03	0	2.175558e-03
3.000000e+07	3.747600e+14	0.000000e+00	6.960002e-01	3.995734e+15	3.018997e+15	1.798707e+14	1.746591e+04	4.752766e+03	2.848373e+03	0	2.152085e-03
4.000000e+07	3.624236e+14	0.000000e+00	6.960002e-01	3.869634e+15	3.198622e+15	1.788799e+14	1.730724e+04	4.809063e+03	2.882113e+03	0	2.128207e-03
5.000000e+07	3.502812e+14	0.000000e+00	6.960002e-01	3.745548e+15	3.324073e+15	1.778965e+14	1.715353e+04	4.850300e+03	2.906826e+03	0	2.104169e-03
6.000000e+07	3.384305e+14	0.000000e+00	6.960002e-01	3.624458e+15	3.402880e+15	1.769205e+14	1.700469e+04	4.879322e+03	2.924219e+03	0	2.080167e-03
7.000000e+07	3.269386e+14	0.000000e+00	6.960002e-01	3.507039e+15	3.443267e+15	1.759517e+14	1.686060e+04	4.898593e+03	2.935769e+03	0	2.056350e-03
8.000000e+07	3.158483e+14	0.000000e+00	6.960002e-01	3.393718e+15	3.453075e+15	1.749901e+14	1.672114e+04	4.910177e+03	2.942711e+03	0	2.032831e-03
9.000000e+07	3.051835e+14	0.000000e+00	6.960002e-01	3.284733e+15	3.439226e+15	1.740356e+14	1.658613e+04	4.915759e+03	2.946056e+03	0	2.009689e-03
1.000000e+08	2.949543e+14	0.000000e+00	6.960002e-01	3.180182e+15	3.407535e+15	1.730883e+14	1.645542e+04	4.916689e+03	2.946614e+03	0	1.986979e-03
1.100000e+08	2.851605e+14	0.000000e+00	6.960002e-01	3.080064e+15	3.362721e+15	1.721479e+14	1.632882e+04	4.914042e+03	2.945028e+03	0	1.964739e-03
1.200000e+08	2.757954e+14	0.000000e+00	6.960002e-01	2.984306e+15	3.308529e+15	1.712146e+14	1.620617e+04	4.908660e+03	2.941802e+03	0	1.942991e-03
1.300000e+08	2.668471e+14	0.000000e+00	6.960002e-01	2.892789e+15	3.247873e+15	1.702881e+14	1.608729e+04	4.901204e+03	2.937334e+03	0	1.921746e-03
1.400000e+08	2.583010e+14	0.000000e+00	6.960002e-01	2.805363e+15	3.182994e+15	1.693686e+14	1.597203e+04	4.892188e+03	2.931930e+03	0	1.901007e-03
1.500000e+08	2.501406e+14	0.000000e+00	6.960002e-01	2.721859e+15	3.115593e+15	1.684558e+14	1.586021e+04	4.882013e+03	2.925832e+03	0	1.880773e-03
1.600000e+08	2.423484e+14	0.000000e+00	6.960002e-01	2.642100e+15	3.046948e+15	1.675497e+14	1.575170e+04	4.870989e+03	2.919225e+03	0	1.861037e-03
1.700000e+08	2.349065e+14	0.000000e+00	6.960002e-01	2.565905e+15	2.978011e+15	1.666504e+14	1.564633e+04	4.859358e+03	2.912255e+03	0	1.841790e-03
1.800000e+08	2.277974e+14	0.000000e+00	6.960002e-01	2.493095e+15	2.909481e+15	1.657576e+14	1.554398e+04	4.847308e+03	2.905033e+03	0	1.823020e-03
1.900000e+08	2.210037e+14	0.000000e+00	6.960002e-01	2.423493e+15	2.841865e+15	1.648715e+14	1.544450e+04	4.834983e+03	2.897647e+03	0	1.804713e-03
2.000000e+08	2.145086e+14	0.000000e+00	6.960002e-01	2.356929e+15	2.775522e+15	1.639918e+14	1.534778e+04	4.822497e+03	2.890164e+03	0	1.786858e-03
2.100000e+08	2.082962e+14	0.000000e+00	6.960002e-01	2.293242e+15	2.710704e+15	1.631187e+14	1.525369e+04	4.809936e+03	2.882636e+03	0	1.769439e-03
2.200000e+08	2.023511e+14	0.000000e+00	6.960002e-01	2.232275e+15	2.647576e+15	1.622519e+14	1.516212e+04	4.797368e+03	2.875104e+03	0	1.752442e-03
2.300000e+08	1.966589e+14	0.000000e+00	6.960002e-01	2.173882e+15	2.586240e+15	1.613915e+14	1.507297e+04	4.784845e+03	2.867599e+03	0	1.735853e-03
2.400000e+08	1.912058e+14	0.000000e+00	6.960002e-01	2.117923e+15	2.526755e+15	1.605374e+14	1.498613e+04	4.772406e+03	2.860144e+03	0	1.719658e-03
2.500000e+08	1.859789e+14	0.000000e+00	6.960002e-01	2.064268e+15	2.469141e+15	1.596896e+14	1.490150e+04	4.760081e+03	2.852758e+03	0	1.703843e-03
2.600000e+08	1.809660e+14	0.000000e+00	6.960002e-01	2.012793e+15	2.413393e+15	1.588480e+14	1.481901e+04	4.747893e+03	2.845453e+03	0	1.688395e-03
2.700000e+08	1.761558e+14	0.000000e+00	6.960002e-01	1.963381e+15	2.359491e+15	1.580125e+14	1.473855e+04	4.735859e+03	2.838241e+03	0	1.673301e-03
2.800000e+08	1.715375e+14	0.000000e+00	6.960002e-01	1.915925e+15	2.307396e+15	1.571831e+14	1.466006e+04	4.723991e+03	2.831128e+03	0	1.658548e-03
2.900000e+08	1.671010e+14	0.000000e+00	6.960002e-01	1.870320e+15	2.257065e+15	1.563598e+14	1.458344e+04	4.712297e+03	2.824120e+03	0	1.644125e-03
3.000000e+08	1.628368e+14	0.000000e+00	6.960002e-01	1.826472e+15	2.208444e+15	1.555425e+14	1.450864e+04	4.700782e+03	2.817219e+03	0	1.630019e-03
3.100000e+08	1.587361e+14	0.000000e+00	6.960002e-01	1.784290e+15	2.161480e+15	1.547311e+14	1.443558e+04	4.689452e+03	2.810429e+03	0	1.616219e-03
3.200000e+08	1.547904e+14	0.000000e+00	6.960002e-01	1.743689e+15	2.116112e+15	1.539257e+14	1.436419e+04	4.678306e+03	2.803749e+03	0	1.602715e-03
3.300000e+08	1.509920e+14	0.000000e+00	6.960002e-01	1.704589e+15	2.072284e+15	1.531261e+14	1.429442e+04	4.667346e+03	2.797181e+03	0	1.589497e-03
3.400000e+08	1.473336e+14	0.000000e+00	6.960002e-01	1.666917e+15	2.029935e+15	1.523323e+14	1.422620e+04	4.656571e+03	2.790723e+03	0	1.576554e-03
3.500000e+08	1.438081e+14	0.000000e+00	6.960002e-01	1.630602e+15	1.989007e+15	1.515442e+14	1.415948e+04	4.645979e+03	2.784375e+03	0	1.563878e-03
3.600000e+08	1.404092e+14	0.000000e+00	6.960002e-01	1.595577e+15	1.949443e+15	1.507619e+14	1.409420e+04	4.635567e+03	2.778135e+03	0	1.551459e-03
3.700000e+08	1.371307e+14	0.000000e+00	6.960002e-01	1.561781e+15	1.911187e+15	1.499853e+14	1.403031e+04	4.625335e+03	2.772003e+03	0	1.539288e-03
3.800000e+08	1.339668e+14	0.000000e+00	6.960002e-01	1.529156e+15	1.874186e+15	1.492142e+14	1.396777e+04	4.615277e+03	2.765975e+03	0	1.527358e-03
3.900000e+08	1.309122e+14	0.000000e+00	6.960002e-01	1.497646e+15	1.838387e+15	1.484488e+14	1.390653e+04	4.605391e+03	2.760051e+03	0	1.515660e-03
4.000000e+08	1.279618e+14	0.000000e+00	6.960002e-01	1.467199e+15	1.803740e+15	1.476888e+14	1.384654e+04	4.595674e+03	2.754227e+03	0	1.504187e-03
4.100000e+08	1.251107e+14	0.000000e+00	6.960002e-01	1.437768e+15	1.770197e+15	1.469344e+14	1.378776e+04	4.586122e+03	2.748502e+03	0	1.492932e-03
4.200000e+08	1.223545e+14	0.000000e+00	6.960002e-01	1.409305e+15	1.737712e+15	1.461854e+14	1.373015e+04	4.576731e+03	2.742874e+03	0	1.481887e-03
4.300000e+08	1.196888e+14	0.000000e+00	6.960002e-01	1.381767e+15	1.706241e+15	1.454417e+14	1.367368e+04	4.567497e+03	2.737340e+03	0	1.471046e-03
4.400000e+08	1.171096e+14	0.000000e+00	6.960002e-01	1.355114e+15	1.675742e+15	1.447035e+14	1.361830e+04	4.558417e+03	2.731898e+03	0	1.460403e-03
4.500000e+08	1.146132e+14	0.000000e+00	6.960002e-01	1.329306e+15	1.646175e+15	1.439705e+14	1.356398e+04	4.549487e+03	2.726547e+03	0	1.449951e-03
4.600000e+08	1.121959e+14	0.000000e+00	6.960002e-01	1.304307e+15	1.617503e+15	1.432428e+14	1.351070e+04	4.540704e+03	2.721283e+03	0	1.439685e-03
4.700000e+08	1.098544e+14	0.000000e+00	6.960002e-01	1.280083e+15	1.589687e+15	1.425203e+14	1.345840e+04	4.532063e+03	2.716104e+03	0	1.429599e-03
4.800000e+08	1.075853e+14	0.000000e+00	6.960002e-01	1.256600e+15	1.562694e+15	1.418030e+14	1.340708e+04	4.523561e+03	2.711009e+03	0	1.419687e-03
4.900000e+08	1.053857e+14	0.000000e+00	6.960002e-01	1.233828e+15	1.536490e+15	1.410908e+14	1.335669e+04	4.515195e+03	2.705995e+03	0	1.409945e-03
5.000000e+08	1.032526e+14	0.000000e+00	6.960002e-01	1.211736e+15	1.511045e+15	1.403837e+14	1.330721e+04	4.506962e+03	2.701061e+03	0	1.400368e-03
5.100000e+08	1.011834e+14	0.000000e+00	6.960002e-01	1.190298e+15	1.486328e+15	1.396817e+14	1.325861e+04	4.498857e+03	2.696204e+03	0	1.390950e-03
5.200000e+08	9.917533e+13	0.000000e+00	6.960002e-01	1.169486e+15	1.462311e+15	1.389847e+14	1.321086e+04	4.490878e+03	2.691422e+03	0	1.381687e-03
5.300000e+08	9.722606e+13	0.000000e+00	6.960002e-01	1.149276e+15	1.438965e+15	1.382926e+14	1.316394e+04	4.483022e+03	2.686713e+03	0	1.372575e-03
5.400000e+08	9.533320e+13	0.000000e+00	6.960002e-01	1.129643e+15	1.416267e+15	1.376055e+14	1.311783e+04	4.475285e+03	2.682077e+03	0	1.363609e-03
5.500000e+08	9.349453e+13	0.000000e+00	6.960002e-01	1.110566e+15	1.394190e+15	1.369233e+14	1.307251e+04	4.467665e+03	2.677510e+03	0	1.354785e-03
5.600000e+08	9.170793e+13	0.000000e+00	6.960002e-01	1.092022e+15	1.372711e+15	1.362459e+14	1.302794e+04	4.460158e+03	2.673011e+03	0	1.346100e-03
5.700000e+08	8.997139e+13	0.000000e+00	6.960002e-01	1.073991e+15	1.351808e+15	1.355733e+14	1.298412e+04	4.452763e+03	2.668579e+03	0	1.337550e-03
5.800000e+08	8.828301e+13	0.000000e+00	6.960002e-01	1.056454e+15	1.331460e+15	1.349055e+14	1.294101e+04	4.445475e+03	2.664211e+03	0	1.329130e-03
5.900000e+08	8.664095e+13	0.000000e+00	6.960002e-01	1.039391e+15	1.311645e+15	1.342425e+14	1.289861e+04	4.438293e+03	2.659907e+03	0	1.320838e-03
6.000000e+08	8.504349e+13	0.000000e+00	6.960002e-01	1.022786e+15	1.292345e+15	1.335841e+14	1.285689e+04	4.431214e+03	2.655665e+03	0	1.312670e-03
6.100000e+08	8.348896e+13	0.000000e+00	6.960002e-01	1.006621e+15	1.273541e+15	1.329304e+14	1.281583e+04	4.424235e+03	2.651482e+03	0	1.304622e-03
6.200000e+08	8.197580e+13	0.000000e+00	6.960002e-01	9.908802e+14	1.255215e+15	1.322813e+14	1.277541e+04	4.417355e+03	2.647359e+03	0	1.296692e-03
6.300000e+08	8.050251e+13	0.000000e+00	6.960002e-01	9.755486e+14	1.237350e+15	1.316368e+14	1.273562e+04	4.410570e+03	2.643292e+03	0	1.288877e-03
6.400000e+08	7.906764e+13	0.000000e+00	6.960002e-01	9.606112e+14	1.219930e+15	1.309968e+14	1.269645e+04	4.403878e+03	2.639282e+03	0	1.281174e-03
6.500000e+08	7.766983e+13	0.000000e+00	6.960002e-01	9.460543e+14	1.202939e+15	1.303614e+14	1.265788e+04	4.397278e+03	2.635327e+03	0	1.273579e-03
6.600000e+08	7.630776e+13	0.000000e+00	6.960002e-01	9.318644e+14	1.186363e+15	1.297304e+14	1.261988e+04	4.390767e+03	2.631424e+03	0	1.266090e-03
6.700000e+08	7.498020e+13	0.000000e+00	6.960002e-01	9.180287e+14	1.170188e+15	1.291038e+14	1.258245e+04	4.384343e+03	2.627575e+03	0	1.258705e-03
6.800000e+08	7.368594e+13	0.000000e+00	6.960002e-01	9.045351e+14	1.154399e+15	1.284817e+14	1.254558e+04	4.378004e+03	2.623776e+03	0	1.251421e-03
6.900000e+08	7.242385e+13	0.000000e+00	6.960002e-01	8.913719e+14	1.138985e+15	1.278639e+14	1.250924e+04	4.371749e+03	2.620026e+03	0	1.244235e-03
7.000000e+08	7.119282e+13	0.000000e+00	6.960002e-01	8.785279e+14	1.123931e+15	1.272504e+14	1.247343e+04	4.365574e+03	2.616326e+03	0	1.237145e-03
7.100000e+08	6.999182e+13	0.000000e+00	6.960002e-01	8.659925e+14	1.109228e+15	1.266413e+14	1.243814e+04	4.359479e+03	2.612673e+03	0	1.230148e-03
7.200000e+08	6.881984e+13	0.000000e+00	6.960002e-01	8.537554e+14	1.094862e+15	1.260364e+14	1.240335e+04	4.353462e+03	2.609067e+03	0	1.223244e-03
7.300000e+08	6.767592e+13	0.000000e+00	6.960002e-01	8.418068e+14	1.080824e+15	1.254357e+14	1.236904e+04	4.347520e+03	2.605506e+03	0	1.216428e-03
7.400000e+08	6.655914e+13	0.000000e+00	6.960002e-01	8.301374e+14	1.067103e+15	1.248392e+14	1.233521e+04	4.341653e+03	2.601990e+03	0	1.209700e-03
7.500000e+08	6.546862e+13	0.000000e+00	6.960002e-01	8.187380e+14	1.053688e+15	1.242469e+14	1.230185e+04	4.335859e+03	2.598517e+03	0	1.203057e-03
7.600000e+08	6.440352e+13	0.000000e+00	6.960002e-01	8.076002e+14	1.040570e+15	1.236587e+14	1.226895e+04	4.330136e+03	2.595087e+03	0	1.196497e-03
7.700000e+08	6.336302e+13	0.000000e+00	6.960002e-01	7.967155e+14	1.027740e+15	1.230746e+14	1.223649e+04	4.324482e+03	2.591699e+03	0	1.190018e-03
7.800000e+08	6.234635e+13	0.000000e+00	6.960002e-01	7.860760e+14	1.015189e+15	1.224946e+14	1.220447e+04	4.318897e+03	2.588352e+03	0	1.183619e-03
7.900000e+08	6.135275e+13	0.000000e+00	6.960002e-01	7.756741e+14	1.002908e+15	1.219185e+14	1.217287e+04	4.313378e+03	2.585044e+03	0	1.177298e-03
8.000000e+08	6.038152e+13	0.000000e+00	6.960002e-01	7.655025e+14	9.908894e+14	1.213465e+14	1.214169e+04	4.307924e+03	2.581776e+03	0	1.171053e-03
8.100000e+08	5.943195e+13	0.000000e+00	6.960002e-01	7.555540e+14	9.791247e+14	1.207785e+14	1.211092e+04	4.302535e+03	2.578546e+03	0	1.164881e-03
8.200000e+08	5.850340e+13	0.000000e+00	6.960002e-01	7.458220e+14	9.676066e+14	1.202143e+14	1.208054e+04	4.297208e+03	2.575354e+03	0	1.158783e-03
8.300000e+08	5.759521e+13	0.000000e+00	6.960002e-01	7.362998e+14	9.563277e+14	1.196541e+14	1.205056e+04	4.291943e+03	2.572198e+03	0	1.152755e-03
8.400000e+08	5.670679e+13	0.000000e+00	6.960002e-01	7.269813e+14	9.452810e+14	1.190978e+14	1.202095e+04	4.286737e+03	2.569079e+03	0	1.146798e-03
8.500000e+08	5.583753e+13	0.000000e+00	6.960002e-01	7.178604e+14	9.344598e+14	1.185452e+14	1.199172e+04	4.281591e+03	2.565994e+03	0	1.140908e-03
8.600000e+08	5.498688e+13	0.000000e+00	6.960002e-01	7.089313e+14	9.238575e+14	1.179965e+14	1.196286e+04	4.276503e+03	2.562945e+03	0	1.135084e-03
8.700000e+08	5.415428e+13	0.000000e+00	6.960002e-01	7.001884e+14	9.134679e+14	1.174516e+14	1.193435e+04	4.271471e+03	2.559929e+03	0	1.129326e-03
8.800000e+08	5.333922e+13	0.000000e+00	6.960002e-01	6.916263e+14	9.032849e+14	1.169104e+14	1.190619e+04	4.266494e+03	2.556947e+03	0	1.123632e-03
8.900000e+08	5.254118e+13	0.000000e+00	6.960002e-01	6.832399e+14	8.933026e+14	1.163729e+14	1.187838e+04	4.261572e+03	2.553997e+03	0	1.118000e-03
9.000000e+08	5.175967e+13	0.000000e+00	6.960002e-01	6.750241e+14	8.835156e+14	1.158392e+14	1.185090e+04	4.256704e+03	2.551079e+03	0	1.112429e-03
9.100000e+08	5.099424e+13	0.000000e+00	6.960002e-01	6.669742e+14	8.739183e+14	1.153091e+14	1.182375e+04	4.251887e+03	2.548193e+03	0	1.106918e-03
9.200000e+08	5.024441e+13	0.000000e+00	6.960002e-01	6.590854e+14	8.645055e+14	1.147826e+14	1.179692e+04	4.247123e+03	2.545337e+03	0	1.101466e-03
9.300000e+08	4.950977e+13	0.000000e+00	6.960002e-01	6.513533e+14	8.552722e+14	1.142597e+14	1.177041e+04	4.242408e+03	2.542512e+03	0	1.096071e-03
9.400000e+08	4.878988e+13	0.000000e+00	6.960002e-01	6.437737e+14	8.462136e+14	1.137404e+14	1.174421e+04	4.237743e+03	2.539716e+03	0	1.090733e-03
9.500000e+08	4.808434e+13	0.000000e+00	6.960002e-01	6.363423e+14	8.373249e+14	1.132246e+14	1.171831e+04	4.233127e+03	2.536949e+03	0	1.085449e-03
9.600000e+08	4.739275e+13	0.000000e+00	6.960002e-01	6.290550e+14	8.286016e+14	1.127124e+14	1.169271e+04	4.228558e+03	2.534211e+03	0	1.080220e-03
9.700000e+08	4.671474e+13	0.000000e+00	6.960002e-01	6.219081e+14	8.200393e+14	1.122036e+14	1.166740e+04	4.224036e+03	2.531501e+03	0	1.075044e-03
9.800000e+08	4.604995e+13	0.000000e+00	6.960002e-01	6.148978e+14	8.116339e+14	1.116983e+14	1.164238e+04	4.219560e+03	2.528819e+03	0	1.069920e-03
9.900000e+08	4.539801e+13	0.000000e+00	6.960002e-01	6.080204e+14	8.033811e+14	1.111964e+14	1.161764e+04	4.215129e+03	2.526163e+03	0	1.064847e-03
1.000000e+09	4.475859e+13	0.000000e+00	6.960002e-01	6.012724e+14	7.952772e+14	1.106980e+14	1.159317e+04	4.210743e+03	2.523534e+03	0	1.059824e-03
1.010000e+09	4.413136e+13	0.000000e+00	6.960002e-01	5.946505e+14	7.873182e+14	1.102029e+14	1.156898e+04	4.206400e+03	2.520931e+03	0	1.054850e-03
1.020000e+09	4.351599e+13	0.000000e+00	6.960002e-01	5.881514e+14	7.795004e+14	1.097112e+14	1.154505e+04	4.202099e+03	2.518354e+03	0	1.049924e-03
1.030000e+09	4.291219e+13	0.000000e+00	6.960002e-01	5.817720e+14	7.718204e+14	1.092228e+14	1.152138e+04	4.197841e+03	2.515802e+03	0	1.045046e-03
1.040000e+09	4.231964e+13	0.000000e+00	6.960002e-01	5.755090e+14	7.642746e+14	1.087377e+14	1.149797e+04	4.193624e+03	2.513275e+03	0	1.040213e-03
1.050000e+09	4.173807e+13	0.000000e+00	6.960002e-01	5.693597e+14	7.568597e+14	1.082559e+14	1.147481e+04	4.189447e+03	2.510772e+03	0	1.035426e-03
1.060000e+09	4.116719e+13	0.000000e+00	6.960002e-01	5.633211e+14	7.495724e+14	1.077773e+14	1.145189e+04	4.185311e+03	2.508293e+03	0	1.030684e-03
1.070000e+09	4.060674e+13	0.000000e+00	6.960002e-01	5.573905e+14	7.424097e+14	1.073019e+14	1.142922e+04	4.181213e+03	2.505837e+03	0	1.025985e-03
1.080000e+09	4.005645e+13	0.000000e+00	6.960002e-01	5.515652e+14	7.353684e+14	1.068298e+14	1.140679e+04	4.177154e+03	2.503404e+03	0	1.021330e-03
1.090000e+09	3.951607e+13	0.000000e+00	6.960002e-01	5.458425e+14	7.284457e+14	1.063608e+14	1.138458e+04	4.173133e+03	2.500995e+03	0	1.016716e-03
1.100000e+09	3.898536e+13	0.000000e+00	6.960002e-01	5.402200e+14	7.216387e+14	1.058950e+14	1.136261e+04	4.169149e+03	2.498607e+03	0	1.012144e-03
1.110000e+09	3.846407e+13	0.000000e+00	6.960002e-01	5.346952e+14	7.149447e+14	1.054323e+14	1.134087e+04	4.165202e+03	2.496241e+03	0	1.007612e-03
1.120000e+09	3.795198e+13	0.000000e+00	6.960002e-01	5.292658e+14	7.083609e+14	1.049727e+14	1.131934e+04	4.161291e+03	2.493897e+03	0	1.003121e-03
1.130000e+09	3.744886e+13	0.000000e+00	6.960002e-01	5.239295e+14	7.018848e+14	1.045162e+14	1.129804e+04	4.157415e+03	2.491575e+03	0	9.986683e-04
1.140000e+09	3.695450e+13	0.000000e+00	6.960002e-01	5.186840e+14	6.955139e+14	1.040627e+14	1.127694e+04	4.153575e+03	2.489273e+03	0	9.942544e-04
1.150000e+09	3.646869e+13	0.000000e+00	6.960002e-01	5.135272e+14	6.892456e+14	1.036123e+14	1.125606e+04	4.149768e+03	2.486992e+03	0	9.898783e-04
1.160000e+09	3.599123e+13	0.000000e+00	6.960002e-01	5.084570e+14	6.830778e+14	1.031648e+14	1.123539e+04	4.145995e+03	2.484731e+03	0	9.855393e-04
1.170000e+09	3.552191e+13	0.000000e+00	6.960002e-01	5.034713e+14	6.770080e+14	1.027204e+14	1.121492e+04	4.142256e+03	2.482489e+03	0	9.812368e-04
1.180000e+09	3.506055e+13	0.000000e+00	6.960002e-01	4.985683e+14	6.710340e+14	1.022789e+14	1.119464e+04	4.138549e+03	2.480268e+03	0	9.769702e-04
1.190000e+09	3.460696e+13	0.000000e+00	6.960002e-01	4.937460e+14	6.651537e+14	1.018403e+14	1.117457e+04	4.134874e+03	2.478066e+03	0	9.727388e-04
1.200000e+09	3.416097e+13	0.000000e+00	6.960002e-01	4.890026e+14	6.593650e+14	1.014046e+14	1.115469e+04	4.131231e+03	2.475882e+03	0	9.685420e-04
1.210000e+09	3.372239e+13	0.000000e+00	6.960002e-01	4.843362e+14	6.536658e+14	1.009719e+14	1.113500e+04	4.127620e+03	2.473718e+03	0	9.643793e-04
1.220000e+09	3.329107e+13	0.000000e+00	6.960002e-01	4.797452e+14	6.480542e+14	1.005420e+14	1.111550e+04	4.124039e+03	2.471572e+03	0	9.602500e-04
1.230000e+09	3.286682e+13	0.000000e+00	6.960002e-01	4.752278e+14	6.425281e+14	1.001149e+14	1.109618e+04	4.120488e+03	2.469444e+03	0	9.561535e-04
1.240000e+09	3.244950e+13	0.000000e+00	6.960002e-01	4.707823e+14	6.370859e+14	9.969068e+13	1.107704e+04	4.116967e+03	2.467333e+03	0	9.520894e-04
1.250000e+09	3.203895e+13	0.000000e+00	6.960002e-01	4.664072e+14	6.317256e+14	9.926925e+13	1.105808e+04	4.113475e+03	2.465241e+03	0	9.480571e-04
1.260000e+09	3.163501e+13	0.000000e+00	6.960002e-01	4.621010e+14	6.264455e+14	9.885060e+13	1.103930e+04	4.110012e+03	2.463166e+03	0	9.440559e-04
1.270000e+09	3.123755e+13	0.000000e+00	6.960002e-01	4.578620e+14	6.212438e+14	9.843470e+13	1.102069e+04	4.106578e+03	2.461107e+03	0	9.400855e-04
1.280000e+09	3.084641e+13	0.000000e+00	6.960002e-01	4.536889e+14	6.161189e+14	9.802154e+13	1.100224e+04	4.103172e+03	2.459066e+03	0	9.361453e-04
1.290000e+09	3.046147e+13	0.000000e+00	6.960002e-01	4.495803e+14	6.110692e+14	9.761110e+13	1.098397e+04	4.099793e+03	2.457041e+03	0	9.322348e-04
1.300000e+09	3.008258e+13	0.000000e+00	6.960002e-01	4.455346e+14	6.060931e+14	9.720335e+13	1.096586e+04	4.096442e+03	2.455033e+03	0	9.283535e-04
1.310000e+09	2.970961e+13	0.000000e+00	6.960002e-01	4.415507e+14	6.011891e+14	9.679827e+13	1.094792e+04	4.093117e+03	2.453040e+03	0	9.245010e-04
1.320000e+09	2.934244e+13	0.000000e+00	6.960002e-01	4.376271e+14	5.963556e+14	9.639584e+13	1.093013e+04	4.089819e+03	2.451064e+03	0	9.206767e-04
1.330000e+09	2.898095e+13	0.000000e+00	6.960002e-01	4.337626e+14	5.915912e+14	9.599605e+13	1.091251e+04	4.086547e+03	2.449103e+03	0	9.168802e-04
1.340000e+09	2.862500e+13	0.000000e+00	6.960002e-01	4.299560e+14	5.868946e+14	9.559887e+13	1.089503e+04	4.083301e+03	2.447157e+03	0	9.131110e-04
1.350000e+09	2.827450e+13	0.000000e+00	6.960002e-01	4.262060e+14	5.822642e+14	9.520428e+13	1.087771e+04	4.080080e+03	2.445227e+03	0	9.093687e-04
1.360000e+09	2.792931e+13	0.000000e+00	6.960002e-01	4.225115e+14	5.776988e+14	9.481226e+13	1.086054e+04	4.076884e+03	2.443311e+03	0	9.056529e-04
1.370000e+09	2.758934e+13	0.000000e+00	6.960002e-01	4.188713e+14	5.731971e+14	9.442280e+13	1.084352e+04	4.073712e+03	2.441411e+03	0	9.019632e-04
1.380000e+09	2.725446e+13	0.000000e+00	6.960002e-01	4.152843e+14	5.687578e+14	9.403587e+13	1.082665e+04	4.070565e+03	2.439525e+03	0	8.982991e-04
1.390000e+09	2.692459e+13	0.000000e+00	6.960002e-01	4.117494e+14	5.643796e+14	9.365145e+13	1.080992e+04	4.067442e+03	2.437653e+03	0	8.946601e-04
1.400000e+09	2.659961e+13	0.000000e+00	6.960002e-01	4.082656e+14	5.600614e+14	9.326952e+13	1.079333e+04	4.064343e+03	2.435795e+03	0	8.910460e-04
1.410000e+09	2.627942e+13	0.000000e+00	6.960002e-01	4.048319e+14	5.558020e+14	9.289007e+13	1.077688e+04	4.061266e+03	2.433952e+03	0	8.874564e-04
1.420000e+09	2.596393e+13	0.000000e+00	6.960002e-01	4.014471e+14	5.516002e+14	9.251308e+13	1.076057e+04	4.058213e+03	2.432122e+03	0	8.838907e-04
1.430000e+09	2.565305e+13	0.000000e+00	6.960002e-01	3.981104e+14	5.474549e+14	9.213852e+13	1.074440e+04	4.055183e+03	2.430306e+03	0	8.803487e-04
1.440000e+09	2.534668e+13	0.000000e+00	6.960002e-01	3.948209e+14	5.433650e+14	9.176638e+13	1.072836e+04	4.052175e+03	2.428503e+03	0	8.768300e-04
1.450000e+09	2.504472e+13	0.000000e+00	6.960002e-01	3.915774e+14	5.393295e+14	9.139664e+13	1.071245e+04	4.049188e+03	2.426713e+03	0	8.733342e-04
1.460000e+09	2.474710e+13	0.000000e+00	6.960002e-01	3.883793e+14	5.353473e+14	9.102928e+13	1.069667e+04	4.046224e+03	2.424937e+03	0	8.698610e-04
1.470000e+09	2.445373e+13	0.000000e+00	6.960002e-01	3.852255e+14	5.314175e+14	9.066429e+13	1.068102e+04	4.043281e+03	2.423173e+03	0	8.664099e-04
1.480000e+09	2.416452e+13	0.000000e+00	6.960002e-01	3.821153e+14	5.275389e+14	9.030164e+13	1.066550e+04	4.040360e+03	2.421422e+03	0	8.629808e-04
1.490000e+09	2.387939e+13	0.000000e+00	6.960002e-01	3.790477e+14	5.237107e+14	8.994132e+13	1.065010e+04	4.037459e+03	2.419684e+03	0	8.595731e-04
1.500000e+09	2.359827e+13	0.000000e+00	6.960002e-01	3.760220e+14	5.199320e+14	8.958331e+13	1.063483e+04	4.034579e+03	2.417958e+03	0	8.561867e-04
1.510000e+09	2.332107e+13	0.000000e+00	6.960002e-01	3.730374e+14	5.162017e+14	8.922759e+13	1.061967e+04	4.031719e+03	2.416244e+03	0	8.528211e-04
1.520000e+09	2.304773e+13	0.000000e+00	6.960002e-01	3.700930e+14	5.125191e+14	8.887415e+13	1.060464e+04	4.028880e+03	2.414542e+03	0	8.494760e-04
1.530000e+09	2.277816e+13	0.000000e+00	6.960002e-01	3.671882e+14	5.088833e+14	8.852296e+13	1.058973e+04	4.026060e+03	2.412852e+03	0	8.461512e-04
1.540000e+09	2.251230e+13	0.000000e+00	6.960002e-01	3.643221e+14	5.052933e+14	8.817402e+13	1.057493e+04	4.023260e+03	2.411174e+03	0	8.428463e-04
1.550000e+09	2.225008e+13	0.000000e+00	6.960002e-01	3.614941e+14	5.017484e+14	8.782729e+13	1.056025e+04	4.020480e+03	2.409508e+03	0	8.395610e-04
1.560000e+09	2.199142e+13	0.000000e+00	6.960002e-01	3.587035e+14	4.982477e+14	8.748278e+13	1.054568e+04	4.017718e+03	2.407853e+03	0	8.362950e-04
1.570000e+09	2.173626e+13	0.000000e+00	6.960002e-01	3.559495e+14	4.947906e+14	8.714045e+13	1.053122e+04	4.014976e+03	2.406209e+03	0	8.330480e-04
1.580000e+09	2.148454e+13	0.000000e+00	6.960002e-01	3.532315e+14	4.913761e+14	8.680030e+13	1.051687e+04	4.012252e+03	2.404577e+03	0	8.298197e-04
1.590000e+09	2.123619e+13	0.000000e+00	6.960002e-01	3.505489e+14	4.880035e+14	8.646230e+13	1.050264e+04	4.009546e+03	2.402955e+03	0	8.266099e-04
1.600000e+09	2.099116e+13	0.000000e+00	6.960002e-01	3.479009e+14	4.846722e+14	8.612645e+13	1.048851e+04	4.006859e+03	2.401345e+03	0	8.234183e-04
1.610000e+09	2.074937e+13	0.000000e+00	6.960002e-01	3.452870e+14	4.813813e+14	8.579272e+13	1.047449e+04	4.004190e+03	2.399745e+03	0	8.202445e-04
1.620000e+09	2.051077e+13	0.000000e+00	6.960002e-01	3.427065e+14	4.781301e+14	8.546110e+13	1.046057e+04	4.001538e+03	2.398156e+03	0	8.170884e-04
1.630000e+09	2.027530e+13	0.000000e+00	6.960002e-01	3.401589e+14	4.749181e+14	8.513157e+13	1.044675e+04	3.998904e+03	2.396578e+03	0	8.139496e-04
1.640000e+09	2.004291e+13	0.000000e+00	6.960002e-01	3.376435e+14	4.717445e+14	8.480412e+13	1.043304e+04	3.996288e+03	2.395009e+03	0	8.108279e-04
1.650000e+09	1.981354e+13	0.000000e+00	6.960002e-01	3.351599e+14	4.686086e+14	8.447873e+13	1.041943e+04	3.993688e+03	2.393452e+03	0	8.077230e-04
1.660000e+09	1.958714e+13	0.000000e+00	6.960002e-01	3.327073e+14	4.655098e+14	8.415538e+13	1.040592e+04	3.991106e+03	2.391904e+03	0	8.046346e-04
1.670000e+09	1.936365e+13	0.000000e+00	6.960002e-01	3.302854e+14	4.624475e+14	8.383407e+13	1.039251e+04	3.988540e+03	2.390366e+03	0	8.015626e-04
1.680000e+09	1.914302e+13	0.000000e+00	6.960002e-01	3.278935e+14	4.594210e+14	8.351477e+13	1.037920e+04	3.985991e+03	2.388838e+03	0	7.985067e-04
1.690000e+09	1.892521e+13	0.000000e+00	6.960002e-01	3.255311e+14	4.564298e+14	8.319747e+13	1.036598e+04	3.983458e+03	2.387320e+03	0	7.954666e-04
1.700000e+09	1.871016e+13	0.000000e+00	6.960002e-01	3.231978e+14	4.534733e+14	8.288215e+13	1.035286e+04	3.980941e+03	2.385812e+03	0	7.924421e-04
1.710000e+09	1.849782e+13	0.000000e+00	6.960002e-01	3.208929e+14	4.505508e+14	8.256881e+13	1.033983e+04	3.978440e+03	2.384313e+03	0	7.894330e-04
1.720000e+09	1.828815e+13	0.000000e+00	6.960002e-01	3.186161e+14	4.476619e+14	8.225742e+13	1.032689e+04	3.975955e+03	2.382824e+03	0	7.864390e-04
1.730000e+09	1.808111e+13	0.000000e+00	6.960002e-01	3.163669e+14	4.448059e+14	8.194797e+13	1.031405e+04	3.973486e+03	2.381344e+03	0	7.834598e-04
1.740000e+09	1.787664e+13	0.000000e+00	6.960002e-01	3.141447e+14	4.419824e+14	8.164045e+13	1.030129e+04	3.971032e+03	2.379873e+03	0	7.804954e-04
1.750000e+09	1.767470e+13	0.000000e+00	6.960002e-01	3.119492e+14	4.391908e+14	8.133484e+13	1.028863e+04	3.968593e+03	2.378412e+03	0	7.775454e-04
1.760000e+09	1.747525e+13	0.000000e+00	6.960002e-01	3.097799e+14	4.364306e+14	8.103113e+13	1.027605e+04	3.966170e+03	2.376959e+03	0	7.746096e-04
1.770000e+09	1.727825e+13	0.000000e+00	6.960002e-01	3.076362e+14	4.337013e+14	8.072930e+13	1.026356e+04	3.963761e+03	2.375516e+03	0	7.716879e-04
1.780000e+09	1.708366e+13	0.000000e+00	6.960002e-01	3.055180e+14	4.310023e+14	8.042934e+13	1.025116e+04	3.961367e+03	2.374081e+03	0	7.687799e-04
1.790000e+09	1.689143e+13	0.000000e+00	6.960002e-01	3.034246e+14	4.283333e+14	8.013123e+13	1.023884e+04	3.958987e+03	2.372655e+03	0	7.658855e-04
1.800000e+09	1.670153e+13	0.000000e+00	6.960002e-01	3.013557e+14	4.256937e+14	7.983497e+13	1.022661e+04	3.956622e+03	2.371238e+03	0	7.630046e-04
1.810000e+09	1.651391e+13	0.000000e+00	6.960002e-01	2.993109e+14	4.230830e+14	7.954054e+13	1.021446e+04	3.954272e+03	2.369829e+03	0	7.601368e-04
1.820000e+09	1.632855e+13	0.000000e+00	6.960002e-01	2.972897e+14	4.205009e+14	7.924792e+13	1.020239e+04	3.951935e+03	2.368429e+03	0	7.572819e-04
1.830000e+09	1.614540e+13	0.000000e+00	6.960002e-01	2.952919e+14	4.179468e+14	7.895710e+13	1.019040e+04	3.949613e+03	2.367037e+03	0	7.544399e-04
1.840000e+09	1.596442e+13	0.000000e+00	6.960002e-01	2.933170e+14	4.154203e+14	7.866806e+13	1.017849e+04	3.947304e+03	2.365653e+03	0	7.516105e-04
1.850000e+09	1.578559e+13	0.000000e+00	6.960002e-01	2.913647e+14	4.129211e+14	7.838081e+13	1.016667e+04	3.945008e+03	2.364277e+03	0	7.487934e-04
1.860000e+09	1.560886e+13	0.000000e+00	6.960002e-01	2.894346e+14	4.104486e+14	7.809531e+13	1.015492e+04	3.942727e+03	2.362910e+03	0	7.459885e-04
1.870000e+09	1.543421e+13	0.000000e+00	6.960002e-01	2.875263e+14	4.080024e+14	7.781156e+13	1.014325e+04	3.940458e+03	2.361551e+03	0	7.431957e-04
1.880000e+09	1.526159e+13	0.000000e+00	6.960002e-01	2.856396e+14	4.055823e+14	7.752955e+13	1.013165e+04	3.938203e+03	2.360199e+03	0	7.404146e-04
1.890000e+09	1.509098e+13	0.000000e+00	6.960002e-01	2.837740e+14	4.031877e+14	7.724926e+13	1.012013e+04	3.935961e+03	2.358855e+03	0	7.376452e-04
1.900000e+09	1.492234e+13	0.000000e+00	6.960002e-01	2.819292e+14	4.008182e+14	7.697068e+13	1.010869e+04	3.933732e+03	2.357519e+03	0	7.348873e-04
1.910000e+09	1.475565e+13	0.000000e+00	6.960002e-01	2.801049e+14	3.984736e+14	7.669380e+13	1.009732e+04	3.931516e+03	2.356191e+03	0	7.321406e-04
1.920000e+09	1.459087e+13	0.000000e+00	6.960002e-01	2.783008e+14	3.961534e+14	7.641860e+13	1.008603e+04	3.929312e+03	2.354871e+03	0	7.294051e-04
1.930000e+09	1.442797e+13	0.000000e+00	6.960002e-01	2.765166e+14	3.938573e+14	7.614507e+13	1.007480e+04	3.927121e+03	2.353558e+03	0	7.266804e-04
1.940000e+09	1.426692e+13	0.000000e+00	6.960002e-01	2.747519e+14	3.915848e+14	7.587320e+13	1.006365e+04	3.924943e+03	2.352252e+03	0	7.239666e-04
1.950000e+09	1.410770e+13	0.000000e+00	6.960002e-01	2.730065e+14	3.893358e+14	7.560298e+13	1.005257e+04	3.922776e+03	2.350954e+03	0	7.212632e-04
1.960000e+09	1.395027e+13	0.000000e+00	6.960002e-01	2.712801e+14	3.871097e+14	7.533440e+13	1.004156e+04	3.920622e+03	2.349663e+03	0	7.185703e-04
1.970000e+09	1.379461e+13	0.000000e+00	6.960002e-01	2.695723e+14	3.849063e+14	7.506744e+13	1.003062e+04	3.918480e+03	2.348379e+03	0	7.158877e-04
1.980000e+09	1.364069e+13	0.000000e+00	6.960002e-01	2.678829e+14	3.827253e+14	7.480209e+13	1.001975e+04	3.916350e+03	2.347102e+03	0	7.132151e-04
1.990000e+09	1.348849e+13	0.000000e+00	6.960002e-01	2.662117e+14	3.805662e+14	7.453834e+13	1.000895e+04	3.914231e+03	2.345832e+03	0	7.105524e-04
2.000000e+09	1.333797e+13	0.000000e+00	6.960002e-01	2.645583e+14	3.784289e+14	7.427618e+13	9.998210e+03	3.912125e+03	2.344570e+03	0	7.078995e-04
2.010000e+09	1.318911e+13	0.000000e+00	6.960002e-01	2.629225e+14	3.763130e+14	7.401560e+13	9.987540e+03	3.910030e+03	2.343314e+03	0	7.052562e-04
2.020000e+09	1.304189e+13	0.000000e+00	6.960002e-01	2.613039e+14	3.742181e+14	7.375658e+13	9.976936e+03	3.907946e+03	2.342065e+03	0	7.026223e-04
2.030000e+09	1.289628e+13	0.000000e+00	6.960002e-01	2.597025e+14	3.721440e+14	7.349911e+13	9.966397e+03	3.905873e+03	2.340823e+03	0	6.999976e-04
2.040000e+09	1.275226e+13	0.000000e+00	6.960002e-01	2.581178e+14	3.700904e+14	7.324319e+13	9.955923e+03	3.903812e+03	2.339588e+03	0	6.973821e-04
2.050000e+09	1.260980e+13	0.000000e+00	6.960002e-01	2.565497e+14	3.680570e+14	7.298879e+13	9.945512e+03	3.901762e+03	2.338360e+03	0	6.947755e-04
2.060000e+09	1.246889e+13	0.000000e+00	6.960002e-01	2.549979e+14	3.660435e+14	7.273592e+13	9.935164e+03	3.899723e+03	2.337138e+03	0	6.921778e-04
2.070000e+09	1.232949e+13	0.000000e+00	6.960002e-01	2.534622e+14	3.640496e+14	7.248456e+13	9.924879e+03	3.897695e+03	2.335922e+03	0	6.895886e-04
2.080000e+09	1.219159e+13	0.000000e+00	6.960002e-01	2.519424e+14	3.620751e+14	7.223469e+13	9.914656e+03	3.895678e+03	2.334713e+03	0	6.870080e-04
2.090000e+09	1.205516e+13	0.000000e+00	6.960002e-01	2.504381e+14	3.601197e+14	7.198631e+13	9.904494e+03	3.893671e+03	2.333510e+03	0	6.844358e-04
2.100000e+09	1.192018e+13	0.000000e+00	6.960002e-01	2.489492e+14	3.581831e+14	7.173941e+13	9.894392e+03	3.891675e+03	2.332314e+03	0	6.818717e-04
2.110000e+09	1.178663e+13	0.000000e+00	6.960002e-01	2.474755e+14	3.562651e+14	7.149397e+13	9.884350e+03	3.889689e+03	2.331124e+03	0	6.793157e-04
2.120000e+09	1.165450e+13	0.000000e+00	6.960002e-01	2.460168e+14	3.543653e+14	7.124998e+13	9.874368e+03	3.887714e+03	2.329940e+03	0	6.767676e-04
2.130000e+09	1.152375e+13	0.000000e+00	6.960002e-01	2.445728e+14	3.524837e+14	7.100744e+13	9.864445e+03	3.885749e+03	2.328763e+03	0	6.742273e-04
2.140000e+09	1.139437e+13	0.000000e+00	6.960002e-01	2.431433e+14	3.506198e+14	7.076634e+13	9.854579e+03	3.883795e+03	2.327591e+03	0	6.716946e-04
2.150000e+09	1.126634e+13	0.000000e+00	6.960002e-01	2.417281e+14	3.487735e+14	7.052665e+13	9.844771e+03	3.881850e+03	2.326426e+03	0	6.691694e-04
2.160000e+09	1.113965e+13	0.000000e+00	6.960002e-01	2.403271e+14	3.469446e+14	7.028838e+13	9.835020e+03	3.879915e+03	2.325267e+03	0	6.666515e-04
2.170000e+09	1.101426e+13	0.000000e+00	6.960002e-01	2.389399e+14	3.451327e+14	7.005152e+13	9.825326e+03	3.877991e+03	2.324113e+03	0	6.641408e-04
2.180000e+09	1.089017e+13	0.000000e+00	6.960002e-01	2.375665e+14	3.433378e+14	6.981604e+13	9.815687e+03	3.876076e+03	2.322965e+03	0	6.616372e-04
2.190000e+09	1.076735e+13	0.000000e+00	6.960002e-01	2.362067e+14	3.415595e+14	6.958195e+13	9.806104e+03	3.874171e+03	2.321824e+03	0	6.591405e-04
2.200000e+09	1.064579e+13	0.000000e+00	6.960002e-01	2.348602e+14	3.397976e+14	6.934923e+13	9.796575e+03	3.872275e+03	2.320688e+03	0	6.566506e-04
2.210000e+09	1.052547e+13	0.000000e+00	6.960002e-01	2.335268e+14	3.380519e+14	6.911787e+13	9.787101e+03	3.870389e+03	2.319557e+03	0	6.541673e-04
2.220000e+09	1.040636e+13	0.000000e+00	6.960002e-01	2.322065e+14	3.363222e+14	6.888787e+13	9.777680e+03	3.868513e+03	2.318433e+03	0	6.516905e-04
2.230000e+09	1.028847e+13	0.000000e+00	6.960002e-01	2.308989e+14	3.346083e+14	6.865921e+13	9.768312e+03	3.866645e+03	2.317314e+03	0	6.492201e-04
2.240000e+09	1.017176e+13	0.000000e+00	6.960002e-01	2.296040e+14	3.329100e+14	6.843188e+13	9.758997e+03	3.864788e+03	2.316200e+03	0	6.467560e-04
2.250000e+09	1.005623e+13	0.000000e+00	6.960002e-01	2.283215e+14	3.312270e+14	6.820588e+13	9.749735e+03	3.862939e+03	2.315092e+03	0	6.442979e-04
2.260000e+09	9.941846e+12	0.000000e+00	6.960002e-01	2.270514e+14	3.295593e+14	6.798119e+13	9.740523e+03	3.861100e+03	2.313990e+03	0	6.418459e-04
2.270000e+09	9.828606e+12	0.000000e+00	6.960002e-01	2.257933e+14	3.279065e+14	6.775781e+13	9.731363e+03	3.859269e+03	2.312893e+03	0	6.393996e-04
2.280000e+09	9.716490e+12	0.000000e+00	6.960002e-01	2.245473e+14	3.262685e+14	6.753572e+13	9.722254e+03	3.857448e+03	2.311801e+03	0	6.369591e-04
2.290000e+09	9.605483e+12	0.000000e+00	6.960002e-01	2.233130e+14	3.246452e+14	6.731492e+13	9.713195e+03	3.855635e+03	2.310715e+03	0	6.345241e-04
2.300000e+09	9.495570e+12	0.000000e+00	6.960002e-01	2.220904e+14	3.230362e+14	6.709539e+13	9.704185e+03	3.853831e+03	2.309634e+03	0	6.320946e-04
2.310000e+09	9.386736e+12	0.000000e+00	6.960002e-01	2.208792e+14	3.214415e+14	6.687714e+13	9.695225e+03	3.852036e+03	2.308558e+03	0	6.296704e-04
2.320000e+09	9.278967e+12	0.000000e+00	6.960002e-01	2.196794e+14	3.198608e+14	6.666014e+13	9.686314e+03	3.850250e+03	2.307488e+03	0	6.272514e-04
2.330000e+09	9.172249e+12	0.000000e+00	6.960002e-01	2.184908e+14	3.182940e+14	6.644439e+13	9.677451e+03	3.848472e+03	2.306422e+03	0	6.248374e-04
2.340000e+09	9.066567e+12	0.000000e+00	6.960002e-01	2.173133e+14	3.167409e+14	6.622989e+13	9.668635e+03	3.846703e+03	2.305362e+03	0	6.224283e-04
2.350000e+09	8.961907e+12	0.000000e+00	6.960002e-01	2.161466e+14	3.152013e+14	6.601662e+13	9.659867e+03	3.844942e+03	2.304307e+03	0	6.200241e-04
2.360000e+09	8.858257e+12	0.000000e+00	6.960002e-01	2.149908e+14	3.136751e+14	6.580457e+13	9.651147e+03	3.843189e+03	2.303256e+03	0	6.176245e-04
2.370000e+09	8.755602e+12	0.000000e+00	6.960002e-01	2.138455e+14	3.121621e+14	6.559373e+13	9.642472e+03	3.841445e+03	2.302211e+03	0	6.152294e-04
2.380000e+09	8.653930e+12	0.000000e+00	6.960002e-01	2.127107e+14	3.106621e+14	6.538410e+13	9.633844e+03	3.839709e+03	2.301171e+03	0	6.128387e-04
2.390000e+09	8.553228e+12	0.000000e+00	6.960002e-01	2.115862e+14	3.091750e+14	6.517567e+13	9.625262e+03	3.837981e+03	2.300135e+03	0	6.104523e-04
2.400000e+09	8.453484e+12	0.000000e+00	6.960002e-01	2.104720e+14	3.077006e+14	6.496843e+13	9.616724e+03	3.836262e+03	2.299104e+03	0	6.080701e-04
2.410000e+09	8.354684e+12	0.000000e+00	6.960002e-01	2.093679e+14	3.062388e+14	6.476237e+13	9.608232e+03	3.834550e+03	2.298079e+03	0	6.056919e-04
2.420000e+09	8.256816e+12	0.000000e+00	6.960002e-01	2.082737e+14	3.047894e+14	6.455748e+13	9.599784e+03	3.832846e+03	2.297058e+03	0	6.033175e-04
2.430000e+09	8.159869e+12	0.000000e+00	6.960002e-01	2.071893e+14	3.033522e+14	6.435375e+13	9.591380e+03	3.831150e+03	2.296041e+03	0	6.009469e-04
2.440000e+09	8.063831e+12	0.000000e+00	6.960002e-01	2.061147e+14	3.019272e+14	6.415119e+13	9.583020e+03	3.829462e+03	2.295029e+03	0	5.985800e-04
2.450000e+09	7.968689e+12	0.000000e+00	6.960002e-01	2.050496e+14	3.005141e+14	6.394976e+13	9.574704e+03	3.827782e+03	2.294022e+03	0	5.962166e-04
2.460000e+09	7.874433e+12	0.000000e+00	6.960002e-01	2.039940e+14	2.991128e+14	6.374948e+13	9.566430e+03	3.826109e+03	2.293020e+03	0	5.938565e-04
2.470000e+09	7.781052e+12	0.000000e+00	6.960002e-01	2.029477e+14	2.977232e+14	6.355033e+13	9.558198e+03	3.824444e+03	2.292022e+03	0	5.914997e-04
2.480000e+09	7.688533e+12	0.000000e+00	6.960002e-01	2.019107e+14	2.963452e+14	6.335231e+13	9.550009e+03	3.822787e+03	2.291029e+03	0	5.891460e-04
2.490000e+09	7.596867e+12	0.000000e+00	6.960002e-01	2.008828e+14	2.949785e+14	6.315540e+13	9.541862e+03	3.821137e+03	2.290040e+03	0	5.867952e-04
2.500000e+09	7.506043e+12	0.000000e+00	6.960002e-01	1.998639e+14	2.936232e+14	6.295959e+13	9.533756e+03	3.819494e+03	2.289056e+03	0	5.844474e-04
2.510000e+09	7.416049e+12	0.000000e+00	6.960002e-01	1.988538e+14	2.922789e+14	6.276489e+13	9.525691e+03	3.817859e+03	2.288076e+03	0	5.821022e-04
2.520000e+09	7.326876e+12	0.000000e+00	6.960002e-01	1.978526e+14	2.909457e+14	6.257128e+13	9.517666e+03	3.816231e+03	2.287100e+03	0	5.797597e-04
2.530000e+09	7.238513e+12	0.000000e+00	6.960002e-01	1.968600e+14	2.896233e+14	6.237875e+13	9.509682e+03	3.814611e+03	2.286129e+03	0	5.774196e-04
2.540000e+09	7.150951e+12	0.000000e+00	6.960002e-01	1.958760e+14	2.883117e+14	6.218731e+13	9.501738e+03	3.812997e+03	2.285162e+03	0	5.750819e-04
2.550000e+09	7.064179e+12	0.000000e+00	6.960002e-01	1.949005e+14	2.870107e+14	6.199693e+13	9.493834e+03	3.811391e+03	2.284199e+03	0	5.727463e-04
2.560000e+09	6.978188e+12	0.000000e+00	6.960002e-01	1.939333e+14	2.857203e+14	6.180761e+13	9.485969e+03	3.809792e+03	2.283241e+03	0	5.704128e-04
2.570000e+09	6.892967e+12	0.000000e+00	6.960002e-01	1.929744e+14	2.844402e+14	6.161935e+13	9.478143e+03	3.808200e+03	2.282287e+03	0	5.680813e-04
2.580000e+09	6.808509e+12	0.000000e+00	6.960002e-01	1.920236e+14	2.831703e+14	6.143213e+13	9.470355e+03	3.806615e+03	2.281337e+03	0	5.657515e-04
2.590000e+09	6.724802e+12	0.000000e+00	6.960002e-01	1.910809e+14	2.819106e+14	6.124596e+13	9.462606e+03	3.805037e+03	2.280391e+03	0	5.634234e-04
2.600000e+09	6.641839e+12	0.000000e+00	6.960002e-01	1.901462e+14	2.806610e+14	6.106081e+13	9.454895e+03	3.803465e+03	2.279449e+03	0	5.610969e-04
2.610000e+09	6.559610e+12	0.000000e+00	6.960002e-01	1.892193e+14	2.794212e+14	6.087670e+13	9.447221e+03	3.801901e+03	2.278512e+03	0	5.587717e-04
2.620000e+09	6.478107e+12	0.000000e+00	6.960002e-01	1.883002e+14	2.781913e+14	6.069360e+13	9.439585e+03	3.800343e+03	2.277578e+03	0	5.564478e-04
2.630000e+09	6.397320e+12	0.000000e+00	6.960002e-01	1.873889e+14	2.769710e+14	6.051151e+13	9.431986e+03	3.798792e+03	2.276649e+03	0	5.541250e-04
2.640000e+09	6.317240e+12	0.000000e+00	6.960002e-01	1.864851e+14	2.757604e+14	6.033043e+13	9.424424e+03	3.797248e+03	2.275723e+03	0	5.518032e-04
2.650000e+09	6.237861e+12	0.000000e+00	6.960002e-01	1.855888e+14	2.745592e+14	6.015034e+13	9.416898e+03	3.795710e+03	2.274802e+03	0	5.494822e-04
2.660000e+09	6.159172e+12	0.000000e+00	6.960002e-01	1.846999e+14	2.733673e+14	5.997125e+13	9.409408e+03	3.794179e+03	2.273884e+03	0	5.471619e-04
2.670000e+09	6.081166e+12	0.000000e+00	6.960002e-01	1.838184e+14	2.721848e+14	5.979314e+13	9.401954e+03	3.792654e+03	2.272970e+03	0	5.448421e-04
2.680000e+09	6.003836e+12	0.000000e+00	6.960002e-01	1.829441e+14	2.710114e+14	5.961600e+13	9.394535e+03	3.791136e+03	2.272060e+03	0	5.425228e-04
2.690000e+09	5.927172e+12	0.000000e+00	6.960002e-01	1.820770e+14	2.698471e+14	5.943983e+13	9.387152e+03	3.789624e+03	2.271154e+03	0	5.402037e-04
2.700000e+09	5.851167e+12	0.000000e+00	6.960002e-01	1.812170e+14	2.686917e+14	5.926463e+13	9.379803e+03	3.788119e+03	2.270252e+03	0	5.378847e-04
2.710000e+09	5.775813e+12	0.000000e+00	6.960002e-01	1.803639e+14	2.675452e+14	5.909039e+13	9.372489e+03	3.786620e+03	2.269354e+03	0	5.355657e-04
2.720000e+09	5.701104e+12	0.000000e+00	6.960002e-01	1.795178e+14	2.664075e+14	5.891709e+13	9.365210e+03	3.785127e+03	2.268459e+03	0	5.332465e-04
2.730000e+09	5.627030e+12	0.000000e+00	6.960002e-01	1.786785e+14	2.652784e+14	5.874474e+13	9.357965e+03	3.783640e+03	2.267568e+03	0	5.309270e-04
2.740000e+09	5.553585e+12	0.000000e+00	6.960002e-01	1.778460e+14	2.641580e+14	5.857332e+13	9.350753e+03	3.782160e+03	2.266681e+03	0	5.286070e-04
2.750000e+09	5.480762e+12	0.000000e+00	6.960002e-01	1.770202e+14	2.630460e+14	5.840284e+13	9.343575e+03	3.780686e+03	2.265797e+03	0	5.262863e-04
2.760000e+09	5.408552e+12	0.000000e+00	6.960002e-01	1.762010e+14	2.619424e+14	5.823328e+13	9.336431e+03	3.779217e+03	2.264917e+03	0	5.239648e-04
2.770000e+09	5.336951e+12	0.000000e+00	6.960002e-01	1.753883e+14	2.608471e+14	5.806464e+13	9.329319e+03	3.777755e+03	2.264041e+03	0	5.216423e-04
2.780000e+09	5.265949e+12	0.000000e+00	6.960002e-01	1.745821e+14	2.597600e+14	5.789690e+13	9.322240e+03	3.776299e+03	2.263168e+03	0	5.193187e-04
2.790000e+09	5.195541e+12	0.000000e+00	6.960002e-01	1.737823e+14	2.586810e+14	5.773008e+13	9.315194e+03	3.774849e+03	2.262299e+03	0	5.169938e-04
2.800000e+09	5.125720e+12	0.000000e+00	6.960002e-01	1.729888e+14	2.576101e+14	5.756415e+13	9.308180e+03	3.773404e+03	2.261434e+03	0	5.146674e-04
2.810000e+09	5.056479e+12	0.000000e+00	6.960002e-01	1.722015e+14	2.565472e+14	5.739912e+13	9.301198e+03	3.771966e+03	2.260571e+03	0	5.123394e-04
2.820000e+09	4.987811e+12	0.000000e+00	6.960002e-01	1.714204e+14	2.554921e+14	5.723497e+13	9.294247e+03	3.770533e+03	2.259713e+03	0	5.100096e-04
2.830000e+09	4.919710e+12	0.000000e+00	6.960002e-01	1.706455e+14	2.544448e+14	5.707170e+13	9.287328e+03	3.769106e+03	2.258858e+03	0	5.076779e-04
2.840000e+09	4.852170e+12	0.000000e+00	6.960002e-01	1.698765e+14	2.534052e+14	5.690931e+13	9.280440e+03	3.767685e+03	2.258006e+03	0	5.053439e-04
2.850000e+09	4.785184e+12	0.000000e+00	6.960002e-01	1.691136e+14	2.523732e+14	5.674779e+13	9.273584e+03	3.766270e+03	2.257158e+03	0	5.030077e-04
2.860000e+09	4.718746e+12	0.000000e+00	6.960002e-01	1.683566e+14	2.513488e+14	5.658712e+13	9.266758e+03	3.764860e+03	2.256313e+03	0	5.006689e-04
2.870000e+09	4.652850e+12	0.000000e+00	6.960002e-01	1.676054e+14	2.503318e+14	5.642732e+13	9.259962e+03	3.763456e+03	2.255471e+03	0	4.983274e-04
2.880000e+09	4.587490e+12	0.000000e+00	6.960002e-01	1.668600e+14	2.493223e+14	5.626837e+13	9.253197e+03	3.762057e+03	2.254633e+03	0	4.959830e-04
2.890000e+09	4.522661e+12	0.000000e+00	6.960002e-01	1.661203e+14	2.483200e+14	5.611026e+13	9.246462e+03	3.760664e+03	2.253798e+03	0	4.936355e-04
2.900000e+09	4.458355e+12	0.000000e+00	6.960002e-01	1.653863e+14	2.473250e+14	5.595299e+13	9.239756e+03	3.759277e+03	2.252967e+03	0	4.912847e-04
2.910000e+09	4.394568e+12	0.000000e+00	6.960002e-01	1.646578e+14	2.463372e+14	5.579656e+13	9.233081e+03	3.757895e+03	2.252138e+03	0	4.889305e-04
2.920000e+09	4.331293e+12	0.000000e+00	6.960002e-01	1.639350e+14	2.453564e+14	5.564095e+13	9.226434e+03	3.756518e+03	2.251313e+03	0	4.865725e-04
2.930000e+09	4.268526e+12	0.000000e+00	6.960002e-01	1.632176e+14	2.443827e+14	5.548616e+13	9.219817e+03	3.755147e+03	2.250492e+03	0	4.842107e-04
2.940000e+09	4.206260e+12	0.000000e+00	6.960002e-01	1.625056e+14	2.434159e+14	5.533220e+13	9.213229e+03	3.753781e+03	2.249673e+03	0	4.818447e-04
2.950000e+09	4.144491e+12	0.000000e+00	6.960002e-01	1.617989e+14	2.424559e+14	5.517904e+13	9.206669e+03	3.752420e+03	2.248858e+03	0	4.794744e-04
2.960000e+09	4.083212e+12	0.000000e+00	6.960002e-01	1.610976e+14	2.415028e+14	5.502669e+13	9.200138e+03	3.751065e+03	2.248045e+03	0	4.770996e-04
2.970000e+09	4.022418e+12	0.000000e+00	6.960002e-01	1.604016e+14	2.405564e+14	5.487514e+13	9.193635e+03	3.749715e+03	2.247236e+03	0	4.747199e-04
2.980000e+09	3.962105e+12	0.000000e+00	6.960002e-01	1.597107e+14	2.396167e+14	5.472439e+13	9.187160e+03	3.748370e+03	2.246430e+03	0	4.723353e-04
2.990000e+09	3.902267e+12	0.000000e+00	6.960002e-01	1.590250e+14	2.386836e+14	5.457442e+13	9.180713e+03	3.747030e+03	2.245627e+03	0	4.699454e-04
3.000000e+09	3.842899e+12	0.000000e+00	6.960002e-01	1.583443e+14	2.377571e+14	5.442524e+13	9.174293e+03	3.745696e+03	2.244827e+03	0	4.675500e-04
3.010000e+09	3.783996e+12	0.000000e+00	6.960002e-01	1.576687e+14	2.368370e+14	5.427684e+13	9.167902e+03	3.744366e+03	2.244031e+03	0	4.651488e-04
3.020000e+09	3.725552e+12	0.000000e+00	6.960002e-01	1.569981e+14	2.359233e+14	5.412922e+13	9.161537e+03	3.743042e+03	2.243237e+03	0	4.627417e-04
3.030000e+09	3.667564e+12	0.000000e+00	6.960002e-01	1.563323e+14	2.350159e+14	5.398236e+13	9.155199e+03	3.741722e+03	2.242446e+03	0	4.603283e-04
3.040000e+09	3.610026e+12	0.000000e+00	6.960002e-01	1.556715e+14	2.341149e+14	5.383626e+13	9.148888e+03	3.740408e+03	2.241658e+03	0	4.579083e-04
3.050000e+09	3.552934e+12	0.000000e+00	6.960002e-01	1.550155e+14	2.332200e+14	5.369093e+13	9.142604e+03	3.739098e+03	2.240874e+03	0	4.554815e-04
3.060000e+09	3.496282e+12	0.000000e+00	6.960002e-01	1.543643e+14	2.323313e+14	5.354634e+13	9.136346e+03	3.737794e+03	2.240092e+03	0	4.530477e-04
3.070000e+09	3.440067e+12	0.000000e+00	6.960002e-01	1.537178e+14	2.314487e+14	5.340251e+13	9.130115e+03	3.736494e+03	2.239313e+03	0	4.506064e-04
3.080000e+09	3.384283e+12	0.000000e+00	6.960002e-01	1.530760e+14	2.305722e+14	5.325942e+13	9.123909e+03	3.735200e+03	2.238537e+03	0	4.481575e-04
3.090000e+09	3.328926e+12	0.000000e+00	6.960002e-01	1.524388e+14	2.297016e+14	5.311707e+13	9.117730e+03	3.733910e+03	2.237764e+03	0	4.457005e-04
3.100000e+09	3.273993e+12	0.000000e+00	6.960002e-01	1.518062e+14	2.288370e+14	5.297545e+13	9.111576e+03	3.732624e+03	2.236994e+03	0	4.432353e-04
3.110000e+09	3.219477e+12	0.000000e+00	6.960002e-01	1.511781e+14	2.279782e+14	5.283455e+13	9.105448e+03	3.731344e+03	2.236227e+03	0	4.407613e-04
3.120000e+09	3.165375e+12	0.000000e+00	6.960002e-01	1.505545e+14	2.271252e+14	5.269439e+13	9.099344e+03	3.730069e+03	2.235462e+03	0	4.382785e-04
3.130000e+09	3.111683e+12	0.000000e+00	6.960002e-01	1.499354e+14	2.262780e+14	5.255494e+13	9.093267e+03	3.728798e+03	2.234700e+03	0	4.357863e-04
3.140000e+09	3.058397e+12	0.000000e+00	6.960002e-01	1.493207e+14	2.254365e+14	5.241620e+13	9.087214e+03	3.727531e+03	2.233942e+03	0	4.332844e-04
3.150000e+09	3.005512e+12	0.000000e+00	6.960002e-01	1.487103e+14	2.246006e+14	5.227818e+13	9.081185e+03	3.726270e+03	2.233185e+03	0	4.307724e-04
3.160000e+09	2.953024e+12	0.000000e+00	6.960002e-01	1.481043e+14	2.237703e+14	5.214086e+13	9.075182e+03	3.725013e+03	2.232432e+03	0	4.282500e-04
3.170000e+09	2.900929e+12	0.000000e+00	6.960002e-01	1.475025e+14	2.229455e+14	5.200424e+13	9.069203e+03	3.723761e+03	2.231682e+03	0	4.257168e-04
3.180000e+09	2.849223e+12	0.000000e+00	6.960002e-01	1.469050e+14	2.221263e+14	5.186831e+13	9.063248e+03	3.722513e+03	2.230934e+03	0	4.231723e-04
3.190000e+09	2.797903e+12	0.000000e+00	6.960002e-01	1.463116e+14	2.213124e+14	5.173308e+13	9.057317e+03	3.721269e+03	2.230189e+03	0	4.206161e-04
3.200000e+09	2.746964e+12	0.000000e+00	6.960002e-01	1.457224e+14	2.205040e+14	5.159853e+13	9.051410e+03	3.720031e+03	2.229446e+03	0	4.180479e-04
3.210000e+09	2.696402e+12	0.000000e+00	6.960002e-01	1.451373e+14	2.197008e+14	5.146466e+13	9.045527e+03	3.718796e+03	2.228706e+03	0	4.154671e-04
3.220000e+09	2.646214e+12	0.000000e+00	6.960002e-01	1.445562e+14	2.189030e+14	5.133147e+13	9.039667e+03	3.717566e+03	2.227969e+03	0	4.128732e-04
3.230000e+09	2.596396e+12	0.000000e+00	6.960002e-01	1.439792e+14	2.181103e+14	5.119896e+13	9.033831e+03	3.716341e+03	2.227235e+03	0	4.102659e-04
3.240000e+09	2.546944e+12	0.000000e+00	6.960002e-01	1.434062e+14	2.173229e+14	5.106711e+13	9.028019e+03	3.715120e+03	2.226503e+03	0	4.076445e-04
3.250000e+09	2.497855e+12	0.000000e+00	6.960002e-01	1.428371e+14	2.165406e+14	5.093592e+13	9.022229e+03	3.713903e+03	2.225774e+03	0	4.050085e-04
3.260000e+09	2.449125e+12	0.000000e+00	6.960002e-01	1.422719e+14	2.157634e+14	5.080540e+13	9.016462e+03	3.712691e+03	2.225047e+03	0	4.023574e-04
3.270000e+09	2.400750e+12	0.000000e+00	6.960002e-01	1.417106e+14	2.149912e+14	5.067553e+13	9.010718e+03	3.711483e+03	2.224323e+03	0	3.996907e-04
3.280000e+09	2.352727e+12	0.000000e+00	6.960002e-01	1.411531e+14	2.142240e+14	5.054631e+13	9.004997e+03	3.710279e+03	2.223602e+03	0	3.970077e-04
3.290000e+09	2.305052e+12	0.000000e+00	6.960002e-01	1.405994e+14	2.134618e+14	5.041773e+13	8.999298e+03	3.709079e+03	2.222883e+03	0	3.943078e-04
3.300000e+09	2.257723e+12	0.000000e+00	6.960002e-01	1.400495e+14	2.127044e+14	5.028980e+13	8.993621e+03	3.707884e+03	2.222167e+03	0	3.915903e-04
3.310000e+09	2.210735e+12	0.000000e+00	6.960002e-01	1.395033e+14	2.119519e+14	5.016251e+13	8.987967e+03	3.706693e+03	2.221453e+03	0	3.888546e-04
3.320000e+09	2.164085e+12	0.000000e+00	6.960002e-01	1.389608e+14	2.112043e+14	5.003585e+13	8.982334e+03	3.705506e+03	2.220741e+03	0	3.861000e-04
3.330000e+09	2.117770e+12	0.000000e+00	6.960002e-01	1.384219e+14	2.104614e+14	4.990982e+13	8.976724e+03	3.704323e+03	2.220033e+03	0	3.833258e-04
3.340000e+09	2.071787e+12	0.000000e+00	6.960002e-01	1.378867e+14	2.097232e+14	4.978442e+13	8.971135e+03	3.703144e+03	2.219326e+03	0	3.805311e-04
3.350000e+09	2.026132e+12	0.000000e+00	6.960002e-01	1.373551e+14	2.089897e+14	4.965963e+13	8.965568e+03	3.701970e+03	2.218622e+03	0	3.777151e-04
3.360000e+09	1.980803e+12	0.000000e+00	6.960002e-01	1.368270e+14	2.082608e+14	4.953547e+13	8.960022e+03	3.700799e+03	2.217921e+03	0	3.748770e-04
3.370000e+09	1.935796e+12	0.000000e+00	6.960002e-01	1.363024e+14	2.075366e+14	4.941192e+13	8.954498e+03	3.699633e+03	2.217222e+03	0	3.720160e-04
3.380000e+09	1.891108e+12	0.000000e+00	6.960002e-01	1.357813e+14	2.068169e+14	4.928898e+13	8.948994e+03	3.698470e+03	2.216525e+03	0	3.691310e-04
3.390000e+09	1.846736e+12	0.000000e+00	6.960002e-01	1.352636e+14	2.061017e+14	4.916664e+13	8.943512e+03	3.697312e+03	2.215831e+03	0	3.662211e-04
3.400000e+09	1.802676e+12	0.000000e+00	6.960002e-01	1.347494e+14	2.053910e+14	4.904491e+13	8.938051e+03	3.696157e+03	2.215139e+03	0	3.632852e-04
3.410000e+09	1.758927e+12	0.000000e+00	6.960002e-01	1.342385e+14	2.046847e+14	4.892377e+13	8.932610e+03	3.695007e+03	2.214449e+03	0	3.603222e-04
3.420000e+09	1.715485e+12	0.000000e+00	6.960002e-01	1.337310e+14	2.039829e+14	4.880323e+13	8.927190e+03	3.693860e+03	2.213762e+03	0	3.573310e-04
3.430000e+09	1.672347e+12	0.000000e+00	6.960002e-01	1.332269e+14	2.032853e+14	4.868327e+13	8.921790e+03	3.692717e+03	2.213077e+03	0	3.543104e-04
3.440000e+09	1.629510e+12	0.000000e+00	6.960002e-01	1.327260e+14	2.025922e+14	4.856391e+13	8.916411e+03	3.691578e+03	2.212395e+03	0	3.512589e-04
3.450000e+09	1.586971e+12	0.000000e+00	6.960002e-01	1.322284e+14	2.019032e+14	4.844512e+13	8.911052e+03	3.690443e+03	2.211714e+03	0	3.481754e-04
3.460000e+09	1.544728e+12	0.000000e+00	6.960002e-01	1.317340e+14	2.012186e+14	4.832691e+13	8.905713e+03	3.689312e+03	2.211036e+03	0	3.450583e-04
3.470000e+09	1.502778e+12	0.000000e+00	6.960002e-01	1.312428e+14	2.005381e+14	4.820928e+13	8.900394e+03	3.688185e+03	2.210361e+03	0	3.419060e-04
3.480000e+09	1.461118e+12	0.000000e+00	6.960002e-01	1.307549e+14	1.998618e+14	4.809222e+13	8.895095e+03	3.687061e+03	2.209687e+03	0	3.387169e-04
3.490000e+09	1.419745e+12	0.000000e+00	6.960002e-01	1.302700e+14	1.991897e+14	4.797573e+13	8.889815e+03	3.685941e+03	2.209016e+03	0	3.354892e-04
3.500000e+09	1.378656e+12	0.000000e+00	6.960002e-01	1.297883e+14	1.985216e+14	4.785980e+13	8.884555e+03	3.684825e+03	2.208347e+03	0	3.322210e-04
3.510000e+09	1.337850e+12	0.000000e+00	6.960002e-01	1.293096e+14	1.978576e+14	4.774443e+13	8.879314e+03	3.683713e+03	2.207681e+03	0	3.289104e-04
3.520000e+09	1.297323e+12	0.000000e+00	6.960002e-01	1.288340e+14	1.971977e+14	4.762962e+13	8.874093e+03	3.682604e+03	2.207016e+03	0	3.255551e-04
3.530000e+09	1.257073e+12	0.000000e+00	6.960002e-01	1.283615e+14	1.965417e+14	4.751536e+13	8.868891e+03	3.681499e+03	2.206354e+03	0	3.221528e-04
3.540000e+09	1.217097e+12	0.000000e+00	6.960002e-01	1.278919e+14	1.958897e+14	4.740165e+13	8.863708e+03	3.680398e+03	2.205694e+03	0	3.187010e-04
3.550000e+09	1.177393e+12	0.000000e+00	6.960002e-01	1.274254e+14	1.952416e+14	4.728849e+13	8.858544e+03	3.679301e+03	2.205036e+03	0	3.151971e-04
3.560000e+09	1.137957e+12	0.000000e+00	6.960002e-01	1.269617e+14	1.945974e+14	4.717587e+13	8.853398e+03	3.678206e+03	2.204381e+03	0	3.116380e-04
3.570000e+09	1.098789e+12	0.000000e+00	6.960002e-01	1.265010e+14	1.939571e+14	4.706379e+13	8.848272e+03	3.677116e+03	2.203727e+03	0	3.080206e-04
3.580000e+09	1.059885e+12	0.000000e+00	6.960002e-01	1.260433e+14	1.933206e+14	4.695224e+13	8.843164e+03	3.676029e+03	2.203076e+03	0	3.043416e-04
3.590000e+09	1.021242e+12	0.000000e+00	6.960002e-01	1.255883e+14	1.926879e+14	4.684123e+13	8.838074e+03	3.674946e+03	2.202427e+03	0	3.005970e-04
3.600000e+09	9.828596e+11	0.000000e+00	6.960002e-01	1.251363e+14	1.920589e+14	4.673074e+13	8.833003e+03	3.673866e+03	2.201779e+03	0	2.967829e-04
3.610000e+09	9.447339e+11	0.000000e+00	6.960002e-01	1.246870e+14	1.914337e+14	4.662078e+13	8.827950e+03	3.672790e+03	2.201134e+03	0	2.928947e-04
3.620000e+09	9.068630e+11	0.000000e+00	6.960002e-01	1.242406e+14	1.908121e+14	4.651134e+13	8.822915e+03	3.671717e+03	2.200491e+03	0	2.889276e-04
3.630000e+09	8.692446e+11	0.000000e+00	6.960002e-01	1.237969e+14	1.901943e+14	4.640242e+13	8.817898e+03	3.670648e+03	2.199851e+03	0	2.848759e-04
3.640000e+09	8.318764e+11	0.000000e+00	6.960002e-01	1.233560e+14	1.895801e+14	4.629402e+13	8.812899e+03	3.669582e+03	2.199212e+03	0	2.807338e-04
3.650000e+09	7.947562e+11	0.000000e+00	6.960002e-01	1.229178e+14	1.889694e+14	4.618613e+13	8.807918e+03	3.668519e+03	2.198575e+03	0	2.764944e-04
3.660000e+09	7.578818e+11	0.000000e+00	6.960002e-01	1.224823e+14	1.883624e+14	4.607874e+13	8.802954e+03	3.667460e+03	2.197940e+03	0	2.721503e-04
3.670000e+09	7.212509e+11	0.000000e+00	6.960002e-01	1.220494e+14	1.877589e+14	4.597187e+13	8.798008e+03	3.666405e+03	2.197308e+03	0	2.676931e-04
3.680000e+09	6.848614e+11	0.000000e+00	6.960002e-01	1.216193e+14	1.871589e+14	4.586549e+13	8.793080e+03	3.665352e+03	2.196677e+03	0	2.631132e-04
3.690000e+09	6.487111e+11	0.000000e+00	6.960002e-01	1.211917e+14	1.865624e+14	4.575962e+13	8.788169e+03	3.664303e+03	2.196048e+03	0	2.583998e-04
3.700000e+09	6.127979e+11	0.000000e+00	6.960002e-01	1.207668e+14	1.859694e+14	4.565424e+13	8.783275e+03	3.663258e+03	2.195422e+03	0	2.535406e-04
3.710000e+09	5.771197e+11	0.000000e+00	6.960002e-01	1.203445e+14	1.853798e+14	4.554935e+13	8.778398e+03	3.662216e+03	2.194797e+03	0	2.485213e-04
3.720000e+09	5.416744e+11	0.000000e+00	6.960002e-01	1.199247e+14	1.847935e+14	4.544495e+13	8.773538e+03	3.661177e+03	2.194175e+03	0	2.433256e-04
3.730000e+09	5.064601e+11	0.000000e+00	6.960002e-01	1.195074e+14	1.842107e+14	4.534104e+13	8.768695e+03	3.660141e+03	2.193554e+03	0	2.379342e-04
3.740000e+09	4.714745e+11	0.000000e+00	6.960002e-01	1.190927e+14	1.836312e+14	4.523762e+13	8.763869e+03	3.659109e+03	2.192935e+03	0	2.323242e-04
3.750000e+09	4.367159e+11	0.000000e+00	6.960002e-01	1.186805e+14	1.830551e+14	4.513467e+13	8.759060e+03	3.658079e+03	2.192318e+03	0	2.264686e-04
3.760000e+09	4.021820e+11	0.000000e+00	6.960002e-01	1.182708e+14	1.824822e+14	4.503220e+13	8.754267e+03	3.657054e+03	2.191704e+03	0	2.203346e-04
3.770000e+09	3.678711e+11	0.000000e+00	6.960002e-01	1.178635e+14	1.819126e+14	4.493021e+13	8.749491e+03	3.656031e+03	2.191091e+03	0	2.138817e-04
3.780000e+09	3.337811e+11	0.000000e+00	6.960002e-01	1.174587e+14	1.813462e+14	4.482869e+13	8.744732e+03	3.655011e+03	2.190480e+03	0	2.070597e-04
3.790000e+09	2.999101e+11	0.000000e+00	6.960002e-01	1.170562e+14	1.807830e+14	4.472764e+13	8.739988e+03	3.653995e+03	2.189871e+03	0	1.998046e-04
3.800000e+09	2.662563e+11	0.000000e+00	6.960002e-01	1.166562e+14	1.802231e+14	4.462705e+13	8.735261e+03	3.652982e+03	2.189263e+03	0	1.920326e-04
3.810000e+09	2.328177e+11	0.000000e+00	6.960002e-01	1.162585e+14	1.796663e+14	4.452693e+13	8.730550e+03	3.651972e+03	2.188658e+03	0	1.836315e-04
3.820000e+09	1.995926e+11	0.000000e+00	6.960002e-01	1.158632e+14	1.791126e+14	4.442726e+13	8.725855e+03	3.650965e+03	2.188055e+03	0	1.744442e-04
3.830000e+09	1.665790e+11	0.000000e+00	6.960002e-01	1.154702e+14	1.785620e+14	4.432806e+13	8.721176e+03	3.649961e+03	2.187453e+03	0	1.642411e-04
3.840000e+09	1.337751e+11	0.000000e+00	6.960002e-01	1.150796e+14	1.780145e+14	4.422931e+13	8.716513e+03	3.648960e+03	2.186853e+03	0	1.526629e-04
3.850000e+09	1.011792e+11	0.000000e+00	6.960002e-01	1.146912e+14	1.774701e+14	4.413100e+13	8.711866e+03	3.647963e+03	2.186255e+03	0	1.390931e-04
3.860000e+09	6.878943e+10	0.000000e+00	6.960002e-01	1.143052e+14	1.769287e+14	4.403315e+13	8.707234e+03	3.646968e+03	2.185659e+03	0	1.223063e-04
3.870000e+09	3.660411e+10	0.000000e+00	6.960002e-01	1.139213e+14	1.763904e+14	4.393575e+13	8.702618e+03	3.645977e+03	2.185065e+03	0	9.911020e-05
3.880000e+09	4.621455e+09	0.000000e+00	6.960002e-01	1.135397e+14	1.758550e+14	4.383878e+13	8.698017e+03	3.644988e+03	2.184473e+03	0	4.972040e-05
3.890000e+09	-2.716024e+10	0.000000e+00	6.960002e-01	1.131604e+14	1.753226e+14	4.374226e+13	8.693432e+03	3.644003e+03	2.183882e+03	0	nan
