#t		Qconv[W]	Ri[Rp]		R*[Rp]		Qc[W]		Qm[W]		Qr[W]		Tcmb[K]		Tl[K]		Tup[K]		RiFlag		Bs[T]
0.000000e+00	8.591060e+14	0.000000e+00	6.829271e-01	7.807062e+15	1.745018e+15	3.650652e+14	2.632889e+04	5.417954e+03	3.030491e+03	0	2.819810e-03
1.000000e+07	8.528490e+14	0.000000e+00	6.829271e-01	7.753596e+15	2.171566e+15	3.630424e+14	2.619739e+04	5.590782e+03	3.127161e+03	0	2.812948e-03
2.000000e+07	8.452027e+14	0.000000e+00	6.829271e-01	7.689953e+15	2.624008e+15	3.610348e+14	2.606679e+04	5.749784e+03	3.216097e+03	0	2.804516e-03
3.000000e+07	8.362381e+14	0.000000e+00	6.829271e-01	7.616667e+15	3.087184e+15	3.590422e+14	2.593725e+04	5.894159e+03	3.296852e+03	0	2.794566e-03
4.000000e+07	8.260613e+14	0.000000e+00	6.829271e-01	7.534526e+15	3.545792e+15	3.570645e+14	2.580893e+04	6.023551e+03	3.369226e+03	0	2.783183e-03
5.000000e+07	8.148049e+14	0.000000e+00	6.829271e-01	7.444515e+15	3.985913e+15	3.551015e+14	2.568199e+04	6.138037e+03	3.433263e+03	0	2.770483e-03
6.000000e+07	8.026181e+14	0.000000e+00	6.829271e-01	7.347740e+15	4.396113e+15	3.531532e+14	2.555655e+04	6.238077e+03	3.489220e+03	0	2.756601e-03
7.000000e+07	7.896577e+14	0.000000e+00	6.829271e-01	7.245361e+15	4.768039e+15	3.512194e+14	2.543273e+04	6.324438e+03	3.537525e+03	0	2.741683e-03
8.000000e+07	7.760790e+14	0.000000e+00	6.829271e-01	7.138528e+15	5.096516e+15	3.492999e+14	2.531063e+04	6.398112e+03	3.578734e+03	0	2.725877e-03
9.000000e+07	7.620298e+14	0.000000e+00	6.829271e-01	7.028332e+15	5.379265e+15	3.473947e+14	2.519031e+04	6.460223e+03	3.613475e+03	0	2.709328e-03
1.000000e+08	7.476458e+14	0.000000e+00	6.829271e-01	6.915776e+15	5.616398e+15	3.455037e+14	2.507184e+04	6.511958e+03	3.642413e+03	0	2.692173e-03
1.100000e+08	7.330480e+14	0.000000e+00	6.829271e-01	6.801751e+15	5.809820e+15	3.436267e+14	2.495525e+04	6.554503e+03	3.666210e+03	0	2.674536e-03
1.200000e+08	7.183417e+14	0.000000e+00	6.829271e-01	6.687036e+15	5.962649e+15	3.417636e+14	2.484058e+04	6.588994e+03	3.685503e+03	0	2.656530e-03
1.300000e+08	7.036166e+14	0.000000e+00	6.829271e-01	6.572290e+15	6.078713e+15	3.399143e+14	2.472782e+04	6.616495e+03	3.700885e+03	0	2.638253e-03
1.400000e+08	6.889477e+14	0.000000e+00	6.829271e-01	6.458067e+15	6.162155e+15	3.380787e+14	2.461699e+04	6.637976e+03	3.712900e+03	0	2.619790e-03
1.500000e+08	6.743964e+14	0.000000e+00	6.829271e-01	6.344817e+15	6.217135e+15	3.362567e+14	2.450807e+04	6.654303e+03	3.722033e+03	0	2.601214e-03
1.600000e+08	6.600124e+14	0.000000e+00	6.829271e-01	6.232905e+15	6.247637e+15	3.344481e+14	2.440105e+04	6.666244e+03	3.728712e+03	0	2.582587e-03
1.700000e+08	6.458348e+14	0.000000e+00	6.829271e-01	6.122619e+15	6.257347e+15	3.326529e+14	2.429590e+04	6.674467e+03	3.733311e+03	0	2.563961e-03
1.800000e+08	6.318941e+14	0.000000e+00	6.829271e-01	6.014180e+15	6.249591e+15	3.308709e+14	2.419261e+04	6.679553e+03	3.736156e+03	0	2.545379e-03
1.900000e+08	6.182132e+14	0.000000e+00	6.829271e-01	5.907756e+15	6.227312e+15	3.291020e+14	2.409113e+04	6.681998e+03	3.737524e+03	0	2.526875e-03
2.000000e+08	6.048088e+14	0.000000e+00	6.829271e-01	5.803469e+15	6.193079e+15	3.273462e+14	2.399144e+04	6.682229e+03	3.737653e+03	0	2.508478e-03
2.100000e+08	5.916926e+14	0.000000e+00	6.829271e-01	5.701401e+15	6.149104e+15	3.256033e+14	2.389350e+04	6.680607e+03	3.736745e+03	0	2.490212e-03
2.200000e+08	5.788720e+14	0.000000e+00	6.829271e-01	5.601605e+15	6.097278e+15	3.238731e+14	2.379727e+04	6.677440e+03	3.734974e+03	0	2.472095e-03
2.300000e+08	5.663509e+14	0.000000e+00	6.829271e-01	5.504109e+15	6.039202e+15	3.221557e+14	2.370271e+04	6.672987e+03	3.732484e+03	0	2.454141e-03
2.400000e+08	5.541309e+14	0.000000e+00	6.829271e-01	5.408921e+15	5.976225e+15	3.204508e+14	2.360979e+04	6.667469e+03	3.729397e+03	0	2.436362e-03
2.500000e+08	5.422109e+14	0.000000e+00	6.829271e-01	5.316032e+15	5.909478e+15	3.187584e+14	2.351847e+04	6.661070e+03	3.725818e+03	0	2.418765e-03
2.600000e+08	5.305886e+14	0.000000e+00	6.829271e-01	5.225422e+15	5.839903e+15	3.170785e+14	2.342871e+04	6.653947e+03	3.721833e+03	0	2.401358e-03
2.700000e+08	5.192600e+14	0.000000e+00	6.829271e-01	5.137059e+15	5.768282e+15	3.154108e+14	2.334047e+04	6.646230e+03	3.717517e+03	0	2.384145e-03
2.800000e+08	5.082201e+14	0.000000e+00	6.829271e-01	5.050906e+15	5.695264e+15	3.137553e+14	2.325372e+04	6.638031e+03	3.712931e+03	0	2.367127e-03
2.900000e+08	4.974635e+14	0.000000e+00	6.829271e-01	4.966919e+15	5.621382e+15	3.121118e+14	2.316841e+04	6.629442e+03	3.708127e+03	0	2.350308e-03
3.000000e+08	4.869837e+14	0.000000e+00	6.829271e-01	4.885050e+15	5.547074e+15	3.104804e+14	2.308451e+04	6.620542e+03	3.703149e+03	0	2.333686e-03
3.100000e+08	4.767742e+14	0.000000e+00	6.829271e-01	4.805248e+15	5.472698e+15	3.088608e+14	2.300199e+04	6.611397e+03	3.698034e+03	0	2.317263e-03
3.200000e+08	4.668281e+14	0.000000e+00	6.829271e-01	4.727460e+15	5.398546e+15	3.072530e+14	2.292081e+04	6.602062e+03	3.692812e+03	0	2.301036e-03
3.300000e+08	4.571383e+14	0.000000e+00	6.829271e-01	4.651632e+15	5.324853e+15	3.056569e+14	2.284094e+04	6.592585e+03	3.687511e+03	0	2.285003e-03
3.400000e+08	4.476977e+14	0.000000e+00	6.829271e-01	4.577711e+15	5.251809e+15	3.040724e+14	2.276234e+04	6.583003e+03	3.682151e+03	0	2.269164e-03
3.500000e+08	4.384990e+14	0.000000e+00	6.829271e-01	4.505641e+15	5.179564e+15	3.024994e+14	2.268499e+04	6.573350e+03	3.676752e+03	0	2.253515e-03
3.600000e+08	4.295353e+14	0.000000e+00	6.829271e-01	4.435368e+15	5.108238e+15	3.009378e+14	2.260884e+04	6.563654e+03	3.671329e+03	0	2.238054e-03
3.700000e+08	4.207994e+14	0.000000e+00	6.829271e-01	4.366839e+15	5.037923e+15	2.993875e+14	2.253388e+04	6.553938e+03	3.665894e+03	0	2.222778e-03
3.800000e+08	4.122844e+14	0.000000e+00	6.829271e-01	4.300001e+15	4.968689e+15	2.978484e+14	2.246007e+04	6.544221e+03	3.660459e+03	0	2.207683e-03
3.900000e+08	4.039837e+14	0.000000e+00	6.829271e-01	4.234803e+15	4.900591e+15	2.963205e+14	2.238739e+04	6.534521e+03	3.655033e+03	0	2.192766e-03
4.000000e+08	3.958904e+14	0.000000e+00	6.829271e-01	4.171195e+15	4.833664e+15	2.948036e+14	2.231580e+04	6.524849e+03	3.649624e+03	0	2.178024e-03
4.100000e+08	3.879983e+14	0.000000e+00	6.829271e-01	4.109128e+15	4.767934e+15	2.932976e+14	2.224528e+04	6.515219e+03	3.644237e+03	0	2.163454e-03
4.200000e+08	3.803010e+14	0.000000e+00	6.829271e-01	4.048553e+15	4.703417e+15	2.918025e+14	2.217581e+04	6.505638e+03	3.638878e+03	0	2.149052e-03
4.300000e+08	3.727925e+14	0.000000e+00	6.829271e-01	3.989425e+15	4.640120e+15	2.903181e+14	2.210735e+04	6.496116e+03	3.633552e+03	0	2.134814e-03
4.400000e+08	3.654667e+14	0.000000e+00	6.829271e-01	3.931699e+15	4.578042e+15	2.888444e+14	2.203989e+04	6.486658e+03	3.628261e+03	0	2.120738e-03
4.500000e+08	3.583181e+14	0.000000e+00	6.829271e-01	3.875332e+15	4.517180e+15	2.873814e+14	2.197340e+04	6.477269e+03	3.623010e+03	0	2.106819e-03
4.600000e+08	3.513411e+14	0.000000e+00	6.829271e-01	3.820281e+15	4.457522e+15	2.859288e+14	2.190787e+04	6.467955e+03	3.617800e+03	0	2.093055e-03
4.700000e+08	3.445304e+14	0.000000e+00	6.829271e-01	3.766507e+15	4.399055e+15	2.844866e+14	2.184325e+04	6.458718e+03	3.612633e+03	0	2.079442e-03
4.800000e+08	3.378807e+14	0.000000e+00	6.829271e-01	3.713969e+15	4.341765e+15	2.830548e+14	2.177955e+04	6.449560e+03	3.607511e+03	0	2.065977e-03
4.900000e+08	3.313872e+14	0.000000e+00	6.829271e-01	3.662630e+15	4.285631e+15	2.816332e+14	2.171673e+04	6.440485e+03	3.602435e+03	0	2.052656e-03
5.000000e+08	3.250450e+14	0.000000e+00	6.829271e-01	3.612454e+15	4.230635e+15	2.802218e+14	2.165477e+04	6.431494e+03	3.597406e+03	0	2.039477e-03
5.100000e+08	3.188494e+14	0.000000e+00	6.829271e-01	3.563405e+15	4.176756e+15	2.788205e+14	2.159366e+04	6.422587e+03	3.592424e+03	0	2.026436e-03
5.200000e+08	3.127960e+14	0.000000e+00	6.829271e-01	3.515449e+15	4.123970e+15	2.774291e+14	2.153337e+04	6.413765e+03	3.587490e+03	0	2.013530e-03
5.300000e+08	3.068805e+14	0.000000e+00	6.829271e-01	3.468553e+15	4.072255e+15	2.760477e+14	2.147389e+04	6.405030e+03	3.582604e+03	0	2.000756e-03
5.400000e+08	3.010987e+14	0.000000e+00	6.829271e-01	3.422687e+15	4.021588e+15	2.746761e+14	2.141520e+04	6.396380e+03	3.577765e+03	0	1.988111e-03
5.500000e+08	2.954466e+14	0.000000e+00	6.829271e-01	3.377818e+15	3.971945e+15	2.733143e+14	2.135729e+04	6.387817e+03	3.572976e+03	0	1.975592e-03
5.600000e+08	2.899203e+14	0.000000e+00	6.829271e-01	3.333919e+15	3.923302e+15	2.719622e+14	2.130013e+04	6.379339e+03	3.568234e+03	0	1.963197e-03
5.700000e+08	2.845161e+14	0.000000e+00	6.829271e-01	3.290959e+15	3.875636e+15	2.706197e+14	2.124371e+04	6.370946e+03	3.563539e+03	0	1.950922e-03
5.800000e+08	2.792304e+14	0.000000e+00	6.829271e-01	3.248913e+15	3.828924e+15	2.692867e+14	2.118802e+04	6.362639e+03	3.558892e+03	0	1.938765e-03
5.900000e+08	2.740598e+14	0.000000e+00	6.829271e-01	3.207754e+15	3.783142e+15	2.679631e+14	2.113303e+04	6.354415e+03	3.554293e+03	0	1.926724e-03
6.000000e+08	2.690008e+14	0.000000e+00	6.829271e-01	3.167456e+15	3.738268e+15	2.666489e+14	2.107874e+04	6.346275e+03	3.549739e+03	0	1.914795e-03
6.100000e+08	2.640502e+14	0.000000e+00	6.829271e-01	3.127994e+15	3.694279e+15	2.653441e+14	2.102512e+04	6.338217e+03	3.545232e+03	0	1.902975e-03
6.200000e+08	2.592051e+14	0.000000e+00	6.829271e-01	3.089345e+15	3.651152e+15	2.640484e+14	2.097217e+04	6.330241e+03	3.540771e+03	0	1.891264e-03
6.300000e+08	2.544622e+14	0.000000e+00	6.829271e-01	3.051486e+15	3.608867e+15	2.627619e+14	2.091988e+04	6.322345e+03	3.536355e+03	0	1.879658e-03
6.400000e+08	2.498188e+14	0.000000e+00	6.829271e-01	3.014395e+15	3.567402e+15	2.614844e+14	2.086822e+04	6.314530e+03	3.531983e+03	0	1.868154e-03
6.500000e+08	2.452720e+14	0.000000e+00	6.829271e-01	2.978051e+15	3.526737e+15	2.602160e+14	2.081719e+04	6.306792e+03	3.527655e+03	0	1.856751e-03
6.600000e+08	2.408192e+14	0.000000e+00	6.829271e-01	2.942433e+15	3.486851e+15	2.589565e+14	2.076677e+04	6.299133e+03	3.523371e+03	0	1.845446e-03
6.700000e+08	2.364576e+14	0.000000e+00	6.829271e-01	2.907521e+15	3.447724e+15	2.577058e+14	2.071695e+04	6.291550e+03	3.519130e+03	0	1.834237e-03
6.800000e+08	2.321849e+14	0.000000e+00	6.829271e-01	2.873295e+15	3.409338e+15	2.564639e+14	2.066772e+04	6.284043e+03	3.514930e+03	0	1.823122e-03
6.900000e+08	2.279986e+14	0.000000e+00	6.829271e-01	2.839739e+15	3.371673e+15	2.552307e+14	2.061906e+04	6.276610e+03	3.510773e+03	0	1.812098e-03
7.000000e+08	2.238963e+14	0.000000e+00	6.829271e-01	2.806832e+15	3.334713e+15	2.540062e+14	2.057098e+04	6.269251e+03	3.506656e+03	0	1.801164e-03
7.100000e+08	2.198758e+14	0.000000e+00	6.829271e-01	2.774559e+15	3.298438e+15	2.527903e+14	2.052344e+04	6.261963e+03	3.502580e+03	0	1.790318e-03
7.200000e+08	2.159348e+14	0.000000e+00	6.829271e-01	2.742902e+15	3.262832e+15	2.515828e+14	2.047646e+04	6.254747e+03	3.498544e+03	0	1.779557e-03
7.300000e+08	2.120712e+14	0.000000e+00	6.829271e-01	2.711845e+15	3.227878e+15	2.503838e+14	2.043000e+04	6.247602e+03	3.494547e+03	0	1.768880e-03
7.400000e+08	2.082831e+14	0.000000e+00	6.829271e-01	2.681373e+15	3.193560e+15	2.491932e+14	2.038408e+04	6.240525e+03	3.490589e+03	0	1.758284e-03
7.500000e+08	2.045683e+14	0.000000e+00	6.829271e-01	2.651470e+15	3.159862e+15	2.480108e+14	2.033866e+04	6.233517e+03	3.486669e+03	0	1.747768e-03
7.600000e+08	2.009251e+14	0.000000e+00	6.829271e-01	2.622121e+15	3.126768e+15	2.468367e+14	2.029375e+04	6.226575e+03	3.482786e+03	0	1.737330e-03
7.700000e+08	1.973515e+14	0.000000e+00	6.829271e-01	2.593314e+15	3.094265e+15	2.456708e+14	2.024934e+04	6.219699e+03	3.478940e+03	0	1.726969e-03
7.800000e+08	1.938457e+14	0.000000e+00	6.829271e-01	2.565033e+15	3.062338e+15	2.445129e+14	2.020541e+04	6.212889e+03	3.475131e+03	0	1.716682e-03
7.900000e+08	1.904061e+14	0.000000e+00	6.829271e-01	2.537265e+15	3.030972e+15	2.433631e+14	2.016196e+04	6.206142e+03	3.471357e+03	0	1.706467e-03
8.000000e+08	1.870308e+14	0.000000e+00	6.829271e-01	2.509998e+15	3.000153e+15	2.422213e+14	2.011897e+04	6.199459e+03	3.467619e+03	0	1.696324e-03
8.100000e+08	1.837184e+14	0.000000e+00	6.829271e-01	2.483220e+15	2.969870e+15	2.410874e+14	2.007645e+04	6.192837e+03	3.463915e+03	0	1.686250e-03
8.200000e+08	1.804672e+14	0.000000e+00	6.829271e-01	2.456917e+15	2.940109e+15	2.399614e+14	2.003438e+04	6.186277e+03	3.460246e+03	0	1.676243e-03
8.300000e+08	1.772757e+14	0.000000e+00	6.829271e-01	2.431079e+15	2.910857e+15	2.388431e+14	1.999276e+04	6.179777e+03	3.456610e+03	0	1.666303e-03
8.400000e+08	1.741424e+14	0.000000e+00	6.829271e-01	2.405694e+15	2.882102e+15	2.377325e+14	1.995157e+04	6.173336e+03	3.453007e+03	0	1.656428e-03
8.500000e+08	1.710659e+14	0.000000e+00	6.829271e-01	2.380752e+15	2.853833e+15	2.366297e+14	1.991080e+04	6.166953e+03	3.449437e+03	0	1.646615e-03
8.600000e+08	1.680448e+14	0.000000e+00	6.829271e-01	2.356240e+15	2.826039e+15	2.355344e+14	1.987046e+04	6.160627e+03	3.445899e+03	0	1.636864e-03
8.700000e+08	1.650777e+14	0.000000e+00	6.829271e-01	2.332150e+15	2.798708e+15	2.344466e+14	1.983054e+04	6.154359e+03	3.442393e+03	0	1.627173e-03
8.800000e+08	1.621634e+14	0.000000e+00	6.829271e-01	2.308472e+15	2.771829e+15	2.333664e+14	1.979102e+04	6.148146e+03	3.438917e+03	0	1.617541e-03
8.900000e+08	1.593005e+14	0.000000e+00	6.829271e-01	2.285194e+15	2.745392e+15	2.322935e+14	1.975190e+04	6.141987e+03	3.435473e+03	0	1.607966e-03
9.000000e+08	1.564880e+14	0.000000e+00	6.829271e-01	2.262309e+15	2.719388e+15	2.312281e+14	1.971317e+04	6.135883e+03	3.432058e+03	0	1.598446e-03
9.100000e+08	1.537244e+14	0.000000e+00	6.829271e-01	2.239806e+15	2.693805e+15	2.301699e+14	1.967484e+04	6.129832e+03	3.428674e+03	0	1.588981e-03
9.200000e+08	1.510088e+14	0.000000e+00	6.829271e-01	2.217678e+15	2.668635e+15	2.291190e+14	1.963688e+04	6.123833e+03	3.425318e+03	0	1.579568e-03
9.300000e+08	1.483400e+14	0.000000e+00	6.829271e-01	2.195915e+15	2.643869e+15	2.280752e+14	1.959929e+04	6.117886e+03	3.421992e+03	0	1.570208e-03
9.400000e+08	1.457168e+14	0.000000e+00	6.829271e-01	2.174509e+15	2.619496e+15	2.270386e+14	1.956207e+04	6.111990e+03	3.418694e+03	0	1.560897e-03
9.500000e+08	1.431383e+14	0.000000e+00	6.829271e-01	2.153453e+15	2.595510e+15	2.260091e+14	1.952522e+04	6.106144e+03	3.415424e+03	0	1.551635e-03
9.600000e+08	1.406035e+14	0.000000e+00	6.829271e-01	2.132737e+15	2.571900e+15	2.249866e+14	1.948872e+04	6.100347e+03	3.412182e+03	0	1.542421e-03
9.700000e+08	1.381112e+14	0.000000e+00	6.829271e-01	2.112355e+15	2.548658e+15	2.239710e+14	1.945257e+04	6.094599e+03	3.408967e+03	0	1.533254e-03
9.800000e+08	1.356606e+14	0.000000e+00	6.829271e-01	2.092299e+15	2.525778e+15	2.229624e+14	1.941676e+04	6.088899e+03	3.405778e+03	0	1.524131e-03
9.900000e+08	1.332507e+14	0.000000e+00	6.829271e-01	2.072561e+15	2.503250e+15	2.219606e+14	1.938129e+04	6.083246e+03	3.402616e+03	0	1.515052e-03
1.000000e+09	1.308807e+14	0.000000e+00	6.829271e-01	2.053136e+15	2.481067e+15	2.209656e+14	1.934616e+04	6.077640e+03	3.399481e+03	0	1.506016e-03
1.010000e+09	1.285495e+14	0.000000e+00	6.829271e-01	2.034015e+15	2.459222e+15	2.199774e+14	1.931135e+04	6.072079e+03	3.396370e+03	0	1.497021e-03
1.020000e+09	1.262564e+14	0.000000e+00	6.829271e-01	2.015193e+15	2.437708e+15	2.189959e+14	1.927687e+04	6.066564e+03	3.393285e+03	0	1.488066e-03
1.030000e+09	1.240005e+14	0.000000e+00	6.829271e-01	1.996662e+15	2.416517e+15	2.180210e+14	1.924271e+04	6.061093e+03	3.390225e+03	0	1.479150e-03
1.040000e+09	1.217810e+14	0.000000e+00	6.829271e-01	1.978418e+15	2.395643e+15	2.170527e+14	1.920886e+04	6.055667e+03	3.387190e+03	0	1.470271e-03
1.050000e+09	1.195971e+14	0.000000e+00	6.829271e-01	1.960452e+15	2.375079e+15	2.160909e+14	1.917532e+04	6.050283e+03	3.384179e+03	0	1.461430e-03
1.060000e+09	1.174481e+14	0.000000e+00	6.829271e-01	1.942761e+15	2.354818e+15	2.151356e+14	1.914208e+04	6.044943e+03	3.381192e+03	0	1.452623e-03
1.070000e+09	1.153331e+14	0.000000e+00	6.829271e-01	1.925336e+15	2.334855e+15	2.141868e+14	1.910914e+04	6.039644e+03	3.378228e+03	0	1.443851e-03
1.080000e+09	1.132515e+14	0.000000e+00	6.829271e-01	1.908175e+15	2.315183e+15	2.132443e+14	1.907649e+04	6.034387e+03	3.375288e+03	0	1.435112e-03
1.090000e+09	1.112026e+14	0.000000e+00	6.829271e-01	1.891269e+15	2.295796e+15	2.123082e+14	1.904414e+04	6.029171e+03	3.372370e+03	0	1.426404e-03
1.100000e+09	1.091856e+14	0.000000e+00	6.829271e-01	1.874616e+15	2.276689e+15	2.113784e+14	1.901207e+04	6.023996e+03	3.369475e+03	0	1.417727e-03
1.110000e+09	1.071999e+14	0.000000e+00	6.829271e-01	1.858208e+15	2.257855e+15	2.104548e+14	1.898028e+04	6.018860e+03	3.366602e+03	0	1.409080e-03
1.120000e+09	1.052448e+14	0.000000e+00	6.829271e-01	1.842041e+15	2.239289e+15	2.095374e+14	1.894877e+04	6.013764e+03	3.363752e+03	0	1.400462e-03
1.130000e+09	1.033197e+14	0.000000e+00	6.829271e-01	1.826111e+15	2.220987e+15	2.086261e+14	1.891754e+04	6.008706e+03	3.360923e+03	0	1.391870e-03
1.140000e+09	1.014240e+14	0.000000e+00	6.829271e-01	1.810412e+15	2.202942e+15	2.077209e+14	1.888657e+04	6.003687e+03	3.358115e+03	0	1.383305e-03
1.150000e+09	9.955705e+13	0.000000e+00	6.829271e-01	1.794940e+15	2.185149e+15	2.068218e+14	1.885587e+04	5.998705e+03	3.355329e+03	0	1.374765e-03
1.160000e+09	9.771830e+13	0.000000e+00	6.829271e-01	1.779690e+15	2.167604e+15	2.059286e+14	1.882543e+04	5.993761e+03	3.352563e+03	0	1.366248e-03
1.170000e+09	9.590715e+13	0.000000e+00	6.829271e-01	1.764658e+15	2.150302e+15	2.050414e+14	1.879524e+04	5.988853e+03	3.349818e+03	0	1.357755e-03
1.180000e+09	9.412306e+13	0.000000e+00	6.829271e-01	1.749839e+15	2.133237e+15	2.041601e+14	1.876532e+04	5.983982e+03	3.347094e+03	0	1.349283e-03
1.190000e+09	9.236546e+13	0.000000e+00	6.829271e-01	1.735229e+15	2.116406e+15	2.032847e+14	1.873564e+04	5.979146e+03	3.344389e+03	0	1.340832e-03
1.200000e+09	9.063385e+13	0.000000e+00	6.829271e-01	1.720825e+15	2.099804e+15	2.024151e+14	1.870621e+04	5.974346e+03	3.341704e+03	0	1.332400e-03
1.210000e+09	8.892769e+13	0.000000e+00	6.829271e-01	1.706621e+15	2.083426e+15	2.015512e+14	1.867702e+04	5.969581e+03	3.339038e+03	0	1.323986e-03
1.220000e+09	8.724648e+13	0.000000e+00	6.829271e-01	1.692615e+15	2.067269e+15	2.006931e+14	1.864808e+04	5.964850e+03	3.336392e+03	0	1.315589e-03
1.230000e+09	8.558974e+13	0.000000e+00	6.829271e-01	1.678803e+15	2.051327e+15	1.998407e+14	1.861937e+04	5.960153e+03	3.333765e+03	0	1.307209e-03
1.240000e+09	8.395697e+13	0.000000e+00	6.829271e-01	1.665180e+15	2.035598e+15	1.989938e+14	1.859089e+04	5.955490e+03	3.331157e+03	0	1.298843e-03
1.250000e+09	8.234773e+13	0.000000e+00	6.829271e-01	1.651743e+15	2.020076e+15	1.981526e+14	1.856265e+04	5.950859e+03	3.328567e+03	0	1.290491e-03
1.260000e+09	8.076154e+13	0.000000e+00	6.829271e-01	1.638488e+15	2.004759e+15	1.973169e+14	1.853463e+04	5.946262e+03	3.325995e+03	0	1.282151e-03
1.270000e+09	7.919796e+13	0.000000e+00	6.829271e-01	1.625413e+15	1.989642e+15	1.964868e+14	1.850683e+04	5.941697e+03	3.323442e+03	0	1.273823e-03
1.280000e+09	7.765656e+13	0.000000e+00	6.829271e-01	1.612513e+15	1.974721e+15	1.956621e+14	1.847926e+04	5.937163e+03	3.320906e+03	0	1.265505e-03
1.290000e+09	7.613692e+13	0.000000e+00	6.829271e-01	1.599786e+15	1.959994e+15	1.948428e+14	1.845191e+04	5.932661e+03	3.318388e+03	0	1.257195e-03
1.300000e+09	7.463862e+13	0.000000e+00	6.829271e-01	1.587228e+15	1.945456e+15	1.940288e+14	1.842477e+04	5.928191e+03	3.315887e+03	0	1.248894e-03
1.310000e+09	7.316126e+13	0.000000e+00	6.829271e-01	1.574836e+15	1.931104e+15	1.932203e+14	1.839784e+04	5.923751e+03	3.313404e+03	0	1.240599e-03
1.320000e+09	7.170445e+13	0.000000e+00	6.829271e-01	1.562608e+15	1.916935e+15	1.924170e+14	1.837113e+04	5.919341e+03	3.310937e+03	0	1.232309e-03
1.330000e+09	7.026779e+13	0.000000e+00	6.829271e-01	1.550539e+15	1.902945e+15	1.916189e+14	1.834462e+04	5.914962e+03	3.308488e+03	0	1.224024e-03
1.340000e+09	6.885092e+13	0.000000e+00	6.829271e-01	1.538627e+15	1.889132e+15	1.908261e+14	1.831831e+04	5.910612e+03	3.306055e+03	0	1.215741e-03
1.350000e+09	6.745347e+13	0.000000e+00	6.829271e-01	1.526870e+15	1.875491e+15	1.900385e+14	1.829221e+04	5.906291e+03	3.303638e+03	0	1.207459e-03
1.360000e+09	6.607508e+13	0.000000e+00	6.829271e-01	1.515264e+15	1.862021e+15	1.892560e+14	1.826630e+04	5.901999e+03	3.301237e+03	0	1.199178e-03
1.370000e+09	6.471541e+13	0.000000e+00	6.829271e-01	1.503807e+15	1.848717e+15	1.884786e+14	1.824059e+04	5.897736e+03	3.298853e+03	0	1.190895e-03
1.380000e+09	6.337410e+13	0.000000e+00	6.829271e-01	1.492497e+15	1.835578e+15	1.877062e+14	1.821508e+04	5.893501e+03	3.296484e+03	0	1.182610e-03
1.390000e+09	6.205082e+13	0.000000e+00	6.829271e-01	1.481329e+15	1.822600e+15	1.869389e+14	1.818975e+04	5.889294e+03	3.294131e+03	0	1.174321e-03
1.400000e+09	6.074526e+13	0.000000e+00	6.829271e-01	1.470303e+15	1.809781e+15	1.861765e+14	1.816462e+04	5.885114e+03	3.291793e+03	0	1.166027e-03
1.410000e+09	5.945709e+13	0.000000e+00	6.829271e-01	1.459415e+15	1.797117e+15	1.854191e+14	1.813967e+04	5.880962e+03	3.289470e+03	0	1.157725e-03
1.420000e+09	5.818599e+13	0.000000e+00	6.829271e-01	1.448664e+15	1.784606e+15	1.846665e+14	1.811491e+04	5.876837e+03	3.287163e+03	0	1.149416e-03
1.430000e+09	5.693167e+13	0.000000e+00	6.829271e-01	1.438046e+15	1.772246e+15	1.839189e+14	1.809033e+04	5.872738e+03	3.284870e+03	0	1.141096e-03
1.440000e+09	5.569383e+13	0.000000e+00	6.829271e-01	1.427559e+15	1.760034e+15	1.831761e+14	1.806593e+04	5.868665e+03	3.282592e+03	0	1.132766e-03
1.450000e+09	5.447218e+13	0.000000e+00	6.829271e-01	1.417202e+15	1.747967e+15	1.824380e+14	1.804170e+04	5.864619e+03	3.280329e+03	0	1.124422e-03
1.460000e+09	5.326643e+13	0.000000e+00	6.829271e-01	1.406972e+15	1.736043e+15	1.817047e+14	1.801765e+04	5.860598e+03	3.278080e+03	0	1.116063e-03
1.470000e+09	5.207630e+13	0.000000e+00	6.829271e-01	1.396866e+15	1.724260e+15	1.809762e+14	1.799378e+04	5.856603e+03	3.275845e+03	0	1.107689e-03
1.480000e+09	5.090153e+13	0.000000e+00	6.829271e-01	1.386883e+15	1.712615e+15	1.802523e+14	1.797007e+04	5.852633e+03	3.273625e+03	0	1.099296e-03
1.490000e+09	4.974184e+13	0.000000e+00	6.829271e-01	1.377021e+15	1.701106e+15	1.795330e+14	1.794654e+04	5.848688e+03	3.271418e+03	0	1.090883e-03
1.500000e+09	4.859697e+13	0.000000e+00	6.829271e-01	1.367277e+15	1.689730e+15	1.788184e+14	1.792317e+04	5.844767e+03	3.269225e+03	0	1.082449e-03
1.510000e+09	4.746668e+13	0.000000e+00	6.829271e-01	1.357650e+15	1.678486e+15	1.781083e+14	1.789997e+04	5.840871e+03	3.267046e+03	0	1.073991e-03
1.520000e+09	4.635072e+13	0.000000e+00	6.829271e-01	1.348137e+15	1.667372e+15	1.774028e+14	1.787693e+04	5.836999e+03	3.264880e+03	0	1.065507e-03
1.530000e+09	4.524883e+13	0.000000e+00	6.829271e-01	1.338737e+15	1.656384e+15	1.767018e+14	1.785405e+04	5.833150e+03	3.262727e+03	0	1.056996e-03
1.540000e+09	4.416078e+13	0.000000e+00	6.829271e-01	1.329448e+15	1.645522e+15	1.760053e+14	1.783133e+04	5.829325e+03	3.260588e+03	0	1.048455e-03
1.550000e+09	4.308634e+13	0.000000e+00	6.829271e-01	1.320268e+15	1.634783e+15	1.753132e+14	1.780876e+04	5.825523e+03	3.258461e+03	0	1.039882e-03
1.560000e+09	4.202528e+13	0.000000e+00	6.829271e-01	1.311195e+15	1.624166e+15	1.746255e+14	1.778636e+04	5.821745e+03	3.256348e+03	0	1.031275e-03
1.570000e+09	4.097737e+13	0.000000e+00	6.829271e-01	1.302228e+15	1.613667e+15	1.739422e+14	1.776410e+04	5.817989e+03	3.254247e+03	0	1.022631e-03
1.580000e+09	3.994240e+13	0.000000e+00	6.829271e-01	1.293364e+15	1.603286e+15	1.732632e+14	1.774200e+04	5.814255e+03	3.252158e+03	0	1.013948e-03
1.590000e+09	3.892016e+13	0.000000e+00	6.829271e-01	1.284603e+15	1.593021e+15	1.725885e+14	1.772005e+04	5.810544e+03	3.250083e+03	0	1.005223e-03
1.600000e+09	3.791042e+13	0.000000e+00	6.829271e-01	1.275942e+15	1.582869e+15	1.719181e+14	1.769824e+04	5.806855e+03	3.248019e+03	0	9.964539e-04
1.610000e+09	3.691300e+13	0.000000e+00	6.829271e-01	1.267380e+15	1.572829e+15	1.712519e+14	1.767659e+04	5.803188e+03	3.245968e+03	0	9.876372e-04
1.620000e+09	3.592768e+13	0.000000e+00	6.829271e-01	1.258915e+15	1.562900e+15	1.705900e+14	1.765508e+04	5.799542e+03	3.243929e+03	0	9.787701e-04
1.630000e+09	3.495427e+13	0.000000e+00	6.829271e-01	1.250546e+15	1.553078e+15	1.699322e+14	1.763371e+04	5.795918e+03	3.241901e+03	0	9.698496e-04
1.640000e+09	3.399258e+13	0.000000e+00	6.829271e-01	1.242271e+15	1.543364e+15	1.692786e+14	1.761248e+04	5.792314e+03	3.239886e+03	0	9.608723e-04
1.650000e+09	3.304241e+13	0.000000e+00	6.829271e-01	1.234089e+15	1.533755e+15	1.686291e+14	1.759139e+04	5.788732e+03	3.237882e+03	0	9.518348e-04
1.660000e+09	3.210359e+13	0.000000e+00	6.829271e-01	1.225998e+15	1.524250e+15	1.679836e+14	1.757044e+04	5.785170e+03	3.235890e+03	0	9.427333e-04
1.670000e+09	3.117593e+13	0.000000e+00	6.829271e-01	1.217997e+15	1.514846e+15	1.673423e+14	1.754963e+04	5.781629e+03	3.233909e+03	0	9.335640e-04
1.680000e+09	3.025925e+13	0.000000e+00	6.829271e-01	1.210085e+15	1.505543e+15	1.667049e+14	1.752896e+04	5.778108e+03	3.231940e+03	0	9.243229e-04
1.690000e+09	2.935338e+13	0.000000e+00	6.829271e-01	1.202260e+15	1.496339e+15	1.660715e+14	1.750842e+04	5.774607e+03	3.229982e+03	0	9.150055e-04
1.700000e+09	2.845815e+13	0.000000e+00	6.829271e-01	1.194520e+15	1.487232e+15	1.654421e+14	1.748801e+04	5.771126e+03	3.228035e+03	0	9.056072e-04
1.710000e+09	2.757339e+13	0.000000e+00	6.829271e-01	1.186865e+15	1.478221e+15	1.648167e+14	1.746773e+04	5.767665e+03	3.226098e+03	0	8.961232e-04
1.720000e+09	2.669894e+13	0.000000e+00	6.829271e-01	1.179293e+15	1.469305e+15	1.641951e+14	1.744758e+04	5.764223e+03	3.224173e+03	0	8.865482e-04
1.730000e+09	2.583463e+13	0.000000e+00	6.829271e-01	1.171803e+15	1.460482e+15	1.635774e+14	1.742756e+04	5.760800e+03	3.222259e+03	0	8.768765e-04
1.740000e+09	2.498032e+13	0.000000e+00	6.829271e-01	1.164394e+15	1.451751e+15	1.629635e+14	1.740767e+04	5.757397e+03	3.220355e+03	0	8.671023e-04
1.750000e+09	2.413584e+13	0.000000e+00	6.829271e-01	1.157064e+15	1.443110e+15	1.623535e+14	1.738790e+04	5.754012e+03	3.218462e+03	0	8.572190e-04
1.760000e+09	2.330104e+13	0.000000e+00	6.829271e-01	1.149813e+15	1.434558e+15	1.617473e+14	1.736826e+04	5.750646e+03	3.216579e+03	0	8.472198e-04
1.770000e+09	2.247578e+13	0.000000e+00	6.829271e-01	1.142638e+15	1.426095e+15	1.611448e+14	1.734874e+04	5.747299e+03	3.214707e+03	0	8.370973e-04
1.780000e+09	2.165991e+13	0.000000e+00	6.829271e-01	1.135540e+15	1.417717e+15	1.605460e+14	1.732934e+04	5.743970e+03	3.212845e+03	0	8.268433e-04
1.790000e+09	2.085328e+13	0.000000e+00	6.829271e-01	1.128516e+15	1.409425e+15	1.599510e+14	1.731006e+04	5.740659e+03	3.210993e+03	0	8.164492e-04
1.800000e+09	2.005576e+13	0.000000e+00	6.829271e-01	1.121566e+15	1.401217e+15	1.593596e+14	1.729090e+04	5.737366e+03	3.209151e+03	0	8.059054e-04
1.810000e+09	1.926721e+13	0.000000e+00	6.829271e-01	1.114689e+15	1.393092e+15	1.587719e+14	1.727186e+04	5.734090e+03	3.207319e+03	0	7.952017e-04
1.820000e+09	1.848750e+13	0.000000e+00	6.829271e-01	1.107883e+15	1.385049e+15	1.581878e+14	1.725293e+04	5.730833e+03	3.205497e+03	0	7.843268e-04
1.830000e+09	1.771648e+13	0.000000e+00	6.829271e-01	1.101148e+15	1.377086e+15	1.576073e+14	1.723412e+04	5.727593e+03	3.203684e+03	0	7.732682e-04
1.840000e+09	1.695404e+13	0.000000e+00	6.829271e-01	1.094483e+15	1.369202e+15	1.570303e+14	1.721543e+04	5.724370e+03	3.201882e+03	0	7.620125e-04
1.850000e+09	1.620004e+13	0.000000e+00	6.829271e-01	1.087886e+15	1.361397e+15	1.564569e+14	1.719684e+04	5.721164e+03	3.200089e+03	0	7.505444e-04
1.860000e+09	1.545437e+13	0.000000e+00	6.829271e-01	1.081356e+15	1.353669e+15	1.558871e+14	1.717837e+04	5.717975e+03	3.198305e+03	0	7.388474e-04
1.870000e+09	1.471689e+13	0.000000e+00	6.829271e-01	1.074893e+15	1.346017e+15	1.553207e+14	1.716001e+04	5.714803e+03	3.196531e+03	0	7.269028e-04
1.880000e+09	1.398749e+13	0.000000e+00	6.829271e-01	1.068496e+15	1.338440e+15	1.547577e+14	1.714176e+04	5.711648e+03	3.194766e+03	0	7.146898e-04
1.890000e+09	1.326605e+13	0.000000e+00	6.829271e-01	1.062163e+15	1.330937e+15	1.541982e+14	1.712362e+04	5.708509e+03	3.193010e+03	0	7.021849e-04
1.900000e+09	1.255245e+13	0.000000e+00	6.829271e-01	1.055894e+15	1.323507e+15	1.536422e+14	1.710558e+04	5.705387e+03	3.191264e+03	0	6.893617e-04
1.910000e+09	1.184658e+13	0.000000e+00	6.829271e-01	1.049689e+15	1.316149e+15	1.530895e+14	1.708765e+04	5.702281e+03	3.189526e+03	0	6.761898e-04
1.920000e+09	1.114833e+13	0.000000e+00	6.829271e-01	1.043545e+15	1.308862e+15	1.525401e+14	1.706983e+04	5.699190e+03	3.187798e+03	0	6.626348e-04
1.930000e+09	1.045758e+13	0.000000e+00	6.829271e-01	1.037462e+15	1.301645e+15	1.519941e+14	1.705211e+04	5.696116e+03	3.186078e+03	0	6.486565e-04
1.940000e+09	9.774240e+12	0.000000e+00	6.829271e-01	1.031439e+15	1.294497e+15	1.514515e+14	1.703449e+04	5.693057e+03	3.184367e+03	0	6.342084e-04
1.950000e+09	9.098192e+12	0.000000e+00	6.829271e-01	1.025476e+15	1.287417e+15	1.509121e+14	1.701698e+04	5.690014e+03	3.182665e+03	0	6.192358e-04
1.960000e+09	8.429336e+12	0.000000e+00	6.829271e-01	1.019572e+15	1.280404e+15	1.503760e+14	1.699957e+04	5.686987e+03	3.180972e+03	0	6.036735e-04
1.970000e+09	7.767568e+12	0.000000e+00	6.829271e-01	1.013725e+15	1.273458e+15	1.498431e+14	1.698225e+04	5.683975e+03	3.179287e+03	0	5.874434e-04
1.980000e+09	7.112790e+12	0.000000e+00	6.829271e-01	1.007936e+15	1.266577e+15	1.493134e+14	1.696504e+04	5.680978e+03	3.177611e+03	0	5.704501e-04
1.990000e+09	6.464903e+12	0.000000e+00	6.829271e-01	1.002202e+15	1.259761e+15	1.487869e+14	1.694792e+04	5.677996e+03	3.175943e+03	0	5.525756e-04
2.000000e+09	5.823810e+12	0.000000e+00	6.829271e-01	9.965245e+14	1.253008e+15	1.482636e+14	1.693090e+04	5.675028e+03	3.174283e+03	0	5.336707e-04
2.010000e+09	5.189416e+12	0.000000e+00	6.829271e-01	9.909014e+14	1.246319e+15	1.477435e+14	1.691398e+04	5.672076e+03	3.172632e+03	0	5.135434e-04
2.020000e+09	4.561628e+12	0.000000e+00	6.829271e-01	9.853323e+14	1.239691e+15	1.472264e+14	1.689715e+04	5.669138e+03	3.170988e+03	0	4.919387e-04
2.030000e+09	3.940355e+12	0.000000e+00	6.829271e-01	9.798165e+14	1.233124e+15	1.467125e+14	1.688042e+04	5.666215e+03	3.169353e+03	0	4.685070e-04
2.040000e+09	3.325507e+12	0.000000e+00	6.829271e-01	9.743532e+14	1.226618e+15	1.462017e+14	1.686378e+04	5.663307e+03	3.167726e+03	0	4.427483e-04
2.050000e+09	2.716994e+12	0.000000e+00	6.829271e-01	9.689418e+14	1.220172e+15	1.456939e+14	1.684723e+04	5.660412e+03	3.166107e+03	0	4.139049e-04
2.060000e+09	2.114731e+12	0.000000e+00	6.829271e-01	9.635815e+14	1.213784e+15	1.451891e+14	1.683078e+04	5.657532e+03	3.164496e+03	0	3.807349e-04
2.070000e+09	1.518632e+12	0.000000e+00	6.829271e-01	9.582718e+14	1.207455e+15	1.446874e+14	1.681441e+04	5.654665e+03	3.162893e+03	0	3.409483e-04
2.080000e+09	9.286135e+11	0.000000e+00	6.829271e-01	9.530119e+14	1.201183e+15	1.441886e+14	1.679814e+04	5.651813e+03	3.161298e+03	0	2.893894e-04
2.090000e+09	3.445923e+11	0.000000e+00	6.829271e-01	9.478011e+14	1.194968e+15	1.436928e+14	1.678195e+04	5.648974e+03	3.159710e+03	0	2.079567e-04
2.100000e+09	-2.335123e+11	0.000000e+00	6.829271e-01	9.426389e+14	1.188808e+15	1.431999e+14	1.676586e+04	5.646149e+03	3.158130e+03	0	nan
