#t		Qconv[W]	Ri[Rp]		R*[Rp]		Qc[W]		Qm[W]		Qr[W]		Tcmb[K]		Tl[K]		Tup[K]		RiFlag		Bs[T]
0.000000e+00	7.023515e+11	0.000000e+00	6.783920e-01	2.240866e+13	1.165309e+15	9.033003e+13	4.061495e+03	2.981599e+03	2.042559e+03	0	2.717510e-04
1.000000e+07	7.362317e+11	0.000000e+00	6.783920e-01	2.299255e+13	9.922560e+14	8.982953e+13	4.059228e+03	2.882796e+03	1.974873e+03	0	2.760522e-04
2.000000e+07	7.516306e+11	0.000000e+00	6.783920e-01	2.325469e+13	8.589755e+14	8.933278e+13	4.056903e+03	2.799561e+03	1.917853e+03	0	2.779635e-04
3.000000e+07	7.555853e+11	0.000000e+00	6.783920e-01	2.331761e+13	7.541159e+14	8.883974e+13	4.054550e+03	2.728429e+03	1.869124e+03	0	2.784502e-04
4.000000e+07	7.523971e+11	0.000000e+00	6.783920e-01	2.325621e+13	6.700616e+14	8.835038e+13	4.052191e+03	2.666893e+03	1.826968e+03	0	2.780580e-04
5.000000e+07	7.447520e+11	0.000000e+00	6.783920e-01	2.311727e+13	6.015735e+14	8.786467e+13	4.049839e+03	2.613094e+03	1.790113e+03	0	2.771130e-04
6.000000e+07	7.343590e+11	0.000000e+00	6.783920e-01	2.293055e+13	5.449613e+14	8.738259e+13	4.047500e+03	2.565630e+03	1.757597e+03	0	2.758179e-04
7.000000e+07	7.223228e+11	0.000000e+00	6.783920e-01	2.271528e+13	4.975690e+14	8.690409e+13	4.045180e+03	2.523421e+03	1.728682e+03	0	2.743027e-04
8.000000e+07	7.093660e+11	0.000000e+00	6.783920e-01	2.248404e+13	4.574474e+14	8.642915e+13	4.042882e+03	2.485624e+03	1.702789e+03	0	2.726527e-04
9.000000e+07	6.959648e+11	0.000000e+00	6.783920e-01	2.224513e+13	4.231397e+14	8.595774e+13	4.040607e+03	2.451570e+03	1.679460e+03	0	2.709248e-04
1.000000e+08	6.824343e+11	0.000000e+00	6.783920e-01	2.200403e+13	3.935400e+14	8.548983e+13	4.038356e+03	2.420719e+03	1.658326e+03	0	2.691576e-04
1.100000e+08	6.689823e+11	0.000000e+00	6.783920e-01	2.176436e+13	3.677961e+14	8.502540e+13	4.036130e+03	2.392635e+03	1.639086e+03	0	2.673773e-04
1.200000e+08	6.557447e+11	0.000000e+00	6.783920e-01	2.152848e+13	3.452425e+14	8.456440e+13	4.033927e+03	2.366956e+03	1.621495e+03	0	2.656019e-04
1.300000e+08	6.428081e+11	0.000000e+00	6.783920e-01	2.129790e+13	3.253534e+14	8.410683e+13	4.031749e+03	2.343384e+03	1.605346e+03	0	2.638437e-04
1.400000e+08	6.302260e+11	0.000000e+00	6.783920e-01	2.107354e+13	3.077085e+14	8.365263e+13	4.029594e+03	2.321667e+03	1.590470e+03	0	2.621109e-04
1.500000e+08	6.180289e+11	0.000000e+00	6.783920e-01	2.085594e+13	2.919686e+14	8.320180e+13	4.027461e+03	2.301595e+03	1.576719e+03	0	2.604090e-04
1.600000e+08	6.062313e+11	0.000000e+00	6.783920e-01	2.064535e+13	2.778572e+14	8.275429e+13	4.025351e+03	2.282988e+03	1.563972e+03	0	2.587413e-04
1.700000e+08	5.948371e+11	0.000000e+00	6.783920e-01	2.044183e+13	2.651471e+14	8.231009e+13	4.023261e+03	2.265690e+03	1.552122e+03	0	2.571100e-04
1.800000e+08	5.838429e+11	0.000000e+00	6.783920e-01	2.024532e+13	2.536503e+14	8.186916e+13	4.021193e+03	2.249568e+03	1.541078e+03	0	2.555161e-04
1.900000e+08	5.732403e+11	0.000000e+00	6.783920e-01	2.005568e+13	2.432095e+14	8.143148e+13	4.019144e+03	2.234508e+03	1.530761e+03	0	2.539600e-04
2.000000e+08	5.630177e+11	0.000000e+00	6.783920e-01	1.987270e+13	2.336930e+14	8.099702e+13	4.017114e+03	2.220409e+03	1.521102e+03	0	2.524413e-04
2.100000e+08	5.531616e+11	0.000000e+00	6.783920e-01	1.969614e+13	2.249892e+14	8.056575e+13	4.015103e+03	2.207183e+03	1.512041e+03	0	2.509595e-04
2.200000e+08	5.436574e+11	0.000000e+00	6.783920e-01	1.952575e+13	2.170032e+14	8.013766e+13	4.013110e+03	2.194751e+03	1.503525e+03	0	2.495139e-04
2.300000e+08	5.344897e+11	0.000000e+00	6.783920e-01	1.936126e+13	2.096538e+14	7.971270e+13	4.011134e+03	2.183046e+03	1.495507e+03	0	2.481034e-04
2.400000e+08	5.256432e+11	0.000000e+00	6.783920e-01	1.920240e+13	2.028714e+14	7.929086e+13	4.009174e+03	2.172007e+03	1.487944e+03	0	2.467270e-04
2.500000e+08	5.171026e+11	0.000000e+00	6.783920e-01	1.904890e+13	1.965956e+14	7.887211e+13	4.007231e+03	2.161579e+03	1.480800e+03	0	2.453834e-04
2.600000e+08	5.088532e+11	0.000000e+00	6.783920e-01	1.890051e+13	1.907742e+14	7.845642e+13	4.005303e+03	2.151714e+03	1.474042e+03	0	2.440716e-04
2.700000e+08	5.008805e+11	0.000000e+00	6.783920e-01	1.875698e+13	1.853617e+14	7.804377e+13	4.003390e+03	2.142368e+03	1.467640e+03	0	2.427901e-04
2.800000e+08	4.931708e+11	0.000000e+00	6.783920e-01	1.861805e+13	1.803181e+14	7.763414e+13	4.001492e+03	2.133503e+03	1.461567e+03	0	2.415380e-04
2.900000e+08	4.857108e+11	0.000000e+00	6.783920e-01	1.848351e+13	1.756085e+14	7.722750e+13	3.999607e+03	2.125082e+03	1.455798e+03	0	2.403139e-04
3.000000e+08	4.784879e+11	0.000000e+00	6.783920e-01	1.835312e+13	1.712019e+14	7.682382e+13	3.997737e+03	2.117075e+03	1.450312e+03	0	2.391167e-04
3.100000e+08	4.714902e+11	0.000000e+00	6.783920e-01	1.822669e+13	1.670712e+14	7.642308e+13	3.995879e+03	2.109451e+03	1.445090e+03	0	2.379453e-04
3.200000e+08	4.647064e+11	0.000000e+00	6.783920e-01	1.810401e+13	1.631919e+14	7.602526e+13	3.994034e+03	2.102185e+03	1.440112e+03	0	2.367986e-04
3.300000e+08	4.581258e+11	0.000000e+00	6.783920e-01	1.798490e+13	1.595427e+14	7.563033e+13	3.992202e+03	2.095253e+03	1.435363e+03	0	2.356756e-04
3.400000e+08	4.517382e+11	0.000000e+00	6.783920e-01	1.786919e+13	1.561041e+14	7.523826e+13	3.990381e+03	2.088632e+03	1.430827e+03	0	2.345751e-04
3.500000e+08	4.455343e+11	0.000000e+00	6.783920e-01	1.775669e+13	1.528591e+14	7.484905e+13	3.988573e+03	2.082302e+03	1.426491e+03	0	2.334963e-04
3.600000e+08	4.395049e+11	0.000000e+00	6.783920e-01	1.764726e+13	1.497920e+14	7.446265e+13	3.986775e+03	2.076246e+03	1.422342e+03	0	2.324382e-04
3.700000e+08	4.336416e+11	0.000000e+00	6.783920e-01	1.754075e+13	1.468890e+14	7.407905e+13	3.984989e+03	2.070445e+03	1.418369e+03	0	2.314000e-04
3.800000e+08	4.279364e+11	0.000000e+00	6.783920e-01	1.743701e+13	1.441375e+14	7.369823e+13	3.983214e+03	2.064885e+03	1.414560e+03	0	2.303807e-04
3.900000e+08	4.223818e+11	0.000000e+00	6.783920e-01	1.733593e+13	1.415262e+14	7.332016e+13	3.981449e+03	2.059551e+03	1.410905e+03	0	2.293796e-04
4.000000e+08	4.169706e+11	0.000000e+00	6.783920e-01	1.723736e+13	1.390448e+14	7.294482e+13	3.979694e+03	2.054429e+03	1.407397e+03	0	2.283958e-04
4.100000e+08	4.116962e+11	0.000000e+00	6.783920e-01	1.714120e+13	1.366839e+14	7.257219e+13	3.977949e+03	2.049508e+03	1.404025e+03	0	2.274287e-04
4.200000e+08	4.065523e+11	0.000000e+00	6.783920e-01	1.704734e+13	1.344350e+14	7.220225e+13	3.976214e+03	2.044775e+03	1.400783e+03	0	2.264775e-04
4.300000e+08	4.015328e+11	0.000000e+00	6.783920e-01	1.695566e+13	1.322904e+14	7.183496e+13	3.974489e+03	2.040221e+03	1.397663e+03	0	2.255416e-04
4.400000e+08	3.966322e+11	0.000000e+00	6.783920e-01	1.686608e+13	1.302430e+14	7.147032e+13	3.972772e+03	2.035835e+03	1.394659e+03	0	2.246203e-04
4.500000e+08	3.918452e+11	0.000000e+00	6.783920e-01	1.677849e+13	1.282863e+14	7.110831e+13	3.971065e+03	2.031609e+03	1.391763e+03	0	2.237130e-04
4.600000e+08	3.871668e+11	0.000000e+00	6.783920e-01	1.669282e+13	1.264144e+14	7.074889e+13	3.969367e+03	2.027533e+03	1.388971e+03	0	2.228191e-04
4.700000e+08	3.825922e+11	0.000000e+00	6.783920e-01	1.660897e+13	1.246219e+14	7.039204e+13	3.967677e+03	2.023600e+03	1.386277e+03	0	2.219380e-04
4.800000e+08	3.781169e+11	0.000000e+00	6.783920e-01	1.652688e+13	1.229037e+14	7.003776e+13	3.965996e+03	2.019802e+03	1.383675e+03	0	2.210693e-04
4.900000e+08	3.737369e+11	0.000000e+00	6.783920e-01	1.644646e+13	1.212552e+14	6.968601e+13	3.964323e+03	2.016132e+03	1.381161e+03	0	2.202123e-04
5.000000e+08	3.694479e+11	0.000000e+00	6.783920e-01	1.636765e+13	1.196721e+14	6.933677e+13	3.962658e+03	2.012584e+03	1.378731e+03	0	2.193667e-04
5.100000e+08	3.652464e+11	0.000000e+00	6.783920e-01	1.629038e+13	1.181506e+14	6.899004e+13	3.961001e+03	2.009152e+03	1.376380e+03	0	2.185320e-04
5.200000e+08	3.611286e+11	0.000000e+00	6.783920e-01	1.621459e+13	1.166871e+14	6.864577e+13	3.959352e+03	2.005830e+03	1.374104e+03	0	2.177076e-04
5.300000e+08	3.570912e+11	0.000000e+00	6.783920e-01	1.614022e+13	1.152780e+14	6.830396e+13	3.957711e+03	2.002613e+03	1.371900e+03	0	2.168933e-04
5.400000e+08	3.531310e+11	0.000000e+00	6.783920e-01	1.606720e+13	1.139204e+14	6.796459e+13	3.956077e+03	1.999495e+03	1.369764e+03	0	2.160885e-04
5.500000e+08	3.492449e+11	0.000000e+00	6.783920e-01	1.599550e+13	1.126114e+14	6.762763e+13	3.954450e+03	1.996472e+03	1.367693e+03	0	2.152929e-04
5.600000e+08	3.454301e+11	0.000000e+00	6.783920e-01	1.592505e+13	1.113481e+14	6.729306e+13	3.952831e+03	1.993539e+03	1.365683e+03	0	2.145061e-04
5.700000e+08	3.416838e+11	0.000000e+00	6.783920e-01	1.585582e+13	1.101283e+14	6.696088e+13	3.951219e+03	1.990692e+03	1.363733e+03	0	2.137279e-04
5.800000e+08	3.380034e+11	0.000000e+00	6.783920e-01	1.578775e+13	1.089494e+14	6.663104e+13	3.949614e+03	1.987927e+03	1.361839e+03	0	2.129577e-04
5.900000e+08	3.343864e+11	0.000000e+00	6.783920e-01	1.572080e+13	1.078094e+14	6.630355e+13	3.948016e+03	1.985241e+03	1.359999e+03	0	2.121954e-04
6.000000e+08	3.308305e+11	0.000000e+00	6.783920e-01	1.565493e+13	1.067062e+14	6.597838e+13	3.946424e+03	1.982630e+03	1.358210e+03	0	2.114405e-04
6.100000e+08	3.273335e+11	0.000000e+00	6.783920e-01	1.559010e+13	1.056379e+14	6.565550e+13	3.944839e+03	1.980090e+03	1.356470e+03	0	2.106929e-04
6.200000e+08	3.238932e+11	0.000000e+00	6.783920e-01	1.552627e+13	1.046028e+14	6.533491e+13	3.943261e+03	1.977619e+03	1.354777e+03	0	2.099521e-04
6.300000e+08	3.205075e+11	0.000000e+00	6.783920e-01	1.546341e+13	1.035991e+14	6.501658e+13	3.941689e+03	1.975213e+03	1.353129e+03	0	2.092180e-04
6.400000e+08	3.171747e+11	0.000000e+00	6.783920e-01	1.540149e+13	1.026254e+14	6.470049e+13	3.940124e+03	1.972869e+03	1.351524e+03	0	2.084903e-04
6.500000e+08	3.138928e+11	0.000000e+00	6.783920e-01	1.534047e+13	1.016802e+14	6.438663e+13	3.938565e+03	1.970586e+03	1.349959e+03	0	2.077687e-04
6.600000e+08	3.106601e+11	0.000000e+00	6.783920e-01	1.528032e+13	1.007621e+14	6.407498e+13	3.937012e+03	1.968359e+03	1.348434e+03	0	2.070530e-04
6.700000e+08	3.074750e+11	0.000000e+00	6.783920e-01	1.522101e+13	9.986980e+13	6.376552e+13	3.935465e+03	1.966188e+03	1.346947e+03	0	2.063429e-04
6.800000e+08	3.043357e+11	0.000000e+00	6.783920e-01	1.516252e+13	9.900215e+13	6.345824e+13	3.933924e+03	1.964070e+03	1.345495e+03	0	2.056383e-04
6.900000e+08	3.012410e+11	0.000000e+00	6.783920e-01	1.510481e+13	9.815798e+13	6.315311e+13	3.932389e+03	1.962001e+03	1.344079e+03	0	2.049389e-04
7.000000e+08	2.981892e+11	0.000000e+00	6.783920e-01	1.504787e+13	9.733624e+13	6.285012e+13	3.930860e+03	1.959982e+03	1.342695e+03	0	2.042445e-04
7.100000e+08	2.951790e+11	0.000000e+00	6.783920e-01	1.499167e+13	9.653591e+13	6.254925e+13	3.929337e+03	1.958009e+03	1.341343e+03	0	2.035549e-04
7.200000e+08	2.922091e+11	0.000000e+00	6.783920e-01	1.493618e+13	9.575604e+13	6.225048e+13	3.927819e+03	1.956080e+03	1.340022e+03	0	2.028699e-04
7.300000e+08	2.892783e+11	0.000000e+00	6.783920e-01	1.488139e+13	9.499574e+13	6.195380e+13	3.926307e+03	1.954194e+03	1.338730e+03	0	2.021894e-04
7.400000e+08	2.863853e+11	0.000000e+00	6.783920e-01	1.482726e+13	9.425416e+13	6.165920e+13	3.924800e+03	1.952350e+03	1.337467e+03	0	2.015131e-04
7.500000e+08	2.835289e+11	0.000000e+00	6.783920e-01	1.477379e+13	9.353051e+13	6.136664e+13	3.923299e+03	1.950545e+03	1.336230e+03	0	2.008409e-04
7.600000e+08	2.807081e+11	0.000000e+00	6.783920e-01	1.472096e+13	9.282402e+13	6.107613e+13	3.921804e+03	1.948778e+03	1.335020e+03	0	2.001726e-04
7.700000e+08	2.779219e+11	0.000000e+00	6.783920e-01	1.466873e+13	9.213399e+13	6.078763e+13	3.920313e+03	1.947048e+03	1.333834e+03	0	1.995081e-04
7.800000e+08	2.751692e+11	0.000000e+00	6.783920e-01	1.461711e+13	9.145974e+13	6.050115e+13	3.918828e+03	1.945353e+03	1.332673e+03	0	1.988473e-04
7.900000e+08	2.724490e+11	0.000000e+00	6.783920e-01	1.456606e+13	9.080062e+13	6.021665e+13	3.917348e+03	1.943691e+03	1.331535e+03	0	1.981898e-04
8.000000e+08	2.697604e+11	0.000000e+00	6.783920e-01	1.451557e+13	9.015603e+13	5.993412e+13	3.915874e+03	1.942063e+03	1.330420e+03	0	1.975358e-04
8.100000e+08	2.671026e+11	0.000000e+00	6.783920e-01	1.446564e+13	8.952540e+13	5.965355e+13	3.914404e+03	1.940465e+03	1.329325e+03	0	1.968849e-04
8.200000e+08	2.644747e+11	0.000000e+00	6.783920e-01	1.441623e+13	8.890818e+13	5.937492e+13	3.912940e+03	1.938899e+03	1.328252e+03	0	1.962371e-04
8.300000e+08	2.618758e+11	0.000000e+00	6.783920e-01	1.436735e+13	8.830384e+13	5.909822e+13	3.911480e+03	1.937361e+03	1.327198e+03	0	1.955922e-04
8.400000e+08	2.593052e+11	0.000000e+00	6.783920e-01	1.431897e+13	8.771191e+13	5.882344e+13	3.910026e+03	1.935851e+03	1.326164e+03	0	1.949501e-04
8.500000e+08	2.567622e+11	0.000000e+00	6.783920e-01	1.427108e+13	8.713191e+13	5.855054e+13	3.908576e+03	1.934369e+03	1.325149e+03	0	1.943107e-04
8.600000e+08	2.542460e+11	0.000000e+00	6.783920e-01	1.422367e+13	8.656339e+13	5.827953e+13	3.907131e+03	1.932912e+03	1.324151e+03	0	1.936739e-04
8.700000e+08	2.517558e+11	0.000000e+00	6.783920e-01	1.417672e+13	8.600594e+13	5.801039e+13	3.905691e+03	1.931481e+03	1.323171e+03	0	1.930395e-04
8.800000e+08	2.492912e+11	0.000000e+00	6.783920e-01	1.413023e+13	8.545915e+13	5.774309e+13	3.904256e+03	1.930074e+03	1.322207e+03	0	1.924075e-04
8.900000e+08	2.468514e+11	0.000000e+00	6.783920e-01	1.408419e+13	8.492264e+13	5.747763e+13	3.902825e+03	1.928691e+03	1.321259e+03	0	1.917777e-04
9.000000e+08	2.444357e+11	0.000000e+00	6.783920e-01	1.403858e+13	8.439604e+13	5.721399e+13	3.901399e+03	1.927331e+03	1.320327e+03	0	1.911501e-04
9.100000e+08	2.420437e+11	0.000000e+00	6.783920e-01	1.399339e+13	8.387900e+13	5.695217e+13	3.899978e+03	1.925992e+03	1.319410e+03	0	1.905245e-04
9.200000e+08	2.396747e+11	0.000000e+00	6.783920e-01	1.394861e+13	8.337120e+13	5.669213e+13	3.898561e+03	1.924675e+03	1.318508e+03	0	1.899009e-04
9.300000e+08	2.373283e+11	0.000000e+00	6.783920e-01	1.390423e+13	8.287232e+13	5.643387e+13	3.897149e+03	1.923378e+03	1.317619e+03	0	1.892792e-04
9.400000e+08	2.350038e+11	0.000000e+00	6.783920e-01	1.386025e+13	8.238206e+13	5.617738e+13	3.895741e+03	1.922101e+03	1.316744e+03	0	1.886592e-04
9.500000e+08	2.327007e+11	0.000000e+00	6.783920e-01	1.381666e+13	8.190012e+13	5.592264e+13	3.894338e+03	1.920843e+03	1.315883e+03	0	1.880409e-04
9.600000e+08	2.304186e+11	0.000000e+00	6.783920e-01	1.377344e+13	8.142624e+13	5.566963e+13	3.892939e+03	1.919604e+03	1.315034e+03	0	1.874241e-04
9.700000e+08	2.281571e+11	0.000000e+00	6.783920e-01	1.373058e+13	8.096014e+13	5.541835e+13	3.891545e+03	1.918382e+03	1.314197e+03	0	1.868089e-04
9.800000e+08	2.259155e+11	0.000000e+00	6.783920e-01	1.368809e+13	8.050159e+13	5.516878e+13	3.890155e+03	1.917178e+03	1.313372e+03	0	1.861952e-04
9.900000e+08	2.236936e+11	0.000000e+00	6.783920e-01	1.364595e+13	8.005033e+13	5.492090e+13	3.888769e+03	1.915991e+03	1.312559e+03	0	1.855827e-04
1.000000e+09	2.214909e+11	0.000000e+00	6.783920e-01	1.360415e+13	7.960615e+13	5.467471e+13	3.887387e+03	1.914820e+03	1.311757e+03	0	1.849716e-04
1.010000e+09	2.193069e+11	0.000000e+00	6.783920e-01	1.356269e+13	7.916881e+13	5.443019e+13	3.886010e+03	1.913665e+03	1.310966e+03	0	1.843616e-04
1.020000e+09	2.171414e+11	0.000000e+00	6.783920e-01	1.352156e+13	7.873811e+13	5.418732e+13	3.884637e+03	1.912525e+03	1.310185e+03	0	1.837528e-04
1.030000e+09	2.149938e+11	0.000000e+00	6.783920e-01	1.348076e+13	7.831386e+13	5.394610e+13	3.883268e+03	1.911400e+03	1.309414e+03	0	1.831450e-04
1.040000e+09	2.128639e+11	0.000000e+00	6.783920e-01	1.344027e+13	7.789584e+13	5.370651e+13	3.881903e+03	1.910290e+03	1.308653e+03	0	1.825382e-04
1.050000e+09	2.107513e+11	0.000000e+00	6.783920e-01	1.340010e+13	7.748389e+13	5.346853e+13	3.880542e+03	1.909193e+03	1.307902e+03	0	1.819323e-04
1.060000e+09	2.086556e+11	0.000000e+00	6.783920e-01	1.336022e+13	7.707781e+13	5.323216e+13	3.879185e+03	1.908110e+03	1.307160e+03	0	1.813272e-04
1.070000e+09	2.065766e+11	0.000000e+00	6.783920e-01	1.332065e+13	7.667745e+13	5.299738e+13	3.877833e+03	1.907040e+03	1.306427e+03	0	1.807230e-04
1.080000e+09	2.045138e+11	0.000000e+00	6.783920e-01	1.328137e+13	7.628264e+13	5.276419e+13	3.876484e+03	1.905983e+03	1.305703e+03	0	1.801194e-04
1.090000e+09	2.024671e+11	0.000000e+00	6.783920e-01	1.324238e+13	7.589322e+13	5.253256e+13	3.875139e+03	1.904938e+03	1.304987e+03	0	1.795165e-04
1.100000e+09	2.004360e+11	0.000000e+00	6.783920e-01	1.320368e+13	7.550904e+13	5.230248e+13	3.873798e+03	1.903906e+03	1.304280e+03	0	1.789142e-04
1.110000e+09	1.984203e+11	0.000000e+00	6.783920e-01	1.316525e+13	7.512996e+13	5.207395e+13	3.872462e+03	1.902885e+03	1.303580e+03	0	1.783125e-04
1.120000e+09	1.964198e+11	0.000000e+00	6.783920e-01	1.312709e+13	7.475584e+13	5.184695e+13	3.871129e+03	1.901875e+03	1.302889e+03	0	1.777112e-04
1.130000e+09	1.944340e+11	0.000000e+00	6.783920e-01	1.308920e+13	7.438655e+13	5.162147e+13	3.869799e+03	1.900876e+03	1.302205e+03	0	1.771103e-04
1.140000e+09	1.924629e+11	0.000000e+00	6.783920e-01	1.305158e+13	7.402195e+13	5.139749e+13	3.868474e+03	1.899888e+03	1.301528e+03	0	1.765098e-04
1.150000e+09	1.905061e+11	0.000000e+00	6.783920e-01	1.301421e+13	7.366193e+13	5.117502e+13	3.867153e+03	1.898911e+03	1.300858e+03	0	1.759095e-04
1.160000e+09	1.885634e+11	0.000000e+00	6.783920e-01	1.297710e+13	7.330636e+13	5.095402e+13	3.865835e+03	1.897943e+03	1.300195e+03	0	1.753095e-04
1.170000e+09	1.866346e+11	0.000000e+00	6.783920e-01	1.294024e+13	7.295513e+13	5.073450e+13	3.864521e+03	1.896986e+03	1.299540e+03	0	1.747097e-04
1.180000e+09	1.847194e+11	0.000000e+00	6.783920e-01	1.290363e+13	7.260814e+13	5.051644e+13	3.863211e+03	1.896038e+03	1.298890e+03	0	1.741100e-04
1.190000e+09	1.828175e+11	0.000000e+00	6.783920e-01	1.286725e+13	7.226527e+13	5.029982e+13	3.861904e+03	1.895100e+03	1.298247e+03	0	1.735104e-04
1.200000e+09	1.809288e+11	0.000000e+00	6.783920e-01	1.283112e+13	7.192643e+13	5.008465e+13	3.860602e+03	1.894170e+03	1.297611e+03	0	1.729109e-04
1.210000e+09	1.790531e+11	0.000000e+00	6.783920e-01	1.279522e+13	7.159152e+13	4.987090e+13	3.859302e+03	1.893250e+03	1.296980e+03	0	1.723113e-04
1.220000e+09	1.771902e+11	0.000000e+00	6.783920e-01	1.275955e+13	7.126043e+13	4.965857e+13	3.858007e+03	1.892338e+03	1.296355e+03	0	1.717116e-04
1.230000e+09	1.753398e+11	0.000000e+00	6.783920e-01	1.272411e+13	7.093309e+13	4.944764e+13	3.856715e+03	1.891434e+03	1.295736e+03	0	1.711118e-04
1.240000e+09	1.735018e+11	0.000000e+00	6.783920e-01	1.268890e+13	7.060940e+13	4.923811e+13	3.855427e+03	1.890539e+03	1.295123e+03	0	1.705117e-04
1.250000e+09	1.716759e+11	0.000000e+00	6.783920e-01	1.265390e+13	7.028928e+13	4.902996e+13	3.854142e+03	1.889652e+03	1.294515e+03	0	1.699115e-04
1.260000e+09	1.698621e+11	0.000000e+00	6.783920e-01	1.261912e+13	6.997265e+13	4.882319e+13	3.852861e+03	1.888772e+03	1.293913e+03	0	1.693110e-04
1.270000e+09	1.680600e+11	0.000000e+00	6.783920e-01	1.258456e+13	6.965943e+13	4.861777e+13	3.851583e+03	1.887900e+03	1.293315e+03	0	1.687101e-04
1.280000e+09	1.662696e+11	0.000000e+00	6.783920e-01	1.255021e+13	6.934953e+13	4.841371e+13	3.850309e+03	1.887036e+03	1.292723e+03	0	1.681089e-04
1.290000e+09	1.644907e+11	0.000000e+00	6.783920e-01	1.251606e+13	6.904290e+13	4.821099e+13	3.849038e+03	1.886179e+03	1.292136e+03	0	1.675072e-04
1.300000e+09	1.627231e+11	0.000000e+00	6.783920e-01	1.248213e+13	6.873945e+13	4.800960e+13	3.847771e+03	1.885329e+03	1.291554e+03	0	1.669050e-04
1.310000e+09	1.609667e+11	0.000000e+00	6.783920e-01	1.244839e+13	6.843912e+13	4.780952e+13	3.846507e+03	1.884486e+03	1.290976e+03	0	1.663023e-04
1.320000e+09	1.592212e+11	0.000000e+00	6.783920e-01	1.241486e+13	6.814185e+13	4.761076e+13	3.845246e+03	1.883649e+03	1.290403e+03	0	1.656990e-04
1.330000e+09	1.574866e+11	0.000000e+00	6.783920e-01	1.238152e+13	6.784756e+13	4.741330e+13	3.843989e+03	1.882819e+03	1.289835e+03	0	1.650951e-04
1.340000e+09	1.557627e+11	0.000000e+00	6.783920e-01	1.234837e+13	6.755620e+13	4.721713e+13	3.842736e+03	1.881996e+03	1.289271e+03	0	1.644905e-04
1.350000e+09	1.540494e+11	0.000000e+00	6.783920e-01	1.231542e+13	6.726771e+13	4.702224e+13	3.841485e+03	1.881179e+03	1.288711e+03	0	1.638852e-04
1.360000e+09	1.523464e+11	0.000000e+00	6.783920e-01	1.228266e+13	6.698202e+13	4.682862e+13	3.840238e+03	1.880368e+03	1.288155e+03	0	1.632790e-04
1.370000e+09	1.506538e+11	0.000000e+00	6.783920e-01	1.225009e+13	6.669909e+13	4.663626e+13	3.838995e+03	1.879563e+03	1.287604e+03	0	1.626721e-04
1.380000e+09	1.489713e+11	0.000000e+00	6.783920e-01	1.221770e+13	6.641885e+13	4.644515e+13	3.837754e+03	1.878764e+03	1.287057e+03	0	1.620642e-04
1.390000e+09	1.472988e+11	0.000000e+00	6.783920e-01	1.218549e+13	6.614126e+13	4.625528e+13	3.836517e+03	1.877971e+03	1.286513e+03	0	1.614555e-04
1.400000e+09	1.456363e+11	0.000000e+00	6.783920e-01	1.215347e+13	6.586627e+13	4.606665e+13	3.835283e+03	1.877183e+03	1.285974e+03	0	1.608457e-04
1.410000e+09	1.439835e+11	0.000000e+00	6.783920e-01	1.212162e+13	6.559382e+13	4.587923e+13	3.834053e+03	1.876401e+03	1.285438e+03	0	1.602349e-04
1.420000e+09	1.423403e+11	0.000000e+00	6.783920e-01	1.208995e+13	6.532386e+13	4.569303e+13	3.832825e+03	1.875624e+03	1.284906e+03	0	1.596231e-04
1.430000e+09	1.407067e+11	0.000000e+00	6.783920e-01	1.205845e+13	6.505636e+13	4.550803e+13	3.831601e+03	1.874853e+03	1.284377e+03	0	1.590101e-04
1.440000e+09	1.390825e+11	0.000000e+00	6.783920e-01	1.202712e+13	6.479126e+13	4.532423e+13	3.830380e+03	1.874087e+03	1.283852e+03	0	1.583959e-04
1.450000e+09	1.374677e+11	0.000000e+00	6.783920e-01	1.199597e+13	6.452853e+13	4.514161e+13	3.829162e+03	1.873326e+03	1.283331e+03	0	1.577805e-04
1.460000e+09	1.358620e+11	0.000000e+00	6.783920e-01	1.196498e+13	6.426811e+13	4.496017e+13	3.827948e+03	1.872570e+03	1.282813e+03	0	1.571637e-04
1.470000e+09	1.342654e+11	0.000000e+00	6.783920e-01	1.193416e+13	6.400997e+13	4.477990e+13	3.826736e+03	1.871818e+03	1.282298e+03	0	1.565457e-04
1.480000e+09	1.326779e+11	0.000000e+00	6.783920e-01	1.190350e+13	6.375408e+13	4.460078e+13	3.825528e+03	1.871072e+03	1.281787e+03	0	1.559262e-04
1.490000e+09	1.310992e+11	0.000000e+00	6.783920e-01	1.187300e+13	6.350038e+13	4.442282e+13	3.824322e+03	1.870330e+03	1.281279e+03	0	1.553053e-04
1.500000e+09	1.295293e+11	0.000000e+00	6.783920e-01	1.184267e+13	6.324884e+13	4.424599e+13	3.823120e+03	1.869593e+03	1.280774e+03	0	1.546829e-04
1.510000e+09	1.279681e+11	0.000000e+00	6.783920e-01	1.181249e+13	6.299943e+13	4.407030e+13	3.821921e+03	1.868860e+03	1.280272e+03	0	1.540589e-04
1.520000e+09	1.264155e+11	0.000000e+00	6.783920e-01	1.178248e+13	6.275211e+13	4.389573e+13	3.820725e+03	1.868132e+03	1.279773e+03	0	1.534333e-04
1.530000e+09	1.248714e+11	0.000000e+00	6.783920e-01	1.175261e+13	6.250685e+13	4.372228e+13	3.819532e+03	1.867408e+03	1.279277e+03	0	1.528061e-04
1.540000e+09	1.233357e+11	0.000000e+00	6.783920e-01	1.172291e+13	6.226361e+13	4.354993e+13	3.818342e+03	1.866688e+03	1.278784e+03	0	1.521771e-04
1.550000e+09	1.218084e+11	0.000000e+00	6.783920e-01	1.169335e+13	6.202235e+13	4.337868e+13	3.817155e+03	1.865973e+03	1.278294e+03	0	1.515463e-04
1.560000e+09	1.202892e+11	0.000000e+00	6.783920e-01	1.166394e+13	6.178306e+13	4.320852e+13	3.815971e+03	1.865262e+03	1.277807e+03	0	1.509137e-04
1.570000e+09	1.187783e+11	0.000000e+00	6.783920e-01	1.163469e+13	6.154569e+13	4.303944e+13	3.814790e+03	1.864554e+03	1.277322e+03	0	1.502791e-04
1.580000e+09	1.172754e+11	0.000000e+00	6.783920e-01	1.160558e+13	6.131022e+13	4.287144e+13	3.813612e+03	1.863851e+03	1.276840e+03	0	1.496426e-04
1.590000e+09	1.157805e+11	0.000000e+00	6.783920e-01	1.157662e+13	6.107662e+13	4.270450e+13	3.812436e+03	1.863152e+03	1.276361e+03	0	1.490041e-04
1.600000e+09	1.142935e+11	0.000000e+00	6.783920e-01	1.154780e+13	6.084486e+13	4.253862e+13	3.811264e+03	1.862456e+03	1.275885e+03	0	1.483634e-04
1.610000e+09	1.128143e+11	0.000000e+00	6.783920e-01	1.151913e+13	6.061491e+13	4.237379e+13	3.810095e+03	1.861764e+03	1.275411e+03	0	1.477206e-04
1.620000e+09	1.113429e+11	0.000000e+00	6.783920e-01	1.149060e+13	6.038674e+13	4.221000e+13	3.808928e+03	1.861076e+03	1.274939e+03	0	1.470756e-04
1.630000e+09	1.098792e+11	0.000000e+00	6.783920e-01	1.146221e+13	6.016033e+13	4.204724e+13	3.807765e+03	1.860392e+03	1.274470e+03	0	1.464282e-04
1.640000e+09	1.084231e+11	0.000000e+00	6.783920e-01	1.143396e+13	5.993566e+13	4.188551e+13	3.806604e+03	1.859711e+03	1.274004e+03	0	1.457785e-04
1.650000e+09	1.069744e+11	0.000000e+00	6.783920e-01	1.140585e+13	5.971269e+13	4.172479e+13	3.805446e+03	1.859033e+03	1.273540e+03	0	1.451264e-04
1.660000e+09	1.055333e+11	0.000000e+00	6.783920e-01	1.137787e+13	5.949140e+13	4.156509e+13	3.804291e+03	1.858360e+03	1.273078e+03	0	1.444717e-04
1.670000e+09	1.040995e+11	0.000000e+00	6.783920e-01	1.135003e+13	5.927178e+13	4.140639e+13	3.803139e+03	1.857689e+03	1.272619e+03	0	1.438145e-04
1.680000e+09	1.026731e+11	0.000000e+00	6.783920e-01	1.132233e+13	5.905379e+13	4.124868e+13	3.801990e+03	1.857022e+03	1.272162e+03	0	1.431546e-04
1.690000e+09	1.012539e+11	0.000000e+00	6.783920e-01	1.129476e+13	5.883742e+13	4.109197e+13	3.800844e+03	1.856358e+03	1.271707e+03	0	1.424919e-04
1.700000e+09	9.984189e+10	0.000000e+00	6.783920e-01	1.126732e+13	5.862264e+13	4.093623e+13	3.799700e+03	1.855698e+03	1.271255e+03	0	1.418265e-04
1.710000e+09	9.843700e+10	0.000000e+00	6.783920e-01	1.124001e+13	5.840943e+13	4.078147e+13	3.798559e+03	1.855041e+03	1.270805e+03	0	1.411581e-04
1.720000e+09	9.703917e+10	0.000000e+00	6.783920e-01	1.121283e+13	5.819776e+13	4.062767e+13	3.797421e+03	1.854386e+03	1.270357e+03	0	1.404867e-04
1.730000e+09	9.564832e+10	0.000000e+00	6.783920e-01	1.118578e+13	5.798763e+13	4.047483e+13	3.796285e+03	1.853736e+03	1.269911e+03	0	1.398123e-04
1.740000e+09	9.426441e+10	0.000000e+00	6.783920e-01	1.115885e+13	5.777901e+13	4.032294e+13	3.795153e+03	1.853088e+03	1.269467e+03	0	1.391347e-04
1.750000e+09	9.288737e+10	0.000000e+00	6.783920e-01	1.113206e+13	5.757187e+13	4.017200e+13	3.794023e+03	1.852443e+03	1.269025e+03	0	1.384539e-04
1.760000e+09	9.151713e+10	0.000000e+00	6.783920e-01	1.110538e+13	5.736620e+13	4.002199e+13	3.792895e+03	1.851801e+03	1.268585e+03	0	1.377697e-04
1.770000e+09	9.015365e+10	0.000000e+00	6.783920e-01	1.107884e+13	5.716199e+13	3.987292e+13	3.791771e+03	1.851162e+03	1.268148e+03	0	1.370821e-04
1.780000e+09	8.879686e+10	0.000000e+00	6.783920e-01	1.105241e+13	5.695921e+13	3.972476e+13	3.790649e+03	1.850526e+03	1.267712e+03	0	1.363909e-04
1.790000e+09	8.744671e+10	0.000000e+00	6.783920e-01	1.102611e+13	5.675784e+13	3.957753e+13	3.789530e+03	1.849893e+03	1.267278e+03	0	1.356961e-04
1.800000e+09	8.610314e+10	0.000000e+00	6.783920e-01	1.099993e+13	5.655787e+13	3.943120e+13	3.788413e+03	1.849263e+03	1.266847e+03	0	1.349976e-04
1.810000e+09	8.476609e+10	0.000000e+00	6.783920e-01	1.097387e+13	5.635929e+13	3.928578e+13	3.787299e+03	1.848635e+03	1.266417e+03	0	1.342952e-04
1.820000e+09	8.343551e+10	0.000000e+00	6.783920e-01	1.094793e+13	5.616206e+13	3.914125e+13	3.786188e+03	1.848011e+03	1.265989e+03	0	1.335888e-04
1.830000e+09	8.211135e+10	0.000000e+00	6.783920e-01	1.092210e+13	5.596618e+13	3.899761e+13	3.785079e+03	1.847389e+03	1.265563e+03	0	1.328783e-04
1.840000e+09	8.079356e+10	0.000000e+00	6.783920e-01	1.089640e+13	5.577164e+13	3.885486e+13	3.783973e+03	1.846769e+03	1.265138e+03	0	1.321636e-04
1.850000e+09	7.948208e+10	0.000000e+00	6.783920e-01	1.087081e+13	5.557841e+13	3.871298e+13	3.782870e+03	1.846153e+03	1.264716e+03	0	1.314446e-04
1.860000e+09	5.309140e+12	8.932325e-02	6.783920e-01	1.084533e+13	5.538648e+13	3.857197e+13	3.781769e+03	1.845539e+03	1.264295e+03	0	5.091983e-04
1.960000e+09	5.254013e+12	1.101364e-01	6.783920e-01	1.083302e+13	5.473990e+13	3.720833e+13	3.781386e+03	1.844927e+03	1.263877e+03	1	5.017166e-04
2.060000e+09	4.931593e+12	1.260639e-01	6.783920e-01	1.070518e+13	5.284997e+13	3.592492e+13	3.777503e+03	1.838339e+03	1.259363e+03	1	4.869520e-04
2.160000e+09	5.046416e+12	1.385139e-01	6.783920e-01	1.057653e+13	5.111705e+13	3.471606e+13	3.773308e+03	1.832199e+03	1.255157e+03	1	4.873301e-04
2.260000e+09	5.049870e+12	1.490480e-01	6.783920e-01	1.045717e+13	4.952028e+13	3.357651e+13	3.769404e+03	1.826431e+03	1.251205e+03	1	4.845914e-04
2.360000e+09	4.988339e+12	1.582066e-01	6.783920e-01	1.034363e+13	4.804033e+13	3.250146e+13	3.765628e+03	1.820983e+03	1.247473e+03	1	4.801519e-04
2.460000e+09	4.903755e+12	1.663339e-01	6.783920e-01	1.023377e+13	4.666178e+13	3.148644e+13	3.761883e+03	1.815813e+03	1.243932e+03	1	4.752533e-04
2.560000e+09	4.886095e+12	1.745076e-01	6.783920e-01	1.012663e+13	4.537231e+13	3.052733e+13	3.758133e+03	1.810887e+03	1.240557e+03	1	4.725079e-04
2.660000e+09	4.789421e+12	1.816856e-01	6.783920e-01	1.002350e+13	4.416256e+13	2.962033e+13	3.754468e+03	1.806177e+03	1.237330e+03	1	4.674785e-04
2.760000e+09	4.915623e+12	1.884383e-01	6.783920e-01	9.922170e+12	4.302371e+13	2.876193e+13	3.750773e+03	1.801660e+03	1.234236e+03	1	4.697574e-04
2.860000e+09	4.834074e+12	1.942150e-01	6.783920e-01	9.827714e+12	4.195072e+13	2.794888e+13	3.747358e+03	1.797318e+03	1.231261e+03	1	4.656245e-04
2.960000e+09	4.908276e+12	2.000171e-01	6.783920e-01	9.734902e+12	4.093629e+13	2.717817e+13	3.743926e+03	1.793138e+03	1.228398e+03	1	4.664632e-04
3.060000e+09	4.819434e+12	2.051668e-01	6.783920e-01	9.647224e+12	3.997656e+13	2.644701e+13	3.740693e+03	1.789105e+03	1.225635e+03	1	4.622834e-04
3.160000e+09	4.864243e+12	2.103329e-01	6.783920e-01	9.560630e+12	3.906593e+13	2.575283e+13	3.737425e+03	1.785212e+03	1.222968e+03	1	4.623579e-04
3.260000e+09	4.774026e+12	2.149771e-01	6.783920e-01	9.478113e+12	3.820151e+13	2.509324e+13	3.734309e+03	1.781446e+03	1.220389e+03	1	4.582749e-04
3.360000e+09	4.797912e+12	2.196261e-01	6.783920e-01	9.396359e+12	3.737886e+13	2.446601e+13	3.731150e+03	1.777802e+03	1.217892e+03	1	4.578304e-04
3.460000e+09	4.705444e+12	2.238449e-01	6.783920e-01	9.317915e+12	3.659575e+13	2.386909e+13	3.728108e+03	1.774270e+03	1.215472e+03	1	4.537838e-04
3.560000e+09	4.723199e+12	2.281691e-01	6.783920e-01	9.239961e+12	3.584854e+13	2.330058e+13	3.725015e+03	1.770845e+03	1.213126e+03	1	4.532414e-04
3.660000e+09	4.633575e+12	2.322987e-01	6.783920e-01	9.164953e+12	3.513555e+13	2.275870e+13	3.722028e+03	1.767520e+03	1.210848e+03	1	4.493028e-04
3.760000e+09	4.641864e+12	2.362472e-01	6.783920e-01	9.090318e+12	3.445372e+13	2.224181e+13	3.718989e+03	1.764291e+03	1.208636e+03	1	4.485648e-04
3.860000e+09	4.687411e+12	2.400898e-01	6.783920e-01	9.018229e+12	3.380173e+13	2.174836e+13	3.716038e+03	1.761151e+03	1.206485e+03	1	4.490472e-04
3.960000e+09	4.594440e+12	2.435613e-01	6.783920e-01	8.949424e+12	3.317808e+13	2.127695e+13	3.713228e+03	1.758098e+03	1.204394e+03	1	4.451809e-04
4.060000e+09	4.587728e+12	2.471163e-01	6.783920e-01	8.880660e+12	3.258005e+13	2.082625e+13	3.710354e+03	1.755128e+03	1.202359e+03	1	4.440675e-04
4.160000e+09	4.621437e+12	2.505821e-01	6.783920e-01	8.813840e+12	3.200663e+13	2.039501e+13	3.707542e+03	1.752237e+03	1.200378e+03	1	4.442780e-04
4.260000e+09	4.533256e+12	2.537380e-01	6.783920e-01	8.749789e+12	3.145673e+13	1.998210e+13	3.704848e+03	1.749420e+03	1.198449e+03	1	4.406444e-04
4.360000e+09	4.520913e+12	2.569661e-01	6.783920e-01	8.685687e+12	3.092813e+13	1.958644e+13	3.702091e+03	1.746677e+03	1.196570e+03	1	4.394385e-04
4.460000e+09	4.545942e+12	2.601198e-01	6.783920e-01	8.623196e+12	3.042006e+13	1.920703e+13	3.699383e+03	1.744002e+03	1.194737e+03	1	4.394611e-04
4.560000e+09	4.460283e+12	2.630074e-01	6.783920e-01	8.563080e+12	2.993170e+13	1.884294e+13	3.696776e+03	1.741394e+03	1.192950e+03	1	4.359686e-04
4.660000e+09	4.480637e+12	2.659741e-01	6.783920e-01	8.502809e+12	2.946115e+13	1.849330e+13	3.694106e+03	1.738850e+03	1.191207e+03	1	4.358967e-04
4.760000e+09	4.460094e+12	2.688133e-01	6.783920e-01	8.444700e+12	2.900818e+13	1.815729e+13	3.691528e+03	1.736366e+03	1.189506e+03	1	4.345294e-04
4.860000e+09	4.382330e+12	2.716161e-01	6.783920e-01	8.387782e+12	2.857157e+13	1.783416e+13	3.688981e+03	1.733941e+03	1.187845e+03	1	4.313032e-04
4.960000e+09	4.397212e+12	2.743451e-01	6.783920e-01	8.330749e+12	2.815002e+13	1.752320e+13	3.686377e+03	1.731573e+03	1.186223e+03	1	4.311234e-04
5.060000e+09	4.375678e+12	2.770155e-01	6.783920e-01	8.275611e+12	2.774335e+13	1.722374e+13	3.683855e+03	1.729259e+03	1.184637e+03	1	4.297675e-04
5.160000e+09	4.388154e+12	2.796332e-01	6.783920e-01	8.221510e+12	2.735057e+13	1.693516e+13	3.681359e+03	1.726997e+03	1.183087e+03	1	4.295379e-04
5.260000e+09	4.311090e+12	2.821774e-01	6.783920e-01	8.169145e+12	2.697126e+13	1.665688e+13	3.678938e+03	1.724785e+03	1.181572e+03	1	4.263935e-04
5.360000e+09	4.320911e+12	2.846603e-01	6.783920e-01	8.116515e+12	2.660407e+13	1.638835e+13	3.676456e+03	1.722621e+03	1.180090e+03	1	4.261174e-04
5.460000e+09	4.297657e+12	2.870934e-01	6.783920e-01	8.065491e+12	2.624898e+13	1.612906e+13	3.674044e+03	1.720504e+03	1.178640e+03	1	4.247659e-04
5.560000e+09	4.305732e+12	2.894824e-01	6.783920e-01	8.015308e+12	2.590519e+13	1.587854e+13	3.671650e+03	1.718432e+03	1.177220e+03	1	4.244573e-04
5.660000e+09	4.234055e+12	2.918090e-01	6.783920e-01	7.966605e+12	2.557238e+13	1.563633e+13	3.669322e+03	1.716402e+03	1.175830e+03	1	4.215333e-04
5.760000e+09	4.240169e+12	2.940846e-01	6.783920e-01	7.917622e+12	2.524946e+13	1.540201e+13	3.666936e+03	1.714415e+03	1.174468e+03	1	4.211934e-04
5.860000e+09	4.245749e+12	2.963274e-01	6.783920e-01	7.870019e+12	2.493645e+13	1.517518e+13	3.664611e+03	1.712468e+03	1.173134e+03	1	4.208438e-04
5.960000e+09	4.217368e+12	2.984835e-01	6.783920e-01	7.823741e+12	2.463295e+13	1.495548e+13	3.662345e+03	1.710559e+03	1.171827e+03	1	4.193923e-04
6.060000e+09	4.221699e+12	3.006466e-01	6.783920e-01	7.778024e+12	2.433827e+13	1.474255e+13	3.660085e+03	1.708688e+03	1.170545e+03	1	4.190230e-04
6.160000e+09	4.154338e+12	3.026675e-01	6.783920e-01	7.733537e+12	2.405224e+13	1.453606e+13	3.657880e+03	1.706853e+03	1.169288e+03	1	4.163067e-04
6.260000e+09	4.157282e+12	3.047372e-01	6.783920e-01	7.688723e+12	2.377396e+13	1.433570e+13	3.655618e+03	1.705053e+03	1.168055e+03	1	4.159182e-04
6.360000e+09	4.131173e+12	3.067701e-01	6.783920e-01	7.645065e+12	2.350353e+13	1.414119e+13	3.653409e+03	1.703286e+03	1.166844e+03	1	4.145694e-04
6.460000e+09	4.133184e+12	3.087713e-01	6.783920e-01	7.601913e+12	2.324042e+13	1.395225e+13	3.651205e+03	1.701551e+03	1.165656e+03	1	4.141683e-04
6.560000e+09	4.134875e+12	3.107464e-01	6.783920e-01	7.559840e+12	2.298449e+13	1.376861e+13	3.649051e+03	1.699848e+03	1.164489e+03	1	4.137631e-04
6.660000e+09	4.069767e+12	3.125956e-01	6.783920e-01	7.518808e+12	2.273547e+13	1.359004e+13	3.646945e+03	1.698175e+03	1.163343e+03	1	4.111505e-04
6.760000e+09	4.070409e+12	3.144908e-01	6.783920e-01	7.477383e+12	2.249257e+13	1.341630e+13	3.644781e+03	1.696531e+03	1.162217e+03	1	4.107327e-04
6.860000e+09	4.070795e+12	3.163622e-01	6.783920e-01	7.436940e+12	2.225597e+13	1.324718e+13	3.642662e+03	1.694916e+03	1.161110e+03	1	4.103123e-04
6.960000e+09	4.043181e+12	3.181689e-01	6.783920e-01	7.397446e+12	2.202541e+13	1.308248e+13	3.640587e+03	1.693327e+03	1.160022e+03	1	4.089656e-04
7.060000e+09	4.042917e+12	3.199827e-01	6.783920e-01	7.358289e+12	2.180046e+13	1.292199e+13	3.638512e+03	1.691765e+03	1.158952e+03	1	4.085388e-04
7.160000e+09	3.983772e+12	3.217575e-01	6.783920e-01	7.320024e+12	2.158107e+13	1.276555e+13	3.636478e+03	1.690228e+03	1.157899e+03	1	4.061303e-04
7.260000e+09	3.982714e+12	3.235029e-01	6.783920e-01	7.281399e+12	2.136661e+13	1.261297e+13	3.634392e+03	1.688716e+03	1.156863e+03	1	4.056953e-04
7.360000e+09	3.981478e+12	3.252279e-01	6.783920e-01	7.243621e+12	2.115724e+13	1.246409e+13	3.632345e+03	1.687227e+03	1.155843e+03	1	4.052594e-04
7.460000e+09	3.952065e+12	3.269247e-01	6.783920e-01	7.206662e+12	2.095277e+13	1.231876e+13	3.630338e+03	1.685761e+03	1.154839e+03	1	4.038730e-04
7.560000e+09	3.950321e+12	3.285985e-01	6.783920e-01	7.169916e+12	2.075284e+13	1.217683e+13	3.628324e+03	1.684318e+03	1.153850e+03	1	4.034333e-04
7.660000e+09	3.948431e+12	3.302534e-01	6.783920e-01	7.133944e+12	2.055744e+13	1.203817e+13	3.626347e+03	1.682896e+03	1.152876e+03	1	4.029935e-04
7.760000e+09	3.895722e+12	3.318753e-01	6.783920e-01	7.098722e+12	2.036643e+13	1.190264e+13	3.624406e+03	1.681494e+03	1.151916e+03	1	4.008264e-04
7.860000e+09	3.893266e+12	3.334732e-01	6.783920e-01	7.063182e+12	2.017926e+13	1.177013e+13	3.622419e+03	1.680113e+03	1.150970e+03	1	4.003823e-04
7.960000e+09	3.890692e+12	3.350536e-01	6.783920e-01	7.028358e+12	1.999613e+13	1.164050e+13	3.620467e+03	1.678751e+03	1.150036e+03	1	3.999386e-04
8.060000e+09	3.888009e+12	3.366169e-01	6.783920e-01	6.994227e+12	1.981689e+13	1.151365e+13	3.618548e+03	1.677408e+03	1.149116e+03	1	3.994955e-04
8.160000e+09	3.859709e+12	3.381278e-01	6.783920e-01	6.960769e+12	1.964142e+13	1.138948e+13	3.616663e+03	1.676083e+03	1.148209e+03	1	3.981857e-04
8.260000e+09	3.856680e+12	3.396484e-01	6.783920e-01	6.927443e+12	1.946941e+13	1.126789e+13	3.614768e+03	1.674776e+03	1.147313e+03	1	3.977418e-04
8.360000e+09	3.853562e+12	3.411530e-01	6.783920e-01	6.894755e+12	1.930090e+13	1.114878e+13	3.612905e+03	1.673486e+03	1.146430e+03	1	3.972988e-04
8.460000e+09	3.802738e+12	3.425774e-01	6.783920e-01	6.862688e+12	1.913577e+13	1.103205e+13	3.611072e+03	1.672213e+03	1.145558e+03	1	3.952284e-04
8.560000e+09	3.799197e+12	3.440337e-01	6.783920e-01	6.830256e+12	1.897358e+13	1.091763e+13	3.609193e+03	1.670956e+03	1.144697e+03	1	3.947830e-04
8.660000e+09	3.795585e+12	3.454752e-01	6.783920e-01	6.798420e+12	1.881452e+13	1.080543e+13	3.607343e+03	1.669715e+03	1.143846e+03	1	3.943389e-04
8.760000e+09	3.767533e+12	3.468955e-01	6.783920e-01	6.767162e+12	1.865849e+13	1.069538e+13	3.605522e+03	1.668489e+03	1.143006e+03	1	3.930518e-04
8.860000e+09	3.763658e+12	3.482993e-01	6.783920e-01	6.735975e+12	1.850523e+13	1.058740e+13	3.603690e+03	1.667277e+03	1.142177e+03	1	3.926080e-04
8.960000e+09	3.759727e+12	3.496893e-01	6.783920e-01	6.705340e+12	1.835480e+13	1.048142e+13	3.601886e+03	1.666080e+03	1.141356e+03	1	3.921657e-04
9.060000e+09	3.755744e+12	3.510657e-01	6.783920e-01	6.675244e+12	1.820712e+13	1.037737e+13	3.600109e+03	1.664897e+03	1.140546e+03	1	3.917250e-04
9.160000e+09	3.709974e+12	3.524177e-01	6.783920e-01	6.645671e+12	1.806212e+13	1.027519e+13	3.598359e+03	1.663727e+03	1.139744e+03	1	3.898320e-04
9.260000e+09	3.705677e+12	3.537530e-01	6.783920e-01	6.615767e+12	1.791941e+13	1.017482e+13	3.596567e+03	1.662571e+03	1.138952e+03	1	3.893902e-04
9.360000e+09	3.701340e+12	3.550757e-01	6.783920e-01	6.586368e+12	1.777917e+13	1.007621e+13	3.594800e+03	1.661427e+03	1.138168e+03	1	3.889502e-04
9.460000e+09	3.696967e+12	3.563858e-01	6.783920e-01	6.557461e+12	1.764136e+13	9.979285e+12	3.593059e+03	1.660295e+03	1.137393e+03	1	3.885121e-04
9.560000e+09	3.670406e+12	3.576548e-01	6.783920e-01	6.529034e+12	1.750589e+13	9.884007e+12	3.591343e+03	1.659175e+03	1.136626e+03	1	3.873045e-04
9.660000e+09	3.665854e+12	3.589332e-01	6.783920e-01	6.500630e+12	1.737254e+13	9.790323e+12	3.589614e+03	1.658067e+03	1.135867e+03	1	3.868677e-04
9.760000e+09	3.661276e+12	3.602000e-01	6.783920e-01	6.472686e+12	1.724140e+13	9.698184e+12	3.587909e+03	1.656971e+03	1.135116e+03	1	3.864328e-04
9.860000e+09	3.656672e+12	3.614551e-01	6.783920e-01	6.445190e+12	1.711241e+13	9.607545e+12	3.586229e+03	1.655885e+03	1.134372e+03	1	3.860000e-04
9.960000e+09	3.612886e+12	3.626491e-01	6.783920e-01	6.418132e+12	1.698550e+13	9.518360e+12	3.584571e+03	1.654811e+03	1.133636e+03	1	3.841968e-04
