#R=1.3013442690116095
#a=1.0
#interptype='linear'
#name='planet'
#norm={'P': 1000000000000.0, 'R': 1.3013442690116095, 'M': 3.0, 'g': 17.413457099154179, 'rho': 4000.0}
#state=1
#composition
#layer0		Fe08FeS02		0.500000
#layer1		pv_fmw		0.500000
#Cols=
 #'ur		r		mr		rho		P		g		phi		T		composition'
#-end-
0.000000e+00	0.000000e+00	1.521244e-11	1.684817e+04	1.176571e+12	0.000000e+00	-2.622993e+08	5.000000e+03	0
5.025126e-03	6.539418e-03	1.134902e-06	1.684854e+04	1.176660e+12	-1.164762e-02	-2.622952e+08	5.000000e+03	0
1.005025e-02	1.307884e-02	6.824426e-06	1.684833e+04	1.176610e+12	1.808310e-01	-2.622830e+08	5.000000e+03	0
1.507538e-02	1.961826e-02	2.382556e-05	1.684748e+04	1.176407e+12	3.774071e-01	-2.622625e+08	5.000000e+03	0
2.010050e-02	2.615767e-02	5.450089e-05	1.684612e+04	1.176082e+12	5.740745e-01	-2.622340e+08	5.000000e+03	0
2.512563e-02	3.269709e-02	1.077410e-04	1.684411e+04	1.175604e+12	7.707274e-01	-2.621972e+08	5.000000e+03	0
3.015075e-02	3.923651e-02	1.838109e-04	1.684159e+04	1.175003e+12	9.673409e-01	-2.621523e+08	5.000000e+03	0
3.517588e-02	4.577593e-02	2.936374e-04	1.683844e+04	1.174251e+12	1.163888e+00	-2.620992e+08	5.000000e+03	0
4.020101e-02	5.231535e-02	4.354778e-04	1.683477e+04	1.173376e+12	1.360370e+00	-2.620380e+08	5.000000e+03	0
4.522613e-02	5.885477e-02	6.221963e-04	1.683046e+04	1.172350e+12	1.556758e+00	-2.619686e+08	5.000000e+03	0
5.025126e-02	6.539418e-02	8.501336e-04	1.682563e+04	1.171200e+12	1.753058e+00	-2.618910e+08	5.000000e+03	0
5.527638e-02	7.193360e-02	1.133991e-03	1.682017e+04	1.169901e+12	1.949236e+00	-2.618053e+08	5.000000e+03	0
6.030151e-02	7.847302e-02	1.468285e-03	1.681418e+04	1.168478e+12	2.145305e+00	-2.617115e+08	5.000000e+03	0
6.532663e-02	8.501244e-02	1.869452e-03	1.680757e+04	1.166906e+12	2.341227e+00	-2.616096e+08	5.000000e+03	0
7.035176e-02	9.155186e-02	2.330280e-03	1.680043e+04	1.165210e+12	2.537016e+00	-2.614994e+08	5.000000e+03	0
7.537688e-02	9.809128e-02	2.868836e-03	1.679265e+04	1.163366e+12	2.732632e+00	-2.613812e+08	5.000000e+03	0
8.040201e-02	1.046307e-01	3.476273e-03	1.678436e+04	1.161400e+12	2.928094e+00	-2.612548e+08	5.000000e+03	0
8.542714e-02	1.111701e-01	4.172189e-03	1.677543e+04	1.159286e+12	3.123357e+00	-2.611204e+08	5.000000e+03	0
9.045226e-02	1.177095e-01	4.946196e-03	1.676598e+04	1.157049e+12	3.318442e+00	-2.609778e+08	5.000000e+03	0
9.547739e-02	1.242490e-01	5.819315e-03	1.675590e+04	1.154666e+12	3.513303e+00	-2.608272e+08	5.000000e+03	0
1.005025e-01	1.307884e-01	6.779717e-03	1.674529e+04	1.152161e+12	3.707964e+00	-2.606684e+08	5.000000e+03	0
1.055276e-01	1.373278e-01	7.849742e-03	1.673405e+04	1.149511e+12	3.902374e+00	-2.605016e+08	5.000000e+03	0
1.105528e-01	1.438672e-01	9.016213e-03	1.672228e+04	1.146739e+12	4.096563e+00	-2.603267e+08	5.000000e+03	0
1.155779e-01	1.504066e-01	1.030269e-02	1.670989e+04	1.143823e+12	4.290474e+00	-2.601438e+08	5.000000e+03	0
1.206030e-01	1.569460e-01	1.169473e-02	1.669696e+04	1.140786e+12	4.484141e+00	-2.599528e+08	5.000000e+03	0
1.256281e-01	1.634855e-01	1.321702e-02	1.668341e+04	1.137606e+12	4.677505e+00	-2.597538e+08	5.000000e+03	0
1.306533e-01	1.700249e-01	1.485397e-02	1.666932e+04	1.134306e+12	4.870601e+00	-2.595467e+08	5.000000e+03	0
1.356784e-01	1.765643e-01	1.663124e-02	1.665461e+04	1.130865e+12	5.063369e+00	-2.593317e+08	5.000000e+03	0
1.407035e-01	1.831037e-01	1.853220e-02	1.663936e+04	1.127304e+12	5.255847e+00	-2.591086e+08	5.000000e+03	0
1.457286e-01	1.896431e-01	2.058343e-02	1.662348e+04	1.123603e+12	5.447971e+00	-2.588776e+08	5.000000e+03	0
1.507538e-01	1.961826e-01	2.276731e-02	1.660707e+04	1.119784e+12	5.639781e+00	-2.586386e+08	5.000000e+03	0
1.557789e-01	2.027220e-01	2.511122e-02	1.659004e+04	1.115827e+12	5.831212e+00	-2.583916e+08	5.000000e+03	0
1.608040e-01	2.092614e-01	2.759669e-02	1.657246e+04	1.111751e+12	6.022306e+00	-2.581367e+08	5.000000e+03	0
1.658291e-01	2.158008e-01	3.025177e-02	1.655426e+04	1.107540e+12	6.212995e+00	-2.578739e+08	5.000000e+03	0
1.708543e-01	2.223402e-01	3.305725e-02	1.653552e+04	1.103211e+12	6.403324e+00	-2.576032e+08	5.000000e+03	0
1.758794e-01	2.288796e-01	3.604173e-02	1.651616e+04	1.098748e+12	6.593222e+00	-2.573246e+08	5.000000e+03	0
1.809045e-01	2.354191e-01	3.918535e-02	1.649625e+04	1.094169e+12	6.782737e+00	-2.570381e+08	5.000000e+03	0
1.859296e-01	2.419585e-01	4.251718e-02	1.647572e+04	1.089458e+12	6.971796e+00	-2.567437e+08	5.000000e+03	0
1.909548e-01	2.484979e-01	4.601680e-02	1.645464e+04	1.084632e+12	7.160448e+00	-2.564414e+08	5.000000e+03	0
1.959799e-01	2.550373e-01	4.971364e-02	1.643294e+04	1.079675e+12	7.348619e+00	-2.561315e+08	5.000000e+03	0
2.010050e-01	2.615767e-01	5.358680e-02	1.641069e+04	1.074605e+12	7.536358e+00	-2.558137e+08	5.000000e+03	0
2.060302e-01	2.681162e-01	5.766600e-02	1.638782e+04	1.069406e+12	7.723591e+00	-2.554881e+08	5.000000e+03	0
2.110553e-01	2.746556e-01	6.192993e-02	1.636440e+04	1.064095e+12	7.910369e+00	-2.551547e+08	5.000000e+03	0
2.160804e-01	2.811950e-01	6.640849e-02	1.634035e+04	1.058657e+12	8.096616e+00	-2.548136e+08	5.000000e+03	0
2.211055e-01	2.877344e-01	7.108009e-02	1.631576e+04	1.053109e+12	8.282382e+00	-2.544648e+08	5.000000e+03	0
2.261307e-01	2.942738e-01	7.597467e-02	1.629053e+04	1.047437e+12	8.467593e+00	-2.541082e+08	5.000000e+03	0
2.311558e-01	3.008132e-01	8.107046e-02	1.626476e+04	1.041656e+12	8.652300e+00	-2.537440e+08	5.000000e+03	0
2.361809e-01	3.073527e-01	8.639735e-02	1.623836e+04	1.035752e+12	8.836425e+00	-2.533722e+08	5.000000e+03	0
2.412060e-01	3.138921e-01	9.193349e-02	1.621140e+04	1.029741e+12	9.020021e+00	-2.529927e+08	5.000000e+03	0
2.462312e-01	3.204315e-01	9.770862e-02	1.618382e+04	1.023611e+12	9.203011e+00	-2.526056e+08	5.000000e+03	0
2.512563e-01	3.269709e-01	1.037009e-01	1.615568e+04	1.017374e+12	9.385448e+00	-2.522109e+08	5.000000e+03	0
2.562814e-01	3.335103e-01	1.099397e-01	1.612691e+04	1.011021e+12	9.567253e+00	-2.518087e+08	5.000000e+03	0
2.613065e-01	3.400498e-01	1.164034e-01	1.609758e+04	1.004563e+12	9.748480e+00	-2.513989e+08	5.000000e+03	0
2.663317e-01	3.465892e-01	1.231211e-01	1.606763e+04	9.979910e+11	9.929050e+00	-2.509816e+08	5.000000e+03	0
2.713568e-01	3.531286e-01	1.300712e-01	1.603711e+04	9.913166e+11	1.010902e+01	-2.505569e+08	5.000000e+03	0
2.763819e-01	3.596680e-01	1.372824e-01	1.600596e+04	9.845300e+11	1.028830e+01	-2.501247e+08	5.000000e+03	0
2.814070e-01	3.662074e-01	1.447333e-01	1.597425e+04	9.776432e+11	1.046696e+01	-2.496850e+08	5.000000e+03	0
2.864322e-01	3.727469e-01	1.524522e-01	1.594190e+04	9.706470e+11	1.064491e+01	-2.492379e+08	5.000000e+03	0
2.914573e-01	3.792863e-01	1.604179e-01	1.590899e+04	9.635526e+11	1.082221e+01	-2.487853e+08	5.000000e+03	0
2.964824e-01	3.858257e-01	1.686582e-01	1.587544e+04	9.563514e+11	1.099877e+01	-2.483218e+08	5.000000e+03	0
3.015075e-01	3.923651e-01	1.771523e-01	1.584132e+04	9.490542e+11	1.117465e+01	-2.478527e+08	5.000000e+03	0
3.065327e-01	3.989045e-01	1.859272e-01	1.580658e+04	9.416531e+11	1.134978e+01	-2.473764e+08	5.000000e+03	0
3.115578e-01	4.054439e-01	1.949627e-01	1.577125e+04	9.341581e+11	1.152420e+01	-2.468928e+08	5.000000e+03	0
3.165829e-01	4.119834e-01	2.042849e-01	1.573529e+04	9.265620e+11	1.169784e+01	-2.464020e+08	5.000000e+03	0
3.216080e-01	4.185228e-01	2.138743e-01	1.569874e+04	9.188744e+11	1.187075e+01	-2.459039e+08	5.000000e+03	0
3.266332e-01	4.250622e-01	2.237561e-01	1.566157e+04	9.110886e+11	1.204285e+01	-2.453988e+08	5.000000e+03	0
3.316583e-01	4.316016e-01	2.339112e-01	1.562380e+04	9.032136e+11	1.221419e+01	-2.448865e+08	5.000000e+03	0
3.366834e-01	4.381410e-01	2.443641e-01	1.558540e+04	8.952436e+11	1.238470e+01	-2.443671e+08	5.000000e+03	0
3.417085e-01	4.446805e-01	2.550965e-01	1.554641e+04	8.871866e+11	1.255443e+01	-2.438406e+08	5.000000e+03	0
3.467337e-01	4.512199e-01	2.661316e-01	1.550678e+04	8.790378e+11	1.272330e+01	-2.433072e+08	5.000000e+03	0
3.517588e-01	4.577593e-01	2.774519e-01	1.546656e+04	8.708046e+11	1.289135e+01	-2.427667e+08	5.000000e+03	0
3.567839e-01	4.642987e-01	2.890797e-01	1.542570e+04	8.624826e+11	1.305852e+01	-2.422193e+08	5.000000e+03	0
3.618090e-01	4.708381e-01	3.009982e-01	1.538423e+04	8.540788e+11	1.322486e+01	-2.416650e+08	5.000000e+03	0
3.668342e-01	4.773775e-01	3.132284e-01	1.534212e+04	8.455895e+11	1.339028e+01	-2.411038e+08	5.000000e+03	0
3.718593e-01	4.839170e-01	3.257546e-01	1.529941e+04	8.370210e+11	1.355484e+01	-2.405357e+08	5.000000e+03	0
3.768844e-01	4.904564e-01	3.385966e-01	1.525605e+04	8.283703e+11	1.371846e+01	-2.399608e+08	5.000000e+03	0
3.819095e-01	4.969958e-01	3.517395e-01	1.521208e+04	8.196432e+11	1.388119e+01	-2.393792e+08	5.000000e+03	0
3.869347e-01	5.035352e-01	3.652018e-01	1.516746e+04	8.108372e+11	1.404296e+01	-2.387908e+08	5.000000e+03	0
3.919598e-01	5.100746e-01	3.789695e-01	1.512222e+04	8.019577e+11	1.420380e+01	-2.381958e+08	5.000000e+03	0
3.969849e-01	5.166141e-01	3.930599e-01	1.507633e+04	7.930026e+11	1.436366e+01	-2.375941e+08	5.000000e+03	0
4.020101e-01	5.231535e-01	4.074601e-01	1.502981e+04	7.839770e+11	1.452257e+01	-2.369858e+08	5.000000e+03	0
4.070352e-01	5.296929e-01	4.221858e-01	1.498264e+04	7.748792e+11	1.468047e+01	-2.363709e+08	5.000000e+03	0
4.120603e-01	5.362323e-01	4.372252e-01	1.493483e+04	7.657139e+11	1.483738e+01	-2.357495e+08	5.000000e+03	0
4.170854e-01	5.427717e-01	4.525926e-01	1.488637e+04	7.564799e+11	1.499326e+01	-2.351216e+08	5.000000e+03	0
4.221106e-01	5.493111e-01	4.682774e-01	1.483726e+04	7.471816e+11	1.514813e+01	-2.344872e+08	5.000000e+03	0
4.271357e-01	5.558506e-01	4.842923e-01	1.478750e+04	7.378181e+11	1.530193e+01	-2.338465e+08	5.000000e+03	0
4.321608e-01	5.623900e-01	5.006277e-01	1.473708e+04	7.283933e+11	1.545469e+01	-2.331994e+08	5.000000e+03	0
4.371859e-01	5.689294e-01	5.172949e-01	1.468599e+04	7.189070e+11	1.560637e+01	-2.325460e+08	5.000000e+03	0
4.422111e-01	5.754688e-01	5.342855e-01	1.463425e+04	7.093628e+11	1.575697e+01	-2.318863e+08	5.000000e+03	0
4.472362e-01	5.820082e-01	5.516091e-01	1.458183e+04	6.997607e+11	1.590645e+01	-2.312204e+08	5.000000e+03	0
4.522613e-01	5.885477e-01	5.692586e-01	1.452874e+04	6.901039e+11	1.605483e+01	-2.305483e+08	5.000000e+03	0
4.572864e-01	5.950871e-01	5.872420e-01	1.447498e+04	6.803930e+11	1.620207e+01	-2.298701e+08	5.000000e+03	0
4.623116e-01	6.016265e-01	6.055532e-01	1.442053e+04	6.706309e+11	1.634817e+01	-2.291859e+08	5.000000e+03	0
4.673367e-01	6.081659e-01	6.241986e-01	1.436540e+04	6.608184e+11	1.649310e+01	-2.284955e+08	5.000000e+03	0
4.723618e-01	6.147053e-01	6.431735e-01	1.430958e+04	6.509582e+11	1.663687e+01	-2.277992e+08	5.000000e+03	0
4.773869e-01	6.212448e-01	6.624826e-01	1.425307e+04	6.410514e+11	1.677943e+01	-2.270970e+08	5.000000e+03	0
4.824121e-01	6.277842e-01	6.821223e-01	1.419585e+04	6.311004e+11	1.692080e+01	-2.263889e+08	5.000000e+03	0
4.874372e-01	6.343236e-01	7.020955e-01	1.413794e+04	6.211068e+11	1.706094e+01	-2.256749e+08	5.000000e+03	0
4.924623e-01	6.408630e-01	7.224001e-01	1.407931e+04	6.110727e+11	1.719984e+01	-2.249552e+08	5.000000e+03	0
4.974874e-01	6.474024e-01	7.430372e-01	1.401996e+04	6.009997e+11	1.733749e+01	-2.242297e+08	5.000000e+03	0
5.025126e-01	6.539418e-01	7.640057e-01	1.395990e+04	5.908901e+11	1.747388e+01	-2.234986e+08	5.000000e+03	0
5.075377e-01	6.604813e-01	7.853053e-01	1.389910e+04	5.807455e+11	1.760898e+01	-2.227618e+08	5.000000e+03	0
5.125628e-01	6.670207e-01	8.069360e-01	1.383757e+04	5.705681e+11	1.774277e+01	-2.220195e+08	5.000000e+03	0
5.175879e-01	6.735601e-01	8.288956e-01	1.377531e+04	5.603599e+11	1.787525e+01	-2.212717e+08	5.000000e+03	0
5.226131e-01	6.800995e-01	8.511855e-01	1.371229e+04	5.501227e+11	1.800639e+01	-2.205183e+08	5.000000e+03	0
5.276382e-01	6.866389e-01	8.738017e-01	1.364852e+04	5.398587e+11	1.813619e+01	-2.197596e+08	5.000000e+03	0
5.326633e-01	6.931784e-01	8.967467e-01	1.358398e+04	5.295697e+11	1.826461e+01	-2.189956e+08	5.000000e+03	0
5.376884e-01	6.997178e-01	9.200149e-01	1.351867e+04	5.192581e+11	1.839166e+01	-2.182262e+08	5.000000e+03	0
5.427136e-01	7.062572e-01	9.436098e-01	1.345258e+04	5.089255e+11	1.851729e+01	-2.174516e+08	5.000000e+03	0
5.477387e-01	7.127966e-01	9.675242e-01	1.338571e+04	4.985745e+11	1.864152e+01	-2.166719e+08	5.000000e+03	0
5.527638e-01	7.193360e-01	9.917628e-01	1.331803e+04	4.882067e+11	1.876429e+01	-2.158870e+08	5.000000e+03	0
5.577889e-01	7.258754e-01	1.016316e+00	1.324955e+04	4.778247e+11	1.888562e+01	-2.150971e+08	5.000000e+03	0
5.628141e-01	7.324149e-01	1.041191e+00	1.318025e+04	4.674301e+11	1.900546e+01	-2.143022e+08	5.000000e+03	0
5.678392e-01	7.389543e-01	1.066376e+00	1.311012e+04	4.570256e+11	1.912382e+01	-2.135023e+08	5.000000e+03	0
5.728643e-01	7.454937e-01	1.091877e+00	1.303915e+04	4.466129e+11	1.924065e+01	-2.126976e+08	5.000000e+03	0
5.778894e-01	7.520331e-01	1.117683e+00	1.296734e+04	4.361945e+11	1.935597e+01	-2.118881e+08	5.000000e+03	0
5.829146e-01	7.585725e-01	1.143802e+00	1.289464e+04	4.257724e+11	1.946972e+01	-2.110738e+08	5.000000e+03	0
5.879397e-01	7.651120e-01	1.170218e+00	1.282109e+04	4.153490e+11	1.958192e+01	-2.102549e+08	5.000000e+03	0
5.929648e-01	7.716514e-01	1.196941e+00	1.274663e+04	4.049265e+11	1.969249e+01	-2.094313e+08	5.000000e+03	0
5.979899e-01	7.781908e-01	1.223956e+00	1.267128e+04	3.945071e+11	1.980149e+01	-2.086032e+08	5.000000e+03	0
6.030151e-01	7.847302e-01	1.251271e+00	1.259499e+04	3.840932e+11	1.990881e+01	-2.077707e+08	5.000000e+03	0
6.080402e-01	7.912696e-01	1.278870e+00	1.251779e+04	3.736868e+11	2.001452e+01	-2.069337e+08	5.000000e+03	0
6.130653e-01	7.978090e-01	1.306762e+00	1.243961e+04	3.632908e+11	2.011851e+01	-2.060924e+08	5.000000e+03	0
6.180905e-01	8.043485e-01	1.334929e+00	1.236048e+04	3.529069e+11	2.022083e+01	-2.052468e+08	5.000000e+03	0
6.231156e-01	8.108879e-01	1.363381e+00	1.228034e+04	3.425381e+11	2.032139e+01	-2.043971e+08	5.000000e+03	0
6.281407e-01	8.174273e-01	1.392099e+00	1.219921e+04	3.321861e+11	2.042025e+01	-2.035432e+08	5.000000e+03	0
6.331658e-01	8.239667e-01	1.421094e+00	1.211702e+04	3.218543e+11	2.051728e+01	-2.026853e+08	5.000000e+03	0
6.381910e-01	8.305061e-01	1.450344e+00	1.203381e+04	3.115438e+11	2.061257e+01	-2.018234e+08	5.000000e+03	0
6.432161e-01	8.370456e-01	1.479860e+00	1.194949e+04	3.012587e+11	2.070597e+01	-2.009575e+08	5.000000e+03	0
6.482412e-01	8.435850e-01	1.502305e+00	7.501084e+03	2.935222e+11	2.069672e+01	-2.000883e+08	5.000000e+03	0
6.532663e-01	8.501244e-01	1.518930e+00	6.530447e+03	2.879097e+11	2.060590e+01	-1.992204e+08	5.000000e+03	1
6.582915e-01	8.566638e-01	1.535721e+00	6.497098e+03	2.823482e+11	2.051765e+01	-1.983563e+08	5.000000e+03	1
6.633166e-01	8.632032e-01	1.552690e+00	6.463776e+03	2.768404e+11	2.043205e+01	-1.974959e+08	5.000000e+03	1
6.683417e-01	8.697427e-01	1.569822e+00	6.430475e+03	2.713816e+11	2.034884e+01	-1.966392e+08	5.000000e+03	1
6.733668e-01	8.762821e-01	1.587130e+00	6.397192e+03	2.659748e+11	2.026811e+01	-1.957859e+08	5.000000e+03	1
6.783920e-01	8.828215e-01	1.604602e+00	6.363921e+03	2.606152e+11	2.018958e+01	-1.949361e+08	5.000000e+03	1
6.834171e-01	8.893609e-01	1.622248e+00	6.330657e+03	2.553058e+11	2.011335e+01	-1.940895e+08	5.000000e+03	1
6.884422e-01	8.959003e-01	1.640055e+00	6.297395e+03	2.500420e+11	2.003917e+01	-1.932462e+08	5.000000e+03	1
6.934673e-01	9.024397e-01	1.658035e+00	6.264130e+03	2.448270e+11	1.996713e+01	-1.924060e+08	5.000000e+03	1
6.984925e-01	9.089792e-01	1.676174e+00	6.230859e+03	2.396561e+11	1.989698e+01	-1.915689e+08	5.000000e+03	1
7.035176e-01	9.155186e-01	1.694486e+00	6.197575e+03	2.345326e+11	1.982882e+01	-1.907347e+08	5.000000e+03	1
7.085427e-01	9.220580e-01	1.712954e+00	6.164275e+03	2.294517e+11	1.976242e+01	-1.899034e+08	5.000000e+03	1
7.135678e-01	9.285974e-01	1.731592e+00	6.130953e+03	2.244170e+11	1.969785e+01	-1.890749e+08	5.000000e+03	1
7.185930e-01	9.351368e-01	1.750384e+00	6.097606e+03	2.194237e+11	1.963491e+01	-1.882491e+08	5.000000e+03	1
7.236181e-01	9.416763e-01	1.769345e+00	6.064227e+03	2.144754e+11	1.957368e+01	-1.874260e+08	5.000000e+03	1
7.286432e-01	9.482157e-01	1.788458e+00	6.030815e+03	2.095674e+11	1.951395e+01	-1.866055e+08	5.000000e+03	1
7.336683e-01	9.547551e-01	1.807737e+00	5.997361e+03	2.047033e+11	1.945581e+01	-1.857875e+08	5.000000e+03	1
7.386935e-01	9.612945e-01	1.827165e+00	5.963865e+03	1.998784e+11	1.939904e+01	-1.849720e+08	5.000000e+03	1
7.437186e-01	9.678339e-01	1.846757e+00	5.930317e+03	1.950966e+11	1.934375e+01	-1.841589e+08	5.000000e+03	1
7.487437e-01	9.743733e-01	1.866495e+00	5.896719e+03	1.903530e+11	1.928973e+01	-1.833482e+08	5.000000e+03	1
7.537688e-01	9.809128e-01	1.886395e+00	5.863058e+03	1.856516e+11	1.923707e+01	-1.825397e+08	5.000000e+03	1
7.587940e-01	9.874522e-01	1.906437e+00	5.829339e+03	1.809875e+11	1.918558e+01	-1.817334e+08	5.000000e+03	1
7.638191e-01	9.939916e-01	1.926638e+00	5.795548e+03	1.763649e+11	1.913535e+01	-1.809294e+08	5.000000e+03	1
7.688442e-01	1.000531e+00	1.946979e+00	5.761688e+03	1.717789e+11	1.908618e+01	-1.801275e+08	5.000000e+03	1
7.738693e-01	1.007070e+00	1.967476e+00	5.727747e+03	1.672336e+11	1.903818e+01	-1.793277e+08	5.000000e+03	1
7.788945e-01	1.013610e+00	1.988108e+00	5.693729e+03	1.627242e+11	1.899116e+01	-1.785299e+08	5.000000e+03	1
7.839196e-01	1.020149e+00	2.008893e+00	5.659618e+03	1.582549e+11	1.894520e+01	-1.777341e+08	5.000000e+03	1
7.889447e-01	1.026689e+00	2.029810e+00	5.625421e+03	1.538209e+11	1.890014e+01	-1.769403e+08	5.000000e+03	1
7.939698e-01	1.033228e+00	2.050876e+00	5.591120e+03	1.494265e+11	1.885605e+01	-1.761484e+08	5.000000e+03	1
7.989950e-01	1.039768e+00	2.072071e+00	5.556723e+03	1.450667e+11	1.881278e+01	-1.753584e+08	5.000000e+03	1
8.040201e-01	1.046307e+00	2.093410e+00	5.522212e+03	1.407462e+11	1.877040e+01	-1.745702e+08	5.000000e+03	1
8.090452e-01	1.052846e+00	2.114874e+00	5.487596e+03	1.364598e+11	1.872875e+01	-1.737838e+08	5.000000e+03	1
8.140704e-01	1.059386e+00	2.136478e+00	5.452852e+03	1.322122e+11	1.868792e+01	-1.729992e+08	5.000000e+03	1
8.190955e-01	1.065925e+00	2.158203e+00	5.417993e+03	1.279982e+11	1.864775e+01	-1.722164e+08	5.000000e+03	1
8.241206e-01	1.072465e+00	2.180063e+00	5.382995e+03	1.238229e+11	1.860831e+01	-1.714353e+08	5.000000e+03	1
8.291457e-01	1.079004e+00	2.202039e+00	5.347871e+03	1.196807e+11	1.856948e+01	-1.706558e+08	5.000000e+03	1
8.341709e-01	1.085543e+00	2.224146e+00	5.312594e+03	1.155769e+11	1.853129e+01	-1.698780e+08	5.000000e+03	1
8.391960e-01	1.092083e+00	2.246363e+00	5.277179e+03	1.115060e+11	1.849365e+01	-1.691019e+08	5.000000e+03	1
8.442211e-01	1.098622e+00	2.268706e+00	5.241598e+03	1.074731e+11	1.845658e+01	-1.683274e+08	5.000000e+03	1
8.492462e-01	1.105162e+00	2.291155e+00	5.205868e+03	1.034730e+11	1.841999e+01	-1.675544e+08	5.000000e+03	1
8.542714e-01	1.111701e+00	2.313724e+00	5.169955e+03	9.951077e+10	1.838391e+01	-1.667830e+08	5.000000e+03	1
8.592965e-01	1.118241e+00	2.336393e+00	5.133881e+03	9.558098e+10	1.834824e+01	-1.660132e+08	5.000000e+03	1
8.643216e-01	1.124780e+00	2.359177e+00	5.097608e+03	9.168910e+10	1.831302e+01	-1.652449e+08	5.000000e+03	1
8.693467e-01	1.131319e+00	2.382054e+00	5.061159e+03	8.782944e+10	1.827815e+01	-1.644781e+08	5.000000e+03	1
8.743719e-01	1.137859e+00	2.405039e+00	5.024495e+03	8.400768e+10	1.824366e+01	-1.637128e+08	5.000000e+03	1
8.793970e-01	1.144398e+00	2.428113e+00	4.987639e+03	8.021802e+10	1.820948e+01	-1.629489e+08	5.000000e+03	1
8.844221e-01	1.150938e+00	2.451287e+00	4.950548e+03	7.646630e+10	1.817561e+01	-1.621866e+08	5.000000e+03	1
8.894472e-01	1.157477e+00	2.474542e+00	4.913249e+03	7.274660e+10	1.814198e+01	-1.614257e+08	5.000000e+03	1
8.944724e-01	1.164016e+00	2.497891e+00	4.875693e+03	6.906494e+10	1.810862e+01	-1.606662e+08	5.000000e+03	1
8.994975e-01	1.170556e+00	2.521315e+00	4.837912e+03	6.541528e+10	1.807544e+01	-1.599082e+08	5.000000e+03	1
9.045226e-01	1.177095e+00	2.544824e+00	4.799850e+03	6.180382e+10	1.804247e+01	-1.591516e+08	5.000000e+03	1
9.095477e-01	1.183635e+00	2.568401e+00	4.761542e+03	5.822437e+10	1.800963e+01	-1.583964e+08	5.000000e+03	1
9.145729e-01	1.190174e+00	2.592054e+00	4.722926e+03	5.468335e+10	1.797693e+01	-1.576426e+08	5.000000e+03	1
9.195980e-01	1.196714e+00	2.615767e+00	4.684041e+03	5.117441e+10	1.794432e+01	-1.568903e+08	5.000000e+03	1
9.246231e-01	1.203253e+00	2.639548e+00	4.644818e+03	4.770419e+10	1.791179e+01	-1.561393e+08	5.000000e+03	1
9.296482e-01	1.209792e+00	2.663380e+00	4.605301e+03	4.426617e+10	1.787930e+01	-1.553897e+08	5.000000e+03	1
9.346734e-01	1.216332e+00	2.687269e+00	4.565411e+03	4.086723e+10	1.784683e+01	-1.546416e+08	5.000000e+03	1
9.396985e-01	1.222871e+00	2.711201e+00	4.525197e+03	3.750066e+10	1.781434e+01	-1.538948e+08	5.000000e+03	1
9.447236e-01	1.229411e+00	2.735179e+00	4.484570e+03	3.417361e+10	1.778182e+01	-1.531494e+08	5.000000e+03	1
9.497487e-01	1.235950e+00	2.759191e+00	4.443584e+03	3.087917e+10	1.774924e+01	-1.524055e+08	5.000000e+03	1
9.547739e-01	1.242490e+00	2.783237e+00	4.402138e+03	2.762475e+10	1.771656e+01	-1.516629e+08	5.000000e+03	1
9.597990e-01	1.249029e+00	2.807307e+00	4.360293e+03	2.440326e+10	1.768377e+01	-1.509217e+08	5.000000e+03	1
9.648241e-01	1.255568e+00	2.831397e+00	4.317931e+03	2.122237e+10	1.765081e+01	-1.501820e+08	5.000000e+03	1
9.698492e-01	1.262108e+00	2.855500e+00	4.275123e+03	1.807479e+10	1.761770e+01	-1.494437e+08	5.000000e+03	1
9.748744e-01	1.268647e+00	2.879611e+00	4.231731e+03	1.496853e+10	1.758435e+01	-1.487068e+08	5.000000e+03	1
9.798995e-01	1.275187e+00	2.903721e+00	4.187833e+03	1.189603e+10	1.755080e+01	-1.479713e+08	5.000000e+03	1
9.849246e-01	1.281726e+00	2.927823e+00	4.143267e+03	8.865672e+09	1.751694e+01	-1.472373e+08	5.000000e+03	1
9.899497e-01	1.288265e+00	2.951912e+00	4.098124e+03	5.869642e+09	1.748282e+01	-1.465047e+08	5.000000e+03	1
9.949749e-01	1.294805e+00	2.975975e+00	4.052011e+03	2.916712e+09	1.744833e+01	-1.457736e+08	5.000000e+03	1
1.000000e+00	1.301344e+00	3.000000e+00	4.000000e+03	-3.337860e-06	1.741346e+01	-1.450440e+08	3.000000e+02	1
