#R=1.592483905984081
#a=1.0
#interptype='linear'
#name='planet'
#norm={'P': 1000000000000.0, 'R': 1.592483905984081, 'M': 6.5, 'g': 25.194828471100685, 'rho': 4000.0}
#state=1
#composition
#layer0		Fe08FeS02		0.500000
#layer1		pv_fmw		0.500000
#Cols=
 #'ur		r		mr		rho		P		g		phi		T		composition'
#-end-
0.000000e+00	0.000000e+00	3.524571e-11	2.200663e+04	2.722637e+12	0.000000e+00	-4.754549e+08	5.000000e+03	0
5.025126e-03	8.002432e-03	2.716499e-06	2.200721e+04	2.722851e+12	-8.600213e-03	-4.754469e+08	5.000000e+03	0
1.005025e-02	1.600486e-02	1.633490e-05	2.200683e+04	2.722713e+12	2.990567e-01	-4.754231e+08	5.000000e+03	0
1.507538e-02	2.400730e-02	5.702823e-05	2.200540e+04	2.722184e+12	6.132562e-01	-4.753830e+08	5.000000e+03	0
2.010050e-02	3.200973e-02	1.304504e-04	2.200312e+04	2.721341e+12	9.275915e-01	-4.753271e+08	5.000000e+03	0
2.512563e-02	4.001216e-02	2.578780e-04	2.199979e+04	2.720110e+12	1.241886e+00	-4.752552e+08	5.000000e+03	0
3.015075e-02	4.801459e-02	4.399418e-04	2.199561e+04	2.718565e+12	1.556098e+00	-4.751674e+08	5.000000e+03	0
3.517588e-02	5.601702e-02	7.027845e-04	2.199039e+04	2.716632e+12	1.870175e+00	-4.750636e+08	5.000000e+03	0
4.020101e-02	6.401945e-02	1.042228e-03	2.198431e+04	2.714386e+12	2.184120e+00	-4.749437e+08	5.000000e+03	0
4.522613e-02	7.202189e-02	1.489040e-03	2.197718e+04	2.711754e+12	2.497874e+00	-4.748080e+08	5.000000e+03	0
5.025126e-02	8.002432e-02	2.034451e-03	2.196920e+04	2.708807e+12	2.811449e+00	-4.746564e+08	5.000000e+03	0
5.527638e-02	8.802675e-02	2.713608e-03	2.196017e+04	2.705478e+12	3.124781e+00	-4.744888e+08	5.000000e+03	0
6.030151e-02	9.602918e-02	3.513375e-03	2.195029e+04	2.701835e+12	3.437891e+00	-4.743053e+08	5.000000e+03	0
6.532663e-02	1.040316e-01	4.473026e-03	2.193936e+04	2.697810e+12	3.750703e+00	-4.741060e+08	5.000000e+03	0
7.035176e-02	1.120340e-01	5.575284e-03	2.192758e+04	2.693473e+12	4.063249e+00	-4.738906e+08	5.000000e+03	0
7.537688e-02	1.200365e-01	6.863297e-03	2.191476e+04	2.688757e+12	4.375445e+00	-4.736595e+08	5.000000e+03	0
8.040201e-02	1.280389e-01	8.315880e-03	2.190108e+04	2.683730e+12	4.687329e+00	-4.734125e+08	5.000000e+03	0
8.542714e-02	1.360413e-01	9.979798e-03	2.188636e+04	2.678327e+12	4.998812e+00	-4.731497e+08	5.000000e+03	0
9.045226e-02	1.440438e-01	1.183019e-02	2.187078e+04	2.672613e+12	5.309938e+00	-4.728710e+08	5.000000e+03	0
9.547739e-02	1.520462e-01	1.391717e-02	2.185416e+04	2.666527e+12	5.620610e+00	-4.725766e+08	5.000000e+03	0
1.005025e-01	1.600486e-01	1.621244e-02	2.183668e+04	2.660132e+12	5.930880e+00	-4.722663e+08	5.000000e+03	0
1.055276e-01	1.680511e-01	1.876922e-02	2.181817e+04	2.653368e+12	6.240645e+00	-4.719404e+08	5.000000e+03	0
1.105528e-01	1.760535e-01	2.155600e-02	2.179879e+04	2.646296e+12	6.549962e+00	-4.715987e+08	5.000000e+03	0
1.155779e-01	1.840559e-01	2.462883e-02	2.177838e+04	2.638860e+12	6.858722e+00	-4.712413e+08	5.000000e+03	0
1.206030e-01	1.920584e-01	2.795324e-02	2.175710e+04	2.631119e+12	7.166990e+00	-4.708682e+08	5.000000e+03	0
1.256281e-01	2.000608e-01	3.158784e-02	2.173480e+04	2.623016e+12	7.474648e+00	-4.704795e+08	5.000000e+03	0
1.306533e-01	2.080632e-01	3.549543e-02	2.171163e+04	2.614611e+12	7.781769e+00	-4.700752e+08	5.000000e+03	0
1.356784e-01	2.160657e-01	3.973696e-02	2.168743e+04	2.605850e+12	8.088229e+00	-4.696552e+08	5.000000e+03	0
1.407035e-01	2.240681e-01	4.427269e-02	2.166237e+04	2.596787e+12	8.394105e+00	-4.692198e+08	5.000000e+03	0
1.457286e-01	2.320705e-01	4.916564e-02	2.163627e+04	2.587374e+12	8.699270e+00	-4.687688e+08	5.000000e+03	0
1.507538e-01	2.400730e-01	5.437383e-02	2.160931e+04	2.577662e+12	9.003805e+00	-4.683023e+08	5.000000e+03	0
1.557789e-01	2.480754e-01	5.996204e-02	2.158133e+04	2.567605e+12	9.307578e+00	-4.678204e+08	5.000000e+03	0
1.608040e-01	2.560778e-01	6.588627e-02	2.155247e+04	2.557252e+12	9.610675e+00	-4.673231e+08	5.000000e+03	0
1.658291e-01	2.640802e-01	7.221283e-02	2.152260e+04	2.546559e+12	9.912959e+00	-4.668103e+08	5.000000e+03	0
1.708543e-01	2.720827e-01	7.889595e-02	2.149185e+04	2.535573e+12	1.021452e+01	-4.662823e+08	5.000000e+03	0
1.758794e-01	2.800851e-01	8.600319e-02	2.146008e+04	2.524253e+12	1.051522e+01	-4.657389e+08	5.000000e+03	0
1.809045e-01	2.880875e-01	9.348723e-02	2.142743e+04	2.512645e+12	1.081515e+01	-4.651803e+08	5.000000e+03	0
1.859296e-01	2.960900e-01	1.014166e-01	2.139378e+04	2.500707e+12	1.111416e+01	-4.646065e+08	5.000000e+03	0
1.909548e-01	3.040924e-01	1.097428e-01	2.135924e+04	2.488485e+12	1.141236e+01	-4.640174e+08	5.000000e+03	0
1.959799e-01	3.120948e-01	1.185349e-01	2.132369e+04	2.475939e+12	1.170960e+01	-4.634134e+08	5.000000e+03	0
2.010050e-01	3.200973e-01	1.277434e-01	2.128726e+04	2.463114e+12	1.200597e+01	-4.627942e+08	5.000000e+03	0
2.060302e-01	3.280997e-01	1.374380e-01	2.124983e+04	2.449971e+12	1.230133e+01	-4.621600e+08	5.000000e+03	0
2.110553e-01	3.361021e-01	1.475682e-01	2.121151e+04	2.436553e+12	1.259578e+01	-4.615108e+08	5.000000e+03	0
2.160804e-01	3.441046e-01	1.582040e-01	2.117218e+04	2.422824e+12	1.288917e+01	-4.608466e+08	5.000000e+03	0
2.211055e-01	3.521070e-01	1.692941e-01	2.113197e+04	2.408825e+12	1.318160e+01	-4.601677e+08	5.000000e+03	0
2.261307e-01	3.601094e-01	1.809086e-01	2.109075e+04	2.394521e+12	1.347292e+01	-4.594738e+08	5.000000e+03	0
2.311558e-01	3.681119e-01	1.929960e-01	2.104865e+04	2.379952e+12	1.376324e+01	-4.587646e+08	5.000000e+03	0
2.361809e-01	3.761143e-01	2.056259e-01	2.100554e+04	2.365086e+12	1.405239e+01	-4.580419e+08	5.000000e+03	0
2.412060e-01	3.841167e-01	2.187466e-01	2.096155e+04	2.349960e+12	1.434049e+01	-4.573039e+08	5.000000e+03	0
2.462312e-01	3.921192e-01	2.324274e-01	2.091656e+04	2.334543e+12	1.462738e+01	-4.565514e+08	5.000000e+03	0
2.512563e-01	4.001216e-01	2.466164e-01	2.087067e+04	2.318872e+12	1.491317e+01	-4.557842e+08	5.000000e+03	0
2.562814e-01	4.081240e-01	2.613822e-01	2.082379e+04	2.302919e+12	1.519771e+01	-4.550027e+08	5.000000e+03	0
2.613065e-01	4.161264e-01	2.766733e-01	2.077601e+04	2.286716e+12	1.548109e+01	-4.542067e+08	5.000000e+03	0
2.663317e-01	4.241289e-01	2.925573e-01	2.072723e+04	2.270238e+12	1.576317e+01	-4.533943e+08	5.000000e+03	0
2.713568e-01	4.321313e-01	3.089830e-01	2.067756e+04	2.253517e+12	1.604404e+01	-4.525716e+08	5.000000e+03	0
2.763819e-01	4.401337e-01	3.260168e-01	2.062690e+04	2.236530e+12	1.632357e+01	-4.517328e+08	5.000000e+03	0
2.814070e-01	4.481362e-01	3.436082e-01	2.057533e+04	2.219305e+12	1.660185e+01	-4.508797e+08	5.000000e+03	0
2.864322e-01	4.561386e-01	3.618223e-01	2.052278e+04	2.201822e+12	1.687872e+01	-4.500125e+08	5.000000e+03	0
2.914573e-01	4.641410e-01	3.806093e-01	2.046932e+04	2.184109e+12	1.715430e+01	-4.491314e+08	5.000000e+03	0
2.964824e-01	4.721435e-01	4.000327e-01	2.041487e+04	2.166145e+12	1.742843e+01	-4.482362e+08	5.000000e+03	0
3.015075e-01	4.801459e-01	4.200437e-01	2.035951e+04	2.147956e+12	1.770121e+01	-4.473272e+08	5.000000e+03	0
3.065327e-01	4.881483e-01	4.407040e-01	2.030317e+04	2.129527e+12	1.797250e+01	-4.464044e+08	5.000000e+03	0
3.115578e-01	4.961508e-01	4.619659e-01	2.024591e+04	2.110880e+12	1.824238e+01	-4.454678e+08	5.000000e+03	0
3.165829e-01	5.041532e-01	4.838892e-01	2.018767e+04	2.092000e+12	1.851073e+01	-4.445176e+08	5.000000e+03	0
3.216080e-01	5.121556e-01	5.064275e-01	2.012851e+04	2.072910e+12	1.877763e+01	-4.435538e+08	5.000000e+03	0
3.266332e-01	5.201581e-01	5.296382e-01	2.006837e+04	2.053596e+12	1.904293e+01	-4.425764e+08	5.000000e+03	0
3.316583e-01	5.281605e-01	5.534767e-01	2.000730e+04	2.034080e+12	1.930674e+01	-4.415857e+08	5.000000e+03	0
3.366834e-01	5.361629e-01	5.779979e-01	1.994526e+04	2.014348e+12	1.956891e+01	-4.405816e+08	5.000000e+03	0
3.417085e-01	5.441654e-01	6.031588e-01	1.988229e+04	1.994421e+12	1.982954e+01	-4.395642e+08	5.000000e+03	0
3.467337e-01	5.521678e-01	6.290117e-01	1.981833e+04	1.974289e+12	2.008848e+01	-4.385336e+08	5.000000e+03	0
3.517588e-01	5.601702e-01	6.555155e-01	1.975345e+04	1.953969e+12	2.034581e+01	-4.374896e+08	5.000000e+03	0
3.567839e-01	5.681726e-01	6.827199e-01	1.968758e+04	1.933453e+12	2.060142e+01	-4.364333e+08	5.000000e+03	0
3.618090e-01	5.761751e-01	7.105854e-01	1.962078e+04	1.912758e+12	2.085537e+01	-4.353637e+08	5.000000e+03	0
3.668342e-01	5.841775e-01	7.391589e-01	1.955299e+04	1.891876e+12	2.110755e+01	-4.342812e+08	5.000000e+03	0
3.718593e-01	5.921799e-01	7.684031e-01	1.948427e+04	1.870823e+12	2.135802e+01	-4.331860e+08	5.000000e+03	0
3.768844e-01	6.001824e-01	7.983619e-01	1.941456e+04	1.849593e+12	2.160667e+01	-4.320781e+08	5.000000e+03	0
3.819095e-01	6.081848e-01	8.290000e-01	1.934390e+04	1.828200e+12	2.185356e+01	-4.309577e+08	5.000000e+03	0
3.869347e-01	6.161872e-01	8.603581e-01	1.927226e+04	1.806640e+12	2.209857e+01	-4.298248e+08	5.000000e+03	0
3.919598e-01	6.241897e-01	8.924033e-01	1.919967e+04	1.784926e+12	2.234178e+01	-4.286794e+08	5.000000e+03	0
3.969849e-01	6.321921e-01	9.251729e-01	1.912608e+04	1.763055e+12	2.258307e+01	-4.275218e+08	5.000000e+03	0
4.020101e-01	6.401945e-01	9.586365e-01	1.905155e+04	1.741039e+12	2.282250e+01	-4.263520e+08	5.000000e+03	0
4.070352e-01	6.481970e-01	9.928279e-01	1.897601e+04	1.718876e+12	2.305995e+01	-4.251701e+08	5.000000e+03	0
4.120603e-01	6.561994e-01	1.027719e+00	1.889952e+04	1.696577e+12	2.329550e+01	-4.239763e+08	5.000000e+03	0
4.170854e-01	6.642018e-01	1.063340e+00	1.882203e+04	1.674142e+12	2.352902e+01	-4.227704e+08	5.000000e+03	0
4.221106e-01	6.722043e-01	1.099666e+00	1.874357e+04	1.651579e+12	2.376058e+01	-4.215528e+08	5.000000e+03	0
4.271357e-01	6.802067e-01	1.136724e+00	1.866410e+04	1.628890e+12	2.399007e+01	-4.203235e+08	5.000000e+03	0
4.321608e-01	6.882091e-01	1.174489e+00	1.858366e+04	1.606084e+12	2.421754e+01	-4.190815e+08	5.000000e+03	0
4.371859e-01	6.962116e-01	1.212986e+00	1.850221e+04	1.583162e+12	2.444290e+01	-4.178303e+08	5.000000e+03	0
4.422111e-01	7.042140e-01	1.252195e+00	1.841978e+04	1.560132e+12	2.466618e+01	-4.165666e+08	5.000000e+03	0
4.472362e-01	7.122164e-01	1.292133e+00	1.833633e+04	1.536997e+12	2.488729e+01	-4.152916e+08	5.000000e+03	0
4.522613e-01	7.202189e-01	1.332784e+00	1.825189e+04	1.513765e+12	2.510627e+01	-4.140054e+08	5.000000e+03	0
4.572864e-01	7.282213e-01	1.374163e+00	1.816642e+04	1.490437e+12	2.532304e+01	-4.127082e+08	5.000000e+03	0
4.623116e-01	7.362237e-01	1.416255e+00	1.807995e+04	1.467022e+12	2.553762e+01	-4.114001e+08	5.000000e+03	0
4.673367e-01	7.442261e-01	1.459072e+00	1.799245e+04	1.443524e+12	2.574994e+01	-4.100810e+08	5.000000e+03	0
4.723618e-01	7.522286e-01	1.502601e+00	1.790393e+04	1.419947e+12	2.596001e+01	-4.087514e+08	5.000000e+03	0
4.773869e-01	7.602310e-01	1.546849e+00	1.781437e+04	1.396298e+12	2.616777e+01	-4.074111e+08	5.000000e+03	0
4.824121e-01	7.682334e-01	1.591808e+00	1.772378e+04	1.372582e+12	2.637322e+01	-4.060604e+08	5.000000e+03	0
4.874372e-01	7.762359e-01	1.637480e+00	1.763214e+04	1.348804e+12	2.657632e+01	-4.046993e+08	5.000000e+03	0
4.924623e-01	7.842383e-01	1.683859e+00	1.753946e+04	1.324969e+12	2.677704e+01	-4.033279e+08	5.000000e+03	0
4.974874e-01	7.922407e-01	1.730944e+00	1.744571e+04	1.301084e+12	2.697535e+01	-4.019465e+08	5.000000e+03	0
5.025126e-01	8.002432e-01	1.778731e+00	1.735090e+04	1.277153e+12	2.717123e+01	-4.005551e+08	5.000000e+03	0
5.075377e-01	8.082456e-01	1.827215e+00	1.725502e+04	1.253181e+12	2.736465e+01	-3.991538e+08	5.000000e+03	0
5.125628e-01	8.162480e-01	1.876395e+00	1.715806e+04	1.229176e+12	2.755558e+01	-3.977428e+08	5.000000e+03	0
5.175879e-01	8.242505e-01	1.926262e+00	1.706001e+04	1.205142e+12	2.774399e+01	-3.963222e+08	5.000000e+03	0
5.226131e-01	8.322529e-01	1.976817e+00	1.696086e+04	1.181084e+12	2.792984e+01	-3.948920e+08	5.000000e+03	0
5.276382e-01	8.402553e-01	2.028048e+00	1.686061e+04	1.157009e+12	2.811313e+01	-3.934526e+08	5.000000e+03	0
5.326633e-01	8.482578e-01	2.079957e+00	1.675923e+04	1.132922e+12	2.829379e+01	-3.920039e+08	5.000000e+03	0
5.376884e-01	8.562602e-01	2.132529e+00	1.665673e+04	1.108829e+12	2.847184e+01	-3.905461e+08	5.000000e+03	0
5.427136e-01	8.642626e-01	2.185768e+00	1.655308e+04	1.084735e+12	2.864719e+01	-3.890794e+08	5.000000e+03	0
5.477387e-01	8.722651e-01	2.239655e+00	1.644828e+04	1.060647e+12	2.881986e+01	-3.876039e+08	5.000000e+03	0
5.527638e-01	8.802675e-01	2.294197e+00	1.634231e+04	1.036570e+12	2.898977e+01	-3.861198e+08	5.000000e+03	0
5.577889e-01	8.882699e-01	2.349371e+00	1.623517e+04	1.012510e+12	2.915695e+01	-3.846270e+08	5.000000e+03	0
5.628141e-01	8.962723e-01	2.405184e+00	1.612683e+04	9.884728e+11	2.932129e+01	-3.831259e+08	5.000000e+03	0
5.678392e-01	9.042748e-01	2.461612e+00	1.601729e+04	9.644640e+11	2.948285e+01	-3.816166e+08	5.000000e+03	0
5.728643e-01	9.122772e-01	2.518663e+00	1.590651e+04	9.404906e+11	2.964149e+01	-3.800991e+08	5.000000e+03	0
5.778894e-01	9.202796e-01	2.576309e+00	1.579450e+04	9.165572e+11	2.979728e+01	-3.785737e+08	5.000000e+03	0
5.829146e-01	9.282821e-01	2.634559e+00	1.568122e+04	8.926713e+11	2.995009e+01	-3.770405e+08	5.000000e+03	0
5.879397e-01	9.362845e-01	2.693383e+00	1.556667e+04	8.688371e+11	3.009998e+01	-3.754997e+08	5.000000e+03	0
5.929648e-01	9.442869e-01	2.752790e+00	1.545080e+04	8.450631e+11	3.024680e+01	-3.739513e+08	5.000000e+03	0
5.979899e-01	9.522894e-01	2.812748e+00	1.533364e+04	8.213525e+11	3.039065e+01	-3.723956e+08	5.000000e+03	0
6.030151e-01	9.602918e-01	2.873267e+00	1.521510e+04	7.977147e+11	3.053134e+01	-3.708327e+08	5.000000e+03	0
6.080402e-01	9.682942e-01	2.934311e+00	1.509522e+04	7.741523e+11	3.066899e+01	-3.692628e+08	5.000000e+03	0
6.130653e-01	9.762967e-01	2.995890e+00	1.497391e+04	7.506757e+11	3.080340e+01	-3.676860e+08	5.000000e+03	0
6.180905e-01	9.842991e-01	3.057967e+00	1.485122e+04	7.272865e+11	3.093469e+01	-3.661025e+08	5.000000e+03	0
6.231156e-01	9.923015e-01	3.120552e+00	1.472703e+04	7.039961e+11	3.106265e+01	-3.645125e+08	5.000000e+03	0
6.281407e-01	1.000304e+00	3.183605e+00	1.460139e+04	6.808054e+11	3.118742e+01	-3.629160e+08	5.000000e+03	0
6.331658e-01	1.008306e+00	3.241440e+00	1.254292e+04	6.597885e+11	3.125410e+01	-3.613134e+08	5.000000e+03	0
6.381910e-01	1.016309e+00	3.278340e+00	8.285890e+03	6.466155e+11	3.111532e+01	-3.597101e+08	5.000000e+03	1
6.432161e-01	1.024311e+00	3.315591e+00	8.231595e+03	6.335904e+11	3.098036e+01	-3.581135e+08	5.000000e+03	1
6.482412e-01	1.032314e+00	3.353170e+00	8.177382e+03	6.207019e+11	3.084887e+01	-3.565239e+08	5.000000e+03	1
6.532663e-01	1.040316e+00	3.391095e+00	8.123248e+03	6.079568e+11	3.072091e+01	-3.549412e+08	5.000000e+03	1
6.582915e-01	1.048319e+00	3.429341e+00	8.069181e+03	5.953437e+11	3.059613e+01	-3.533650e+08	5.000000e+03	1
6.633166e-01	1.056321e+00	3.467927e+00	8.015177e+03	5.828697e+11	3.047463e+01	-3.517953e+08	5.000000e+03	1
6.683417e-01	1.064323e+00	3.506828e+00	7.961223e+03	5.705235e+11	3.035604e+01	-3.502318e+08	5.000000e+03	1
6.733668e-01	1.072326e+00	3.546064e+00	7.907316e+03	5.583125e+11	3.024048e+01	-3.486744e+08	5.000000e+03	1
6.783920e-01	1.080328e+00	3.585607e+00	7.853444e+03	5.462254e+11	3.012760e+01	-3.471231e+08	5.000000e+03	1
6.834171e-01	1.088331e+00	3.625479e+00	7.799602e+03	5.342702e+11	3.001750e+01	-3.455776e+08	5.000000e+03	1
6.884422e-01	1.096333e+00	3.665650e+00	7.745781e+03	5.224351e+11	2.990987e+01	-3.440378e+08	5.000000e+03	1
6.934673e-01	1.104336e+00	3.706142e+00	7.691975e+03	5.107288e+11	2.980480e+01	-3.425035e+08	5.000000e+03	1
6.984925e-01	1.112338e+00	3.746927e+00	7.638175e+03	4.991394e+11	2.970199e+01	-3.409747e+08	5.000000e+03	1
7.035176e-01	1.120340e+00	3.788025e+00	7.584373e+03	4.876759e+11	2.960153e+01	-3.394512e+08	5.000000e+03	1
7.085427e-01	1.128343e+00	3.829406e+00	7.530564e+03	4.763262e+11	2.950314e+01	-3.379329e+08	5.000000e+03	1
7.135678e-01	1.136345e+00	3.871093e+00	7.476737e+03	4.650999e+11	2.940691e+01	-3.364197e+08	5.000000e+03	1
7.185930e-01	1.144348e+00	3.913055e+00	7.422888e+03	4.539847e+11	2.931257e+01	-3.349115e+08	5.000000e+03	1
7.236181e-01	1.152350e+00	3.955313e+00	7.369006e+03	4.429905e+11	2.922020e+01	-3.334083e+08	5.000000e+03	1
7.286432e-01	1.160353e+00	3.997836e+00	7.315088e+03	4.321049e+11	2.912956e+01	-3.319097e+08	5.000000e+03	1
7.336683e-01	1.168355e+00	4.040647e+00	7.261121e+03	4.213383e+11	2.904072e+01	-3.304159e+08	5.000000e+03	1
7.386935e-01	1.176357e+00	4.083714e+00	7.207103e+03	4.106779e+11	2.895344e+01	-3.289268e+08	5.000000e+03	1
7.437186e-01	1.184360e+00	4.127057e+00	7.153020e+03	4.001347e+11	2.886781e+01	-3.274421e+08	5.000000e+03	1
7.487437e-01	1.192362e+00	4.170646e+00	7.098872e+03	3.896957e+11	2.878358e+01	-3.259620e+08	5.000000e+03	1
7.537688e-01	1.200365e+00	4.214501e+00	7.044642e+03	3.793720e+11	2.870085e+01	-3.244861e+08	5.000000e+03	1
7.587940e-01	1.208367e+00	4.258591e+00	6.990332e+03	3.691508e+11	2.861939e+01	-3.230146e+08	5.000000e+03	1
7.638191e-01	1.216370e+00	4.302935e+00	6.935923e+03	3.590435e+11	2.853927e+01	-3.215474e+08	5.000000e+03	1
7.688442e-01	1.224372e+00	4.347502e+00	6.881419e+03	3.490369e+11	2.846030e+01	-3.200842e+08	5.000000e+03	1
7.738693e-01	1.232374e+00	4.392313e+00	6.826799e+03	3.391430e+11	2.838253e+01	-3.186253e+08	5.000000e+03	1
7.788945e-01	1.240377e+00	4.437333e+00	6.772068e+03	3.293483e+11	2.830577e+01	-3.171703e+08	5.000000e+03	1
7.839196e-01	1.248379e+00	4.482584e+00	6.717202e+03	3.196651e+11	2.823009e+01	-3.157194e+08	5.000000e+03	1
7.889447e-01	1.256382e+00	4.528032e+00	6.662208e+03	3.100798e+11	2.815531e+01	-3.142724e+08	5.000000e+03	1
7.939698e-01	1.264384e+00	4.573698e+00	6.607061e+03	3.006050e+11	2.808147e+01	-3.128293e+08	5.000000e+03	1
7.989950e-01	1.272387e+00	4.619547e+00	6.551769e+03	2.912270e+11	2.800842e+01	-3.113900e+08	5.000000e+03	1
8.040201e-01	1.280389e+00	4.665598e+00	6.496302e+03	2.819587e+11	2.793619e+01	-3.099546e+08	5.000000e+03	1
8.090452e-01	1.288392e+00	4.711819e+00	6.440672e+03	2.727861e+11	2.786464e+01	-3.085229e+08	5.000000e+03	1
8.140704e-01	1.296394e+00	4.758227e+00	6.384846e+03	2.637227e+11	2.779381e+01	-3.070950e+08	5.000000e+03	1
8.190955e-01	1.304396e+00	4.804790e+00	6.328838e+03	2.547541e+11	2.772355e+01	-3.056708e+08	5.000000e+03	1
8.241206e-01	1.312399e+00	4.851522e+00	6.272610e+03	2.458941e+11	2.765388e+01	-3.042502e+08	5.000000e+03	1
8.291457e-01	1.320401e+00	4.898395e+00	6.216179e+03	2.371282e+11	2.758470e+01	-3.028333e+08	5.000000e+03	1
8.341709e-01	1.328404e+00	4.945420e+00	6.159502e+03	2.284707e+11	2.751600e+01	-3.014200e+08	5.000000e+03	1
8.391960e-01	1.336406e+00	4.992568e+00	6.102601e+03	2.199065e+11	2.744769e+01	-3.000103e+08	5.000000e+03	1
8.442211e-01	1.344409e+00	5.039849e+00	6.045425e+03	2.114505e+11	2.737977e+01	-2.986042e+08	5.000000e+03	1
8.492462e-01	1.352411e+00	5.087237e+00	5.988001e+03	2.030874e+11	2.731213e+01	-2.972016e+08	5.000000e+03	1
8.542714e-01	1.360413e+00	5.134738e+00	5.930271e+03	1.948325e+11	2.724478e+01	-2.958025e+08	5.000000e+03	1
8.592965e-01	1.368416e+00	5.182327e+00	5.872267e+03	1.866700e+11	2.717763e+01	-2.944070e+08	5.000000e+03	1
8.643216e-01	1.376418e+00	5.230008e+00	5.813923e+03	1.786159e+11	2.711067e+01	-2.930150e+08	5.000000e+03	1
8.693467e-01	1.384421e+00	5.277758e+00	5.755275e+03	1.706540e+11	2.704382e+01	-2.916265e+08	5.000000e+03	1
8.743719e-01	1.392423e+00	5.325576e+00	5.696250e+03	1.628007e+11	2.697706e+01	-2.902415e+08	5.000000e+03	1
8.793970e-01	1.400426e+00	5.373444e+00	5.636887e+03	1.550395e+11	2.691032e+01	-2.888599e+08	5.000000e+03	1
8.844221e-01	1.408428e+00	5.421356e+00	5.577103e+03	1.473873e+11	2.684358e+01	-2.874819e+08	5.000000e+03	1
8.894472e-01	1.416430e+00	5.469294e+00	5.516946e+03	1.398273e+11	2.677678e+01	-2.861074e+08	5.000000e+03	1
8.944724e-01	1.424433e+00	5.517251e+00	5.456319e+03	1.323768e+11	2.670987e+01	-2.847363e+08	5.000000e+03	1
8.994975e-01	1.432435e+00	5.565212e+00	5.395275e+03	1.250186e+11	2.664282e+01	-2.833688e+08	5.000000e+03	1
9.045226e-01	1.440438e+00	5.613163e+00	5.333705e+03	1.177708e+11	2.657557e+01	-2.820047e+08	5.000000e+03	1
9.095477e-01	1.448440e+00	5.661093e+00	5.271670e+03	1.106156e+11	2.650810e+01	-2.806442e+08	5.000000e+03	1
9.145729e-01	1.456443e+00	5.708982e+00	5.209044e+03	1.035716e+11	2.644032e+01	-2.792872e+08	5.000000e+03	1
9.195980e-01	1.464445e+00	5.756825e+00	5.145895e+03	9.662073e+10	2.637223e+01	-2.779343e+08	5.000000e+03	1
9.246231e-01	1.472447e+00	5.804594e+00	5.082078e+03	8.978230e+10	2.630374e+01	-2.765840e+08	5.000000e+03	1
9.296482e-01	1.480450e+00	5.852287e+00	5.017671e+03	8.303756e+10	2.623485e+01	-2.752376e+08	5.000000e+03	1
9.346734e-01	1.488452e+00	5.899871e+00	4.952504e+03	7.640668e+10	2.616545e+01	-2.738950e+08	5.000000e+03	1
9.396985e-01	1.496455e+00	5.947349e+00	4.886666e+03	6.987033e+10	2.609557e+01	-2.725559e+08	5.000000e+03	1
9.447236e-01	1.504457e+00	5.994677e+00	4.819955e+03	6.344951e+10	2.602507e+01	-2.712205e+08	5.000000e+03	1
9.497487e-01	1.512460e+00	6.041866e+00	4.752475e+03	5.712429e+10	2.595399e+01	-2.698888e+08	5.000000e+03	1
9.547739e-01	1.520462e+00	6.088862e+00	4.683982e+03	5.091660e+10	2.588216e+01	-2.685608e+08	5.000000e+03	1
9.597990e-01	1.528464e+00	6.135681e+00	4.614597e+03	4.480586e+10	2.580967e+01	-2.672366e+08	5.000000e+03	1
9.648241e-01	1.536467e+00	6.182258e+00	4.544023e+03	3.881506e+10	2.573630e+01	-2.659162e+08	5.000000e+03	1
9.698492e-01	1.544469e+00	6.228618e+00	4.472396e+03	3.292291e+10	2.566216e+01	-2.645996e+08	5.000000e+03	1
9.748744e-01	1.552472e+00	6.274681e+00	4.399349e+03	2.715360e+10	2.558699e+01	-2.632869e+08	5.000000e+03	1
9.798995e-01	1.560474e+00	6.320480e+00	4.325039e+03	2.148509e+10	2.551094e+01	-2.619782e+08	5.000000e+03	1
9.849246e-01	1.568477e+00	6.365918e+00	4.248995e+03	1.594299e+10	2.543370e+01	-2.606733e+08	5.000000e+03	1
9.899497e-01	1.576479e+00	6.411039e+00	4.171394e+03	1.050445e+10	2.535543e+01	-2.593724e+08	5.000000e+03	1
9.949749e-01	1.584481e+00	6.455726e+00	4.091276e+03	5.196790e+09	2.527578e+01	-2.580760e+08	5.000000e+03	1
1.000000e+00	1.592484e+00	6.500000e+00	4.000000e+03	0.000000e+00	2.519483e+01	-2.567835e+08	3.000000e+02	1
