#R=1.1922058759471088
#interptype='linear'
#name='planet'
#norm={'P': 1000000000000.0, 'R': 1.1922058759471088, 'M': 1.7, 'g': 11.756946952438177, 'rho': 4000.0}
#state=1
#composition
#layer0		Fe08FeS02		0.200000
#layer1		pv_fmw		0.800000
#Cols=
 #'ur		r		mr		rho		P		g		phi		T		composition'
#-end-
0.000000e+00	0.000000e+00	5.550569e-12	1.299387e+04	4.705695e+11	0.000000e+00	-1.579101e+08	5.000000e+03	0
5.025126e-03	5.990984e-03	1.686335e-06	1.299484e+04	4.707228e+11	-5.876902e-02	-1.579075e+08	5.000000e+03	0
1.005025e-02	1.198197e-02	5.128310e-06	1.299563e+04	4.708489e+11	-8.417981e-02	-1.578996e+08	5.000000e+03	0
1.507538e-02	1.797295e-02	1.688650e-05	1.299562e+04	4.708466e+11	4.842205e-02	-1.578864e+08	5.000000e+03	0
2.010050e-02	2.396394e-02	3.565064e-05	1.299533e+04	4.708003e+11	1.833333e-01	-1.578679e+08	5.000000e+03	0
2.512563e-02	2.995492e-02	6.750486e-05	1.299452e+04	4.706720e+11	3.225596e-01	-1.578440e+08	5.000000e+03	0
3.015075e-02	3.594591e-02	1.151056e-04	1.299330e+04	4.704781e+11	4.620003e-01	-1.578150e+08	5.000000e+03	0
3.517588e-02	4.193689e-02	1.770716e-04	1.299170e+04	4.702243e+11	6.016367e-01	-1.577806e+08	5.000000e+03	0
4.020101e-02	4.792787e-02	2.670058e-04	1.298955e+04	4.698833e+11	7.412741e-01	-1.577410e+08	5.000000e+03	0
4.522613e-02	5.391886e-02	3.690841e-04	1.298716e+04	4.695043e+11	8.809119e-01	-1.576960e+08	5.000000e+03	0
5.025126e-02	5.990984e-02	5.148198e-04	1.298408e+04	4.690164e+11	1.020475e+00	-1.576458e+08	5.000000e+03	0
5.527638e-02	6.590083e-02	6.697434e-04	1.298086e+04	4.685068e+11	1.160022e+00	-1.575903e+08	5.000000e+03	0
6.030151e-02	7.189181e-02	8.819543e-04	1.297689e+04	4.678781e+11	1.299448e+00	-1.575295e+08	5.000000e+03	0
6.532663e-02	7.788280e-02	1.109568e-03	1.297275e+04	4.672220e+11	1.438840e+00	-1.574635e+08	5.000000e+03	0
7.035176e-02	8.387378e-02	1.391736e-03	1.296798e+04	4.664690e+11	1.578108e+00	-1.573922e+08	5.000000e+03	0
7.537688e-02	8.986476e-02	1.705396e-03	1.296291e+04	4.656670e+11	1.717302e+00	-1.573156e+08	5.000000e+03	0
8.040201e-02	9.585575e-02	2.067393e-03	1.295736e+04	4.647900e+11	1.856383e+00	-1.572338e+08	5.000000e+03	0
8.542714e-02	1.018467e-01	2.480386e-03	1.295135e+04	4.638427e+11	1.995342e+00	-1.571467e+08	5.000000e+03	0
9.045226e-02	1.078377e-01	2.932038e-03	1.294501e+04	4.628421e+11	2.134208e+00	-1.570543e+08	5.000000e+03	0
9.547739e-02	1.138287e-01	3.457573e-03	1.293807e+04	4.617502e+11	2.272894e+00	-1.569567e+08	5.000000e+03	0
1.005025e-01	1.198197e-01	4.008648e-03	1.293093e+04	4.606267e+11	2.411518e+00	-1.568539e+08	5.000000e+03	0
1.055276e-01	1.258107e-01	4.659844e-03	1.292307e+04	4.593909e+11	2.549893e+00	-1.567458e+08	5.000000e+03	0
1.105528e-01	1.318017e-01	5.330946e-03	1.291506e+04	4.581339e+11	2.688219e+00	-1.566325e+08	5.000000e+03	0
1.155779e-01	1.377926e-01	6.109922e-03	1.290634e+04	4.567663e+11	2.826274e+00	-1.565139e+08	5.000000e+03	0
1.206030e-01	1.437836e-01	6.923042e-03	1.289740e+04	4.553666e+11	2.964242e+00	-1.563902e+08	5.000000e+03	0
1.256281e-01	1.497746e-01	7.830350e-03	1.288788e+04	4.538780e+11	3.101971e+00	-1.562612e+08	5.000000e+03	0
1.306533e-01	1.557656e-01	8.798346e-03	1.287801e+04	4.523366e+11	3.239544e+00	-1.561270e+08	5.000000e+03	0
1.356784e-01	1.617566e-01	9.843468e-03	1.286769e+04	4.507279e+11	3.376919e+00	-1.559876e+08	5.000000e+03	0
1.407035e-01	1.677476e-01	1.097907e-02	1.285688e+04	4.490459e+11	3.514060e+00	-1.558431e+08	5.000000e+03	0
1.457286e-01	1.737385e-01	1.217140e-02	1.284577e+04	4.473179e+11	3.651054e+00	-1.556933e+08	5.000000e+03	0
1.507538e-01	1.797295e-01	1.348720e-02	1.283402e+04	4.454965e+11	3.787725e+00	-1.555384e+08	5.000000e+03	0
1.557789e-01	1.857205e-01	1.483603e-02	1.282211e+04	4.436502e+11	3.924309e+00	-1.553783e+08	5.000000e+03	0
1.608040e-01	1.917115e-01	1.634446e-02	1.280943e+04	4.416908e+11	4.060472e+00	-1.552130e+08	5.000000e+03	0
1.658291e-01	1.977025e-01	1.788303e-02	1.279661e+04	4.397111e+11	4.196555e+00	-1.550426e+08	5.000000e+03	0
1.708543e-01	2.036935e-01	1.957233e-02	1.278310e+04	4.376310e+11	4.332237e+00	-1.548671e+08	5.000000e+03	0
1.758794e-01	2.096845e-01	2.131893e-02	1.276933e+04	4.355151e+11	4.467765e+00	-1.546864e+08	5.000000e+03	0
1.809045e-01	2.156754e-01	2.319197e-02	1.275502e+04	4.333199e+11	4.602954e+00	-1.545006e+08	5.000000e+03	0
1.859296e-01	2.216664e-01	2.515864e-02	1.274031e+04	4.310692e+11	4.737888e+00	-1.543098e+08	5.000000e+03	0
1.909548e-01	2.276574e-01	2.722426e-02	1.272520e+04	4.287600e+11	4.872555e+00	-1.541138e+08	5.000000e+03	0
1.959799e-01	2.336484e-01	2.942285e-02	1.270954e+04	4.263763e+11	5.006859e+00	-1.539127e+08	5.000000e+03	0
2.010050e-01	2.396394e-01	3.168976e-02	1.269362e+04	4.239544e+11	5.140976e+00	-1.537066e+08	5.000000e+03	0
2.060302e-01	2.456304e-01	3.413189e-02	1.267702e+04	4.214394e+11	5.274611e+00	-1.534954e+08	5.000000e+03	0
2.110553e-01	2.516213e-01	3.661067e-02	1.266028e+04	4.189050e+11	5.408145e+00	-1.532791e+08	5.000000e+03	0
2.160804e-01	2.576123e-01	3.930576e-02	1.264274e+04	4.162615e+11	5.541078e+00	-1.530578e+08	5.000000e+03	0
2.211055e-01	2.636033e-01	4.204242e-02	1.262505e+04	4.135982e+11	5.673894e+00	-1.528315e+08	5.000000e+03	0
2.261307e-01	2.695943e-01	4.496408e-02	1.260670e+04	4.108461e+11	5.806192e+00	-1.526002e+08	5.000000e+03	0
2.311558e-01	2.755853e-01	4.796971e-02	1.258806e+04	4.080557e+11	5.938253e+00	-1.523639e+08	5.000000e+03	0
2.361809e-01	2.815763e-01	5.112607e-02	1.256889e+04	4.051965e+11	6.069888e+00	-1.521226e+08	5.000000e+03	0
2.412060e-01	2.875672e-01	5.441155e-02	1.254929e+04	4.022811e+11	6.201154e+00	-1.518763e+08	5.000000e+03	0
2.462312e-01	2.935582e-01	5.781055e-02	1.252931e+04	3.993164e+11	6.332097e+00	-1.516251e+08	5.000000e+03	0
2.512563e-01	2.995492e-01	6.138647e-02	1.250875e+04	3.962782e+11	6.462530e+00	-1.513689e+08	5.000000e+03	0
2.562814e-01	3.055402e-01	6.503590e-02	1.248794e+04	3.932095e+11	6.592752e+00	-1.511078e+08	5.000000e+03	0
2.613065e-01	3.115312e-01	6.891259e-02	1.246642e+04	3.900508e+11	6.722314e+00	-1.508418e+08	5.000000e+03	0
2.663317e-01	3.175222e-01	7.283466e-02	1.244475e+04	3.868743e+11	6.851744e+00	-1.505709e+08	5.000000e+03	0
2.713568e-01	3.235132e-01	7.700755e-02	1.242230e+04	3.836029e+11	6.980437e+00	-1.502951e+08	5.000000e+03	0
2.763819e-01	3.295041e-01	8.124298e-02	1.239967e+04	3.803088e+11	7.108946e+00	-1.500145e+08	5.000000e+03	0
2.814070e-01	3.354951e-01	8.568852e-02	1.237639e+04	3.769387e+11	7.236832e+00	-1.497290e+08	5.000000e+03	0
2.864322e-01	3.414861e-01	9.024695e-02	1.235278e+04	3.735295e+11	7.364380e+00	-1.494387e+08	5.000000e+03	0
2.914573e-01	3.474771e-01	9.497214e-02	1.232867e+04	3.700625e+11	7.491429e+00	-1.491436e+08	5.000000e+03	0
2.964824e-01	3.534681e-01	9.986291e-02	1.230408e+04	3.665407e+11	7.617977e+00	-1.488437e+08	5.000000e+03	0
3.015075e-01	3.594591e-01	1.048746e-01	1.227914e+04	3.629788e+11	7.744159e+00	-1.485391e+08	5.000000e+03	0
3.065327e-01	3.654500e-01	1.101067e-01	1.225357e+04	3.593471e+11	7.869668e+00	-1.482297e+08	5.000000e+03	0
3.115578e-01	3.714410e-01	1.154113e-01	1.222779e+04	3.556923e+11	7.994954e+00	-1.479155e+08	5.000000e+03	0
3.165829e-01	3.774320e-01	1.209934e-01	1.220123e+04	3.519533e+11	8.119382e+00	-1.475966e+08	5.000000e+03	0
3.216080e-01	3.834230e-01	1.266284e-01	1.217452e+04	3.481987e+11	8.243647e+00	-1.472731e+08	5.000000e+03	0
3.266332e-01	3.894140e-01	1.325379e-01	1.214705e+04	3.443642e+11	8.367051e+00	-1.469448e+08	5.000000e+03	0
3.316583e-01	3.954050e-01	1.385332e-01	1.211934e+04	3.405059e+11	8.490185e+00	-1.466119e+08	5.000000e+03	0
3.366834e-01	4.013959e-01	1.447542e-01	1.209102e+04	3.365849e+11	8.612604e+00	-1.462743e+08	5.000000e+03	0
3.417085e-01	4.073869e-01	1.511176e-01	1.206231e+04	3.326258e+11	8.734566e+00	-1.459322e+08	5.000000e+03	0
3.467337e-01	4.133779e-01	1.576556e-01	1.203313e+04	3.286204e+11	8.855968e+00	-1.455854e+08	5.000000e+03	0
3.517588e-01	4.193689e-01	1.643946e-01	1.200342e+04	3.245637e+11	8.976718e+00	-1.452341e+08	5.000000e+03	0
3.567839e-01	4.253599e-01	1.712549e-01	1.197338e+04	3.204761e+11	9.097073e+00	-1.448782e+08	5.000000e+03	0
3.618090e-01	4.313509e-01	1.783766e-01	1.194264e+04	3.163247e+11	9.216569e+00	-1.445178e+08	5.000000e+03	0
3.668342e-01	4.373419e-01	1.855643e-01	1.191173e+04	3.121573e+11	9.335847e+00	-1.441529e+08	5.000000e+03	0
3.718593e-01	4.433328e-01	1.930752e-01	1.187998e+04	3.079146e+11	9.454047e+00	-1.437836e+08	5.000000e+03	0
3.768844e-01	4.493238e-01	2.006447e-01	1.184806e+04	3.036588e+11	9.572049e+00	-1.434097e+08	5.000000e+03	0
3.819095e-01	4.553148e-01	2.085015e-01	1.181540e+04	2.993390e+11	9.689078e+00	-1.430314e+08	5.000000e+03	0
3.869347e-01	4.613058e-01	2.164678e-01	1.178245e+04	2.949959e+11	9.805731e+00	-1.426487e+08	5.000000e+03	0
3.919598e-01	4.672968e-01	2.246656e-01	1.174890e+04	2.906036e+11	9.921588e+00	-1.422617e+08	5.000000e+03	0
3.969849e-01	4.732878e-01	2.330343e-01	1.171491e+04	2.861767e+11	1.003685e+01	-1.418702e+08	5.000000e+03	0
4.020101e-01	4.792787e-01	2.415771e-01	1.168047e+04	2.817145e+11	1.015150e+01	-1.414745e+08	5.000000e+03	0
4.070352e-01	4.852697e-01	2.503532e-01	1.164542e+04	2.772072e+11	1.026533e+01	-1.410744e+08	5.000000e+03	0
4.120603e-01	4.912607e-01	2.592446e-01	1.161007e+04	2.726777e+11	1.037875e+01	-1.406699e+08	5.000000e+03	0
4.170854e-01	4.972517e-01	2.684328e-01	1.157395e+04	2.680935e+11	1.049109e+01	-1.402614e+08	5.000000e+03	0
4.221106e-01	5.032427e-01	2.776825e-01	1.153768e+04	2.634982e+11	1.060322e+01	-1.398486e+08	5.000000e+03	0
4.271357e-01	5.092337e-01	2.872804e-01	1.150050e+04	2.588421e+11	1.071407e+01	-1.394315e+08	5.000000e+03	0
4.321608e-01	5.152246e-01	2.969472e-01	1.146315e+04	2.541745e+11	1.082466e+01	-1.390102e+08	5.000000e+03	0
4.371859e-01	5.212156e-01	3.069024e-01	1.142504e+04	2.494592e+11	1.093417e+01	-1.385849e+08	5.000000e+03	0
4.422111e-01	5.272066e-01	3.169897e-01	1.138659e+04	2.447232e+11	1.104318e+01	-1.381554e+08	5.000000e+03	0
4.472362e-01	5.331976e-01	3.273046e-01	1.134754e+04	2.399515e+11	1.115132e+01	-1.377218e+08	5.000000e+03	0
4.522613e-01	5.391886e-01	3.352099e-01	9.804774e+03	2.363468e+11	1.117308e+01	-1.372842e+08	5.000000e+03	0
4.572864e-01	5.451796e-01	3.410731e-01	6.987667e+03	2.337310e+11	1.112163e+01	-1.368445e+08	5.000000e+03	0
4.623116e-01	5.511706e-01	3.470857e-01	6.174325e+03	2.311394e+11	1.107441e+01	-1.364057e+08	5.000000e+03	1
4.673367e-01	5.571615e-01	3.531577e-01	6.157352e+03	2.285574e+11	1.102887e+01	-1.359688e+08	5.000000e+03	1
4.723618e-01	5.631525e-01	3.594176e-01	6.140430e+03	2.260030e+11	1.098817e+01	-1.355338e+08	5.000000e+03	1
4.773869e-01	5.691435e-01	3.657145e-01	6.123517e+03	2.234539e+11	1.094839e+01	-1.351006e+08	5.000000e+03	1
4.824121e-01	5.751345e-01	3.722111e-01	6.106644e+03	2.209316e+11	1.091328e+01	-1.346690e+08	5.000000e+03	1
4.874372e-01	5.811255e-01	3.787593e-01	6.089778e+03	2.184156e+11	1.087926e+01	-1.342389e+08	5.000000e+03	1
4.924623e-01	5.871165e-01	3.854718e-01	6.072934e+03	2.159198e+11	1.084874e+01	-1.338102e+08	5.000000e+03	1
4.974874e-01	5.931074e-01	3.922744e-01	6.056097e+03	2.134341e+11	1.081997e+01	-1.333829e+08	5.000000e+03	1
5.025126e-01	5.990984e-01	3.992049e-01	6.039269e+03	2.109627e+11	1.079368e+01	-1.329556e+08	5.000000e+03	1
5.075377e-01	6.050894e-01	4.062647e-01	6.022444e+03	2.085047e+11	1.076967e+01	-1.325318e+08	5.000000e+03	1
5.125628e-01	6.110804e-01	4.134154e-01	6.005621e+03	2.060560e+11	1.074727e+01	-1.321078e+08	5.000000e+03	1
5.175879e-01	6.170714e-01	4.207353e-01	5.988793e+03	2.036233e+11	1.072760e+01	-1.316849e+08	5.000000e+03	1
5.226131e-01	6.230624e-01	4.281081e-01	5.971962e+03	2.011956e+11	1.070879e+01	-1.312628e+08	5.000000e+03	1
5.276382e-01	6.290534e-01	4.356906e-01	5.955115e+03	1.987861e+11	1.069307e+01	-1.308415e+08	5.000000e+03	1
5.326633e-01	6.350443e-01	4.433124e-01	5.938264e+03	1.963800e+11	1.067791e+01	-1.304211e+08	5.000000e+03	1
5.376884e-01	6.410353e-01	4.511351e-01	5.921388e+03	1.939899e+11	1.066545e+01	-1.300013e+08	5.000000e+03	1
5.427136e-01	6.470263e-01	4.590226e-01	5.904502e+03	1.916047e+11	1.065380e+01	-1.295821e+08	5.000000e+03	1
5.477387e-01	6.530173e-01	4.670729e-01	5.887588e+03	1.892316e+11	1.064417e+01	-1.291634e+08	5.000000e+03	1
5.527638e-01	6.590083e-01	4.752284e-01	5.870654e+03	1.868658e+11	1.063572e+01	-1.287452e+08	5.000000e+03	1
5.577889e-01	6.649993e-01	4.835079e-01	5.853694e+03	1.845085e+11	1.062869e+01	-1.283275e+08	5.000000e+03	1
5.628141e-01	6.709902e-01	4.919335e-01	5.836699e+03	1.821606e+11	1.062317e+01	-1.279102e+08	5.000000e+03	1
5.678392e-01	6.769812e-01	5.004436e-01	5.819684e+03	1.798182e+11	1.061853e+01	-1.274931e+08	5.000000e+03	1
5.728643e-01	6.829722e-01	5.091412e-01	5.802618e+03	1.774869e+11	1.061567e+01	-1.270764e+08	5.000000e+03	1
5.778894e-01	6.889632e-01	5.178835e-01	5.785540e+03	1.751584e+11	1.061324e+01	-1.266598e+08	5.000000e+03	1
5.829146e-01	6.949542e-01	5.268548e-01	5.768392e+03	1.728427e+11	1.061282e+01	-1.262435e+08	5.000000e+03	1
5.879397e-01	7.009452e-01	5.358671e-01	5.751230e+03	1.705292e+11	1.061272e+01	-1.258273e+08	5.000000e+03	1
5.929648e-01	7.069361e-01	5.450772e-01	5.734002e+03	1.682261e+11	1.061421e+01	-1.254112e+08	5.000000e+03	1
5.979899e-01	7.129271e-01	5.543652e-01	5.716745e+03	1.659269e+11	1.061628e+01	-1.249951e+08	5.000000e+03	1
6.030151e-01	7.189181e-01	5.638109e-01	5.699431e+03	1.636355e+11	1.061950e+01	-1.245790e+08	5.000000e+03	1
6.080402e-01	7.249091e-01	5.733760e-01	5.682070e+03	1.613498e+11	1.062353e+01	-1.241630e+08	5.000000e+03	1
6.130653e-01	7.309001e-01	5.830583e-01	5.664663e+03	1.590696e+11	1.062835e+01	-1.237468e+08	5.000000e+03	1
6.180905e-01	7.368911e-01	5.929017e-01	5.647188e+03	1.567966e+11	1.063416e+01	-1.233306e+08	5.000000e+03	1
6.231156e-01	7.428821e-01	6.028213e-01	5.629682e+03	1.545270e+11	1.064045e+01	-1.229143e+08	5.000000e+03	1
6.281407e-01	7.488730e-01	6.129440e-01	5.612084e+03	1.522661e+11	1.064788e+01	-1.224977e+08	5.000000e+03	1
6.331658e-01	7.548640e-01	6.231083e-01	5.594468e+03	1.500070e+11	1.065555e+01	-1.220811e+08	5.000000e+03	1
6.381910e-01	7.608550e-01	6.335045e-01	5.576742e+03	1.477574e+11	1.066442e+01	-1.216641e+08	5.000000e+03	1
6.432161e-01	7.668460e-01	6.439490e-01	5.558992e+03	1.455098e+11	1.067352e+01	-1.212470e+08	5.000000e+03	1
6.482412e-01	7.728370e-01	6.545843e-01	5.541147e+03	1.432697e+11	1.068352e+01	-1.208296e+08	5.000000e+03	1
6.532663e-01	7.788280e-01	6.653096e-01	5.523255e+03	1.410330e+11	1.069390e+01	-1.204119e+08	5.000000e+03	1
6.582915e-01	7.848189e-01	6.761842e-01	5.505285e+03	1.388021e+11	1.070494e+01	-1.199939e+08	5.000000e+03	1
6.633166e-01	7.908099e-01	6.871907e-01	5.487242e+03	1.365762e+11	1.071649e+01	-1.195755e+08	5.000000e+03	1
6.683417e-01	7.968009e-01	6.983048e-01	5.469141e+03	1.343543e+11	1.072846e+01	-1.191568e+08	5.000000e+03	1
6.733668e-01	8.027919e-01	7.095926e-01	5.450940e+03	1.321387e+11	1.074105e+01	-1.187377e+08	5.000000e+03	1
6.783920e-01	8.087829e-01	7.209463e-01	5.432702e+03	1.299255e+11	1.075388e+01	-1.183183e+08	5.000000e+03	1
6.834171e-01	8.147739e-01	7.325153e-01	5.414335e+03	1.277202e+11	1.076740e+01	-1.178984e+08	5.000000e+03	1
6.884422e-01	8.207648e-01	7.441260e-01	5.395942e+03	1.255163e+11	1.078105e+01	-1.174780e+08	5.000000e+03	1
6.934673e-01	8.267558e-01	7.559583e-01	5.377412e+03	1.233203e+11	1.079535e+01	-1.170573e+08	5.000000e+03	1
6.984925e-01	8.327468e-01	7.678498e-01	5.358843e+03	1.211264e+11	1.080980e+01	-1.166360e+08	5.000000e+03	1
7.035176e-01	8.387378e-01	7.799209e-01	5.340157e+03	1.189389e+11	1.082472e+01	-1.162143e+08	5.000000e+03	1
7.085427e-01	8.447288e-01	7.920925e-01	5.321404e+03	1.167550e+11	1.083987e+01	-1.157921e+08	5.000000e+03	1
7.135678e-01	8.507198e-01	8.044019e-01	5.302558e+03	1.145759e+11	1.085535e+01	-1.153694e+08	5.000000e+03	1
7.185930e-01	8.567108e-01	8.168529e-01	5.283613e+03	1.124019e+11	1.087112e+01	-1.149462e+08	5.000000e+03	1
7.236181e-01	8.627017e-01	8.293998e-01	5.264600e+03	1.102313e+11	1.088709e+01	-1.145224e+08	5.000000e+03	1
7.286432e-01	8.686927e-01	8.421291e-01	5.245454e+03	1.080672e+11	1.090338e+01	-1.140981e+08	5.000000e+03	1
7.336683e-01	8.746837e-01	8.549126e-01	5.226269e+03	1.059051e+11	1.091978e+01	-1.136733e+08	5.000000e+03	1
7.386935e-01	8.806747e-01	8.679188e-01	5.206914e+03	1.037510e+11	1.093652e+01	-1.132479e+08	5.000000e+03	1
7.437186e-01	8.866657e-01	8.809659e-01	5.187528e+03	1.015985e+11	1.095333e+01	-1.128220e+08	5.000000e+03	1
7.487437e-01	8.926567e-01	8.942195e-01	5.167979e+03	9.945355e+10	1.097041e+01	-1.123954e+08	5.000000e+03	1
7.537688e-01	8.986476e-01	9.075415e-01	5.148373e+03	9.731119e+10	1.098757e+01	-1.119683e+08	5.000000e+03	1
7.587940e-01	9.046386e-01	9.210282e-01	5.128633e+03	9.517502e+10	1.100491e+01	-1.115406e+08	5.000000e+03	1
7.638191e-01	9.106296e-01	9.346231e-01	5.108800e+03	9.304302e+10	1.102235e+01	-1.111124e+08	5.000000e+03	1
7.688442e-01	9.166206e-01	9.483412e-01	5.088862e+03	9.091578e+10	1.103990e+01	-1.106835e+08	5.000000e+03	1
7.738693e-01	9.226116e-01	9.622069e-01	5.068793e+03	8.879437e+10	1.105756e+01	-1.102540e+08	5.000000e+03	1
7.788945e-01	9.286026e-01	9.761547e-01	5.048650e+03	8.667621e+10	1.107528e+01	-1.098239e+08	5.000000e+03	1
7.839196e-01	9.345936e-01	9.902886e-01	5.028335e+03	8.456565e+10	1.109309e+01	-1.093932e+08	5.000000e+03	1
7.889447e-01	9.405845e-01	1.004464e+00	5.007981e+03	8.245678e+10	1.111093e+01	-1.089619e+08	5.000000e+03	1
7.939698e-01	9.465755e-01	1.018864e+00	4.987411e+03	8.035735e+10	1.112883e+01	-1.085300e+08	5.000000e+03	1
7.989950e-01	9.525665e-01	1.033302e+00	4.966801e+03	7.825962e+10	1.114674e+01	-1.080974e+08	5.000000e+03	1
8.040201e-01	9.585575e-01	1.047926e+00	4.946003e+03	7.617005e+10	1.116467e+01	-1.076643e+08	5.000000e+03	1
8.090452e-01	9.645485e-01	1.062626e+00	4.925125e+03	7.408387e+10	1.118260e+01	-1.072305e+08	5.000000e+03	1
8.140704e-01	9.705395e-01	1.077471e+00	4.904093e+03	7.200433e+10	1.120052e+01	-1.067961e+08	5.000000e+03	1
8.190955e-01	9.765304e-01	1.092429e+00	4.882937e+03	6.993008e+10	1.121842e+01	-1.063611e+08	5.000000e+03	1
8.241206e-01	9.825214e-01	1.107492e+00	4.861663e+03	6.786086e+10	1.123628e+01	-1.059254e+08	5.000000e+03	1
8.291457e-01	9.885124e-01	1.122704e+00	4.840217e+03	6.579895e+10	1.125409e+01	-1.054892e+08	5.000000e+03	1
8.341709e-01	9.945034e-01	1.137982e+00	4.818692e+03	6.374036e+10	1.127187e+01	-1.050523e+08	5.000000e+03	1
8.391960e-01	1.000494e+00	1.153444e+00	4.796944e+03	6.169123e+10	1.128953e+01	-1.046148e+08	5.000000e+03	1
8.442211e-01	1.006485e+00	1.168942e+00	4.775150e+03	5.964402e+10	1.130717e+01	-1.041767e+08	5.000000e+03	1
8.492462e-01	1.012476e+00	1.184640e+00	4.753096e+03	5.760771e+10	1.132465e+01	-1.037380e+08	5.000000e+03	1
8.542714e-01	1.018467e+00	1.200382e+00	4.730984e+03	5.557387e+10	1.134209e+01	-1.032987e+08	5.000000e+03	1
8.592965e-01	1.024458e+00	1.216285e+00	4.708651e+03	5.354925e+10	1.135937e+01	-1.028588e+08	5.000000e+03	1
8.643216e-01	1.030449e+00	1.232266e+00	4.686206e+03	5.152928e+10	1.137656e+01	-1.024182e+08	5.000000e+03	1
8.693467e-01	1.036440e+00	1.248370e+00	4.663582e+03	4.951674e+10	1.139360e+01	-1.019771e+08	5.000000e+03	1
8.743719e-01	1.042431e+00	1.264583e+00	4.640790e+03	4.751119e+10	1.141049e+01	-1.015354e+08	5.000000e+03	1
8.793970e-01	1.048422e+00	1.280883e+00	4.617864e+03	4.551115e+10	1.142727e+01	-1.010926e+08	5.000000e+03	1
8.844221e-01	1.054413e+00	1.297324e+00	4.594706e+03	4.352059e+10	1.144381e+01	-1.006503e+08	5.000000e+03	1
8.894472e-01	1.060404e+00	1.313816e+00	4.571465e+03	4.153346e+10	1.146028e+01	-1.002068e+08	5.000000e+03	1
8.944724e-01	1.066395e+00	1.330478e+00	4.547926e+03	3.955849e+10	1.147644e+01	-9.976281e+07	5.000000e+03	1
8.994975e-01	1.072386e+00	1.347171e+00	4.524327e+03	3.758589e+10	1.149254e+01	-9.931824e+07	5.000000e+03	1
9.045226e-01	1.078377e+00	1.364032e+00	4.500414e+03	3.562600e+10	1.150830e+01	-9.887313e+07	5.000000e+03	1
9.095477e-01	1.084368e+00	1.380937e+00	4.476408e+03	3.366979e+10	1.152395e+01	-9.842746e+07	5.000000e+03	1
9.145729e-01	1.090359e+00	1.397974e+00	4.452134e+03	3.172425e+10	1.153930e+01	-9.798126e+07	5.000000e+03	1
9.195980e-01	1.096350e+00	1.415084e+00	4.427697e+03	2.978511e+10	1.155447e+01	-9.753453e+07	5.000000e+03	1
9.246231e-01	1.102341e+00	1.432290e+00	4.403045e+03	2.785443e+10	1.156938e+01	-9.708728e+07	5.000000e+03	1
9.296482e-01	1.108332e+00	1.449596e+00	4.378153e+03	2.593307e+10	1.158402e+01	-9.663953e+07	5.000000e+03	1
9.346734e-01	1.114323e+00	1.466966e+00	4.353103e+03	2.401780e+10	1.159846e+01	-9.619126e+07	5.000000e+03	1
9.396985e-01	1.120314e+00	1.484459e+00	4.327727e+03	2.211497e+10	1.161251e+01	-9.574249e+07	5.000000e+03	1
9.447236e-01	1.126305e+00	1.501986e+00	4.302258e+03	2.021566e+10	1.162646e+01	-9.529327e+07	5.000000e+03	1
9.497487e-01	1.132296e+00	1.519657e+00	4.276366e+03	1.833215e+10	1.163988e+01	-9.484358e+07	5.000000e+03	1
9.547739e-01	1.138287e+00	1.537352e+00	4.250393e+03	1.645161e+10	1.165322e+01	-9.439340e+07	5.000000e+03	1
9.597990e-01	1.144278e+00	1.555171e+00	4.224010e+03	1.458604e+10	1.166605e+01	-9.394280e+07	5.000000e+03	1
9.648241e-01	1.150269e+00	1.573031e+00	4.197475e+03	1.272586e+10	1.167870e+01	-9.349176e+07	5.000000e+03	1
9.698492e-01	1.156260e+00	1.590985e+00	4.170590e+03	1.087812e+10	1.169092e+01	-9.304028e+07	5.000000e+03	1
9.748744e-01	1.162251e+00	1.608997e+00	4.143449e+03	9.039205e+09	1.170284e+01	-9.258842e+07	5.000000e+03	1
9.798995e-01	1.168242e+00	1.627076e+00	4.116028e+03	7.209969e+09	1.171443e+01	-9.213618e+07	5.000000e+03	1
9.849246e-01	1.174233e+00	1.645229e+00	4.088231e+03	5.393256e+09	1.172557e+01	-9.168348e+07	5.000000e+03	1
9.899497e-01	1.180224e+00	1.663423e+00	4.060234e+03	3.583245e+09	1.173647e+01	-9.123045e+07	5.000000e+03	1
9.949749e-01	1.186215e+00	1.681702e+00	4.030319e+03	1.789867e+09	1.174677e+01	-9.077706e+07	5.000000e+03	1
1.000000e+00	1.192206e+00	1.700000e+00	4.000000e+03	1.430511e-06	1.175695e+01	-9.032335e+07	3.000000e+02	1
