#t		Qconv[W]	Ri[Rp]		R*[Rp]		Qc[W]		Qm[W]		Qr[W]		Tcmb[K]		Tl[K]		Tup[K]		RiFlag		Bs[T]
0.000000e+00	5.468799e+13	0.000000e+00	4.472361e-01	1.625888e+15	8.000422e+13	1.021872e+15	1.906412e+04	1.041728e+04	2.898291e+03	0	1.361946e-03
1.000000e+07	5.284301e+13	0.000000e+00	4.472361e-01	1.607445e+15	8.203183e+13	1.016210e+15	1.901928e+04	1.045141e+04	2.907786e+03	0	1.346455e-03
2.000000e+07	5.102246e+13	0.000000e+00	4.472361e-01	1.589240e+15	8.407825e+13	1.010590e+15	1.897495e+04	1.048519e+04	2.917184e+03	0	1.330811e-03
3.000000e+07	4.922597e+13	0.000000e+00	4.472361e-01	1.571271e+15	8.614300e+13	1.005013e+15	1.893112e+04	1.051863e+04	2.926487e+03	0	1.315005e-03
4.000000e+07	4.745317e+13	0.000000e+00	4.472361e-01	1.553534e+15	8.822561e+13	9.994769e+14	1.888779e+04	1.055172e+04	2.935694e+03	0	1.299026e-03
5.000000e+07	4.570370e+13	0.000000e+00	4.472361e-01	1.536026e+15	9.032561e+13	9.939822e+14	1.884494e+04	1.058448e+04	2.944808e+03	0	1.282861e-03
6.000000e+07	4.397721e+13	0.000000e+00	4.472361e-01	1.518742e+15	9.244251e+13	9.885285e+14	1.880257e+04	1.061690e+04	2.953829e+03	0	1.266500e-03
7.000000e+07	4.227336e+13	0.000000e+00	4.472361e-01	1.501680e+15	9.457586e+13	9.831154e+14	1.876068e+04	1.064900e+04	2.962758e+03	0	1.249928e-03
8.000000e+07	4.059180e+13	0.000000e+00	4.472361e-01	1.484836e+15	9.672515e+13	9.777426e+14	1.871926e+04	1.068076e+04	2.971596e+03	0	1.233130e-03
9.000000e+07	3.893221e+13	0.000000e+00	4.472361e-01	1.468208e+15	9.888992e+13	9.724098e+14	1.867830e+04	1.071220e+04	2.980344e+03	0	1.216090e-03
1.000000e+08	3.729425e+13	0.000000e+00	4.472361e-01	1.451791e+15	1.010697e+14	9.671165e+14	1.863779e+04	1.074332e+04	2.989002e+03	0	1.198790e-03
1.100000e+08	3.567762e+13	0.000000e+00	4.472361e-01	1.435584e+15	1.032639e+14	9.618625e+14	1.859774e+04	1.077413e+04	2.997572e+03	0	1.181212e-03
1.200000e+08	3.408199e+13	0.000000e+00	4.472361e-01	1.419583e+15	1.054723e+14	9.566474e+14	1.855814e+04	1.080462e+04	3.006055e+03	0	1.163334e-03
1.300000e+08	3.250706e+13	0.000000e+00	4.472361e-01	1.403785e+15	1.076941e+14	9.514710e+14	1.851897e+04	1.083479e+04	3.014450e+03	0	1.145131e-03
1.400000e+08	3.095253e+13	0.000000e+00	4.472361e-01	1.388187e+15	1.099290e+14	9.463329e+14	1.848024e+04	1.086466e+04	3.022760e+03	0	1.126578e-03
1.500000e+08	2.941810e+13	0.000000e+00	4.472361e-01	1.372787e+15	1.121765e+14	9.412327e+14	1.844194e+04	1.089422e+04	3.030985e+03	0	1.107646e-03
1.600000e+08	2.790349e+13	0.000000e+00	4.472361e-01	1.357581e+15	1.144361e+14	9.361703e+14	1.840406e+04	1.092348e+04	3.039126e+03	0	1.088300e-03
1.700000e+08	2.640841e+13	0.000000e+00	4.472361e-01	1.342567e+15	1.167073e+14	9.311451e+14	1.836660e+04	1.095244e+04	3.047183e+03	0	1.068505e-03
1.800000e+08	2.493258e+13	0.000000e+00	4.472361e-01	1.327742e+15	1.189896e+14	9.261571e+14	1.832955e+04	1.098111e+04	3.055158e+03	0	1.048218e-03
1.900000e+08	2.347572e+13	0.000000e+00	4.472361e-01	1.313103e+15	1.212826e+14	9.212058e+14	1.829291e+04	1.100947e+04	3.063051e+03	0	1.027391e-03
2.000000e+08	2.203757e+13	0.000000e+00	4.472361e-01	1.298648e+15	1.235858e+14	9.162909e+14	1.825667e+04	1.103755e+04	3.070863e+03	0	1.005967e-03
2.100000e+08	2.061787e+13	0.000000e+00	4.472361e-01	1.284375e+15	1.258987e+14	9.114121e+14	1.822083e+04	1.106534e+04	3.078594e+03	0	9.838839e-04
2.200000e+08	1.921634e+13	0.000000e+00	4.472361e-01	1.270280e+15	1.282208e+14	9.065692e+14	1.818539e+04	1.109285e+04	3.086247e+03	0	9.610653e-04
2.300000e+08	1.783275e+13	0.000000e+00	4.472361e-01	1.256362e+15	1.305517e+14	9.017618e+14	1.815033e+04	1.112007e+04	3.093820e+03	0	9.374226e-04
2.400000e+08	1.646683e+13	0.000000e+00	4.472361e-01	1.242617e+15	1.328910e+14	8.969897e+14	1.811565e+04	1.114701e+04	3.101316e+03	0	9.128498e-04
2.500000e+08	1.511835e+13	0.000000e+00	4.472361e-01	1.229044e+15	1.352380e+14	8.922525e+14	1.808135e+04	1.117367e+04	3.108734e+03	0	8.872189e-04
2.600000e+08	1.378706e+13	0.000000e+00	4.472361e-01	1.215640e+15	1.375925e+14	8.875500e+14	1.804743e+04	1.120006e+04	3.116076e+03	0	8.603725e-04
2.700000e+08	1.247272e+13	0.000000e+00	4.472361e-01	1.202404e+15	1.399538e+14	8.828818e+14	1.801388e+04	1.122618e+04	3.123343e+03	0	8.321143e-04
2.800000e+08	1.117510e+13	0.000000e+00	4.472361e-01	1.189331e+15	1.423217e+14	8.782478e+14	1.798069e+04	1.125203e+04	3.130534e+03	0	8.021946e-04
2.900000e+08	9.893967e+12	0.000000e+00	4.472361e-01	1.176421e+15	1.446955e+14	8.736476e+14	1.794785e+04	1.127761e+04	3.137651e+03	0	7.702874e-04
3.000000e+08	8.629101e+12	0.000000e+00	4.472361e-01	1.163671e+15	1.470750e+14	8.690809e+14	1.791538e+04	1.130292e+04	3.144694e+03	0	7.359548e-04
3.100000e+08	7.380277e+12	0.000000e+00	4.472361e-01	1.151079e+15	1.494596e+14	8.645475e+14	1.788325e+04	1.132798e+04	3.151665e+03	0	6.985865e-04
3.200000e+08	6.147278e+12	0.000000e+00	4.472361e-01	1.138643e+15	1.518488e+14	8.600471e+14	1.785148e+04	1.135277e+04	3.158563e+03	0	6.572898e-04
3.300000e+08	4.929889e+12	0.000000e+00	4.472361e-01	1.126361e+15	1.542424e+14	8.555793e+14	1.782004e+04	1.137731e+04	3.165390e+03	0	6.106725e-04
3.400000e+08	3.727898e+12	0.000000e+00	4.472361e-01	1.114231e+15	1.566397e+14	8.511441e+14	1.778894e+04	1.140159e+04	3.172146e+03	0	5.563533e-04
3.500000e+08	2.541100e+12	0.000000e+00	4.472361e-01	1.102250e+15	1.590405e+14	8.467410e+14	1.775818e+04	1.142562e+04	3.178832e+03	0	4.896321e-04
3.600000e+08	1.369288e+12	0.000000e+00	4.472361e-01	1.090417e+15	1.614443e+14	8.423698e+14	1.772775e+04	1.144941e+04	3.185448e+03	0	3.984382e-04
3.700000e+08	2.122632e+11	0.000000e+00	4.472361e-01	1.078730e+15	1.638506e+14	8.380303e+14	1.769764e+04	1.147294e+04	3.191995e+03	0	2.140364e-04
3.800000e+08	-9.301729e+11	0.000000e+00	4.472361e-01	1.067186e+15	1.662591e+14	8.337222e+14	1.766785e+04	1.149623e+04	3.198474e+03	0	nan
