#t		Qconv[W]	Ri[Rp]		R*[Rp]		Qc[W]		Qm[W]		Qr[W]		Tcmb[K]		Tl[K]		Tup[K]		RiFlag		Bs[T]
0.000000e+00	9.709897e+12	0.000000e+00	7.076021e-01	2.314642e+14	1.003613e+14	1.869407e+14	7.806776e+03	4.074302e+03	2.399832e+03	0	6.163533e-04
1.000000e+07	9.658001e+12	0.000000e+00	7.076021e-01	2.308156e+14	1.031229e+14	1.859049e+14	7.799383e+03	4.091065e+03	2.409706e+03	0	6.152533e-04
2.000000e+07	9.604223e+12	0.000000e+00	7.076021e-01	2.301485e+14	1.059016e+14	1.848769e+14	7.792010e+03	4.107593e+03	2.419441e+03	0	6.141092e-04
3.000000e+07	9.548631e+12	0.000000e+00	7.076021e-01	2.294634e+14	1.086955e+14	1.838565e+14	7.784658e+03	4.123883e+03	2.429036e+03	0	6.129221e-04
4.000000e+07	9.491291e+12	0.000000e+00	7.076021e-01	2.287612e+14	1.115028e+14	1.828438e+14	7.777329e+03	4.139934e+03	2.438491e+03	0	6.116927e-04
5.000000e+07	9.432270e+12	0.000000e+00	7.076021e-01	2.280424e+14	1.143214e+14	1.818386e+14	7.770021e+03	4.155746e+03	2.447804e+03	0	6.104222e-04
6.000000e+07	9.371635e+12	0.000000e+00	7.076021e-01	2.273078e+14	1.171495e+14	1.808409e+14	7.762737e+03	4.171316e+03	2.456975e+03	0	6.091113e-04
7.000000e+07	9.309452e+12	0.000000e+00	7.076021e-01	2.265581e+14	1.199849e+14	1.798506e+14	7.755476e+03	4.186645e+03	2.466004e+03	0	6.077611e-04
8.000000e+07	9.245788e+12	0.000000e+00	7.076021e-01	2.257938e+14	1.228259e+14	1.788677e+14	7.748239e+03	4.201731e+03	2.474890e+03	0	6.063725e-04
9.000000e+07	9.180709e+12	0.000000e+00	7.076021e-01	2.250158e+14	1.256703e+14	1.778921e+14	7.741027e+03	4.216574e+03	2.483633e+03	0	6.049465e-04
1.000000e+08	9.114281e+12	0.000000e+00	7.076021e-01	2.242246e+14	1.285164e+14	1.769238e+14	7.733839e+03	4.231173e+03	2.492232e+03	0	6.034839e-04
1.100000e+08	9.046569e+12	0.000000e+00	7.076021e-01	2.234209e+14	1.313620e+14	1.759626e+14	7.726677e+03	4.245528e+03	2.500688e+03	0	6.019857e-04
1.200000e+08	8.977638e+12	0.000000e+00	7.076021e-01	2.226055e+14	1.342052e+14	1.750086e+14	7.719540e+03	4.259639e+03	2.508999e+03	0	6.004529e-04
1.300000e+08	8.907553e+12	0.000000e+00	7.076021e-01	2.217788e+14	1.370442e+14	1.740616e+14	7.712429e+03	4.273506e+03	2.517167e+03	0	5.988863e-04
1.400000e+08	8.836376e+12	0.000000e+00	7.076021e-01	2.209416e+14	1.398770e+14	1.731217e+14	7.705345e+03	4.287128e+03	2.525191e+03	0	5.972868e-04
1.500000e+08	8.764170e+12	0.000000e+00	7.076021e-01	2.200946e+14	1.427018e+14	1.721886e+14	7.698287e+03	4.300507e+03	2.533071e+03	0	5.956555e-04
1.600000e+08	8.690998e+12	0.000000e+00	7.076021e-01	2.192383e+14	1.455167e+14	1.712625e+14	7.691256e+03	4.313641e+03	2.540807e+03	0	5.939931e-04
1.700000e+08	8.616918e+12	0.000000e+00	7.076021e-01	2.183733e+14	1.483199e+14	1.703432e+14	7.684253e+03	4.326533e+03	2.548401e+03	0	5.923007e-04
1.800000e+08	8.541993e+12	0.000000e+00	7.076021e-01	2.175003e+14	1.511096e+14	1.694307e+14	7.677277e+03	4.339181e+03	2.555851e+03	0	5.905789e-04
1.900000e+08	8.466279e+12	0.000000e+00	7.076021e-01	2.166198e+14	1.538841e+14	1.685249e+14	7.670330e+03	4.351588e+03	2.563159e+03	0	5.888288e-04
2.000000e+08	8.389834e+12	0.000000e+00	7.076021e-01	2.157325e+14	1.566416e+14	1.676258e+14	7.663410e+03	4.363753e+03	2.570324e+03	0	5.870512e-04
2.100000e+08	8.312716e+12	0.000000e+00	7.076021e-01	2.148389e+14	1.593806e+14	1.667333e+14	7.656518e+03	4.375679e+03	2.577348e+03	0	5.852470e-04
2.200000e+08	8.234978e+12	0.000000e+00	7.076021e-01	2.139395e+14	1.620993e+14	1.658473e+14	7.649656e+03	4.387365e+03	2.584232e+03	0	5.834169e-04
2.300000e+08	8.156675e+12	0.000000e+00	7.076021e-01	2.130350e+14	1.647963e+14	1.649678e+14	7.642821e+03	4.398812e+03	2.590975e+03	0	5.815619e-04
2.400000e+08	8.077860e+12	0.000000e+00	7.076021e-01	2.121258e+14	1.674700e+14	1.640948e+14	7.636016e+03	4.410023e+03	2.597578e+03	0	5.796827e-04
2.500000e+08	7.998583e+12	0.000000e+00	7.076021e-01	2.112125e+14	1.701189e+14	1.632282e+14	7.629240e+03	4.420999e+03	2.604043e+03	0	5.777801e-04
2.600000e+08	7.918894e+12	0.000000e+00	7.076021e-01	2.102955e+14	1.727417e+14	1.623679e+14	7.622492e+03	4.431741e+03	2.610370e+03	0	5.758549e-04
2.700000e+08	7.838842e+12	0.000000e+00	7.076021e-01	2.093753e+14	1.753370e+14	1.615140e+14	7.615775e+03	4.442250e+03	2.616560e+03	0	5.739079e-04
2.800000e+08	7.758473e+12	0.000000e+00	7.076021e-01	2.084525e+14	1.779034e+14	1.606662e+14	7.609086e+03	4.452528e+03	2.622614e+03	0	5.719398e-04
2.900000e+08	7.677835e+12	0.000000e+00	7.076021e-01	2.075275e+14	1.804398e+14	1.598246e+14	7.602427e+03	4.462578e+03	2.628533e+03	0	5.699514e-04
3.000000e+08	7.596969e+12	0.000000e+00	7.076021e-01	2.066007e+14	1.829449e+14	1.589892e+14	7.595797e+03	4.472400e+03	2.634319e+03	0	5.679433e-04
3.100000e+08	7.515920e+12	0.000000e+00	7.076021e-01	2.056726e+14	1.854176e+14	1.581599e+14	7.589197e+03	4.481997e+03	2.639972e+03	0	5.659164e-04
3.200000e+08	7.434728e+12	0.000000e+00	7.076021e-01	2.047435e+14	1.878568e+14	1.573366e+14	7.582627e+03	4.491371e+03	2.645493e+03	0	5.638712e-04
3.300000e+08	7.353434e+12	0.000000e+00	7.076021e-01	2.038139e+14	1.902616e+14	1.565192e+14	7.576086e+03	4.500523e+03	2.650884e+03	0	5.618085e-04
3.400000e+08	7.272075e+12	0.000000e+00	7.076021e-01	2.028842e+14	1.926310e+14	1.557079e+14	7.569575e+03	4.509457e+03	2.656146e+03	0	5.597288e-04
3.500000e+08	7.190689e+12	0.000000e+00	7.076021e-01	2.019547e+14	1.949640e+14	1.549024e+14	7.563094e+03	4.518173e+03	2.661280e+03	0	5.576329e-04
3.600000e+08	7.109310e+12	0.000000e+00	7.076021e-01	2.010258e+14	1.972600e+14	1.541027e+14	7.556642e+03	4.526675e+03	2.666288e+03	0	5.555213e-04
3.700000e+08	7.027974e+12	0.000000e+00	7.076021e-01	2.000978e+14	1.995180e+14	1.533088e+14	7.550220e+03	4.534965e+03	2.671171e+03	0	5.533946e-04
3.800000e+08	6.946712e+12	0.000000e+00	7.076021e-01	1.991711e+14	2.017374e+14	1.525207e+14	7.543827e+03	4.543045e+03	2.675930e+03	0	5.512534e-04
3.900000e+08	6.865556e+12	0.000000e+00	7.076021e-01	1.982459e+14	2.039175e+14	1.517383e+14	7.537465e+03	4.550918e+03	2.680567e+03	0	5.490983e-04
4.000000e+08	6.784536e+12	0.000000e+00	7.076021e-01	1.973226e+14	2.060577e+14	1.509615e+14	7.531131e+03	4.558585e+03	2.685084e+03	0	5.469298e-04
4.100000e+08	6.703680e+12	0.000000e+00	7.076021e-01	1.964015e+14	2.081575e+14	1.501903e+14	7.524827e+03	4.566050e+03	2.689481e+03	0	5.447484e-04
4.200000e+08	6.623016e+12	0.000000e+00	7.076021e-01	1.954828e+14	2.102163e+14	1.494247e+14	7.518553e+03	4.573316e+03	2.693760e+03	0	5.425546e-04
4.300000e+08	6.542568e+12	0.000000e+00	7.076021e-01	1.945668e+14	2.122339e+14	1.486646e+14	7.512307e+03	4.580384e+03	2.697923e+03	0	5.403489e-04
4.400000e+08	6.462362e+12	0.000000e+00	7.076021e-01	1.936537e+14	2.142097e+14	1.479100e+14	7.506091e+03	4.587258e+03	2.701972e+03	0	5.381318e-04
4.500000e+08	6.382421e+12	0.000000e+00	7.076021e-01	1.927438e+14	2.161435e+14	1.471608e+14	7.499905e+03	4.593939e+03	2.705908e+03	0	5.359036e-04
4.600000e+08	6.302768e+12	0.000000e+00	7.076021e-01	1.918373e+14	2.180349e+14	1.464170e+14	7.493747e+03	4.600431e+03	2.709732e+03	0	5.336649e-04
4.700000e+08	6.223422e+12	0.000000e+00	7.076021e-01	1.909343e+14	2.198838e+14	1.456785e+14	7.487618e+03	4.606737e+03	2.713446e+03	0	5.314160e-04
4.800000e+08	6.144403e+12	0.000000e+00	7.076021e-01	1.900352e+14	2.216900e+14	1.449453e+14	7.481518e+03	4.612859e+03	2.717052e+03	0	5.291573e-04
4.900000e+08	6.065731e+12	0.000000e+00	7.076021e-01	1.891400e+14	2.234532e+14	1.442173e+14	7.475446e+03	4.618800e+03	2.720551e+03	0	5.268892e-04
5.000000e+08	5.987422e+12	0.000000e+00	7.076021e-01	1.882490e+14	2.251736e+14	1.434946e+14	7.469404e+03	4.624563e+03	2.723945e+03	0	5.246120e-04
5.100000e+08	5.909493e+12	0.000000e+00	7.076021e-01	1.873622e+14	2.268510e+14	1.427770e+14	7.463389e+03	4.630150e+03	2.727236e+03	0	5.223260e-04
5.200000e+08	5.831959e+12	0.000000e+00	7.076021e-01	1.864800e+14	2.284853e+14	1.420645e+14	7.457403e+03	4.635564e+03	2.730426e+03	0	5.200316e-04
5.300000e+08	5.754835e+12	0.000000e+00	7.076021e-01	1.856023e+14	2.300767e+14	1.413571e+14	7.451445e+03	4.640809e+03	2.733515e+03	0	5.177290e-04
5.400000e+08	5.678133e+12	0.000000e+00	7.076021e-01	1.847294e+14	2.316253e+14	1.406548e+14	7.445515e+03	4.645886e+03	2.736505e+03	0	5.154186e-04
5.500000e+08	5.601866e+12	0.000000e+00	7.076021e-01	1.838613e+14	2.331310e+14	1.399574e+14	7.439613e+03	4.650799e+03	2.739399e+03	0	5.131005e-04
5.600000e+08	5.526046e+12	0.000000e+00	7.076021e-01	1.829982e+14	2.345942e+14	1.392650e+14	7.433739e+03	4.655551e+03	2.742198e+03	0	5.107751e-04
5.700000e+08	5.450683e+12	0.000000e+00	7.076021e-01	1.821401e+14	2.360150e+14	1.385776e+14	7.427892e+03	4.660143e+03	2.744903e+03	0	5.084425e-04
5.800000e+08	5.375786e+12	0.000000e+00	7.076021e-01	1.812872e+14	2.373936e+14	1.378950e+14	7.422073e+03	4.664580e+03	2.747516e+03	0	5.061030e-04
5.900000e+08	5.301365e+12	0.000000e+00	7.076021e-01	1.804396e+14	2.387302e+14	1.372172e+14	7.416281e+03	4.668863e+03	2.750039e+03	0	5.037566e-04
6.000000e+08	5.227427e+12	0.000000e+00	7.076021e-01	1.795972e+14	2.400251e+14	1.365442e+14	7.410515e+03	4.672996e+03	2.752473e+03	0	5.014037e-04
6.100000e+08	5.153981e+12	0.000000e+00	7.076021e-01	1.787603e+14	2.412787e+14	1.358760e+14	7.404777e+03	4.676981e+03	2.754820e+03	0	4.990444e-04
6.200000e+08	5.081032e+12	0.000000e+00	7.076021e-01	1.779289e+14	2.424913e+14	1.352126e+14	7.399065e+03	4.680820e+03	2.757082e+03	0	4.966787e-04
6.300000e+08	5.008586e+12	0.000000e+00	7.076021e-01	1.771029e+14	2.436631e+14	1.345538e+14	7.393380e+03	4.684518e+03	2.759260e+03	0	4.943068e-04
6.400000e+08	4.936650e+12	0.000000e+00	7.076021e-01	1.762826e+14	2.447947e+14	1.338996e+14	7.387722e+03	4.688076e+03	2.761356e+03	0	4.919289e-04
6.500000e+08	4.865226e+12	0.000000e+00	7.076021e-01	1.754678e+14	2.458864e+14	1.332501e+14	7.382089e+03	4.691497e+03	2.763371e+03	0	4.895449e-04
6.600000e+08	4.794320e+12	0.000000e+00	7.076021e-01	1.746587e+14	2.469386e+14	1.326051e+14	7.376483e+03	4.694783e+03	2.765306e+03	0	4.871551e-04
6.700000e+08	4.723935e+12	0.000000e+00	7.076021e-01	1.738552e+14	2.479518e+14	1.319647e+14	7.370902e+03	4.697938e+03	2.767165e+03	0	4.847594e-04
6.800000e+08	4.654074e+12	0.000000e+00	7.076021e-01	1.730575e+14	2.489264e+14	1.313287e+14	7.365347e+03	4.700963e+03	2.768947e+03	0	4.823578e-04
6.900000e+08	4.584739e+12	0.000000e+00	7.076021e-01	1.722655e+14	2.498629e+14	1.306973e+14	7.359817e+03	4.703862e+03	2.770654e+03	0	4.799505e-04
7.000000e+08	4.515932e+12	0.000000e+00	7.076021e-01	1.714793e+14	2.507618e+14	1.300702e+14	7.354313e+03	4.706637e+03	2.772289e+03	0	4.775374e-04
7.100000e+08	4.447654e+12	0.000000e+00	7.076021e-01	1.706988e+14	2.516236e+14	1.294476e+14	7.348834e+03	4.709291e+03	2.773852e+03	0	4.751184e-04
7.200000e+08	4.379907e+12	0.000000e+00	7.076021e-01	1.699240e+14	2.524488e+14	1.288293e+14	7.343380e+03	4.711825e+03	2.775345e+03	0	4.726937e-04
7.300000e+08	4.312691e+12	0.000000e+00	7.076021e-01	1.691550e+14	2.532379e+14	1.282153e+14	7.337950e+03	4.714243e+03	2.776769e+03	0	4.702632e-04
7.400000e+08	4.246006e+12	0.000000e+00	7.076021e-01	1.683918e+14	2.539915e+14	1.276056e+14	7.332545e+03	4.716547e+03	2.778126e+03	0	4.678268e-04
7.500000e+08	4.179851e+12	0.000000e+00	7.076021e-01	1.676344e+14	2.547101e+14	1.270001e+14	7.327164e+03	4.718739e+03	2.779417e+03	0	4.653844e-04
7.600000e+08	4.114227e+12	0.000000e+00	7.076021e-01	1.668826e+14	2.553942e+14	1.263989e+14	7.321808e+03	4.720822e+03	2.780644e+03	0	4.629360e-04
7.700000e+08	4.049133e+12	0.000000e+00	7.076021e-01	1.661367e+14	2.560444e+14	1.258018e+14	7.316475e+03	4.722798e+03	2.781808e+03	0	4.604815e-04
7.800000e+08	3.984566e+12	0.000000e+00	7.076021e-01	1.653964e+14	2.566614e+14	1.252090e+14	7.311167e+03	4.724669e+03	2.782910e+03	0	4.580208e-04
7.900000e+08	3.920527e+12	0.000000e+00	7.076021e-01	1.646618e+14	2.572456e+14	1.246202e+14	7.305881e+03	4.726438e+03	2.783951e+03	0	4.555538e-04
8.000000e+08	3.857012e+12	0.000000e+00	7.076021e-01	1.639330e+14	2.577975e+14	1.240355e+14	7.300620e+03	4.728106e+03	2.784934e+03	0	4.530803e-04
8.100000e+08	3.794020e+12	0.000000e+00	7.076021e-01	1.632097e+14	2.583180e+14	1.234548e+14	7.295381e+03	4.729677e+03	2.785859e+03	0	4.506002e-04
8.200000e+08	3.731549e+12	0.000000e+00	7.076021e-01	1.624922e+14	2.588073e+14	1.228782e+14	7.290166e+03	4.731151e+03	2.786728e+03	0	4.481134e-04
8.300000e+08	3.669595e+12	0.000000e+00	7.076021e-01	1.617802e+14	2.592662e+14	1.223056e+14	7.284974e+03	4.732532e+03	2.787541e+03	0	4.456196e-04
8.400000e+08	3.608157e+12	0.000000e+00	7.076021e-01	1.610737e+14	2.596952e+14	1.217369e+14	7.279804e+03	4.733822e+03	2.788301e+03	0	4.431187e-04
8.500000e+08	3.547232e+12	0.000000e+00	7.076021e-01	1.603729e+14	2.600949e+14	1.211721e+14	7.274657e+03	4.735022e+03	2.789008e+03	0	4.406104e-04
8.600000e+08	3.486816e+12	0.000000e+00	7.076021e-01	1.596775e+14	2.604660e+14	1.206113e+14	7.269532e+03	4.736134e+03	2.789663e+03	0	4.380946e-04
8.700000e+08	3.426905e+12	0.000000e+00	7.076021e-01	1.589876e+14	2.608088e+14	1.200542e+14	7.264430e+03	4.737162e+03	2.790268e+03	0	4.355710e-04
8.800000e+08	3.367498e+12	0.000000e+00	7.076021e-01	1.583031e+14	2.611241e+14	1.195011e+14	7.259349e+03	4.738105e+03	2.790824e+03	0	4.330393e-04
8.900000e+08	3.308590e+12	0.000000e+00	7.076021e-01	1.576240e+14	2.614124e+14	1.189517e+14	7.254290e+03	4.738967e+03	2.791332e+03	0	4.304994e-04
9.000000e+08	3.250177e+12	0.000000e+00	7.076021e-01	1.569503e+14	2.616743e+14	1.184061e+14	7.249253e+03	4.739750e+03	2.791793e+03	0	4.279508e-04
9.100000e+08	3.192256e+12	0.000000e+00	7.076021e-01	1.562819e+14	2.619103e+14	1.178642e+14	7.244238e+03	4.740455e+03	2.792208e+03	0	4.253934e-04
9.200000e+08	3.134822e+12	0.000000e+00	7.076021e-01	1.556187e+14	2.621211e+14	1.173261e+14	7.239243e+03	4.741084e+03	2.792578e+03	0	4.228268e-04
9.300000e+08	3.077873e+12	0.000000e+00	7.076021e-01	1.549608e+14	2.623071e+14	1.167916e+14	7.234270e+03	4.741638e+03	2.792905e+03	0	4.202507e-04
9.400000e+08	3.021403e+12	0.000000e+00	7.076021e-01	1.543081e+14	2.624689e+14	1.162608e+14	7.229318e+03	4.742121e+03	2.793189e+03	0	4.176647e-04
9.500000e+08	2.965409e+12	0.000000e+00	7.076021e-01	1.536605e+14	2.626071e+14	1.157336e+14	7.224387e+03	4.742533e+03	2.793432e+03	0	4.150685e-04
9.600000e+08	2.909886e+12	0.000000e+00	7.076021e-01	1.530180e+14	2.627222e+14	1.152100e+14	7.219477e+03	4.742875e+03	2.793634e+03	0	4.124616e-04
9.700000e+08	2.854831e+12	0.000000e+00	7.076021e-01	1.523806e+14	2.628148e+14	1.146900e+14	7.214587e+03	4.743151e+03	2.793796e+03	0	4.098438e-04
9.800000e+08	2.800238e+12	0.000000e+00	7.076021e-01	1.517481e+14	2.628853e+14	1.141735e+14	7.209717e+03	4.743361e+03	2.793920e+03	0	4.072145e-04
9.900000e+08	2.746103e+12	0.000000e+00	7.076021e-01	1.511206e+14	2.629344e+14	1.136605e+14	7.204867e+03	4.743507e+03	2.794006e+03	0	4.045733e-04
1.000000e+09	2.692423e+12	0.000000e+00	7.076021e-01	1.504981e+14	2.629625e+14	1.131510e+14	7.200038e+03	4.743591e+03	2.794055e+03	0	4.019197e-04
1.010000e+09	2.639192e+12	0.000000e+00	7.076021e-01	1.498803e+14	2.629701e+14	1.126449e+14	7.195228e+03	4.743613e+03	2.794068e+03	0	3.992533e-04
1.020000e+09	2.586407e+12	0.000000e+00	7.076021e-01	1.492674e+14	2.629578e+14	1.121423e+14	7.190438e+03	4.743577e+03	2.794047e+03	0	3.965736e-04
1.030000e+09	2.534062e+12	0.000000e+00	7.076021e-01	1.486593e+14	2.629261e+14	1.116431e+14	7.185668e+03	4.743482e+03	2.793991e+03	0	3.938800e-04
1.040000e+09	2.482153e+12	0.000000e+00	7.076021e-01	1.480559e+14	2.628753e+14	1.111472e+14	7.180917e+03	4.743331e+03	2.793902e+03	0	3.911720e-04
1.050000e+09	2.430676e+12	0.000000e+00	7.076021e-01	1.474571e+14	2.628062e+14	1.106547e+14	7.176185e+03	4.743125e+03	2.793781e+03	0	3.884489e-04
1.060000e+09	2.379626e+12	0.000000e+00	7.076021e-01	1.468630e+14	2.627190e+14	1.101656e+14	7.171473e+03	4.742866e+03	2.793628e+03	0	3.857102e-04
1.070000e+09	2.328998e+12	0.000000e+00	7.076021e-01	1.462735e+14	2.626143e+14	1.096797e+14	7.166779e+03	4.742554e+03	2.793444e+03	0	3.829552e-04
1.080000e+09	2.278789e+12	0.000000e+00	7.076021e-01	1.456884e+14	2.624925e+14	1.091971e+14	7.162104e+03	4.742191e+03	2.793230e+03	0	3.801832e-04
1.090000e+09	2.228994e+12	0.000000e+00	7.076021e-01	1.451079e+14	2.623541e+14	1.087177e+14	7.157448e+03	4.741779e+03	2.792987e+03	0	3.773936e-04
1.100000e+09	2.179607e+12	0.000000e+00	7.076021e-01	1.445318e+14	2.621996e+14	1.082416e+14	7.152811e+03	4.741318e+03	2.792716e+03	0	3.745855e-04
1.110000e+09	2.130626e+12	0.000000e+00	7.076021e-01	1.439601e+14	2.620293e+14	1.077686e+14	7.148192e+03	4.740810e+03	2.792417e+03	0	3.717582e-04
1.120000e+09	2.082044e+12	0.000000e+00	7.076021e-01	1.433927e+14	2.618438e+14	1.072988e+14	7.143591e+03	4.740256e+03	2.792091e+03	0	3.689109e-04
1.130000e+09	2.033859e+12	0.000000e+00	7.076021e-01	1.428296e+14	2.616434e+14	1.068322e+14	7.139008e+03	4.739658e+03	2.791738e+03	0	3.660428e-04
1.140000e+09	1.986065e+12	0.000000e+00	7.076021e-01	1.422707e+14	2.614286e+14	1.063687e+14	7.134443e+03	4.739016e+03	2.791360e+03	0	3.631528e-04
1.150000e+09	1.938658e+12	0.000000e+00	7.076021e-01	1.417161e+14	2.611997e+14	1.059082e+14	7.129896e+03	4.738331e+03	2.790957e+03	0	3.602400e-04
1.160000e+09	1.891633e+12	0.000000e+00	7.076021e-01	1.411656e+14	2.609572e+14	1.054509e+14	7.125367e+03	4.737606e+03	2.790530e+03	0	3.573034e-04
1.170000e+09	1.844988e+12	0.000000e+00	7.076021e-01	1.406192e+14	2.607015e+14	1.049966e+14	7.120855e+03	4.736840e+03	2.790079e+03	0	3.543421e-04
1.180000e+09	1.798716e+12	0.000000e+00	7.076021e-01	1.400768e+14	2.604329e+14	1.045453e+14	7.116361e+03	4.736035e+03	2.789605e+03	0	3.513547e-04
1.190000e+09	1.752814e+12	0.000000e+00	7.076021e-01	1.395385e+14	2.601519e+14	1.040970e+14	7.111884e+03	4.735193e+03	2.789108e+03	0	3.483401e-04
1.200000e+09	1.707278e+12	0.000000e+00	7.076021e-01	1.390042e+14	2.598587e+14	1.036517e+14	7.107424e+03	4.734313e+03	2.788590e+03	0	3.452971e-04
1.210000e+09	1.662103e+12	0.000000e+00	7.076021e-01	1.384738e+14	2.595538e+14	1.032093e+14	7.102981e+03	4.733397e+03	2.788051e+03	0	3.422243e-04
1.220000e+09	1.617286e+12	0.000000e+00	7.076021e-01	1.379472e+14	2.592375e+14	1.027699e+14	7.098555e+03	4.732446e+03	2.787490e+03	0	3.391203e-04
1.230000e+09	1.572822e+12	0.000000e+00	7.076021e-01	1.374245e+14	2.589102e+14	1.023334e+14	7.094146e+03	4.731461e+03	2.786910e+03	0	3.359836e-04
1.240000e+09	1.528707e+12	0.000000e+00	7.076021e-01	1.369056e+14	2.585722e+14	1.018998e+14	7.089754e+03	4.730443e+03	2.786311e+03	0	3.328125e-04
1.250000e+09	1.484938e+12	0.000000e+00	7.076021e-01	1.363905e+14	2.582238e+14	1.014690e+14	7.085378e+03	4.729393e+03	2.785692e+03	0	3.296054e-04
1.260000e+09	1.441510e+12	0.000000e+00	7.076021e-01	1.358791e+14	2.578654e+14	1.010411e+14	7.081019e+03	4.728311e+03	2.785055e+03	0	3.263604e-04
1.270000e+09	1.398419e+12	0.000000e+00	7.076021e-01	1.353713e+14	2.574973e+14	1.006159e+14	7.076676e+03	4.727199e+03	2.784400e+03	0	3.230754e-04
1.280000e+09	1.355661e+12	0.000000e+00	7.076021e-01	1.348672e+14	2.571199e+14	1.001936e+14	7.072349e+03	4.726057e+03	2.783727e+03	0	3.197486e-04
1.290000e+09	1.313233e+12	0.000000e+00	7.076021e-01	1.343666e+14	2.567333e+14	9.977409e+13	7.068038e+03	4.724887e+03	2.783038e+03	0	3.163774e-04
1.300000e+09	1.271131e+12	0.000000e+00	7.076021e-01	1.338697e+14	2.563378e+14	9.935731e+13	7.063744e+03	4.723688e+03	2.782332e+03	0	3.129596e-04
1.310000e+09	1.229351e+12	0.000000e+00	7.076021e-01	1.333762e+14	2.559340e+14	9.894326e+13	7.059465e+03	4.722462e+03	2.781610e+03	0	3.094925e-04
1.320000e+09	1.187889e+12	0.000000e+00	7.076021e-01	1.328862e+14	2.555218e+14	9.853191e+13	7.055202e+03	4.721210e+03	2.780872e+03	0	3.059733e-04
1.330000e+09	1.146742e+12	0.000000e+00	7.076021e-01	1.323996e+14	2.551018e+14	9.812326e+13	7.050954e+03	4.719932e+03	2.780120e+03	0	3.023989e-04
1.340000e+09	1.105906e+12	0.000000e+00	7.076021e-01	1.319164e+14	2.546741e+14	9.771728e+13	7.046722e+03	4.718630e+03	2.779352e+03	0	2.987659e-04
1.350000e+09	1.065378e+12	0.000000e+00	7.076021e-01	1.314366e+14	2.542390e+14	9.731395e+13	7.042506e+03	4.717303e+03	2.778571e+03	0	2.950707e-04
1.360000e+09	1.025154e+12	0.000000e+00	7.076021e-01	1.309601e+14	2.537968e+14	9.691324e+13	7.038304e+03	4.715952e+03	2.777775e+03	0	2.913094e-04
1.370000e+09	9.852297e+11	0.000000e+00	7.076021e-01	1.304869e+14	2.533477e+14	9.651515e+13	7.034119e+03	4.714579e+03	2.776967e+03	0	2.874776e-04
1.380000e+09	9.456029e+11	0.000000e+00	7.076021e-01	1.300169e+14	2.528919e+14	9.611964e+13	7.029948e+03	4.713184e+03	2.776145e+03	0	2.835706e-04
1.390000e+09	9.062698e+11	0.000000e+00	7.076021e-01	1.295502e+14	2.524297e+14	9.572670e+13	7.025792e+03	4.711767e+03	2.775310e+03	0	2.795830e-04
1.400000e+09	8.672270e+11	0.000000e+00	7.076021e-01	1.290866e+14	2.519614e+14	9.533632e+13	7.021651e+03	4.710329e+03	2.774463e+03	0	2.755090e-04
1.410000e+09	8.284714e+11	0.000000e+00	7.076021e-01	1.286261e+14	2.514872e+14	9.494846e+13	7.017525e+03	4.708871e+03	2.773605e+03	0	2.713422e-04
1.420000e+09	7.899996e+11	0.000000e+00	7.076021e-01	1.281688e+14	2.510072e+14	9.456311e+13	7.013413e+03	4.707394e+03	2.772734e+03	0	2.670754e-04
1.430000e+09	7.518084e+11	0.000000e+00	7.076021e-01	1.277145e+14	2.505218e+14	9.418025e+13	7.009316e+03	4.705897e+03	2.771853e+03	0	2.627003e-04
1.440000e+09	7.138946e+11	0.000000e+00	7.076021e-01	1.272633e+14	2.500311e+14	9.379986e+13	7.005234e+03	4.704382e+03	2.770960e+03	0	2.582079e-04
1.450000e+09	6.762552e+11	0.000000e+00	7.076021e-01	1.268151e+14	2.495354e+14	9.342193e+13	7.001166e+03	4.702849e+03	2.770057e+03	0	2.535878e-04
1.460000e+09	6.388871e+11	0.000000e+00	7.076021e-01	1.263698e+14	2.490347e+14	9.304643e+13	6.997112e+03	4.701299e+03	2.769144e+03	0	2.488282e-04
1.470000e+09	6.017872e+11	0.000000e+00	7.076021e-01	1.259275e+14	2.485295e+14	9.267335e+13	6.993073e+03	4.699732e+03	2.768221e+03	0	2.439154e-04
1.480000e+09	5.649526e+11	0.000000e+00	7.076021e-01	1.254881e+14	2.480197e+14	9.230267e+13	6.989048e+03	4.698149e+03	2.767289e+03	0	2.388337e-04
1.490000e+09	5.283803e+11	0.000000e+00	7.076021e-01	1.250516e+14	2.475057e+14	9.193436e+13	6.985036e+03	4.696550e+03	2.766347e+03	0	2.335646e-04
1.500000e+09	4.920674e+11	0.000000e+00	7.076021e-01	1.246179e+14	2.469875e+14	9.156842e+13	6.981039e+03	4.694936e+03	2.765396e+03	0	2.280866e-04
1.510000e+09	4.560111e+11	0.000000e+00	7.076021e-01	1.241871e+14	2.464655e+14	9.120482e+13	6.977055e+03	4.693307e+03	2.764437e+03	0	2.223737e-04
1.520000e+09	4.202085e+11	0.000000e+00	7.076021e-01	1.237590e+14	2.459397e+14	9.084354e+13	6.973086e+03	4.691663e+03	2.763469e+03	0	2.163946e-04
1.530000e+09	3.846569e+11	0.000000e+00	7.076021e-01	1.233337e+14	2.454103e+14	9.048457e+13	6.969129e+03	4.690006e+03	2.762493e+03	0	2.101113e-04
1.540000e+09	3.493534e+11	0.000000e+00	7.076021e-01	1.229111e+14	2.448776e+14	9.012789e+13	6.965187e+03	4.688336e+03	2.761509e+03	0	2.034760e-04
1.550000e+09	3.142955e+11	0.000000e+00	7.076021e-01	1.224912e+14	2.443415e+14	8.977349e+13	6.961258e+03	4.686652e+03	2.760517e+03	0	1.964284e-04
1.560000e+09	2.794805e+11	0.000000e+00	7.076021e-01	1.220740e+14	2.438024e+14	8.942134e+13	6.957342e+03	4.684956e+03	2.759518e+03	0	1.888899e-04
1.570000e+09	2.449057e+11	0.000000e+00	7.076021e-01	1.216594e+14	2.432603e+14	8.907143e+13	6.953440e+03	4.683248e+03	2.758512e+03	0	1.807554e-04
1.580000e+09	2.105685e+11	0.000000e+00	7.076021e-01	1.212475e+14	2.427155e+14	8.872374e+13	6.949551e+03	4.681529e+03	2.757499e+03	0	1.718790e-04
1.590000e+09	1.764665e+11	0.000000e+00	7.076021e-01	1.208381e+14	2.421680e+14	8.837825e+13	6.945675e+03	4.679798e+03	2.756480e+03	0	1.620487e-04
1.600000e+09	1.425971e+11	0.000000e+00	7.076021e-01	1.204313e+14	2.416179e+14	8.803496e+13	6.941812e+03	4.678056e+03	2.755454e+03	0	1.509368e-04
1.610000e+09	1.089578e+11	0.000000e+00	7.076021e-01	1.200271e+14	2.410656e+14	8.769383e+13	6.937962e+03	4.676304e+03	2.754422e+03	0	1.379889e-04
1.620000e+09	7.554616e+10	0.000000e+00	7.076021e-01	1.196253e+14	2.405109e+14	8.735486e+13	6.934125e+03	4.674542e+03	2.753384e+03	0	1.221319e-04
1.630000e+09	4.235984e+10	0.000000e+00	7.076021e-01	1.192261e+14	2.399541e+14	8.701803e+13	6.930301e+03	4.672770e+03	2.752340e+03	0	1.007109e-04
1.640000e+09	9.396462e+09	0.000000e+00	7.076021e-01	1.188293e+14	2.393955e+14	8.668332e+13	6.926490e+03	4.670988e+03	2.751291e+03	0	6.096487e-05
1.650000e+09	-2.334632e+10	0.000000e+00	7.076021e-01	1.184349e+14	2.388348e+14	8.635072e+13	6.922691e+03	4.669197e+03	2.750236e+03	0	nan
