#t		Qconv[W]	Ri[Rp]		R*[Rp]		Qc[W]		Qm[W]		Qr[W]		Tcmb[K]		Tl[K]		Tup[K]		RiFlag		Bs[T]
0.000000e+00	1.566482e+13	0.000000e+00	6.021505e-01	4.562338e+14	3.579423e+13	6.059305e+13	9.556471e+03	2.884314e+03	2.382167e+03	0	8.907918e-04
1.000000e+07	1.485176e+13	0.000000e+00	6.021505e-01	4.327211e+14	4.164317e+13	6.025732e+13	9.415467e+03	2.951757e+03	2.437869e+03	0	8.751055e-04
2.000000e+07	1.409733e+13	0.000000e+00	6.021505e-01	4.109025e+14	4.775721e+13	5.992410e+13	9.281577e+03	3.014991e+03	2.490094e+03	0	8.600296e-04
3.000000e+07	1.339602e+13	0.000000e+00	6.021505e-01	3.906186e+14	5.407556e+13	5.959337e+13	9.154301e+03	3.074222e+03	2.539013e+03	0	8.455247e-04
4.000000e+07	1.274296e+13	0.000000e+00	6.021505e-01	3.717292e+14	6.053748e+13	5.926511e+13	9.033185e+03	3.129642e+03	2.584785e+03	0	8.315554e-04
5.000000e+07	1.213389e+13	0.000000e+00	6.021505e-01	3.541112e+14	6.708355e+13	5.893930e+13	8.917815e+03	3.181432e+03	2.627559e+03	0	8.180901e-04
6.000000e+07	1.156504e+13	0.000000e+00	6.021505e-01	3.376553e+14	7.365686e+13	5.861592e+13	8.807814e+03	3.229765e+03	2.667477e+03	0	8.051006e-04
7.000000e+07	1.103305e+13	0.000000e+00	6.021505e-01	3.222646e+14	8.020395e+13	5.829494e+13	8.702835e+03	3.274803e+03	2.704674e+03	0	7.925614e-04
8.000000e+07	1.053491e+13	0.000000e+00	6.021505e-01	3.078526e+14	8.667537e+13	5.797636e+13	8.602559e+03	3.316707e+03	2.739282e+03	0	7.804494e-04
9.000000e+07	1.006796e+13	0.000000e+00	6.021505e-01	2.943418e+14	9.302637e+13	5.766014e+13	8.506693e+03	3.355626e+03	2.771426e+03	0	7.687436e-04
1.000000e+08	9.629766e+12	0.000000e+00	6.021505e-01	2.816624e+14	9.921715e+13	5.734627e+13	8.414968e+03	3.391710e+03	2.801228e+03	0	7.574250e-04
1.100000e+08	9.218162e+12	0.000000e+00	6.021505e-01	2.697515e+14	1.052130e+14	5.703473e+13	8.327132e+03	3.425100e+03	2.828805e+03	0	7.464760e-04
1.200000e+08	8.831172e+12	0.000000e+00	6.021505e-01	2.585522e+14	1.109843e+14	5.672549e+13	8.242955e+03	3.455935e+03	2.854272e+03	0	7.358803e-04
1.300000e+08	8.467003e+12	0.000000e+00	6.021505e-01	2.480125e+14	1.165067e+14	5.641855e+13	8.162221e+03	3.484350e+03	2.877740e+03	0	7.256229e-04
1.400000e+08	8.124019e+12	0.000000e+00	6.021505e-01	2.380854e+14	1.217603e+14	5.611388e+13	8.084732e+03	3.510474e+03	2.899315e+03	0	7.156896e-04
1.500000e+08	7.800728e+12	0.000000e+00	6.021505e-01	2.287275e+14	1.267303e+14	5.581146e+13	8.010301e+03	3.534432e+03	2.919103e+03	0	7.060674e-04
1.600000e+08	7.495761e+12	0.000000e+00	6.021505e-01	2.198994e+14	1.314058e+14	5.551128e+13	7.938756e+03	3.556347e+03	2.937203e+03	0	6.967436e-04
1.700000e+08	7.207859e+12	0.000000e+00	6.021505e-01	2.115647e+14	1.357799e+14	5.521331e+13	7.869935e+03	3.576336e+03	2.953711e+03	0	6.877066e-04
1.800000e+08	6.935868e+12	0.000000e+00	6.021505e-01	2.036901e+14	1.398492e+14	5.491753e+13	7.803690e+03	3.594511e+03	2.968722e+03	0	6.789452e-04
1.900000e+08	6.678722e+12	0.000000e+00	6.021505e-01	1.962446e+14	1.436135e+14	5.462394e+13	7.739880e+03	3.610980e+03	2.982324e+03	0	6.704487e-04
2.000000e+08	6.435435e+12	0.000000e+00	6.021505e-01	1.891999e+14	1.470751e+14	5.433250e+13	7.678373e+03	3.625848e+03	2.994604e+03	0	6.622069e-04
2.100000e+08	6.205100e+12	0.000000e+00	6.021505e-01	1.825298e+14	1.502389e+14	5.404321e+13	7.619048e+03	3.639214e+03	3.005643e+03	0	6.542102e-04
2.200000e+08	5.986874e+12	0.000000e+00	6.021505e-01	1.762098e+14	1.531115e+14	5.375605e+13	7.561790e+03	3.651172e+03	3.015519e+03	0	6.464493e-04
2.300000e+08	5.779979e+12	0.000000e+00	6.021505e-01	1.702175e+14	1.557013e+14	5.347099e+13	7.506491e+03	3.661812e+03	3.024307e+03	0	6.389151e-04
2.400000e+08	5.583691e+12	0.000000e+00	6.021505e-01	1.645319e+14	1.580180e+14	5.318802e+13	7.453052e+03	3.671221e+03	3.032077e+03	0	6.315992e-04
2.500000e+08	5.397341e+12	0.000000e+00	6.021505e-01	1.591337e+14	1.600721e+14	5.290712e+13	7.401378e+03	3.679479e+03	3.038898e+03	0	6.244932e-04
2.600000e+08	5.220305e+12	0.000000e+00	6.021505e-01	1.540050e+14	1.618751e+14	5.262828e+13	7.351381e+03	3.686664e+03	3.044832e+03	0	6.175892e-04
2.700000e+08	5.052005e+12	0.000000e+00	6.021505e-01	1.491289e+14	1.634390e+14	5.235148e+13	7.302979e+03	3.692849e+03	3.049940e+03	0	6.108797e-04
2.800000e+08	4.891903e+12	0.000000e+00	6.021505e-01	1.444899e+14	1.647760e+14	5.207670e+13	7.256093e+03	3.698102e+03	3.054279e+03	0	6.043572e-04
2.900000e+08	4.739500e+12	0.000000e+00	6.021505e-01	1.400736e+14	1.658986e+14	5.180392e+13	7.210651e+03	3.702489e+03	3.057901e+03	0	5.980148e-04
3.000000e+08	4.594330e+12	0.000000e+00	6.021505e-01	1.358666e+14	1.668191e+14	5.153314e+13	7.166583e+03	3.706070e+03	3.060859e+03	0	5.918457e-04
3.100000e+08	4.455959e+12	0.000000e+00	6.021505e-01	1.318562e+14	1.675500e+14	5.126432e+13	7.123827e+03	3.708903e+03	3.063199e+03	0	5.858433e-04
3.200000e+08	4.323984e+12	0.000000e+00	6.021505e-01	1.280308e+14	1.681034e+14	5.099746e+13	7.082320e+03	3.711041e+03	3.064965e+03	0	5.800015e-04
3.300000e+08	4.198028e+12	0.000000e+00	6.021505e-01	1.243796e+14	1.684910e+14	5.073255e+13	7.042006e+03	3.712537e+03	3.066200e+03	0	5.743142e-04
3.400000e+08	4.077741e+12	0.000000e+00	6.021505e-01	1.208925e+14	1.687244e+14	5.046955e+13	7.002830e+03	3.713436e+03	3.066943e+03	0	5.687756e-04
3.500000e+08	3.962797e+12	0.000000e+00	6.021505e-01	1.175598e+14	1.688146e+14	5.020847e+13	6.964743e+03	3.713783e+03	3.067229e+03	0	5.633803e-04
3.600000e+08	3.852888e+12	0.000000e+00	6.021505e-01	1.143729e+14	1.687722e+14	4.994927e+13	6.927697e+03	3.713620e+03	3.067095e+03	0	5.581230e-04
3.700000e+08	3.747731e+12	0.000000e+00	6.021505e-01	1.113235e+14	1.686074e+14	4.969196e+13	6.891645e+03	3.712985e+03	3.066571e+03	0	5.529984e-04
3.800000e+08	3.647060e+12	0.000000e+00	6.021505e-01	1.084039e+14	1.683299e+14	4.943650e+13	6.856547e+03	3.711916e+03	3.065687e+03	0	5.480019e-04
3.900000e+08	3.550625e+12	0.000000e+00	6.021505e-01	1.056069e+14	1.679488e+14	4.918290e+13	6.822361e+03	3.710445e+03	3.064472e+03	0	5.431286e-04
4.000000e+08	3.458194e+12	0.000000e+00	6.021505e-01	1.029257e+14	1.674728e+14	4.893112e+13	6.789049e+03	3.708604e+03	3.062952e+03	0	5.383741e-04
4.100000e+08	3.369550e+12	0.000000e+00	6.021505e-01	1.003542e+14	1.669100e+14	4.868116e+13	6.756577e+03	3.706423e+03	3.061150e+03	0	5.337342e-04
4.200000e+08	3.284488e+12	0.000000e+00	6.021505e-01	9.788631e+13	1.662682e+14	4.843300e+13	6.724908e+03	3.703928e+03	3.059091e+03	0	5.292047e-04
4.300000e+08	3.202820e+12	0.000000e+00	6.021505e-01	9.551666e+13	1.655546e+14	4.818663e+13	6.694013e+03	3.701147e+03	3.056793e+03	0	5.247816e-04
4.400000e+08	3.124365e+12	0.000000e+00	6.021505e-01	9.324004e+13	1.647759e+14	4.794203e+13	6.663859e+03	3.698102e+03	3.054278e+03	0	5.204612e-04
4.500000e+08	3.048957e+12	0.000000e+00	6.021505e-01	9.105161e+13	1.639384e+14	4.769919e+13	6.634418e+03	3.694815e+03	3.051564e+03	0	5.162399e-04
4.600000e+08	2.976439e+12	0.000000e+00	6.021505e-01	8.894684e+13	1.630481e+14	4.745809e+13	6.605663e+03	3.691307e+03	3.048666e+03	0	5.121141e-04
4.700000e+08	2.906664e+12	0.000000e+00	6.021505e-01	8.692148e+13	1.621104e+14	4.721872e+13	6.577567e+03	3.687597e+03	3.045603e+03	0	5.080807e-04
4.800000e+08	2.839493e+12	0.000000e+00	6.021505e-01	8.497151e+13	1.611304e+14	4.698107e+13	6.550106e+03	3.683703e+03	3.042387e+03	0	5.041363e-04
4.900000e+08	2.774796e+12	0.000000e+00	6.021505e-01	8.309320e+13	1.601128e+14	4.674512e+13	6.523257e+03	3.679642e+03	3.039032e+03	0	5.002781e-04
5.000000e+08	2.712453e+12	0.000000e+00	6.021505e-01	8.128301e+13	1.590621e+14	4.651085e+13	6.496997e+03	3.675428e+03	3.035552e+03	0	4.965029e-04
5.100000e+08	2.652347e+12	0.000000e+00	6.021505e-01	7.953763e+13	1.579823e+14	4.627826e+13	6.471305e+03	3.671077e+03	3.031958e+03	0	4.928081e-04
5.200000e+08	2.594372e+12	0.000000e+00	6.021505e-01	7.785393e+13	1.568771e+14	4.604733e+13	6.446160e+03	3.666600e+03	3.028261e+03	0	4.891910e-04
5.300000e+08	2.538425e+12	0.000000e+00	6.021505e-01	7.622898e+13	1.557500e+14	4.581805e+13	6.421544e+03	3.662011e+03	3.024471e+03	0	4.856490e-04
5.400000e+08	2.484411e+12	0.000000e+00	6.021505e-01	7.466002e+13	1.546043e+14	4.559040e+13	6.397438e+03	3.657321e+03	3.020597e+03	0	4.821797e-04
5.500000e+08	2.432240e+12	0.000000e+00	6.021505e-01	7.314442e+13	1.534427e+14	4.536437e+13	6.373825e+03	3.652540e+03	3.016649e+03	0	4.787806e-04
5.600000e+08	2.381827e+12	0.000000e+00	6.021505e-01	7.167975e+13	1.522681e+14	4.513994e+13	6.350687e+03	3.647678e+03	3.012633e+03	0	4.754496e-04
5.700000e+08	2.333092e+12	0.000000e+00	6.021505e-01	7.026367e+13	1.510830e+14	4.491711e+13	6.328010e+03	3.642745e+03	3.008559e+03	0	4.721845e-04
5.800000e+08	2.285958e+12	0.000000e+00	6.021505e-01	6.889400e+13	1.498895e+14	4.469586e+13	6.305778e+03	3.637748e+03	3.004432e+03	0	4.689831e-04
5.900000e+08	2.240355e+12	0.000000e+00	6.021505e-01	6.756866e+13	1.486899e+14	4.447618e+13	6.283977e+03	3.632696e+03	3.000259e+03	0	4.658435e-04
6.000000e+08	2.196216e+12	0.000000e+00	6.021505e-01	6.628571e+13	1.474859e+14	4.425805e+13	6.262592e+03	3.627596e+03	2.996047e+03	0	4.627638e-04
6.100000e+08	2.153475e+12	0.000000e+00	6.021505e-01	6.504330e+13	1.462793e+14	4.404147e+13	6.241611e+03	3.622453e+03	2.991800e+03	0	4.597422e-04
6.200000e+08	2.112073e+12	0.000000e+00	6.021505e-01	6.383968e+13	1.450718e+14	4.382642e+13	6.221020e+03	3.617276e+03	2.987524e+03	0	4.567768e-04
6.300000e+08	2.071952e+12	0.000000e+00	6.021505e-01	6.267319e+13	1.438647e+14	4.361288e+13	6.200808e+03	3.612068e+03	2.983223e+03	0	4.538660e-04
6.400000e+08	2.033059e+12	0.000000e+00	6.021505e-01	6.154227e+13	1.426595e+14	4.340085e+13	6.180963e+03	3.606837e+03	2.978902e+03	0	4.510082e-04
6.500000e+08	1.995342e+12	0.000000e+00	6.021505e-01	6.044543e+13	1.414572e+14	4.319032e+13	6.161473e+03	3.601585e+03	2.974565e+03	0	4.482017e-04
6.600000e+08	1.958753e+12	0.000000e+00	6.021505e-01	5.938127e+13	1.402589e+14	4.298126e+13	6.142329e+03	3.596319e+03	2.970216e+03	0	4.454452e-04
6.700000e+08	1.923244e+12	0.000000e+00	6.021505e-01	5.834845e+13	1.390657e+14	4.277368e+13	6.123520e+03	3.591042e+03	2.965857e+03	0	4.427371e-04
6.800000e+08	1.888774e+12	0.000000e+00	6.021505e-01	5.734570e+13	1.378784e+14	4.256755e+13	6.105037e+03	3.585758e+03	2.961493e+03	0	4.400760e-04
6.900000e+08	1.855299e+12	0.000000e+00	6.021505e-01	5.637182e+13	1.366979e+14	4.236287e+13	6.086869e+03	3.580470e+03	2.957126e+03	0	4.374607e-04
7.000000e+08	1.822781e+12	0.000000e+00	6.021505e-01	5.542567e+13	1.355247e+14	4.215963e+13	6.069007e+03	3.575183e+03	2.952759e+03	0	4.348898e-04
7.100000e+08	1.791182e+12	0.000000e+00	6.021505e-01	5.450616e+13	1.343596e+14	4.195781e+13	6.051444e+03	3.569898e+03	2.948394e+03	0	4.323621e-04
7.200000e+08	1.760466e+12	0.000000e+00	6.021505e-01	5.361226e+13	1.332031e+14	4.175739e+13	6.034170e+03	3.564619e+03	2.944034e+03	0	4.298764e-04
7.300000e+08	1.730599e+12	0.000000e+00	6.021505e-01	5.274298e+13	1.320557e+14	4.155838e+13	6.017179e+03	3.559348e+03	2.939681e+03	0	4.274316e-04
7.400000e+08	1.701550e+12	0.000000e+00	6.021505e-01	5.189739e+13	1.309179e+14	4.136076e+13	6.000461e+03	3.554088e+03	2.935336e+03	0	4.250264e-04
7.500000e+08	1.673286e+12	0.000000e+00	6.021505e-01	5.107460e+13	1.297901e+14	4.116452e+13	5.984009e+03	3.548840e+03	2.931002e+03	0	4.226600e-04
7.600000e+08	1.645780e+12	0.000000e+00	6.021505e-01	5.027377e+13	1.286726e+14	4.096964e+13	5.967817e+03	3.543607e+03	2.926681e+03	0	4.203312e-04
7.700000e+08	1.619003e+12	0.000000e+00	6.021505e-01	4.949407e+13	1.275657e+14	4.077612e+13	5.951878e+03	3.538391e+03	2.922372e+03	0	4.180391e-04
7.800000e+08	1.592928e+12	0.000000e+00	6.021505e-01	4.873475e+13	1.264696e+14	4.058395e+13	5.936184e+03	3.533193e+03	2.918079e+03	0	4.157827e-04
7.900000e+08	1.567530e+12	0.000000e+00	6.021505e-01	4.799505e+13	1.253846e+14	4.039311e+13	5.920730e+03	3.528014e+03	2.913802e+03	0	4.135611e-04
8.000000e+08	1.542784e+12	0.000000e+00	6.021505e-01	4.727429e+13	1.243108e+14	4.020359e+13	5.905509e+03	3.522857e+03	2.909543e+03	0	4.113734e-04
8.100000e+08	1.518669e+12	0.000000e+00	6.021505e-01	4.657179e+13	1.232485e+14	4.001538e+13	5.890516e+03	3.517722e+03	2.905302e+03	0	4.092187e-04
8.200000e+08	1.495160e+12	0.000000e+00	6.021505e-01	4.588692e+13	1.221977e+14	3.982848e+13	5.875744e+03	3.512610e+03	2.901080e+03	0	4.070961e-04
8.300000e+08	1.472238e+12	0.000000e+00	6.021505e-01	4.521905e+13	1.211585e+14	3.964287e+13	5.861188e+03	3.507523e+03	2.896879e+03	0	4.050050e-04
8.400000e+08	1.449882e+12	0.000000e+00	6.021505e-01	4.456760e+13	1.201309e+14	3.945855e+13	5.846843e+03	3.502462e+03	2.892698e+03	0	4.029446e-04
8.500000e+08	1.428073e+12	0.000000e+00	6.021505e-01	4.393201e+13	1.191151e+14	3.927549e+13	5.832704e+03	3.497427e+03	2.888540e+03	0	4.009140e-04
8.600000e+08	1.406791e+12	0.000000e+00	6.021505e-01	4.331175e+13	1.181111e+14	3.909370e+13	5.818765e+03	3.492418e+03	2.884404e+03	0	3.989125e-04
8.700000e+08	1.386021e+12	0.000000e+00	6.021505e-01	4.270631e+13	1.171188e+14	3.891315e+13	5.805022e+03	3.487438e+03	2.880290e+03	0	3.969395e-04
8.800000e+08	1.365744e+12	0.000000e+00	6.021505e-01	4.211518e+13	1.161383e+14	3.873385e+13	5.791471e+03	3.482486e+03	2.876200e+03	0	3.949943e-04
8.900000e+08	1.345944e+12	0.000000e+00	6.021505e-01	4.153791e+13	1.151696e+14	3.855578e+13	5.778106e+03	3.477563e+03	2.872134e+03	0	3.930762e-04
9.000000e+08	1.326606e+12	0.000000e+00	6.021505e-01	4.097404e+13	1.142125e+14	3.837894e+13	5.764923e+03	3.472669e+03	2.868092e+03	0	3.911846e-04
9.100000e+08	1.307714e+12	0.000000e+00	6.021505e-01	4.042314e+13	1.132671e+14	3.820330e+13	5.751918e+03	3.467805e+03	2.864075e+03	0	3.893188e-04
9.200000e+08	1.289256e+12	0.000000e+00	6.021505e-01	3.988479e+13	1.123333e+14	3.802887e+13	5.739088e+03	3.462971e+03	2.860083e+03	0	3.874783e-04
9.300000e+08	1.271216e+12	0.000000e+00	6.021505e-01	3.935860e+13	1.114111e+14	3.785563e+13	5.726427e+03	3.458168e+03	2.856116e+03	0	3.856626e-04
9.400000e+08	1.253581e+12	0.000000e+00	6.021505e-01	3.884418e+13	1.105002e+14	3.768358e+13	5.713933e+03	3.453395e+03	2.852174e+03	0	3.838709e-04
9.500000e+08	1.236340e+12	0.000000e+00	6.021505e-01	3.834117e+13	1.096008e+14	3.751270e+13	5.701601e+03	3.448653e+03	2.848258e+03	0	3.821029e-04
9.600000e+08	1.219479e+12	0.000000e+00	6.021505e-01	3.784921e+13	1.087126e+14	3.734299e+13	5.689429e+03	3.443943e+03	2.844367e+03	0	3.803580e-04
9.700000e+08	1.202987e+12	0.000000e+00	6.021505e-01	3.736798e+13	1.078356e+14	3.717443e+13	5.677411e+03	3.439263e+03	2.840502e+03	0	3.786356e-04
9.800000e+08	1.186853e+12	0.000000e+00	6.021505e-01	3.689713e+13	1.069696e+14	3.700702e+13	5.665546e+03	3.434615e+03	2.836664e+03	0	3.769353e-04
9.900000e+08	1.171067e+12	0.000000e+00	6.021505e-01	3.643636e+13	1.061146e+14	3.684074e+13	5.653830e+03	3.429999e+03	2.832851e+03	0	3.752566e-04
1.000000e+09	1.155617e+12	0.000000e+00	6.021505e-01	3.598537e+13	1.052705e+14	3.667560e+13	5.642259e+03	3.425413e+03	2.829064e+03	0	3.735990e-04
1.010000e+09	1.140493e+12	0.000000e+00	6.021505e-01	3.554388e+13	1.044371e+14	3.651157e+13	5.630831e+03	3.420860e+03	2.825303e+03	0	3.719621e-04
1.020000e+09	1.125687e+12	0.000000e+00	6.021505e-01	3.511159e+13	1.036143e+14	3.634866e+13	5.619543e+03	3.416338e+03	2.821568e+03	0	3.703454e-04
1.030000e+09	1.111189e+12	0.000000e+00	6.021505e-01	3.468824e+13	1.028019e+14	3.618685e+13	5.608391e+03	3.411847e+03	2.817859e+03	0	3.687486e-04
1.040000e+09	1.096990e+12	0.000000e+00	6.021505e-01	3.427358e+13	1.020000e+14	3.602613e+13	5.597373e+03	3.407388e+03	2.814176e+03	0	3.671712e-04
1.050000e+09	1.083081e+12	0.000000e+00	6.021505e-01	3.386736e+13	1.012082e+14	3.586649e+13	5.586486e+03	3.402960e+03	2.810519e+03	0	3.656128e-04
1.060000e+09	1.069454e+12	0.000000e+00	6.021505e-01	3.346933e+13	1.004266e+14	3.570794e+13	5.575728e+03	3.398563e+03	2.806888e+03	0	3.640730e-04
1.070000e+09	1.056102e+12	0.000000e+00	6.021505e-01	3.307927e+13	9.965485e+13	3.555045e+13	5.565095e+03	3.394197e+03	2.803282e+03	0	3.625515e-04
1.080000e+09	1.043016e+12	0.000000e+00	6.021505e-01	3.269695e+13	9.889299e+13	3.539402e+13	5.554586e+03	3.389862e+03	2.799702e+03	0	3.610478e-04
1.090000e+09	1.030189e+12	0.000000e+00	6.021505e-01	3.232216e+13	9.814085e+13	3.523865e+13	5.544198e+03	3.385559e+03	2.796148e+03	0	3.595616e-04
1.100000e+09	1.017614e+12	0.000000e+00	6.021505e-01	3.195469e+13	9.739826e+13	3.508431e+13	5.533929e+03	3.381286e+03	2.792618e+03	0	3.580926e-04
1.110000e+09	1.005284e+12	0.000000e+00	6.021505e-01	3.159434e+13	9.666513e+13	3.493101e+13	5.523776e+03	3.377043e+03	2.789115e+03	0	3.566405e-04
1.120000e+09	9.931923e+11	0.000000e+00	6.021505e-01	3.124093e+13	9.594128e+13	3.477874e+13	5.513737e+03	3.372831e+03	2.785636e+03	0	3.552048e-04
1.130000e+09	9.813327e+11	0.000000e+00	6.021505e-01	3.089425e+13	9.522662e+13	3.462749e+13	5.503810e+03	3.368649e+03	2.782182e+03	0	3.537854e-04
1.140000e+09	9.696990e+11	0.000000e+00	6.021505e-01	3.055414e+13	9.452099e+13	3.447725e+13	5.493992e+03	3.364497e+03	2.778753e+03	0	3.523817e-04
1.150000e+09	9.582851e+11	0.000000e+00	6.021505e-01	3.022042e+13	9.382429e+13	3.432801e+13	5.484282e+03	3.360375e+03	2.775348e+03	0	3.509937e-04
1.160000e+09	9.470852e+11	0.000000e+00	6.021505e-01	2.989292e+13	9.313636e+13	3.417977e+13	5.474678e+03	3.356283e+03	2.771968e+03	0	3.496209e-04
1.170000e+09	9.360937e+11	0.000000e+00	6.021505e-01	2.957147e+13	9.245707e+13	3.403252e+13	5.465177e+03	3.352219e+03	2.768613e+03	0	3.482632e-04
1.180000e+09	9.253052e+11	0.000000e+00	6.021505e-01	2.925593e+13	9.178632e+13	3.388624e+13	5.455779e+03	3.348185e+03	2.765281e+03	0	3.469201e-04
1.190000e+09	9.147146e+11	0.000000e+00	6.021505e-01	2.894614e+13	9.112395e+13	3.374094e+13	5.446480e+03	3.344181e+03	2.761973e+03	0	3.455914e-04
1.200000e+09	9.043166e+11	0.000000e+00	6.021505e-01	2.864196e+13	9.046985e+13	3.359660e+13	5.437279e+03	3.340204e+03	2.758689e+03	0	3.442769e-04
1.210000e+09	8.941065e+11	0.000000e+00	6.021505e-01	2.834324e+13	8.982391e+13	3.345322e+13	5.428174e+03	3.336257e+03	2.755429e+03	0	3.429763e-04
1.220000e+09	8.840795e+11	0.000000e+00	6.021505e-01	2.804984e+13	8.918595e+13	3.331079e+13	5.419165e+03	3.332337e+03	2.752192e+03	0	3.416894e-04
1.230000e+09	8.742310e+11	0.000000e+00	6.021505e-01	2.776163e+13	8.855593e+13	3.316930e+13	5.410248e+03	3.328446e+03	2.748978e+03	0	3.404159e-04
1.240000e+09	8.645566e+11	0.000000e+00	6.021505e-01	2.747849e+13	8.793365e+13	3.302875e+13	5.401422e+03	3.324582e+03	2.745787e+03	0	3.391555e-04
1.250000e+09	8.550520e+11	0.000000e+00	6.021505e-01	2.720028e+13	8.731904e+13	3.288912e+13	5.392686e+03	3.320746e+03	2.742618e+03	0	3.379081e-04
1.260000e+09	8.457131e+11	0.000000e+00	6.021505e-01	2.692690e+13	8.671198e+13	3.275041e+13	5.384038e+03	3.316937e+03	2.739473e+03	0	3.366734e-04
1.270000e+09	8.365357e+11	0.000000e+00	6.021505e-01	2.665821e+13	8.611234e+13	3.261262e+13	5.375477e+03	3.313155e+03	2.736349e+03	0	3.354511e-04
1.280000e+09	8.275161e+11	0.000000e+00	6.021505e-01	2.639412e+13	8.551998e+13	3.247574e+13	5.367001e+03	3.309400e+03	2.733248e+03	0	3.342411e-04
1.290000e+09	8.186504e+11	0.000000e+00	6.021505e-01	2.613450e+13	8.493482e+13	3.233975e+13	5.358608e+03	3.305672e+03	2.730169e+03	0	3.330432e-04
1.300000e+09	8.099349e+11	0.000000e+00	6.021505e-01	2.587925e+13	8.435675e+13	3.220466e+13	5.350298e+03	3.301970e+03	2.727111e+03	0	3.318571e-04
1.310000e+09	8.013662e+11	0.000000e+00	6.021505e-01	2.562827e+13	8.378565e+13	3.207045e+13	5.342069e+03	3.298293e+03	2.724075e+03	0	3.306827e-04
1.320000e+09	7.929407e+11	0.000000e+00	6.021505e-01	2.538146e+13	8.322140e+13	3.193712e+13	5.333919e+03	3.294643e+03	2.721060e+03	0	3.295196e-04
1.330000e+09	7.846551e+11	0.000000e+00	6.021505e-01	2.513872e+13	8.266391e+13	3.180467e+13	5.325847e+03	3.291018e+03	2.718066e+03	0	3.283679e-04
1.340000e+09	7.765062e+11	0.000000e+00	6.021505e-01	2.489996e+13	8.211307e+13	3.167308e+13	5.317853e+03	3.287419e+03	2.715094e+03	0	3.272272e-04
1.350000e+09	7.684907e+11	0.000000e+00	6.021505e-01	2.466509e+13	8.156875e+13	3.154235e+13	5.309934e+03	3.283845e+03	2.712142e+03	0	3.260974e-04
1.360000e+09	7.606058e+11	0.000000e+00	6.021505e-01	2.443401e+13	8.103091e+13	3.141247e+13	5.302089e+03	3.280295e+03	2.709210e+03	0	3.249782e-04
1.370000e+09	7.528483e+11	0.000000e+00	6.021505e-01	2.420664e+13	8.049938e+13	3.128343e+13	5.294318e+03	3.276770e+03	2.706299e+03	0	3.238696e-04
1.380000e+09	7.452154e+11	0.000000e+00	6.021505e-01	2.398290e+13	7.997410e+13	3.115524e+13	5.286619e+03	3.273270e+03	2.703408e+03	0	3.227714e-04
1.390000e+09	7.377044e+11	0.000000e+00	6.021505e-01	2.376271e+13	7.945497e+13	3.102787e+13	5.278990e+03	3.269793e+03	2.700536e+03	0	3.216833e-04
1.400000e+09	7.303125e+11	0.000000e+00	6.021505e-01	2.354598e+13	7.894187e+13	3.090134e+13	5.271432e+03	3.266340e+03	2.697685e+03	0	3.206053e-04
1.410000e+09	7.230370e+11	0.000000e+00	6.021505e-01	2.333265e+13	7.843475e+13	3.077562e+13	5.263942e+03	3.262911e+03	2.694853e+03	0	3.195371e-04
1.420000e+09	7.158754e+11	0.000000e+00	6.021505e-01	2.312263e+13	7.793346e+13	3.065072e+13	5.256520e+03	3.259506e+03	2.692040e+03	0	3.184786e-04
1.430000e+09	7.088252e+11	0.000000e+00	6.021505e-01	2.291585e+13	7.743796e+13	3.052662e+13	5.249164e+03	3.256123e+03	2.689246e+03	0	3.174296e-04
1.440000e+09	7.018840e+11	0.000000e+00	6.021505e-01	2.271225e+13	7.694813e+13	3.040333e+13	5.241874e+03	3.252763e+03	2.686471e+03	0	3.163901e-04
1.450000e+09	6.950494e+11	0.000000e+00	6.021505e-01	2.251175e+13	7.646390e+13	3.028083e+13	5.234649e+03	3.249426e+03	2.683715e+03	0	3.153598e-04
1.460000e+09	6.883191e+11	0.000000e+00	6.021505e-01	2.231429e+13	7.598517e+13	3.015912e+13	5.227487e+03	3.246111e+03	2.680977e+03	0	3.143386e-04
1.470000e+09	6.816909e+11	0.000000e+00	6.021505e-01	2.211981e+13	7.551186e+13	3.003819e+13	5.220388e+03	3.242819e+03	2.678258e+03	0	3.133264e-04
1.480000e+09	6.751627e+11	0.000000e+00	6.021505e-01	2.192824e+13	7.504390e+13	2.991804e+13	5.213350e+03	3.239548e+03	2.675557e+03	0	3.123230e-04
1.490000e+09	6.687323e+11	0.000000e+00	6.021505e-01	2.173951e+13	7.458117e+13	2.979866e+13	5.206374e+03	3.236300e+03	2.672874e+03	0	3.113282e-04
1.500000e+09	6.623977e+11	0.000000e+00	6.021505e-01	2.155358e+13	7.412362e+13	2.968005e+13	5.199457e+03	3.233072e+03	2.670208e+03	0	3.103421e-04
1.510000e+09	6.561569e+11	0.000000e+00	6.021505e-01	2.137038e+13	7.367117e+13	2.956219e+13	5.192599e+03	3.229866e+03	2.667560e+03	0	3.093644e-04
1.520000e+09	6.500079e+11	0.000000e+00	6.021505e-01	2.118985e+13	7.322373e+13	2.944509e+13	5.185799e+03	3.226681e+03	2.664930e+03	0	3.083950e-04
1.530000e+09	6.439488e+11	0.000000e+00	6.021505e-01	2.101195e+13	7.278123e+13	2.932874e+13	5.179056e+03	3.223517e+03	2.662317e+03	0	3.074337e-04
1.540000e+09	6.379779e+11	0.000000e+00	6.021505e-01	2.083661e+13	7.234358e+13	2.921313e+13	5.172370e+03	3.220374e+03	2.659721e+03	0	3.064806e-04
1.550000e+09	6.320933e+11	0.000000e+00	6.021505e-01	2.066379e+13	7.191074e+13	2.909826e+13	5.165740e+03	3.217250e+03	2.657141e+03	0	3.055354e-04
1.560000e+09	6.262932e+11	0.000000e+00	6.021505e-01	2.049343e+13	7.148262e+13	2.898412e+13	5.159164e+03	3.214148e+03	2.654578e+03	0	3.045980e-04
1.570000e+09	6.205761e+11	0.000000e+00	6.021505e-01	2.032549e+13	7.105913e+13	2.887070e+13	5.152642e+03	3.211065e+03	2.652032e+03	0	3.036683e-04
1.580000e+09	6.149401e+11	0.000000e+00	6.021505e-01	2.015991e+13	7.064022e+13	2.875800e+13	5.146174e+03	3.208002e+03	2.649502e+03	0	3.027462e-04
1.590000e+09	6.093837e+11	0.000000e+00	6.021505e-01	1.999666e+13	7.022582e+13	2.864602e+13	5.139758e+03	3.204958e+03	2.646989e+03	0	3.018316e-04
1.600000e+09	6.039054e+11	0.000000e+00	6.021505e-01	1.983568e+13	6.981584e+13	2.853475e+13	5.133394e+03	3.201934e+03	2.644491e+03	0	3.009244e-04
1.610000e+09	5.985035e+11	0.000000e+00	6.021505e-01	1.967693e+13	6.941025e+13	2.842418e+13	5.127081e+03	3.198929e+03	2.642009e+03	0	3.000245e-04
1.620000e+09	5.931767e+11	0.000000e+00	6.021505e-01	1.952036e+13	6.900897e+13	2.831431e+13	5.120819e+03	3.195943e+03	2.639543e+03	0	2.991317e-04
1.630000e+09	5.879233e+11	0.000000e+00	6.021505e-01	1.936594e+13	6.861192e+13	2.820513e+13	5.114606e+03	3.192976e+03	2.637092e+03	0	2.982460e-04
1.640000e+09	5.827421e+11	0.000000e+00	6.021505e-01	1.921363e+13	6.821905e+13	2.809664e+13	5.108442e+03	3.190027e+03	2.634657e+03	0	2.973673e-04
1.650000e+09	5.776316e+11	0.000000e+00	6.021505e-01	1.906337e+13	6.783031e+13	2.798884e+13	5.102327e+03	3.187097e+03	2.632237e+03	0	2.964955e-04
1.660000e+09	5.725905e+11	0.000000e+00	6.021505e-01	1.891514e+13	6.744562e+13	2.788171e+13	5.096259e+03	3.184184e+03	2.629832e+03	0	2.956304e-04
1.670000e+09	5.676175e+11	0.000000e+00	6.021505e-01	1.876889e+13	6.706493e+13	2.777525e+13	5.090238e+03	3.181290e+03	2.627442e+03	0	2.947721e-04
1.680000e+09	5.627112e+11	0.000000e+00	6.021505e-01	1.862459e+13	6.668817e+13	2.766947e+13	5.084264e+03	3.178414e+03	2.625066e+03	0	2.939203e-04
1.690000e+09	5.578704e+11	0.000000e+00	6.021505e-01	1.848220e+13	6.631530e+13	2.756434e+13	5.078335e+03	3.175556e+03	2.622705e+03	0	2.930751e-04
1.700000e+09	5.530939e+11	0.000000e+00	6.021505e-01	1.834169e+13	6.594626e+13	2.745987e+13	5.072452e+03	3.172714e+03	2.620359e+03	0	2.922362e-04
1.710000e+09	5.483806e+11	0.000000e+00	6.021505e-01	1.820301e+13	6.558097e+13	2.735606e+13	5.066613e+03	3.169891e+03	2.618026e+03	0	2.914037e-04
1.720000e+09	5.437291e+11	0.000000e+00	6.021505e-01	1.806615e+13	6.521941e+13	2.725289e+13	5.060818e+03	3.167084e+03	2.615708e+03	0	2.905775e-04
1.730000e+09	5.391384e+11	0.000000e+00	6.021505e-01	1.793105e+13	6.486151e+13	2.715037e+13	5.055067e+03	3.164294e+03	2.613404e+03	0	2.897574e-04
1.740000e+09	5.346074e+11	0.000000e+00	6.021505e-01	1.779770e+13	6.450722e+13	2.704848e+13	5.049359e+03	3.161521e+03	2.611114e+03	0	2.889434e-04
1.750000e+09	5.301350e+11	0.000000e+00	6.021505e-01	1.766606e+13	6.415649e+13	2.694723e+13	5.043693e+03	3.158764e+03	2.608837e+03	0	2.881354e-04
1.760000e+09	5.257201e+11	0.000000e+00	6.021505e-01	1.753609e+13	6.380925e+13	2.684661e+13	5.038069e+03	3.156024e+03	2.606574e+03	0	2.873333e-04
1.770000e+09	5.213617e+11	0.000000e+00	6.021505e-01	1.740778e+13	6.346548e+13	2.674661e+13	5.032486e+03	3.153301e+03	2.604325e+03	0	2.865371e-04
1.780000e+09	5.170588e+11	0.000000e+00	6.021505e-01	1.728108e+13	6.312511e+13	2.664723e+13	5.026943e+03	3.150593e+03	2.602088e+03	0	2.857466e-04
1.790000e+09	5.128103e+11	0.000000e+00	6.021505e-01	1.715597e+13	6.278809e+13	2.654846e+13	5.021441e+03	3.147901e+03	2.599865e+03	0	2.849618e-04
1.800000e+09	5.086154e+11	0.000000e+00	6.021505e-01	1.703243e+13	6.245440e+13	2.645030e+13	5.015979e+03	3.145225e+03	2.597655e+03	0	2.841827e-04
1.810000e+09	5.044730e+11	0.000000e+00	6.021505e-01	1.691042e+13	6.212396e+13	2.635275e+13	5.010556e+03	3.142565e+03	2.595458e+03	0	2.834091e-04
1.820000e+09	5.003823e+11	0.000000e+00	6.021505e-01	1.678991e+13	6.179675e+13	2.625581e+13	5.005172e+03	3.139920e+03	2.593273e+03	0	2.826409e-04
1.830000e+09	4.963424e+11	0.000000e+00	6.021505e-01	1.667089e+13	6.147272e+13	2.615945e+13	4.999826e+03	3.137290e+03	2.591102e+03	0	2.818782e-04
1.840000e+09	4.923523e+11	0.000000e+00	6.021505e-01	1.655333e+13	6.115181e+13	2.606369e+13	4.994518e+03	3.134676e+03	2.588942e+03	0	2.811209e-04
1.850000e+09	4.884112e+11	0.000000e+00	6.021505e-01	1.643719e+13	6.083400e+13	2.596852e+13	4.989247e+03	3.132076e+03	2.586795e+03	0	2.803688e-04
1.860000e+09	4.845183e+11	0.000000e+00	6.021505e-01	1.632246e+13	6.051921e+13	2.587393e+13	4.984013e+03	3.129492e+03	2.584661e+03	0	2.796219e-04
1.870000e+09	4.806727e+11	0.000000e+00	6.021505e-01	1.620911e+13	6.020745e+13	2.577992e+13	4.978815e+03	3.126922e+03	2.582538e+03	0	2.788801e-04
1.880000e+09	4.768736e+11	0.000000e+00	6.021505e-01	1.609713e+13	5.989864e+13	2.568649e+13	4.973654e+03	3.124367e+03	2.580428e+03	0	2.781435e-04
1.890000e+09	4.731202e+11	0.000000e+00	6.021505e-01	1.598647e+13	5.959274e+13	2.559363e+13	4.968528e+03	3.121826e+03	2.578329e+03	0	2.774118e-04
1.900000e+09	4.694119e+11	0.000000e+00	6.021505e-01	1.587713e+13	5.928974e+13	2.550133e+13	4.963437e+03	3.119299e+03	2.576243e+03	0	2.766851e-04
1.910000e+09	4.657477e+11	0.000000e+00	6.021505e-01	1.576909e+13	5.898957e+13	2.540959e+13	4.958381e+03	3.116786e+03	2.574167e+03	0	2.759633e-04
1.920000e+09	4.621270e+11	0.000000e+00	6.021505e-01	1.566231e+13	5.869221e+13	2.531842e+13	4.953359e+03	3.114288e+03	2.572104e+03	0	2.752463e-04
1.930000e+09	4.585491e+11	0.000000e+00	6.021505e-01	1.555678e+13	5.839762e+13	2.522780e+13	4.948371e+03	3.111803e+03	2.570052e+03	0	2.745341e-04
1.940000e+09	4.550132e+11	0.000000e+00	6.021505e-01	1.545248e+13	5.810575e+13	2.513772e+13	4.943417e+03	3.109333e+03	2.568011e+03	0	2.738267e-04
1.950000e+09	4.515186e+11	0.000000e+00	6.021505e-01	1.534938e+13	5.781659e+13	2.504820e+13	4.938495e+03	3.106875e+03	2.565982e+03	0	2.731239e-04
1.960000e+09	4.480647e+11	0.000000e+00	6.021505e-01	1.524748e+13	5.753007e+13	2.495921e+13	4.933607e+03	3.104431e+03	2.563963e+03	0	2.724257e-04
1.970000e+09	4.446508e+11	0.000000e+00	6.021505e-01	1.514674e+13	5.724618e+13	2.487076e+13	4.928751e+03	3.102001e+03	2.561956e+03	0	2.717320e-04
1.980000e+09	4.412763e+11	0.000000e+00	6.021505e-01	1.504715e+13	5.696488e+13	2.478285e+13	4.923927e+03	3.099584e+03	2.559960e+03	0	2.710428e-04
1.990000e+09	4.379405e+11	0.000000e+00	6.021505e-01	1.494870e+13	5.668613e+13	2.469547e+13	4.919134e+03	3.097180e+03	2.557974e+03	0	2.703581e-04
2.000000e+09	4.346427e+11	0.000000e+00	6.021505e-01	1.485136e+13	5.640990e+13	2.460861e+13	4.914373e+03	3.094788e+03	2.555999e+03	0	2.696778e-04
2.010000e+09	4.313825e+11	0.000000e+00	6.021505e-01	1.475511e+13	5.613615e+13	2.452227e+13	4.909643e+03	3.092410e+03	2.554035e+03	0	2.690018e-04
2.020000e+09	4.281592e+11	0.000000e+00	6.021505e-01	1.465994e+13	5.586486e+13	2.443646e+13	4.904943e+03	3.090044e+03	2.552081e+03	0	2.683302e-04
2.030000e+09	4.249721e+11	0.000000e+00	6.021505e-01	1.456584e+13	5.559600e+13	2.435116e+13	4.900274e+03	3.087691e+03	2.550138e+03	0	2.676627e-04
2.040000e+09	4.218208e+11	0.000000e+00	6.021505e-01	1.447277e+13	5.532953e+13	2.426637e+13	4.895635e+03	3.085351e+03	2.548205e+03	0	2.669995e-04
2.050000e+09	4.187047e+11	0.000000e+00	6.021505e-01	1.438074e+13	5.506542e+13	2.418208e+13	4.891025e+03	3.083023e+03	2.546282e+03	0	2.663404e-04
2.060000e+09	4.156231e+11	0.000000e+00	6.021505e-01	1.428972e+13	5.480364e+13	2.409830e+13	4.886444e+03	3.080707e+03	2.544369e+03	0	2.656854e-04
2.070000e+09	4.125757e+11	0.000000e+00	6.021505e-01	1.419969e+13	5.454416e+13	2.401502e+13	4.881892e+03	3.078403e+03	2.542467e+03	0	2.650344e-04
2.080000e+09	4.095617e+11	0.000000e+00	6.021505e-01	1.411064e+13	5.428695e+13	2.393224e+13	4.877369e+03	3.076111e+03	2.540574e+03	0	2.643875e-04
2.090000e+09	4.065809e+11	0.000000e+00	6.021505e-01	1.402257e+13	5.403198e+13	2.384995e+13	4.872874e+03	3.073832e+03	2.538691e+03	0	2.637445e-04
2.100000e+09	4.036325e+11	0.000000e+00	6.021505e-01	1.393544e+13	5.377923e+13	2.376815e+13	4.868408e+03	3.071564e+03	2.536818e+03	0	2.631054e-04
2.110000e+09	4.007162e+11	0.000000e+00	6.021505e-01	1.384924e+13	5.352867e+13	2.368683e+13	4.863968e+03	3.069307e+03	2.534954e+03	0	2.624702e-04
2.120000e+09	3.978314e+11	0.000000e+00	6.021505e-01	1.376398e+13	5.328027e+13	2.360599e+13	4.859557e+03	3.067063e+03	2.533100e+03	0	2.618389e-04
2.130000e+09	3.949776e+11	0.000000e+00	6.021505e-01	1.367961e+13	5.303400e+13	2.352564e+13	4.855172e+03	3.064830e+03	2.531256e+03	0	2.612113e-04
2.140000e+09	3.921545e+11	0.000000e+00	6.021505e-01	1.359615e+13	5.278984e+13	2.344576e+13	4.850814e+03	3.062608e+03	2.529421e+03	0	2.605874e-04
2.150000e+09	3.893614e+11	0.000000e+00	6.021505e-01	1.351356e+13	5.254775e+13	2.336635e+13	4.846483e+03	3.060397e+03	2.527595e+03	0	2.599673e-04
2.160000e+09	3.865981e+11	0.000000e+00	6.021505e-01	1.343185e+13	5.230772e+13	2.328740e+13	4.842178e+03	3.058198e+03	2.525779e+03	0	2.593508e-04
2.170000e+09	3.838640e+11	0.000000e+00	6.021505e-01	1.335098e+13	5.206972e+13	2.320893e+13	4.837899e+03	3.056010e+03	2.523972e+03	0	2.587380e-04
2.180000e+09	3.811587e+11	0.000000e+00	6.021505e-01	1.327096e+13	5.183372e+13	2.313091e+13	4.833645e+03	3.053833e+03	2.522174e+03	0	2.581287e-04
2.190000e+09	3.784817e+11	0.000000e+00	6.021505e-01	1.319178e+13	5.159971e+13	2.305335e+13	4.829417e+03	3.051666e+03	2.520384e+03	0	2.575230e-04
2.200000e+09	3.758327e+11	0.000000e+00	6.021505e-01	1.311340e+13	5.136765e+13	2.297625e+13	4.825215e+03	3.049511e+03	2.518604e+03	0	2.569208e-04
2.210000e+09	3.732113e+11	0.000000e+00	6.021505e-01	1.303584e+13	5.113752e+13	2.289960e+13	4.821037e+03	3.047366e+03	2.516833e+03	0	2.563221e-04
2.220000e+09	3.706170e+11	0.000000e+00	6.021505e-01	1.295907e+13	5.090930e+13	2.282340e+13	4.816884e+03	3.045232e+03	2.515070e+03	0	2.557268e-04
2.230000e+09	3.680494e+11	0.000000e+00	6.021505e-01	1.288308e+13	5.068296e+13	2.274764e+13	4.812755e+03	3.043108e+03	2.513316e+03	0	2.551349e-04
2.240000e+09	3.655083e+11	0.000000e+00	6.021505e-01	1.280787e+13	5.045849e+13	2.267232e+13	4.808650e+03	3.040995e+03	2.511571e+03	0	2.545463e-04
2.250000e+09	3.629931e+11	0.000000e+00	6.021505e-01	1.273341e+13	5.023586e+13	2.259744e+13	4.804570e+03	3.038892e+03	2.509834e+03	0	2.539611e-04
2.260000e+09	3.605035e+11	0.000000e+00	6.021505e-01	1.265971e+13	5.001505e+13	2.252300e+13	4.800512e+03	3.036799e+03	2.508106e+03	0	2.533792e-04
2.270000e+09	3.580391e+11	0.000000e+00	6.021505e-01	1.258674e+13	4.979604e+13	2.244899e+13	4.796479e+03	3.034716e+03	2.506386e+03	0	2.528005e-04
2.280000e+09	3.555997e+11	0.000000e+00	6.021505e-01	1.251450e+13	4.957880e+13	2.237541e+13	4.792468e+03	3.032644e+03	2.504674e+03	0	2.522250e-04
2.290000e+09	3.531848e+11	0.000000e+00	6.021505e-01	1.244298e+13	4.936331e+13	2.230226e+13	4.788481e+03	3.030582e+03	2.502970e+03	0	2.516528e-04
2.300000e+09	3.507940e+11	0.000000e+00	6.021505e-01	1.237217e+13	4.914957e+13	2.222953e+13	4.784516e+03	3.028529e+03	2.501275e+03	0	2.510837e-04
2.310000e+09	3.484271e+11	0.000000e+00	6.021505e-01	1.230206e+13	4.893753e+13	2.215722e+13	4.780574e+03	3.026486e+03	2.499588e+03	0	2.505177e-04
2.320000e+09	3.460838e+11	0.000000e+00	6.021505e-01	1.223263e+13	4.872719e+13	2.208532e+13	4.776654e+03	3.024453e+03	2.497909e+03	0	2.499548e-04
2.330000e+09	3.437636e+11	0.000000e+00	6.021505e-01	1.216389e+13	4.851853e+13	2.201384e+13	4.772756e+03	3.022430e+03	2.496238e+03	0	2.493950e-04
2.340000e+09	3.414662e+11	0.000000e+00	6.021505e-01	1.209581e+13	4.831153e+13	2.194277e+13	4.768881e+03	3.020416e+03	2.494575e+03	0	2.488382e-04
2.350000e+09	3.391914e+11	0.000000e+00	6.021505e-01	1.202839e+13	4.810615e+13	2.187211e+13	4.765026e+03	3.018411e+03	2.492919e+03	0	2.482844e-04
2.360000e+09	3.369389e+11	0.000000e+00	6.021505e-01	1.196163e+13	4.790240e+13	2.180186e+13	4.761193e+03	3.016417e+03	2.491272e+03	0	2.477335e-04
2.370000e+09	3.347083e+11	0.000000e+00	6.021505e-01	1.189551e+13	4.770024e+13	2.173201e+13	4.757382e+03	3.014431e+03	2.489632e+03	0	2.471856e-04
2.380000e+09	3.324993e+11	0.000000e+00	6.021505e-01	1.183002e+13	4.749967e+13	2.166255e+13	4.753591e+03	3.012455e+03	2.487999e+03	0	2.466406e-04
2.390000e+09	3.303116e+11	0.000000e+00	6.021505e-01	1.176516e+13	4.730066e+13	2.159350e+13	4.749821e+03	3.010487e+03	2.486375e+03	0	2.460985e-04
2.400000e+09	3.281450e+11	0.000000e+00	6.021505e-01	1.170091e+13	4.710319e+13	2.152484e+13	4.746072e+03	3.008529e+03	2.484757e+03	0	2.455593e-04
2.410000e+09	3.259992e+11	0.000000e+00	6.021505e-01	1.163727e+13	4.690725e+13	2.145657e+13	4.742343e+03	3.006580e+03	2.483148e+03	0	2.450228e-04
2.420000e+09	3.238738e+11	0.000000e+00	6.021505e-01	1.157423e+13	4.671283e+13	2.138868e+13	4.738635e+03	3.004640e+03	2.481545e+03	0	2.444892e-04
2.430000e+09	3.217687e+11	0.000000e+00	6.021505e-01	1.151179e+13	4.651989e+13	2.132119e+13	4.734947e+03	3.002709e+03	2.479950e+03	0	2.439583e-04
2.440000e+09	3.196834e+11	0.000000e+00	6.021505e-01	1.144993e+13	4.632844e+13	2.125407e+13	4.731278e+03	3.000787e+03	2.478363e+03	0	2.434302e-04
2.450000e+09	3.176179e+11	0.000000e+00	6.021505e-01	1.138864e+13	4.613845e+13	2.118734e+13	4.727629e+03	2.998873e+03	2.476782e+03	0	2.429048e-04
2.460000e+09	3.155718e+11	0.000000e+00	6.021505e-01	1.132793e+13	4.594989e+13	2.112099e+13	4.724000e+03	2.996968e+03	2.475209e+03	0	2.423821e-04
2.470000e+09	3.135448e+11	0.000000e+00	6.021505e-01	1.126777e+13	4.576277e+13	2.105500e+13	4.720390e+03	2.995072e+03	2.473643e+03	0	2.418620e-04
2.480000e+09	3.115368e+11	0.000000e+00	6.021505e-01	1.120817e+13	4.557707e+13	2.098940e+13	4.716799e+03	2.993184e+03	2.472083e+03	0	2.413446e-04
2.490000e+09	3.095473e+11	0.000000e+00	6.021505e-01	1.114912e+13	4.539275e+13	2.092416e+13	4.713227e+03	2.991304e+03	2.470531e+03	0	2.408297e-04
2.500000e+09	3.075764e+11	0.000000e+00	6.021505e-01	1.109060e+13	4.520982e+13	2.085929e+13	4.709673e+03	2.989433e+03	2.468986e+03	0	2.403175e-04
2.510000e+09	3.056235e+11	0.000000e+00	6.021505e-01	1.103262e+13	4.502826e+13	2.079478e+13	4.706139e+03	2.987571e+03	2.467448e+03	0	2.398078e-04
2.520000e+09	3.036887e+11	0.000000e+00	6.021505e-01	1.097517e+13	4.484805e+13	2.073063e+13	4.702623e+03	2.985716e+03	2.465916e+03	0	2.393007e-04
2.530000e+09	3.017715e+11	0.000000e+00	6.021505e-01	1.091824e+13	4.466918e+13	2.066685e+13	4.699125e+03	2.983870e+03	2.464391e+03	0	2.387961e-04
2.540000e+09	2.998718e+11	0.000000e+00	6.021505e-01	1.086181e+13	4.449164e+13	2.060342e+13	4.695645e+03	2.982032e+03	2.462873e+03	0	2.382939e-04
2.550000e+09	2.979894e+11	0.000000e+00	6.021505e-01	1.080590e+13	4.431540e+13	2.054034e+13	4.692183e+03	2.980202e+03	2.461362e+03	0	2.377943e-04
2.560000e+09	2.961240e+11	0.000000e+00	6.021505e-01	1.075048e+13	4.414045e+13	2.047762e+13	4.688739e+03	2.978380e+03	2.459857e+03	0	2.372970e-04
2.570000e+09	2.942754e+11	0.000000e+00	6.021505e-01	1.069556e+13	4.396679e+13	2.041525e+13	4.685313e+03	2.976566e+03	2.458359e+03	0	2.368022e-04
2.580000e+09	2.924435e+11	0.000000e+00	6.021505e-01	1.064112e+13	4.379440e+13	2.035322e+13	4.681904e+03	2.974760e+03	2.456867e+03	0	2.363098e-04
2.590000e+09	2.906279e+11	0.000000e+00	6.021505e-01	1.058717e+13	4.362326e+13	2.029154e+13	4.678512e+03	2.972961e+03	2.455382e+03	0	2.358198e-04
2.600000e+09	2.888285e+11	0.000000e+00	6.021505e-01	1.053369e+13	4.345337e+13	2.023020e+13	4.675138e+03	2.971171e+03	2.453903e+03	0	2.353321e-04
2.610000e+09	2.870451e+11	0.000000e+00	6.021505e-01	1.048068e+13	4.328469e+13	2.016920e+13	4.671780e+03	2.969388e+03	2.452431e+03	0	2.348467e-04
2.620000e+09	2.852776e+11	0.000000e+00	6.021505e-01	1.042813e+13	4.311724e+13	2.010853e+13	4.668440e+03	2.967613e+03	2.450964e+03	0	2.343637e-04
2.630000e+09	2.835256e+11	0.000000e+00	6.021505e-01	1.037604e+13	4.295098e+13	2.004821e+13	4.665116e+03	2.965845e+03	2.449504e+03	0	2.338829e-04
2.640000e+09	2.817890e+11	0.000000e+00	6.021505e-01	1.032440e+13	4.278592e+13	1.998821e+13	4.661809e+03	2.964085e+03	2.448051e+03	0	2.334044e-04
2.650000e+09	2.800676e+11	0.000000e+00	6.021505e-01	1.027321e+13	4.262204e+13	1.992855e+13	4.658518e+03	2.962333e+03	2.446603e+03	0	2.329282e-04
2.660000e+09	2.783612e+11	0.000000e+00	6.021505e-01	1.022246e+13	4.245932e+13	1.986921e+13	4.655243e+03	2.960587e+03	2.445162e+03	0	2.324542e-04
2.670000e+09	2.766697e+11	0.000000e+00	6.021505e-01	1.017214e+13	4.229776e+13	1.981020e+13	4.651985e+03	2.958850e+03	2.443727e+03	0	2.319823e-04
2.680000e+09	2.749928e+11	0.000000e+00	6.021505e-01	1.012226e+13	4.213733e+13	1.975151e+13	4.648742e+03	2.957119e+03	2.442298e+03	0	2.315127e-04
2.690000e+09	2.733304e+11	0.000000e+00	6.021505e-01	1.007280e+13	4.197804e+13	1.969315e+13	4.645516e+03	2.955396e+03	2.440874e+03	0	2.310453e-04
2.700000e+09	2.716823e+11	0.000000e+00	6.021505e-01	1.002376e+13	4.181986e+13	1.963510e+13	4.642305e+03	2.953680e+03	2.439457e+03	0	2.305800e-04
2.710000e+09	2.700484e+11	0.000000e+00	6.021505e-01	9.975132e+12	4.166280e+13	1.957737e+13	4.639110e+03	2.951971e+03	2.438046e+03	0	2.301168e-04
2.720000e+09	2.684284e+11	0.000000e+00	6.021505e-01	9.926917e+12	4.150682e+13	1.951995e+13	4.635930e+03	2.950269e+03	2.436640e+03	0	2.296557e-04
2.730000e+09	2.668222e+11	0.000000e+00	6.021505e-01	9.879107e+12	4.135194e+13	1.946285e+13	4.632766e+03	2.948575e+03	2.435241e+03	0	2.291967e-04
2.740000e+09	2.652296e+11	0.000000e+00	6.021505e-01	9.831697e+12	4.119813e+13	1.940606e+13	4.629617e+03	2.946887e+03	2.433847e+03	0	2.287398e-04
2.750000e+09	2.636505e+11	0.000000e+00	6.021505e-01	9.784682e+12	4.104538e+13	1.934958e+13	4.626483e+03	2.945206e+03	2.432459e+03	0	2.282850e-04
2.760000e+09	2.620848e+11	0.000000e+00	6.021505e-01	9.738059e+12	4.089368e+13	1.929340e+13	4.623363e+03	2.943532e+03	2.431076e+03	0	2.278321e-04
2.770000e+09	2.605321e+11	0.000000e+00	6.021505e-01	9.691821e+12	4.074302e+13	1.923753e+13	4.620259e+03	2.941865e+03	2.429699e+03	0	2.273813e-04
2.780000e+09	2.589925e+11	0.000000e+00	6.021505e-01	9.645965e+12	4.059340e+13	1.918195e+13	4.617170e+03	2.940205e+03	2.428328e+03	0	2.269325e-04
2.790000e+09	2.574657e+11	0.000000e+00	6.021505e-01	9.600486e+12	4.044480e+13	1.912668e+13	4.614095e+03	2.938551e+03	2.426962e+03	0	2.264857e-04
2.800000e+09	2.559515e+11	0.000000e+00	6.021505e-01	9.555381e+12	4.029721e+13	1.907171e+13	4.611034e+03	2.936905e+03	2.425602e+03	0	2.260409e-04
2.810000e+09	2.544500e+11	0.000000e+00	6.021505e-01	9.510643e+12	4.015061e+13	1.901703e+13	4.607988e+03	2.935265e+03	2.424248e+03	0	2.255980e-04
2.820000e+09	2.529608e+11	0.000000e+00	6.021505e-01	9.466270e+12	4.000502e+13	1.896265e+13	4.604956e+03	2.933631e+03	2.422899e+03	0	2.251570e-04
2.830000e+09	2.514839e+11	0.000000e+00	6.021505e-01	9.422257e+12	3.986040e+13	1.890855e+13	4.601938e+03	2.932004e+03	2.421555e+03	0	2.247180e-04
2.840000e+09	2.500191e+11	0.000000e+00	6.021505e-01	9.378599e+12	3.971676e+13	1.885475e+13	4.598934e+03	2.930384e+03	2.420217e+03	0	2.242808e-04
2.850000e+09	2.485662e+11	0.000000e+00	6.021505e-01	9.335294e+12	3.957408e+13	1.880124e+13	4.595945e+03	2.928770e+03	2.418884e+03	0	2.238455e-04
2.860000e+09	2.471252e+11	0.000000e+00	6.021505e-01	9.292336e+12	3.943235e+13	1.874801e+13	4.592969e+03	2.927162e+03	2.417556e+03	0	2.234121e-04
2.870000e+09	2.456959e+11	0.000000e+00	6.021505e-01	9.249722e+12	3.929157e+13	1.869506e+13	4.590006e+03	2.925561e+03	2.416233e+03	0	2.229806e-04
2.880000e+09	2.442782e+11	0.000000e+00	6.021505e-01	9.207448e+12	3.915172e+13	1.864240e+13	4.587057e+03	2.923966e+03	2.414916e+03	0	2.225509e-04
2.890000e+09	2.428719e+11	0.000000e+00	6.021505e-01	9.165511e+12	3.901280e+13	1.859002e+13	4.584122e+03	2.922378e+03	2.413604e+03	0	2.221230e-04
2.900000e+09	2.414769e+11	0.000000e+00	6.021505e-01	9.123905e+12	3.887480e+13	1.853791e+13	4.581200e+03	2.920795e+03	2.412297e+03	0	2.216969e-04
2.910000e+09	2.400931e+11	0.000000e+00	6.021505e-01	9.082628e+12	3.873771e+13	1.848608e+13	4.578291e+03	2.919219e+03	2.410996e+03	0	2.212726e-04
2.920000e+09	2.387203e+11	0.000000e+00	6.021505e-01	9.041676e+12	3.860151e+13	1.843453e+13	4.575395e+03	2.917649e+03	2.409699e+03	0	2.208501e-04
2.930000e+09	2.373585e+11	0.000000e+00	6.021505e-01	9.001045e+12	3.846621e+13	1.838325e+13	4.572513e+03	2.916085e+03	2.408408e+03	0	2.204293e-04
2.940000e+09	2.360075e+11	0.000000e+00	6.021505e-01	8.960733e+12	3.833178e+13	1.833224e+13	4.569643e+03	2.914528e+03	2.407121e+03	0	2.200103e-04
2.950000e+09	2.346671e+11	0.000000e+00	6.021505e-01	8.920734e+12	3.819824e+13	1.828149e+13	4.566786e+03	2.912976e+03	2.405839e+03	0	2.195930e-04
2.960000e+09	2.333373e+11	0.000000e+00	6.021505e-01	8.881046e+12	3.806556e+13	1.823102e+13	4.563942e+03	2.911430e+03	2.404563e+03	0	2.191774e-04
2.970000e+09	2.320180e+11	0.000000e+00	6.021505e-01	8.841665e+12	3.793374e+13	1.818081e+13	4.561110e+03	2.909891e+03	2.403291e+03	0	2.187636e-04
2.980000e+09	2.307090e+11	0.000000e+00	6.021505e-01	8.802588e+12	3.780277e+13	1.813086e+13	4.558291e+03	2.908357e+03	2.402024e+03	0	2.183514e-04
2.990000e+09	2.294103e+11	0.000000e+00	6.021505e-01	8.763812e+12	3.767265e+13	1.808118e+13	4.555485e+03	2.906829e+03	2.400762e+03	0	2.179409e-04
3.000000e+09	2.281216e+11	0.000000e+00	6.021505e-01	8.725333e+12	3.754335e+13	1.803175e+13	4.552691e+03	2.905307e+03	2.399505e+03	0	2.175320e-04
3.010000e+09	2.268429e+11	0.000000e+00	6.021505e-01	8.687149e+12	3.741489e+13	1.798258e+13	4.549909e+03	2.903790e+03	2.398253e+03	0	2.171248e-04
3.020000e+09	2.255742e+11	0.000000e+00	6.021505e-01	8.649255e+12	3.728724e+13	1.793367e+13	4.547139e+03	2.902280e+03	2.397005e+03	0	2.167193e-04
3.030000e+09	2.243152e+11	0.000000e+00	6.021505e-01	8.611649e+12	3.716041e+13	1.788502e+13	4.544381e+03	2.900775e+03	2.395763e+03	0	2.163153e-04
3.040000e+09	2.230659e+11	0.000000e+00	6.021505e-01	8.574328e+12	3.703438e+13	1.783661e+13	4.541635e+03	2.899276e+03	2.394524e+03	0	2.159130e-04
3.050000e+09	2.218261e+11	0.000000e+00	6.021505e-01	8.537288e+12	3.690914e+13	1.778846e+13	4.538901e+03	2.897782e+03	2.393291e+03	0	2.155123e-04
3.060000e+09	2.205959e+11	0.000000e+00	6.021505e-01	8.500527e+12	3.678470e+13	1.774056e+13	4.536179e+03	2.896294e+03	2.392062e+03	0	2.151131e-04
3.070000e+09	2.193750e+11	0.000000e+00	6.021505e-01	8.464042e+12	3.666104e+13	1.769291e+13	4.533469e+03	2.894812e+03	2.390838e+03	0	2.147155e-04
3.080000e+09	2.181633e+11	0.000000e+00	6.021505e-01	8.427830e+12	3.653815e+13	1.764550e+13	4.530770e+03	2.893335e+03	2.389618e+03	0	2.143195e-04
3.090000e+09	2.169609e+11	0.000000e+00	6.021505e-01	8.391887e+12	3.641604e+13	1.759833e+13	4.528083e+03	2.891864e+03	2.388403e+03	0	2.139250e-04
3.100000e+09	2.157675e+11	0.000000e+00	6.021505e-01	8.356211e+12	3.629468e+13	1.755141e+13	4.525407e+03	2.890398e+03	2.387192e+03	0	2.135321e-04
3.110000e+09	2.145831e+11	0.000000e+00	6.021505e-01	8.320800e+12	3.617408e+13	1.750474e+13	4.522743e+03	2.888938e+03	2.385986e+03	0	2.131406e-04
3.120000e+09	2.134076e+11	0.000000e+00	6.021505e-01	8.285650e+12	3.605423e+13	1.745830e+13	4.520089e+03	2.887483e+03	2.384785e+03	0	2.127507e-04
3.130000e+09	2.122408e+11	0.000000e+00	6.021505e-01	8.250758e+12	3.593512e+13	1.741210e+13	4.517447e+03	2.886033e+03	2.383587e+03	0	2.123623e-04
3.140000e+09	2.110828e+11	0.000000e+00	6.021505e-01	8.216123e+12	3.581674e+13	1.736613e+13	4.514817e+03	2.884589e+03	2.382395e+03	0	2.119753e-04
3.150000e+09	2.099333e+11	0.000000e+00	6.021505e-01	8.181741e+12	3.569909e+13	1.732040e+13	4.512197e+03	2.883150e+03	2.381206e+03	0	2.115899e-04
3.160000e+09	2.087924e+11	0.000000e+00	6.021505e-01	8.147609e+12	3.558217e+13	1.727491e+13	4.509588e+03	2.881716e+03	2.380022e+03	0	2.112059e-04
3.170000e+09	2.076599e+11	0.000000e+00	6.021505e-01	8.113726e+12	3.546596e+13	1.722964e+13	4.506990e+03	2.880288e+03	2.378842e+03	0	2.108233e-04
3.180000e+09	2.065357e+11	0.000000e+00	6.021505e-01	8.080089e+12	3.535046e+13	1.718461e+13	4.504403e+03	2.878865e+03	2.377667e+03	0	2.104422e-04
3.190000e+09	2.054198e+11	0.000000e+00	6.021505e-01	8.046694e+12	3.523566e+13	1.713980e+13	4.501826e+03	2.877446e+03	2.376496e+03	0	2.100625e-04
3.200000e+09	2.043121e+11	0.000000e+00	6.021505e-01	8.013540e+12	3.512155e+13	1.709523e+13	4.499260e+03	2.876033e+03	2.375329e+03	0	2.096842e-04
3.210000e+09	2.032124e+11	0.000000e+00	6.021505e-01	7.980624e+12	3.500814e+13	1.705087e+13	4.496705e+03	2.874626e+03	2.374166e+03	0	2.093074e-04
3.220000e+09	2.021207e+11	0.000000e+00	6.021505e-01	7.947944e+12	3.489542e+13	1.700675e+13	4.494160e+03	2.873223e+03	2.373007e+03	0	2.089319e-04
3.230000e+09	2.010370e+11	0.000000e+00	6.021505e-01	7.915496e+12	3.478337e+13	1.696284e+13	4.491625e+03	2.871825e+03	2.371853e+03	0	2.085578e-04
3.240000e+09	1.999611e+11	0.000000e+00	6.021505e-01	7.883280e+12	3.467199e+13	1.691916e+13	4.489101e+03	2.870432e+03	2.370702e+03	0	2.081851e-04
3.250000e+09	1.988930e+11	0.000000e+00	6.021505e-01	7.851293e+12	3.456129e+13	1.687570e+13	4.486587e+03	2.869044e+03	2.369556e+03	0	2.078137e-04
3.260000e+09	1.978325e+11	0.000000e+00	6.021505e-01	7.819532e+12	3.445124e+13	1.683245e+13	4.484084e+03	2.867661e+03	2.368414e+03	0	2.074437e-04
3.270000e+09	1.967797e+11	0.000000e+00	6.021505e-01	7.787994e+12	3.434185e+13	1.678942e+13	4.481590e+03	2.866283e+03	2.367276e+03	0	2.070751e-04
3.280000e+09	1.957343e+11	0.000000e+00	6.021505e-01	7.756679e+12	3.423311e+13	1.674661e+13	4.479107e+03	2.864910e+03	2.366142e+03	0	2.067077e-04
3.290000e+09	1.946964e+11	0.000000e+00	6.021505e-01	7.725583e+12	3.412501e+13	1.670401e+13	4.476633e+03	2.863542e+03	2.365012e+03	0	2.063417e-04
3.300000e+09	1.936659e+11	0.000000e+00	6.021505e-01	7.694705e+12	3.401755e+13	1.666163e+13	4.474169e+03	2.862179e+03	2.363886e+03	0	2.059771e-04
3.310000e+09	1.926427e+11	0.000000e+00	6.021505e-01	7.664041e+12	3.391073e+13	1.661945e+13	4.471716e+03	2.860820e+03	2.362764e+03	0	2.056137e-04
3.320000e+09	1.916268e+11	0.000000e+00	6.021505e-01	7.633591e+12	3.380453e+13	1.657749e+13	4.469272e+03	2.859466e+03	2.361646e+03	0	2.052516e-04
3.330000e+09	1.906180e+11	0.000000e+00	6.021505e-01	7.603352e+12	3.369895e+13	1.653574e+13	4.466837e+03	2.858117e+03	2.360531e+03	0	2.048908e-04
3.340000e+09	1.896163e+11	0.000000e+00	6.021505e-01	7.573322e+12	3.359400e+13	1.649419e+13	4.464412e+03	2.856773e+03	2.359421e+03	0	2.045312e-04
3.350000e+09	1.886215e+11	0.000000e+00	6.021505e-01	7.543499e+12	3.348966e+13	1.645285e+13	4.461997e+03	2.855433e+03	2.358315e+03	0	2.041729e-04
3.360000e+09	1.876338e+11	0.000000e+00	6.021505e-01	7.513881e+12	3.338592e+13	1.641171e+13	4.459592e+03	2.854098e+03	2.357212e+03	0	2.038159e-04
3.370000e+09	1.866529e+11	0.000000e+00	6.021505e-01	7.484465e+12	3.328279e+13	1.637077e+13	4.457195e+03	2.852768e+03	2.356113e+03	0	2.034601e-04
3.380000e+09	1.856789e+11	0.000000e+00	6.021505e-01	7.455251e+12	3.318025e+13	1.633004e+13	4.454808e+03	2.851442e+03	2.355018e+03	0	2.031056e-04
3.390000e+09	1.847116e+11	0.000000e+00	6.021505e-01	7.426235e+12	3.307831e+13	1.628951e+13	4.452431e+03	2.850121e+03	2.353927e+03	0	2.027523e-04
3.400000e+09	1.837509e+11	0.000000e+00	6.021505e-01	7.397416e+12	3.297695e+13	1.624918e+13	4.450063e+03	2.848804e+03	2.352839e+03	0	2.024002e-04
3.410000e+09	1.827969e+11	0.000000e+00	6.021505e-01	7.368793e+12	3.287617e+13	1.620904e+13	4.447703e+03	2.847492e+03	2.351756e+03	0	2.020493e-04
3.420000e+09	1.818495e+11	0.000000e+00	6.021505e-01	7.340363e+12	3.277598e+13	1.616911e+13	4.445353e+03	2.846184e+03	2.350676e+03	0	2.016996e-04
3.430000e+09	1.809085e+11	0.000000e+00	6.021505e-01	7.312124e+12	3.267635e+13	1.612937e+13	4.443012e+03	2.844881e+03	2.349599e+03	0	2.013511e-04
3.440000e+09	1.799740e+11	0.000000e+00	6.021505e-01	7.284075e+12	3.257730e+13	1.608982e+13	4.440680e+03	2.843582e+03	2.348527e+03	0	2.010038e-04
3.450000e+09	1.790458e+11	0.000000e+00	6.021505e-01	7.256214e+12	3.247880e+13	1.605046e+13	4.438357e+03	2.842287e+03	2.347458e+03	0	2.006577e-04
3.460000e+09	1.781239e+11	0.000000e+00	6.021505e-01	7.228539e+12	3.238087e+13	1.601130e+13	4.436043e+03	2.840997e+03	2.346392e+03	0	2.003127e-04
3.470000e+09	1.772083e+11	0.000000e+00	6.021505e-01	7.201048e+12	3.228350e+13	1.597233e+13	4.433738e+03	2.839712e+03	2.345330e+03	0	1.999689e-04
3.480000e+09	1.762989e+11	0.000000e+00	6.021505e-01	7.173739e+12	3.218666e+13	1.593354e+13	4.431441e+03	2.838430e+03	2.344272e+03	0	1.996262e-04
3.490000e+09	1.753955e+11	0.000000e+00	6.021505e-01	7.146611e+12	3.209038e+13	1.589495e+13	4.429153e+03	2.837153e+03	2.343217e+03	0	1.992847e-04
3.500000e+09	1.744983e+11	0.000000e+00	6.021505e-01	7.119663e+12	3.199464e+13	1.585654e+13	4.426874e+03	2.835881e+03	2.342166e+03	0	1.989443e-04
3.510000e+09	1.736071e+11	0.000000e+00	6.021505e-01	7.092892e+12	3.189944e+13	1.581832e+13	4.424603e+03	2.834612e+03	2.341119e+03	0	1.986050e-04
3.520000e+09	1.727218e+11	0.000000e+00	6.021505e-01	7.066296e+12	3.180476e+13	1.578028e+13	4.422341e+03	2.833348e+03	2.340074e+03	0	1.982669e-04
3.530000e+09	1.718424e+11	0.000000e+00	6.021505e-01	7.039875e+12	3.171062e+13	1.574242e+13	4.420087e+03	2.832088e+03	2.339034e+03	0	1.979298e-04
3.540000e+09	1.709689e+11	0.000000e+00	6.021505e-01	7.013626e+12	3.161699e+13	1.570475e+13	4.417842e+03	2.830832e+03	2.337997e+03	0	1.975939e-04
3.550000e+09	1.701012e+11	0.000000e+00	6.021505e-01	6.987548e+12	3.152390e+13	1.566726e+13	4.415605e+03	2.829581e+03	2.336963e+03	0	1.972590e-04
3.560000e+09	1.692392e+11	0.000000e+00	6.021505e-01	6.961640e+12	3.143131e+13	1.562994e+13	4.413377e+03	2.828333e+03	2.335933e+03	0	1.969252e-04
3.570000e+09	1.683829e+11	0.000000e+00	6.021505e-01	6.935899e+12	3.133924e+13	1.559281e+13	4.411156e+03	2.827090e+03	2.334906e+03	0	1.965925e-04
3.580000e+09	1.675322e+11	0.000000e+00	6.021505e-01	6.910325e+12	3.124767e+13	1.555585e+13	4.408944e+03	2.825850e+03	2.333882e+03	0	1.962609e-04
3.590000e+09	1.666871e+11	0.000000e+00	6.021505e-01	6.884915e+12	3.115661e+13	1.551907e+13	4.406740e+03	2.824615e+03	2.332862e+03	0	1.959304e-04
3.600000e+09	1.658475e+11	0.000000e+00	6.021505e-01	6.859668e+12	3.106604e+13	1.548247e+13	4.404544e+03	2.823384e+03	2.331845e+03	0	1.956008e-04
3.610000e+09	1.650134e+11	0.000000e+00	6.021505e-01	6.834584e+12	3.097598e+13	1.544604e+13	4.402356e+03	2.822157e+03	2.330832e+03	0	1.952724e-04
3.620000e+09	1.641847e+11	0.000000e+00	6.021505e-01	6.809659e+12	3.088640e+13	1.540978e+13	4.400176e+03	2.820934e+03	2.329821e+03	0	1.949450e-04
3.630000e+09	1.633614e+11	0.000000e+00	6.021505e-01	6.784893e+12	3.079731e+13	1.537369e+13	4.398004e+03	2.819715e+03	2.328815e+03	0	1.946186e-04
3.640000e+09	1.625434e+11	0.000000e+00	6.021505e-01	6.760285e+12	3.070871e+13	1.533778e+13	4.395840e+03	2.818499e+03	2.327811e+03	0	1.942932e-04
3.650000e+09	1.617308e+11	0.000000e+00	6.021505e-01	6.735833e+12	3.062059e+13	1.530203e+13	4.393684e+03	2.817288e+03	2.326811e+03	0	1.939688e-04
3.660000e+09	1.609233e+11	0.000000e+00	6.021505e-01	6.711535e+12	3.053294e+13	1.526645e+13	4.391536e+03	2.816081e+03	2.325813e+03	0	1.936455e-04
3.670000e+09	1.601210e+11	0.000000e+00	6.021505e-01	6.687390e+12	3.044577e+13	1.523104e+13	4.389395e+03	2.814877e+03	2.324820e+03	0	1.933232e-04
3.680000e+09	1.593239e+11	0.000000e+00	6.021505e-01	6.663397e+12	3.035906e+13	1.519580e+13	4.387262e+03	2.813678e+03	2.323829e+03	0	1.930018e-04
3.690000e+09	1.585319e+11	0.000000e+00	6.021505e-01	6.639555e+12	3.027282e+13	1.516072e+13	4.385136e+03	2.812482e+03	2.322841e+03	0	1.926815e-04
3.700000e+09	1.577449e+11	0.000000e+00	6.021505e-01	6.615861e+12	3.018705e+13	1.512581e+13	4.383019e+03	2.811290e+03	2.321857e+03	0	1.923621e-04
3.710000e+09	1.569629e+11	0.000000e+00	6.021505e-01	6.592316e+12	3.010172e+13	1.509106e+13	4.380908e+03	2.810102e+03	2.320876e+03	0	1.920437e-04
3.720000e+09	1.561858e+11	0.000000e+00	6.021505e-01	6.568917e+12	3.001686e+13	1.505647e+13	4.378806e+03	2.808918e+03	2.319898e+03	0	1.917263e-04
3.730000e+09	1.554137e+11	0.000000e+00	6.021505e-01	6.545663e+12	2.993245e+13	1.502204e+13	4.376710e+03	2.807738e+03	2.318923e+03	0	1.914098e-04
3.740000e+09	1.546465e+11	0.000000e+00	6.021505e-01	6.522553e+12	2.984849e+13	1.498778e+13	4.374623e+03	2.806561e+03	2.317951e+03	0	1.910943e-04
3.750000e+09	1.538840e+11	0.000000e+00	6.021505e-01	6.499586e+12	2.976497e+13	1.495367e+13	4.372542e+03	2.805388e+03	2.316982e+03	0	1.907797e-04
3.760000e+09	1.531264e+11	0.000000e+00	6.021505e-01	6.476760e+12	2.968189e+13	1.491972e+13	4.370469e+03	2.804219e+03	2.316016e+03	0	1.904661e-04
3.770000e+09	1.523735e+11	0.000000e+00	6.021505e-01	6.454074e+12	2.959925e+13	1.488593e+13	4.368403e+03	2.803053e+03	2.315054e+03	0	1.901535e-04
3.780000e+09	1.516253e+11	0.000000e+00	6.021505e-01	6.431527e+12	2.951705e+13	1.485229e+13	4.366344e+03	2.801891e+03	2.314094e+03	0	1.898417e-04
3.790000e+09	1.508817e+11	0.000000e+00	6.021505e-01	6.409118e+12	2.943528e+13	1.481881e+13	4.364293e+03	2.800733e+03	2.313137e+03	0	1.895309e-04
3.800000e+09	1.501428e+11	0.000000e+00	6.021505e-01	6.386846e+12	2.935393e+13	1.478549e+13	4.362248e+03	2.799578e+03	2.312184e+03	0	1.892210e-04
3.810000e+09	1.494085e+11	0.000000e+00	6.021505e-01	6.364709e+12	2.927301e+13	1.475232e+13	4.360211e+03	2.798427e+03	2.311233e+03	0	1.889120e-04
3.820000e+09	1.486787e+11	0.000000e+00	6.021505e-01	6.342706e+12	2.919251e+13	1.471930e+13	4.358181e+03	2.797280e+03	2.310285e+03	0	1.886039e-04
3.830000e+09	1.479534e+11	0.000000e+00	6.021505e-01	6.320836e+12	2.911243e+13	1.468643e+13	4.356158e+03	2.796136e+03	2.309341e+03	0	1.882967e-04
3.840000e+09	1.472325e+11	0.000000e+00	6.021505e-01	6.299098e+12	2.903277e+13	1.465371e+13	4.354141e+03	2.794995e+03	2.308399e+03	0	1.879904e-04
3.850000e+09	1.465161e+11	0.000000e+00	6.021505e-01	6.277491e+12	2.895352e+13	1.462114e+13	4.352132e+03	2.793859e+03	2.307460e+03	0	1.876850e-04
3.860000e+09	1.458040e+11	0.000000e+00	6.021505e-01	6.256013e+12	2.887467e+13	1.458872e+13	4.350130e+03	2.792725e+03	2.306524e+03	0	1.873804e-04
3.870000e+09	1.450963e+11	0.000000e+00	6.021505e-01	6.234664e+12	2.879624e+13	1.455645e+13	4.348134e+03	2.791596e+03	2.305591e+03	0	1.870768e-04
3.880000e+09	1.443929e+11	0.000000e+00	6.021505e-01	6.213443e+12	2.871821e+13	1.452433e+13	4.346145e+03	2.790469e+03	2.304661e+03	0	1.867740e-04
3.890000e+09	1.436938e+11	0.000000e+00	6.021505e-01	6.192348e+12	2.864057e+13	1.449235e+13	4.344163e+03	2.789347e+03	2.303733e+03	0	1.864721e-04
3.900000e+09	1.429990e+11	0.000000e+00	6.021505e-01	6.171378e+12	2.856334e+13	1.446051e+13	4.342188e+03	2.788227e+03	2.302809e+03	0	1.861710e-04
3.910000e+09	1.423083e+11	0.000000e+00	6.021505e-01	6.150532e+12	2.848650e+13	1.442882e+13	4.340219e+03	2.787111e+03	2.301887e+03	0	1.858708e-04
3.920000e+09	1.416218e+11	0.000000e+00	6.021505e-01	6.129810e+12	2.841005e+13	1.439728e+13	4.338257e+03	2.785999e+03	2.300969e+03	0	1.855714e-04
3.930000e+09	1.409394e+11	0.000000e+00	6.021505e-01	6.109210e+12	2.833399e+13	1.436587e+13	4.336302e+03	2.784890e+03	2.300053e+03	0	1.852729e-04
3.940000e+09	1.402611e+11	0.000000e+00	6.021505e-01	6.088731e+12	2.825832e+13	1.433461e+13	4.334353e+03	2.783784e+03	2.299139e+03	0	1.849752e-04
3.950000e+09	1.395868e+11	0.000000e+00	6.021505e-01	6.068372e+12	2.818303e+13	1.430349e+13	4.332411e+03	2.782682e+03	2.298229e+03	0	1.846783e-04
3.960000e+09	1.389166e+11	0.000000e+00	6.021505e-01	6.048132e+12	2.810812e+13	1.427250e+13	4.330475e+03	2.781583e+03	2.297321e+03	0	1.843823e-04
3.970000e+09	1.382504e+11	0.000000e+00	6.021505e-01	6.028011e+12	2.803359e+13	1.424166e+13	4.328546e+03	2.780487e+03	2.296416e+03	0	1.840871e-04
3.980000e+09	1.375882e+11	0.000000e+00	6.021505e-01	6.008006e+12	2.795944e+13	1.421095e+13	4.326623e+03	2.779394e+03	2.295514e+03	0	1.837926e-04
3.990000e+09	1.369298e+11	0.000000e+00	6.021505e-01	5.988118e+12	2.788565e+13	1.418038e+13	4.324706e+03	2.778305e+03	2.294614e+03	0	1.834990e-04
4.000000e+09	1.362754e+11	0.000000e+00	6.021505e-01	5.968346e+12	2.781224e+13	1.414995e+13	4.322796e+03	2.777220e+03	2.293718e+03	0	1.832062e-04
4.010000e+09	1.356248e+11	0.000000e+00	6.021505e-01	5.948687e+12	2.773919e+13	1.411965e+13	4.320892e+03	2.776137e+03	2.292824e+03	0	1.829142e-04
4.020000e+09	1.349781e+11	0.000000e+00	6.021505e-01	5.929142e+12	2.766651e+13	1.408949e+13	4.318994e+03	2.775058e+03	2.291932e+03	0	1.826230e-04
4.030000e+09	1.343351e+11	0.000000e+00	6.021505e-01	5.909709e+12	2.759419e+13	1.405946e+13	4.317103e+03	2.773982e+03	2.291043e+03	0	1.823326e-04
4.040000e+09	1.336959e+11	0.000000e+00	6.021505e-01	5.890388e+12	2.752222e+13	1.402957e+13	4.315218e+03	2.772909e+03	2.290157e+03	0	1.820429e-04
4.050000e+09	1.330605e+11	0.000000e+00	6.021505e-01	5.871177e+12	2.745062e+13	1.399980e+13	4.313339e+03	2.771839e+03	2.289274e+03	0	1.817541e-04
4.060000e+09	1.324288e+11	0.000000e+00	6.021505e-01	5.852076e+12	2.737937e+13	1.397017e+13	4.311466e+03	2.770772e+03	2.288393e+03	0	1.814660e-04
4.070000e+09	1.318007e+11	0.000000e+00	6.021505e-01	5.833084e+12	2.730847e+13	1.394067e+13	4.309599e+03	2.769709e+03	2.287515e+03	0	1.811786e-04
4.080000e+09	1.311763e+11	0.000000e+00	6.021505e-01	5.814200e+12	2.723792e+13	1.391130e+13	4.307738e+03	2.768649e+03	2.286639e+03	0	1.808921e-04
4.090000e+09	1.305555e+11	0.000000e+00	6.021505e-01	5.795423e+12	2.716772e+13	1.388205e+13	4.305883e+03	2.767592e+03	2.285766e+03	0	1.806062e-04
4.100000e+09	1.299382e+11	0.000000e+00	6.021505e-01	5.776753e+12	2.709786e+13	1.385294e+13	4.304034e+03	2.766538e+03	2.284896e+03	0	1.803212e-04
4.110000e+09	1.293246e+11	0.000000e+00	6.021505e-01	5.758187e+12	2.702834e+13	1.382395e+13	4.302191e+03	2.765487e+03	2.284028e+03	0	1.800369e-04
4.120000e+09	1.287144e+11	0.000000e+00	6.021505e-01	5.739726e+12	2.695916e+13	1.379509e+13	4.300354e+03	2.764439e+03	2.283162e+03	0	1.797533e-04
4.130000e+09	1.281078e+11	0.000000e+00	6.021505e-01	5.721369e+12	2.689032e+13	1.376636e+13	4.298523e+03	2.763394e+03	2.282299e+03	0	1.794704e-04
4.140000e+09	1.275046e+11	0.000000e+00	6.021505e-01	5.703115e+12	2.682181e+13	1.373775e+13	4.296698e+03	2.762353e+03	2.281439e+03	0	1.791883e-04
4.150000e+09	1.269049e+11	0.000000e+00	6.021505e-01	5.684963e+12	2.675364e+13	1.370926e+13	4.294879e+03	2.761314e+03	2.280581e+03	0	1.789070e-04
4.160000e+09	1.263086e+11	0.000000e+00	6.021505e-01	5.666912e+12	2.668580e+13	1.368090e+13	4.293065e+03	2.760278e+03	2.279726e+03	0	1.786263e-04
4.170000e+09	1.257157e+11	0.000000e+00	6.021505e-01	5.648961e+12	2.661828e+13	1.365266e+13	4.291257e+03	2.759246e+03	2.278873e+03	0	1.783464e-04
4.180000e+09	1.251261e+11	0.000000e+00	6.021505e-01	5.631110e+12	2.655109e+13	1.362455e+13	4.289455e+03	2.758216e+03	2.278023e+03	0	1.780671e-04
4.190000e+09	1.245399e+11	0.000000e+00	6.021505e-01	5.613358e+12	2.648423e+13	1.359655e+13	4.287658e+03	2.757190e+03	2.277175e+03	0	1.777886e-04
4.200000e+09	1.239570e+11	0.000000e+00	6.021505e-01	5.595704e+12	2.641768e+13	1.356868e+13	4.285868e+03	2.756166e+03	2.276329e+03	0	1.775108e-04
4.210000e+09	1.233774e+11	0.000000e+00	6.021505e-01	5.578147e+12	2.635146e+13	1.354092e+13	4.284082e+03	2.755145e+03	2.275486e+03	0	1.772337e-04
4.220000e+09	1.228010e+11	0.000000e+00	6.021505e-01	5.560687e+12	2.628555e+13	1.351329e+13	4.282303e+03	2.754127e+03	2.274646e+03	0	1.769573e-04
4.230000e+09	1.222278e+11	0.000000e+00	6.021505e-01	5.543323e+12	2.621995e+13	1.348577e+13	4.280529e+03	2.753113e+03	2.273808e+03	0	1.766815e-04
4.240000e+09	1.216579e+11	0.000000e+00	6.021505e-01	5.526054e+12	2.615467e+13	1.345837e+13	4.278760e+03	2.752101e+03	2.272972e+03	0	1.764065e-04
4.250000e+09	1.210912e+11	0.000000e+00	6.021505e-01	5.508879e+12	2.608970e+13	1.343109e+13	4.276997e+03	2.751092e+03	2.272139e+03	0	1.761321e-04
4.260000e+09	1.205276e+11	0.000000e+00	6.021505e-01	5.491797e+12	2.602503e+13	1.340392e+13	4.275240e+03	2.750085e+03	2.271308e+03	0	1.758584e-04
4.270000e+09	1.199671e+11	0.000000e+00	6.021505e-01	5.474809e+12	2.596067e+13	1.337687e+13	4.273488e+03	2.749082e+03	2.270479e+03	0	1.755854e-04
4.280000e+09	1.194097e+11	0.000000e+00	6.021505e-01	5.457912e+12	2.589662e+13	1.334994e+13	4.271741e+03	2.748082e+03	2.269653e+03	0	1.753131e-04
4.290000e+09	1.188554e+11	0.000000e+00	6.021505e-01	5.441107e+12	2.583287e+13	1.332311e+13	4.270000e+03	2.747084e+03	2.268829e+03	0	1.750414e-04
4.300000e+09	1.183042e+11	0.000000e+00	6.021505e-01	5.424393e+12	2.576942e+13	1.329641e+13	4.268264e+03	2.746089e+03	2.268007e+03	0	1.747704e-04
4.310000e+09	1.177560e+11	0.000000e+00	6.021505e-01	5.407769e+12	2.570627e+13	1.326981e+13	4.266533e+03	2.745097e+03	2.267188e+03	0	1.745000e-04
4.320000e+09	1.172109e+11	0.000000e+00	6.021505e-01	5.391234e+12	2.564341e+13	1.324333e+13	4.264808e+03	2.744108e+03	2.266371e+03	0	1.742303e-04
4.330000e+09	1.166687e+11	0.000000e+00	6.021505e-01	5.374788e+12	2.558084e+13	1.321696e+13	4.263088e+03	2.743122e+03	2.265556e+03	0	1.739612e-04
4.340000e+09	1.161295e+11	0.000000e+00	6.021505e-01	5.358430e+12	2.551857e+13	1.319070e+13	4.261373e+03	2.742138e+03	2.264744e+03	0	1.736928e-04
4.350000e+09	1.155932e+11	0.000000e+00	6.021505e-01	5.342159e+12	2.545659e+13	1.316455e+13	4.259663e+03	2.741157e+03	2.263934e+03	0	1.734250e-04
4.360000e+09	1.150598e+11	0.000000e+00	6.021505e-01	5.325975e+12	2.539489e+13	1.313851e+13	4.257959e+03	2.740179e+03	2.263126e+03	0	1.731579e-04
4.370000e+09	1.145294e+11	0.000000e+00	6.021505e-01	5.309877e+12	2.533349e+13	1.311258e+13	4.256260e+03	2.739204e+03	2.262320e+03	0	1.728914e-04
4.380000e+09	1.140018e+11	0.000000e+00	6.021505e-01	5.293864e+12	2.527236e+13	1.308676e+13	4.254566e+03	2.738231e+03	2.261517e+03	0	1.726255e-04
4.390000e+09	1.134771e+11	0.000000e+00	6.021505e-01	5.277936e+12	2.521153e+13	1.306104e+13	4.252877e+03	2.737261e+03	2.260716e+03	0	1.723602e-04
4.400000e+09	1.129552e+11	0.000000e+00	6.021505e-01	5.262092e+12	2.515096e+13	1.303544e+13	4.251193e+03	2.736294e+03	2.259917e+03	0	1.720956e-04
4.410000e+09	1.124361e+11	0.000000e+00	6.021505e-01	5.246331e+12	2.509068e+13	1.300994e+13	4.249514e+03	2.735330e+03	2.259121e+03	0	1.718316e-04
4.420000e+09	1.119198e+11	0.000000e+00	6.021505e-01	5.230653e+12	2.503068e+13	1.298454e+13	4.247840e+03	2.734368e+03	2.258326e+03	0	1.715682e-04
4.430000e+09	1.114063e+11	0.000000e+00	6.021505e-01	5.215058e+12	2.497095e+13	1.295925e+13	4.246171e+03	2.733409e+03	2.257534e+03	0	1.713054e-04
4.440000e+09	1.108955e+11	0.000000e+00	6.021505e-01	5.199544e+12	2.491150e+13	1.293407e+13	4.244507e+03	2.732452e+03	2.256744e+03	0	1.710432e-04
4.450000e+09	1.103874e+11	0.000000e+00	6.021505e-01	5.184111e+12	2.485231e+13	1.290898e+13	4.242848e+03	2.731498e+03	2.255956e+03	0	1.707816e-04
4.460000e+09	1.098821e+11	0.000000e+00	6.021505e-01	5.168758e+12	2.479340e+13	1.288401e+13	4.241194e+03	2.730547e+03	2.255170e+03	0	1.705205e-04
4.470000e+09	1.093794e+11	0.000000e+00	6.021505e-01	5.153485e+12	2.473475e+13	1.285913e+13	4.239545e+03	2.729598e+03	2.254387e+03	0	1.702601e-04
4.480000e+09	1.088794e+11	0.000000e+00	6.021505e-01	5.138292e+12	2.467637e+13	1.283436e+13	4.237901e+03	2.728652e+03	2.253605e+03	0	1.700003e-04
4.490000e+09	1.083821e+11	0.000000e+00	6.021505e-01	5.123177e+12	2.461825e+13	1.280968e+13	4.236261e+03	2.727708e+03	2.252826e+03	0	1.697411e-04
4.500000e+09	1.078874e+11	0.000000e+00	6.021505e-01	5.108140e+12	2.456040e+13	1.278511e+13	4.234627e+03	2.726767e+03	2.252049e+03	0	1.694824e-04
4.510000e+09	1.073953e+11	0.000000e+00	6.021505e-01	5.093181e+12	2.450281e+13	1.276064e+13	4.232997e+03	2.725829e+03	2.251274e+03	0	1.692243e-04
4.520000e+09	1.069058e+11	0.000000e+00	6.021505e-01	5.078298e+12	2.444548e+13	1.273627e+13	4.231372e+03	2.724893e+03	2.250501e+03	0	1.689668e-04
4.530000e+09	1.064188e+11	0.000000e+00	6.021505e-01	5.063492e+12	2.438840e+13	1.271200e+13	4.229752e+03	2.723960e+03	2.249730e+03	0	1.687099e-04
4.540000e+09	1.059344e+11	0.000000e+00	6.021505e-01	5.048762e+12	2.433158e+13	1.268783e+13	4.228136e+03	2.723029e+03	2.248962e+03	0	1.684535e-04
4.550000e+09	1.054526e+11	0.000000e+00	6.021505e-01	5.034106e+12	2.427502e+13	1.266375e+13	4.226525e+03	2.722101e+03	2.248195e+03	0	1.681977e-04
4.560000e+09	1.049732e+11	0.000000e+00	6.021505e-01	5.019526e+12	2.421871e+13	1.263977e+13	4.224919e+03	2.721175e+03	2.247430e+03	0	1.679425e-04
4.570000e+09	1.044964e+11	0.000000e+00	6.021505e-01	5.005020e+12	2.416265e+13	1.261589e+13	4.223317e+03	2.720252e+03	2.246668e+03	0	1.676878e-04
4.580000e+09	1.040220e+11	0.000000e+00	6.021505e-01	4.990587e+12	2.410684e+13	1.259211e+13	4.221720e+03	2.719331e+03	2.245907e+03	0	1.674337e-04
4.590000e+09	1.035501e+11	0.000000e+00	6.021505e-01	4.976227e+12	2.405127e+13	1.256842e+13	4.220128e+03	2.718413e+03	2.245149e+03	0	1.671801e-04
4.600000e+09	1.030806e+11	0.000000e+00	6.021505e-01	4.961940e+12	2.399596e+13	1.254483e+13	4.218540e+03	2.717497e+03	2.244393e+03	0	1.669271e-04
4.610000e+09	1.026136e+11	0.000000e+00	6.021505e-01	4.947725e+12	2.394088e+13	1.252133e+13	4.216957e+03	2.716584e+03	2.243638e+03	0	1.666746e-04
4.620000e+09	1.021489e+11	0.000000e+00	6.021505e-01	4.933582e+12	2.388606e+13	1.249792e+13	4.215378e+03	2.715673e+03	2.242886e+03	0	1.664226e-04
4.630000e+09	1.016867e+11	0.000000e+00	6.021505e-01	4.919509e+12	2.383147e+13	1.247461e+13	4.213804e+03	2.714764e+03	2.242136e+03	0	1.661712e-04
4.640000e+09	1.012268e+11	0.000000e+00	6.021505e-01	4.905507e+12	2.377712e+13	1.245139e+13	4.212234e+03	2.713858e+03	2.241387e+03	0	1.659203e-04
4.650000e+09	1.007692e+11	0.000000e+00	6.021505e-01	4.891576e+12	2.372302e+13	1.242827e+13	4.210669e+03	2.712954e+03	2.240641e+03	0	1.656700e-04
4.660000e+09	1.003141e+11	0.000000e+00	6.021505e-01	4.877713e+12	2.366915e+13	1.240524e+13	4.209108e+03	2.712053e+03	2.239896e+03	0	1.654201e-04
4.670000e+09	9.986118e+10	0.000000e+00	6.021505e-01	4.863920e+12	2.361551e+13	1.238229e+13	4.207552e+03	2.711154e+03	2.239154e+03	0	1.651708e-04
4.680000e+09	9.941062e+10	0.000000e+00	6.021505e-01	4.850195e+12	2.356211e+13	1.235944e+13	4.206000e+03	2.710258e+03	2.238414e+03	0	1.649220e-04
4.690000e+09	9.896234e+10	0.000000e+00	6.021505e-01	4.836538e+12	2.350895e+13	1.233668e+13	4.204453e+03	2.709364e+03	2.237675e+03	0	1.646738e-04
4.700000e+09	9.851633e+10	0.000000e+00	6.021505e-01	4.822949e+12	2.345601e+13	1.231401e+13	4.202909e+03	2.708472e+03	2.236939e+03	0	1.644260e-04
4.710000e+09	9.807258e+10	0.000000e+00	6.021505e-01	4.809427e+12	2.340330e+13	1.229143e+13	4.201370e+03	2.707582e+03	2.236204e+03	0	1.641788e-04
4.720000e+09	9.763107e+10	0.000000e+00	6.021505e-01	4.795971e+12	2.335083e+13	1.226894e+13	4.199836e+03	2.706695e+03	2.235471e+03	0	1.639320e-04
4.730000e+09	9.719179e+10	0.000000e+00	6.021505e-01	4.782582e+12	2.329858e+13	1.224653e+13	4.198305e+03	2.705810e+03	2.234740e+03	0	1.636858e-04
4.740000e+09	9.675471e+10	0.000000e+00	6.021505e-01	4.769258e+12	2.324655e+13	1.222422e+13	4.196779e+03	2.704928e+03	2.234012e+03	0	1.634400e-04
4.750000e+09	9.631982e+10	0.000000e+00	6.021505e-01	4.755999e+12	2.319475e+13	1.220199e+13	4.195258e+03	2.704048e+03	2.233285e+03	0	1.631948e-04
4.760000e+09	9.588712e+10	0.000000e+00	6.021505e-01	4.742806e+12	2.314317e+13	1.217984e+13	4.193740e+03	2.703170e+03	2.232560e+03	0	1.629501e-04
4.770000e+09	9.545657e+10	0.000000e+00	6.021505e-01	4.729676e+12	2.309182e+13	1.215779e+13	4.192227e+03	2.702294e+03	2.231836e+03	0	1.627058e-04
4.780000e+09	9.502817e+10	0.000000e+00	6.021505e-01	4.716611e+12	2.304068e+13	1.213582e+13	4.190717e+03	2.701421e+03	2.231115e+03	0	1.624620e-04
4.790000e+09	9.460190e+10	0.000000e+00	6.021505e-01	4.703609e+12	2.298977e+13	1.211393e+13	4.189212e+03	2.700550e+03	2.230396e+03	0	1.622187e-04
4.800000e+09	9.417775e+10	0.000000e+00	6.021505e-01	4.690670e+12	2.293906e+13	1.209213e+13	4.187712e+03	2.699681e+03	2.229678e+03	0	1.619759e-04
4.810000e+09	9.375571e+10	0.000000e+00	6.021505e-01	4.677793e+12	2.288858e+13	1.207042e+13	4.186215e+03	2.698814e+03	2.228962e+03	0	1.617336e-04
4.820000e+09	9.333575e+10	0.000000e+00	6.021505e-01	4.664979e+12	2.283831e+13	1.204879e+13	4.184722e+03	2.697950e+03	2.228248e+03	0	1.614918e-04
4.830000e+09	9.291786e+10	0.000000e+00	6.021505e-01	4.652227e+12	2.278826e+13	1.202724e+13	4.183234e+03	2.697088e+03	2.227536e+03	0	1.612504e-04
4.840000e+09	9.250204e+10	0.000000e+00	6.021505e-01	4.639535e+12	2.273841e+13	1.200577e+13	4.181749e+03	2.696228e+03	2.226826e+03	0	1.610095e-04
4.850000e+09	9.208825e+10	0.000000e+00	6.021505e-01	4.626905e+12	2.268878e+13	1.198439e+13	4.180269e+03	2.695370e+03	2.226118e+03	0	1.607691e-04
4.860000e+09	9.167650e+10	0.000000e+00	6.021505e-01	4.614335e+12	2.263936e+13	1.196309e+13	4.178792e+03	2.694514e+03	2.225411e+03	0	1.605291e-04
4.870000e+09	9.126677e+10	0.000000e+00	6.021505e-01	4.601825e+12	2.259015e+13	1.194187e+13	4.177320e+03	2.693661e+03	2.224706e+03	0	1.602896e-04
4.880000e+09	9.085904e+10	0.000000e+00	6.021505e-01	4.589375e+12	2.254114e+13	1.192073e+13	4.175851e+03	2.692810e+03	2.224003e+03	0	1.600505e-04
4.890000e+09	9.045330e+10	0.000000e+00	6.021505e-01	4.576984e+12	2.249234e+13	1.189968e+13	4.174387e+03	2.691961e+03	2.223302e+03	0	1.598119e-04
4.900000e+09	9.004953e+10	0.000000e+00	6.021505e-01	4.564652e+12	2.244374e+13	1.187870e+13	4.172926e+03	2.691114e+03	2.222603e+03	0	1.595738e-04
4.910000e+09	8.964773e+10	0.000000e+00	6.021505e-01	4.552378e+12	2.239535e+13	1.185780e+13	4.171470e+03	2.690269e+03	2.221905e+03	0	1.593361e-04
4.920000e+09	8.924787e+10	0.000000e+00	6.021505e-01	4.540162e+12	2.234716e+13	1.183698e+13	4.170017e+03	2.689427e+03	2.221209e+03	0	1.590989e-04
4.930000e+09	8.884995e+10	0.000000e+00	6.021505e-01	4.528004e+12	2.229917e+13	1.181624e+13	4.168568e+03	2.688586e+03	2.220515e+03	0	1.588620e-04
4.940000e+09	8.845396e+10	0.000000e+00	6.021505e-01	4.515903e+12	2.225138e+13	1.179558e+13	4.167124e+03	2.687748e+03	2.219823e+03	0	1.586257e-04
4.950000e+09	8.805987e+10	0.000000e+00	6.021505e-01	4.503860e+12	2.220379e+13	1.177500e+13	4.165683e+03	2.686912e+03	2.219132e+03	0	1.583898e-04
4.960000e+09	8.766768e+10	0.000000e+00	6.021505e-01	4.491872e+12	2.215639e+13	1.175450e+13	4.164245e+03	2.686078e+03	2.218443e+03	0	1.581543e-04
4.970000e+09	8.727738e+10	0.000000e+00	6.021505e-01	4.479941e+12	2.210920e+13	1.173407e+13	4.162812e+03	2.685246e+03	2.217756e+03	0	1.579192e-04
4.980000e+09	8.688894e+10	0.000000e+00	6.021505e-01	4.468066e+12	2.206219e+13	1.171372e+13	4.161382e+03	2.684416e+03	2.217071e+03	0	1.576846e-04
4.990000e+09	8.650237e+10	0.000000e+00	6.021505e-01	4.456246e+12	2.201538e+13	1.169344e+13	4.159957e+03	2.683588e+03	2.216387e+03	0	1.574504e-04
5.000000e+09	8.611764e+10	0.000000e+00	6.021505e-01	4.444480e+12	2.196877e+13	1.167324e+13	4.158535e+03	2.682762e+03	2.215705e+03	0	1.572166e-04
5.010000e+09	8.573474e+10	0.000000e+00	6.021505e-01	4.432770e+12	2.192234e+13	1.165312e+13	4.157116e+03	2.681939e+03	2.215025e+03	0	1.569833e-04
5.020000e+09	8.535367e+10	0.000000e+00	6.021505e-01	4.421114e+12	2.187611e+13	1.163307e+13	4.155702e+03	2.681117e+03	2.214346e+03	0	1.567503e-04
5.030000e+09	8.497441e+10	0.000000e+00	6.021505e-01	4.409512e+12	2.183006e+13	1.161310e+13	4.154291e+03	2.680297e+03	2.213669e+03	0	1.565178e-04
5.040000e+09	8.459694e+10	0.000000e+00	6.021505e-01	4.397963e+12	2.178421e+13	1.159320e+13	4.152884e+03	2.679480e+03	2.212994e+03	0	1.562857e-04
5.050000e+09	8.422126e+10	0.000000e+00	6.021505e-01	4.386468e+12	2.173854e+13	1.157337e+13	4.151480e+03	2.678664e+03	2.212320e+03	0	1.560540e-04
5.060000e+09	8.384735e+10	0.000000e+00	6.021505e-01	4.375025e+12	2.169305e+13	1.155362e+13	4.150081e+03	2.677851e+03	2.211648e+03	0	1.558228e-04
5.070000e+09	8.347521e+10	0.000000e+00	6.021505e-01	4.363636e+12	2.164775e+13	1.153394e+13	4.148685e+03	2.677039e+03	2.210978e+03	0	1.555919e-04
5.080000e+09	8.310482e+10	0.000000e+00	6.021505e-01	4.352298e+12	2.160264e+13	1.151433e+13	4.147292e+03	2.676229e+03	2.210310e+03	0	1.553614e-04
5.090000e+09	8.273616e+10	0.000000e+00	6.021505e-01	4.341012e+12	2.155771e+13	1.149480e+13	4.145903e+03	2.675422e+03	2.209643e+03	0	1.551313e-04
5.100000e+09	8.236924e+10	0.000000e+00	6.021505e-01	4.329778e+12	2.151296e+13	1.147534e+13	4.144518e+03	2.674616e+03	2.208977e+03	0	1.549017e-04
5.110000e+09	8.200403e+10	0.000000e+00	6.021505e-01	4.318594e+12	2.146839e+13	1.145594e+13	4.143136e+03	2.673813e+03	2.208314e+03	0	1.546724e-04
5.120000e+09	8.164052e+10	0.000000e+00	6.021505e-01	4.307462e+12	2.142400e+13	1.143662e+13	4.141758e+03	2.673011e+03	2.207652e+03	0	1.544435e-04
5.130000e+09	8.127871e+10	0.000000e+00	6.021505e-01	4.296380e+12	2.137979e+13	1.141737e+13	4.140383e+03	2.672212e+03	2.206991e+03	0	1.542150e-04
5.140000e+09	8.091858e+10	0.000000e+00	6.021505e-01	4.285349e+12	2.133575e+13	1.139819e+13	4.139012e+03	2.671414e+03	2.206332e+03	0	1.539869e-04
5.150000e+09	8.056013e+10	0.000000e+00	6.021505e-01	4.274367e+12	2.129190e+13	1.137908e+13	4.137645e+03	2.670618e+03	2.205675e+03	0	1.537592e-04
5.160000e+09	2.932228e+12	6.814311e-02	6.021505e-01	4.263435e+12	2.124821e+13	1.136004e+13	4.136281e+03	2.669824e+03	2.205019e+03	0	4.898063e-04
5.260000e+09	2.952484e+12	8.787787e-02	6.021505e-01	4.260344e+12	2.120471e+13	1.117337e+13	4.135991e+03	2.669032e+03	2.204365e+03	1	4.850767e-04
5.360000e+09	3.080283e+12	1.041985e-01	6.021505e-01	4.229979e+12	2.077108e+13	1.099324e+13	4.133180e+03	2.661071e+03	2.197790e+03	1	4.870544e-04
5.460000e+09	3.059838e+12	1.133801e-01	6.021505e-01	4.204079e+12	2.036040e+13	1.081931e+13	4.130941e+03	2.653412e+03	2.191464e+03	1	4.832110e-04
5.560000e+09	3.039868e+12	1.220284e-01	6.021505e-01	4.178491e+12	1.997098e+13	1.065126e+13	4.128705e+03	2.646040e+03	2.185376e+03	1	4.795620e-04
5.660000e+09	3.015263e+12	1.300193e-01	6.021505e-01	4.153214e+12	1.960107e+13	1.048879e+13	4.126471e+03	2.638934e+03	2.179507e+03	1	4.758756e-04
5.760000e+09	3.085267e+12	1.371669e-01	6.021505e-01	4.128110e+12	1.924907e+13	1.033161e+13	4.124220e+03	2.632076e+03	2.173843e+03	1	4.773800e-04
5.860000e+09	3.035090e+12	1.426150e-01	6.021505e-01	4.105682e+12	1.891358e+13	1.017946e+13	4.122311e+03	2.625449e+03	2.168370e+03	1	4.731503e-04
5.960000e+09	3.080978e+12	1.485133e-01	6.021505e-01	4.082656e+12	1.859348e+13	1.003208e+13	4.120280e+03	2.619041e+03	2.163078e+03	1	4.737547e-04
6.060000e+09	3.029370e+12	1.531693e-01	6.021505e-01	4.061579e+12	1.828757e+13	9.889246e+12	4.118494e+03	2.612838e+03	2.157955e+03	1	4.697089e-04
6.160000e+09	3.061444e+12	1.582137e-01	6.021505e-01	4.039824e+12	1.799493e+13	9.750735e+12	4.116575e+03	2.606829e+03	2.152992e+03	1	4.698565e-04
6.260000e+09	3.013772e+12	1.628407e-01	6.021505e-01	4.019599e+12	1.771455e+13	9.616338e+12	4.114845e+03	2.601001e+03	2.148178e+03	1	4.660348e-04
6.360000e+09	3.036679e+12	1.672358e-01	6.021505e-01	3.998769e+12	1.744568e+13	9.485859e+12	4.112994e+03	2.595345e+03	2.143507e+03	1	4.659100e-04
6.460000e+09	3.056150e+12	1.714244e-01	6.021505e-01	3.979185e+12	1.718747e+13	9.359115e+12	4.111294e+03	2.589850e+03	2.138968e+03	1	4.656618e-04
6.560000e+09	3.007211e+12	1.748968e-01	6.021505e-01	3.960716e+12	1.693929e+13	9.235932e+12	4.109728e+03	2.584508e+03	2.134556e+03	1	4.621406e-04
6.660000e+09	3.021813e+12	1.786544e-01	6.021505e-01	3.941555e+12	1.670055e+13	9.116147e+12	4.108031e+03	2.579311e+03	2.130265e+03	1	4.617811e-04
6.760000e+09	3.034352e+12	1.822639e-01	6.021505e-01	3.923357e+12	1.647060e+13	8.999605e+12	4.106449e+03	2.574252e+03	2.126086e+03	1	4.613567e-04
6.860000e+09	2.987985e+12	1.853093e-01	6.021505e-01	3.906036e+12	1.624893e+13	8.886161e+12	4.104970e+03	2.569324e+03	2.122016e+03	1	4.581043e-04
6.960000e+09	2.997471e+12	1.885986e-01	6.021505e-01	3.888055e+12	1.603510e+13	8.775678e+12	4.103365e+03	2.564520e+03	2.118048e+03	1	4.576275e-04
7.060000e+09	3.005627e+12	1.917758e-01	6.021505e-01	3.870854e+12	1.582858e+13	8.668026e+12	4.101852e+03	2.559833e+03	2.114178e+03	1	4.571146e-04
7.160000e+09	2.962463e+12	1.947763e-01	6.021505e-01	3.854375e+12	1.562899e+13	8.563082e+12	4.100424e+03	2.555259e+03	2.110400e+03	1	4.540454e-04
7.260000e+09	2.968480e+12	1.976974e-01	6.021505e-01	3.837289e+12	1.543597e+13	8.460732e+12	4.098878e+03	2.550792e+03	2.106710e+03	1	4.535060e-04
7.360000e+09	2.973605e+12	2.005308e-01	6.021505e-01	3.820857e+12	1.524911e+13	8.360866e+12	4.097408e+03	2.546427e+03	2.103105e+03	1	4.529464e-04
7.460000e+09	2.977939e+12	2.032820e-01	6.021505e-01	3.805034e+12	1.506809e+13	8.263379e+12	4.096009e+03	2.542158e+03	2.099579e+03	1	4.523706e-04
7.560000e+09	2.936827e+12	2.056656e-01	6.021505e-01	3.789780e+12	1.489263e+13	8.168176e+12	4.094675e+03	2.537983e+03	2.096131e+03	1	4.495941e-04
7.660000e+09	2.939871e+12	2.082298e-01	6.021505e-01	3.773935e+12	1.472247e+13	8.075162e+12	4.093227e+03	2.533897e+03	2.092756e+03	1	4.490131e-04
7.760000e+09	2.942354e+12	2.107269e-01	6.021505e-01	3.758618e+12	1.455728e+13	7.984250e+12	4.091841e+03	2.529895e+03	2.089451e+03	1	4.484232e-04
7.860000e+09	2.944334e+12	2.131605e-01	6.021505e-01	3.743800e+12	1.439684e+13	7.895357e+12	4.090511e+03	2.525975e+03	2.086214e+03	1	4.478267e-04
7.960000e+09	2.907049e+12	2.154855e-01	6.021505e-01	3.729450e+12	1.424092e+13	7.808404e+12	4.089235e+03	2.522133e+03	2.083041e+03	1	4.452662e-04
8.060000e+09	2.908121e+12	2.177690e-01	6.021505e-01	3.714577e+12	1.408933e+13	7.723317e+12	4.087856e+03	2.518366e+03	2.079930e+03	1	4.446714e-04
8.160000e+09	2.908827e+12	2.199995e-01	6.021505e-01	3.700144e+12	1.394183e+13	7.640025e+12	4.086528e+03	2.514671e+03	2.076878e+03	1	4.440738e-04
8.260000e+09	2.909203e+12	2.221796e-01	6.021505e-01	3.686128e+12	1.379822e+13	7.558460e+12	4.085248e+03	2.511044e+03	2.073882e+03	1	4.434745e-04
8.360000e+09	2.909283e+12	2.243115e-01	6.021505e-01	3.672509e+12	1.365836e+13	7.478558e+12	4.084012e+03	2.507484e+03	2.070942e+03	1	4.428746e-04
8.460000e+09	2.874411e+12	2.263566e-01	6.021505e-01	3.659265e+12	1.352208e+13	7.400260e+12	4.082819e+03	2.503987e+03	2.068054e+03	1	4.405218e-04
8.560000e+09	2.873891e+12	2.283725e-01	6.021505e-01	3.645524e+12	1.338923e+13	7.323508e+12	4.081529e+03	2.500552e+03	2.065217e+03	1	4.399280e-04
8.660000e+09	2.873148e+12	2.303472e-01	6.021505e-01	3.632142e+12	1.325964e+13	7.248246e+12	4.080280e+03	2.497176e+03	2.062429e+03	1	4.393353e-04
8.760000e+09	2.872203e+12	2.322823e-01	6.021505e-01	3.619102e+12	1.313316e+13	7.174422e+12	4.079069e+03	2.493857e+03	2.059687e+03	1	4.387442e-04
8.860000e+09	2.871074e+12	2.341795e-01	6.021505e-01	3.606388e+12	1.300968e+13	7.101988e+12	4.077896e+03	2.490592e+03	2.056991e+03	1	4.381552e-04
8.960000e+09	2.869780e+12	2.360404e-01	6.021505e-01	3.593985e+12	1.288908e+13	7.030896e+12	4.076757e+03	2.487380e+03	2.054338e+03	1	4.375688e-04
9.060000e+09	2.837772e+12	2.376990e-01	6.021505e-01	3.581880e+12	1.277126e+13	6.961101e+12	4.075652e+03	2.484219e+03	2.051727e+03	1	4.354742e-04
9.160000e+09	2.836094e+12	2.394727e-01	6.021505e-01	3.569316e+12	1.265611e+13	6.892561e+12	4.074458e+03	2.481108e+03	2.049158e+03	1	4.348952e-04
9.260000e+09	2.834287e+12	2.412144e-01	6.021505e-01	3.557040e+12	1.254348e+13	6.825234e+12	4.073296e+03	2.478044e+03	2.046628e+03	1	4.343194e-04
9.360000e+09	2.832365e+12	2.429253e-01	6.021505e-01	3.545040e+12	1.243330e+13	6.759082e+12	4.072165e+03	2.475026e+03	2.044135e+03	1	4.337470e-04
9.460000e+09	2.830337e+12	2.446065e-01	6.021505e-01	3.533304e+12	1.232547e+13	6.694067e+12	4.071064e+03	2.472052e+03	2.041679e+03	1	4.331782e-04
9.560000e+09	2.828214e+12	2.462590e-01	6.021505e-01	3.521823e+12	1.221991e+13	6.630156e+12	4.069993e+03	2.469122e+03	2.039258e+03	1	4.326131e-04
9.660000e+09	2.799245e+12	2.478556e-01	6.021505e-01	3.510586e+12	1.211654e+13	6.567313e+12	4.068948e+03	2.466233e+03	2.036872e+03	1	4.306917e-04
9.760000e+09	2.796839e+12	2.494376e-01	6.021505e-01	3.498939e+12	1.201529e+13	6.505506e+12	4.067823e+03	2.463384e+03	2.034520e+03	1	4.301337e-04
9.860000e+09	2.794359e+12	2.509941e-01	6.021505e-01	3.487529e+12	1.191605e+13	6.444706e+12	4.066724e+03	2.460574e+03	2.032199e+03	1	4.295796e-04
9.960000e+09	2.791813e+12	2.525258e-01	6.021505e-01	3.476348e+12	1.181875e+13	6.384881e+12	4.065652e+03	2.457802e+03	2.029909e+03	1	4.290295e-04
