#t		Qconv[W]	Ri[Rp]		R*[Rp]		Qc[W]		Qm[W]		Qr[W]		Tcmb[K]		Tl[K]		Tup[K]		RiFlag		Bs[T]
0.000000e+00	3.548828e+16	0.000000e+00	6.043955e-01	3.845081e+17	2.148129e+13	2.482303e+14	9.897741e+04	5.370432e+03	3.015412e+03	0	1.087961e-02
1.000000e+07	1.986791e+16	0.000000e+00	6.043955e-01	2.154952e+17	4.105530e+16	2.468549e+14	8.005690e+04	2.067849e+04	1.161064e+04	0	8.966760e-03
2.000000e+07	1.244435e+16	0.000000e+00	6.043955e-01	1.351514e+17	1.077453e+17	2.454898e+14	6.886474e+04	2.648703e+04	1.487204e+04	0	7.672006e-03
3.000000e+07	8.973809e+15	0.000000e+00	6.043955e-01	9.757180e+16	1.209603e+17	2.441350e+14	6.163952e+04	2.732036e+04	1.533995e+04	0	6.879821e-03
4.000000e+07	7.001093e+15	0.000000e+00	6.043955e-01	7.619966e+16	1.099002e+17	2.427902e+14	5.633275e+04	2.662731e+04	1.495081e+04	0	6.333447e-03
5.000000e+07	5.681328e+15	0.000000e+00	6.043955e-01	6.189546e+16	9.480714e+16	2.414554e+14	5.213688e+04	2.560333e+04	1.437586e+04	0	5.907469e-03
6.000000e+07	4.719397e+15	0.000000e+00	6.043955e-01	5.146604e+16	8.111387e+16	2.401306e+14	4.869445e+04	2.457677e+04	1.379946e+04	0	5.553247e-03
7.000000e+07	3.985952e+15	0.000000e+00	6.043955e-01	4.351144e+16	6.970041e+16	2.388157e+14	4.580761e+04	2.362969e+04	1.326769e+04	0	5.249229e-03
8.000000e+07	3.411072e+15	0.000000e+00	6.043955e-01	3.727474e+16	6.036705e+16	2.375106e+14	4.334879e+04	2.277563e+04	1.278815e+04	0	4.983661e-03
9.000000e+07	2.951524e+15	0.000000e+00	6.043955e-01	3.228778e+16	5.273220e+16	2.362151e+14	4.122857e+04	2.200915e+04	1.235779e+04	0	4.748979e-03
1.000000e+08	2.578408e+15	0.000000e+00	6.043955e-01	2.823760e+16	4.644431e+16	2.349293e+14	3.938130e+04	2.132030e+04	1.197101e+04	0	4.539786e-03
1.100000e+08	2.271476e+15	0.000000e+00	6.043955e-01	2.490488e+16	4.122018e+16	2.336530e+14	3.775734e+04	2.069894e+04	1.162212e+04	0	4.351987e-03
1.200000e+08	2.016099e+15	0.000000e+00	6.043955e-01	2.213112e+16	3.684046e+16	2.323862e+14	3.631834e+04	2.013601e+04	1.130604e+04	0	4.182367e-03
1.300000e+08	1.801461e+15	0.000000e+00	6.043955e-01	1.979915e+16	3.313612e+16	2.311287e+14	3.503423e+04	1.962370e+04	1.101839e+04	0	4.028343e-03
1.400000e+08	1.619419e+15	0.000000e+00	6.043955e-01	1.782073e+16	2.997697e+16	2.298806e+14	3.388105e+04	1.915543e+04	1.075547e+04	0	3.887806e-03
1.500000e+08	1.463752e+15	0.000000e+00	6.043955e-01	1.612843e+16	2.726200e+16	2.286417e+14	3.283950e+04	1.872565e+04	1.051415e+04	0	3.759015e-03
1.600000e+08	1.329640e+15	0.000000e+00	6.043955e-01	1.467000e+16	2.491205e+16	2.274119e+14	3.189389e+04	1.832966e+04	1.029181e+04	0	3.640515e-03
1.700000e+08	1.213305e+15	0.000000e+00	6.043955e-01	1.340450e+16	2.286465e+16	2.261912e+14	3.103130e+04	1.796350e+04	1.008622e+04	0	3.531085e-03
1.800000e+08	1.111756e+15	0.000000e+00	6.043955e-01	1.229950e+16	2.107002e+16	2.249795e+14	3.024105e+04	1.762379e+04	9.895476e+03	0	3.429688e-03
1.900000e+08	1.022599e+15	0.000000e+00	6.043955e-01	1.132903e+16	1.948804e+16	2.237768e+14	2.951417e+04	1.730764e+04	9.717964e+03	0	3.335441e-03
2.000000e+08	9.439029e+14	0.000000e+00	6.043955e-01	1.047215e+16	1.808631e+16	2.225829e+14	2.884314e+04	1.701257e+04	9.552287e+03	0	3.247586e-03
2.100000e+08	8.740956e+14	0.000000e+00	6.043955e-01	9.711811e+15	1.683829e+16	2.213977e+14	2.822158e+04	1.673644e+04	9.397243e+03	0	3.165467e-03
2.200000e+08	8.118876e+14	0.000000e+00	6.043955e-01	9.034021e+15	1.572210e+16	2.202213e+14	2.764405e+04	1.647738e+04	9.251787e+03	0	3.088518e-03
2.300000e+08	7.562138e+14	0.000000e+00	6.043955e-01	8.427226e+15	1.471966e+16	2.190535e+14	2.710586e+04	1.623378e+04	9.115008e+03	0	3.016243e-03
2.400000e+08	7.061885e+14	0.000000e+00	6.043955e-01	7.881814e+15	1.381588e+16	2.178943e+14	2.660298e+04	1.600421e+04	8.986108e+03	0	2.948210e-03
2.500000e+08	6.610704e+14	0.000000e+00	6.043955e-01	7.389740e+15	1.299806e+16	2.167435e+14	2.613193e+04	1.578743e+04	8.864386e+03	0	2.884037e-03
2.600000e+08	6.202357e+14	0.000000e+00	6.043955e-01	6.944232e+15	1.225549e+16	2.156012e+14	2.568964e+04	1.558232e+04	8.749222e+03	0	2.823387e-03
2.700000e+08	5.831561e+14	0.000000e+00	6.043955e-01	6.539557e+15	1.157910e+16	2.144672e+14	2.527345e+04	1.538792e+04	8.640068e+03	0	2.765964e-03
2.800000e+08	5.493823e+14	0.000000e+00	6.043955e-01	6.170836e+15	1.096115e+16	2.133415e+14	2.488102e+04	1.520335e+04	8.536435e+03	0	2.711501e-03
2.900000e+08	5.185302e+14	0.000000e+00	6.043955e-01	5.833896e+15	1.039497e+16	2.122241e+14	2.451027e+04	1.502783e+04	8.437886e+03	0	2.659763e-03
3.000000e+08	4.902696e+14	0.000000e+00	6.043955e-01	5.525154e+15	9.874843e+15	2.111147e+14	2.415937e+04	1.486068e+04	8.344032e+03	0	2.610537e-03
3.100000e+08	4.643159e+14	0.000000e+00	6.043955e-01	5.241516e+15	9.395831e+15	2.100135e+14	2.382669e+04	1.470126e+04	8.254523e+03	0	2.563634e-03
3.200000e+08	4.404223e+14	0.000000e+00	6.043955e-01	4.980302e+15	8.953609e+15	2.089203e+14	2.351078e+04	1.454902e+04	8.169041e+03	0	2.518883e-03
3.300000e+08	4.183743e+14	0.000000e+00	6.043955e-01	4.739182e+15	8.544441e+15	2.078350e+14	2.321032e+04	1.440344e+04	8.087302e+03	0	2.476129e-03
3.400000e+08	3.979847e+14	0.000000e+00	6.043955e-01	4.516119e+15	8.165055e+15	2.067576e+14	2.292415e+04	1.426407e+04	8.009048e+03	0	2.435232e-03
3.500000e+08	3.790892e+14	0.000000e+00	6.043955e-01	4.309331e+15	7.812553e+15	2.056880e+14	2.265122e+04	1.413049e+04	7.934044e+03	0	2.396065e-03
3.600000e+08	3.615438e+14	0.000000e+00	6.043955e-01	4.117250e+15	7.484403e+15	2.046262e+14	2.239058e+04	1.400232e+04	7.862077e+03	0	2.358514e-03
3.700000e+08	3.452211e+14	0.000000e+00	6.043955e-01	3.938491e+15	7.178364e+15	2.035720e+14	2.214137e+04	1.387921e+04	7.792952e+03	0	2.322473e-03
3.800000e+08	3.300086e+14	0.000000e+00	6.043955e-01	3.771833e+15	6.892443e+15	2.025255e+14	2.190280e+04	1.376084e+04	7.726490e+03	0	2.287845e-03
3.900000e+08	3.158065e+14	0.000000e+00	6.043955e-01	3.616188e+15	6.624868e+15	2.014866e+14	2.167417e+04	1.364692e+04	7.662529e+03	0	2.254543e-03
4.000000e+08	3.025260e+14	0.000000e+00	6.043955e-01	3.470592e+15	6.374074e+15	2.004551e+14	2.145483e+04	1.353720e+04	7.600919e+03	0	2.222486e-03
4.100000e+08	2.900879e+14	0.000000e+00	6.043955e-01	3.334181e+15	6.138641e+15	1.994311e+14	2.124419e+04	1.343141e+04	7.541523e+03	0	2.191600e-03
4.200000e+08	2.784213e+14	0.000000e+00	6.043955e-01	3.206186e+15	5.917309e+15	1.984145e+14	2.104170e+04	1.332934e+04	7.484213e+03	0	2.161817e-03
4.300000e+08	2.674626e+14	0.000000e+00	6.043955e-01	3.085915e+15	5.708944e+15	1.974052e+14	2.084688e+04	1.323078e+04	7.428872e+03	0	2.133074e-03
4.400000e+08	2.571549e+14	0.000000e+00	6.043955e-01	2.972747e+15	5.512525e+15	1.964031e+14	2.065926e+04	1.313554e+04	7.375393e+03	0	2.105312e-03
4.500000e+08	2.474466e+14	0.000000e+00	6.043955e-01	2.866122e+15	5.327124e+15	1.954083e+14	2.047843e+04	1.304343e+04	7.323676e+03	0	2.078478e-03
4.600000e+08	2.382914e+14	0.000000e+00	6.043955e-01	2.765535e+15	5.151916e+15	1.944206e+14	2.030400e+04	1.295429e+04	7.273626e+03	0	2.052521e-03
4.700000e+08	2.296474e+14	0.000000e+00	6.043955e-01	2.670528e+15	4.986141e+15	1.934400e+14	2.013560e+04	1.286797e+04	7.225158e+03	0	2.027396e-03
4.800000e+08	2.214764e+14	0.000000e+00	6.043955e-01	2.580689e+15	4.829117e+15	1.924664e+14	1.997292e+04	1.278432e+04	7.178192e+03	0	2.003060e-03
4.900000e+08	2.137439e+14	0.000000e+00	6.043955e-01	2.495640e+15	4.680213e+15	1.914998e+14	1.981564e+04	1.270322e+04	7.132653e+03	0	1.979472e-03
5.000000e+08	2.064186e+14	0.000000e+00	6.043955e-01	2.415039e+15	4.538866e+15	1.905401e+14	1.966348e+04	1.262453e+04	7.088470e+03	0	1.956596e-03
5.100000e+08	1.994717e+14	0.000000e+00	6.043955e-01	2.338574e+15	4.404558e+15	1.895872e+14	1.951617e+04	1.254814e+04	7.045580e+03	0	1.934395e-03
5.200000e+08	1.928771e+14	0.000000e+00	6.043955e-01	2.265961e+15	4.276806e+15	1.886412e+14	1.937347e+04	1.247395e+04	7.003921e+03	0	1.912839e-03
5.300000e+08	1.866110e+14	0.000000e+00	6.043955e-01	2.196938e+15	4.155184e+15	1.877019e+14	1.923514e+04	1.240184e+04	6.963435e+03	0	1.891896e-03
5.400000e+08	1.806513e+14	0.000000e+00	6.043955e-01	2.131267e+15	4.039289e+15	1.867693e+14	1.910099e+04	1.233173e+04	6.924071e+03	0	1.871538e-03
5.500000e+08	1.749782e+14	0.000000e+00	6.043955e-01	2.068730e+15	3.928755e+15	1.858433e+14	1.897079e+04	1.226353e+04	6.885776e+03	0	1.851738e-03
5.600000e+08	1.695730e+14	0.000000e+00	6.043955e-01	2.009124e+15	3.823245e+15	1.849239e+14	1.884437e+04	1.219715e+04	6.848505e+03	0	1.832471e-03
5.700000e+08	1.644188e+14	0.000000e+00	6.043955e-01	1.952266e+15	3.722448e+15	1.840110e+14	1.872156e+04	1.213252e+04	6.812214e+03	0	1.813713e-03
5.800000e+08	1.595000e+14	0.000000e+00	6.043955e-01	1.897983e+15	3.626079e+15	1.831046e+14	1.860218e+04	1.206955e+04	6.776859e+03	0	1.795443e-03
5.900000e+08	1.548021e+14	0.000000e+00	6.043955e-01	1.846119e+15	3.533872e+15	1.822047e+14	1.848609e+04	1.200818e+04	6.742402e+03	0	1.777640e-03
6.000000e+08	1.503118e+14	0.000000e+00	6.043955e-01	1.796529e+15	3.445582e+15	1.813111e+14	1.837313e+04	1.194835e+04	6.708807e+03	0	1.760283e-03
6.100000e+08	1.460168e+14	0.000000e+00	6.043955e-01	1.749077e+15	3.360981e+15	1.804238e+14	1.826318e+04	1.188999e+04	6.676038e+03	0	1.743355e-03
6.200000e+08	1.419057e+14	0.000000e+00	6.043955e-01	1.703639e+15	3.279857e+15	1.795428e+14	1.815610e+04	1.183304e+04	6.644061e+03	0	1.726837e-03
6.300000e+08	1.379678e+14	0.000000e+00	6.043955e-01	1.660100e+15	3.202018e+15	1.786680e+14	1.805177e+04	1.177745e+04	6.612847e+03	0	1.710714e-03
6.400000e+08	1.341934e+14	0.000000e+00	6.043955e-01	1.618352e+15	3.127283e+15	1.777994e+14	1.795009e+04	1.172316e+04	6.582365e+03	0	1.694970e-03
6.500000e+08	1.305733e+14	0.000000e+00	6.043955e-01	1.578296e+15	3.055477e+15	1.769369e+14	1.785094e+04	1.167012e+04	6.552587e+03	0	1.679589e-03
6.600000e+08	1.270990e+14	0.000000e+00	6.043955e-01	1.539839e+15	2.986449e+15	1.760805e+14	1.775421e+04	1.161830e+04	6.523486e+03	0	1.664558e-03
6.700000e+08	1.237625e+14	0.000000e+00	6.043955e-01	1.502893e+15	2.920046e+15	1.752301e+14	1.765982e+04	1.156763e+04	6.495039e+03	0	1.649863e-03
6.800000e+08	1.205566e+14	0.000000e+00	6.043955e-01	1.467380e+15	2.856136e+15	1.743856e+14	1.756768e+04	1.151808e+04	6.467219e+03	0	1.635492e-03
6.900000e+08	1.174744e+14	0.000000e+00	6.043955e-01	1.433223e+15	2.794589e+15	1.735471e+14	1.747769e+04	1.146962e+04	6.440006e+03	0	1.621434e-03
7.000000e+08	1.145093e+14	0.000000e+00	6.043955e-01	1.400352e+15	2.735284e+15	1.727145e+14	1.738978e+04	1.142219e+04	6.413377e+03	0	1.607676e-03
7.100000e+08	1.116554e+14	0.000000e+00	6.043955e-01	1.368701e+15	2.678109e+15	1.718877e+14	1.730387e+04	1.137577e+04	6.387312e+03	0	1.594207e-03
7.200000e+08	1.089070e+14	0.000000e+00	6.043955e-01	1.338210e+15	2.622959e+15	1.710667e+14	1.721988e+04	1.133032e+04	6.361791e+03	0	1.581018e-03
7.300000e+08	1.062590e+14	0.000000e+00	6.043955e-01	1.308819e+15	2.569736e+15	1.702514e+14	1.713774e+04	1.128580e+04	6.336796e+03	0	1.568099e-03
7.400000e+08	1.037062e+14	0.000000e+00	6.043955e-01	1.280476e+15	2.518348e+15	1.694418e+14	1.705740e+04	1.124219e+04	6.312309e+03	0	1.555440e-03
7.500000e+08	1.012442e+14	0.000000e+00	6.043955e-01	1.253129e+15	2.468706e+15	1.686378e+14	1.697877e+04	1.119945e+04	6.288312e+03	0	1.543032e-03
7.600000e+08	9.886851e+13	0.000000e+00	6.043955e-01	1.226731e+15	2.420729e+15	1.678395e+14	1.690182e+04	1.115756e+04	6.264791e+03	0	1.530867e-03
7.700000e+08	9.657506e+13	0.000000e+00	6.043955e-01	1.201237e+15	2.374340e+15	1.670467e+14	1.682647e+04	1.111649e+04	6.241728e+03	0	1.518937e-03
7.800000e+08	9.436000e+13	0.000000e+00	6.043955e-01	1.176605e+15	2.329467e+15	1.662594e+14	1.675267e+04	1.107620e+04	6.219110e+03	0	1.507234e-03
7.900000e+08	9.221970e+13	0.000000e+00	6.043955e-01	1.152795e+15	2.286042e+15	1.654776e+14	1.668038e+04	1.103669e+04	6.196923e+03	0	1.495751e-03
8.000000e+08	9.015075e+13	0.000000e+00	6.043955e-01	1.129770e+15	2.243999e+15	1.647012e+14	1.660953e+04	1.099791e+04	6.175152e+03	0	1.484481e-03
8.100000e+08	8.814993e+13	0.000000e+00	6.043955e-01	1.107494e+15	2.203279e+15	1.639302e+14	1.654009e+04	1.095986e+04	6.153786e+03	0	1.473416e-03
8.200000e+08	8.621421e+13	0.000000e+00	6.043955e-01	1.085934e+15	2.163823e+15	1.631645e+14	1.647201e+04	1.092250e+04	6.132811e+03	0	1.462551e-03
8.300000e+08	8.434070e+13	0.000000e+00	6.043955e-01	1.065060e+15	2.125577e+15	1.624041e+14	1.640525e+04	1.088582e+04	6.112216e+03	0	1.451880e-03
8.400000e+08	8.252670e+13	0.000000e+00	6.043955e-01	1.044840e+15	2.088490e+15	1.616490e+14	1.633975e+04	1.084980e+04	6.091989e+03	0	1.441395e-03
8.500000e+08	8.076965e+13	0.000000e+00	6.043955e-01	1.025248e+15	2.052513e+15	1.608991e+14	1.627550e+04	1.081441e+04	6.072120e+03	0	1.431092e-03
8.600000e+08	7.906712e+13	0.000000e+00	6.043955e-01	1.006256e+15	2.017600e+15	1.601543e+14	1.621243e+04	1.077965e+04	6.052598e+03	0	1.420965e-03
8.700000e+08	7.741683e+13	0.000000e+00	6.043955e-01	9.878391e+14	1.983709e+15	1.594147e+14	1.615053e+04	1.074548e+04	6.033414e+03	0	1.411010e-03
8.800000e+08	7.581659e+13	0.000000e+00	6.043955e-01	9.699741e+14	1.950797e+15	1.586802e+14	1.608975e+04	1.071189e+04	6.014556e+03	0	1.401220e-03
8.900000e+08	7.426434e+13	0.000000e+00	6.043955e-01	9.526380e+14	1.918824e+15	1.579507e+14	1.603007e+04	1.067888e+04	5.996017e+03	0	1.391591e-03
9.000000e+08	7.275814e+13	0.000000e+00	6.043955e-01	9.358095e+14	1.887755e+15	1.572262e+14	1.597144e+04	1.064641e+04	5.977787e+03	0	1.382119e-03
9.100000e+08	7.129612e+13	0.000000e+00	6.043955e-01	9.194683e+14	1.857552e+15	1.565067e+14	1.591384e+04	1.061448e+04	5.959858e+03	0	1.372799e-03
9.200000e+08	6.987653e+13	0.000000e+00	6.043955e-01	9.035949e+14	1.828184e+15	1.557921e+14	1.585724e+04	1.058307e+04	5.942221e+03	0	1.363626e-03
9.300000e+08	6.849770e+13	0.000000e+00	6.043955e-01	8.881712e+14	1.799617e+15	1.550824e+14	1.580161e+04	1.055216e+04	5.924869e+03	0	1.354597e-03
9.400000e+08	6.715804e+13	0.000000e+00	6.043955e-01	8.731797e+14	1.771822e+15	1.543776e+14	1.574692e+04	1.052175e+04	5.907794e+03	0	1.345708e-03
9.500000e+08	6.585603e+13	0.000000e+00	6.043955e-01	8.586037e+14	1.744769e+15	1.536775e+14	1.569315e+04	1.049182e+04	5.890988e+03	0	1.336955e-03
9.600000e+08	6.459023e+13	0.000000e+00	6.043955e-01	8.444275e+14	1.718431e+15	1.529822e+14	1.564027e+04	1.046236e+04	5.874445e+03	0	1.328334e-03
9.700000e+08	6.335929e+13	0.000000e+00	6.043955e-01	8.306361e+14	1.692781e+15	1.522917e+14	1.558826e+04	1.043335e+04	5.858158e+03	0	1.319841e-03
9.800000e+08	6.216188e+13	0.000000e+00	6.043955e-01	8.172151e+14	1.667795e+15	1.516059e+14	1.553709e+04	1.040478e+04	5.842119e+03	0	1.311474e-03
9.900000e+08	6.099678e+13	0.000000e+00	6.043955e-01	8.041510e+14	1.643449e+15	1.509247e+14	1.548675e+04	1.037665e+04	5.826324e+03	0	1.303228e-03
1.000000e+09	5.986280e+13	0.000000e+00	6.043955e-01	7.914306e+14	1.619719e+15	1.502482e+14	1.543720e+04	1.034894e+04	5.810765e+03	0	1.295102e-03
1.010000e+09	5.875880e+13	0.000000e+00	6.043955e-01	7.790417e+14	1.596583e+15	1.495762e+14	1.538843e+04	1.032164e+04	5.795437e+03	0	1.287091e-03
1.020000e+09	5.768371e+13	0.000000e+00	6.043955e-01	7.669723e+14	1.574022e+15	1.489088e+14	1.534042e+04	1.029474e+04	5.780333e+03	0	1.279192e-03
1.030000e+09	5.663649e+13	0.000000e+00	6.043955e-01	7.552111e+14	1.552016e+15	1.482459e+14	1.529315e+04	1.026824e+04	5.765449e+03	0	1.271404e-03
1.040000e+09	5.561617e+13	0.000000e+00	6.043955e-01	7.437473e+14	1.530545e+15	1.475875e+14	1.524660e+04	1.024211e+04	5.750780e+03	0	1.263723e-03
1.050000e+09	5.462180e+13	0.000000e+00	6.043955e-01	7.325707e+14	1.509590e+15	1.469335e+14	1.520076e+04	1.021635e+04	5.736319e+03	0	1.256146e-03
1.060000e+09	5.365249e+13	0.000000e+00	6.043955e-01	7.216713e+14	1.489135e+15	1.462840e+14	1.515559e+04	1.019096e+04	5.722062e+03	0	1.248671e-03
1.070000e+09	5.270738e+13	0.000000e+00	6.043955e-01	7.110396e+14	1.469164e+15	1.456388e+14	1.511110e+04	1.016593e+04	5.708005e+03	0	1.241296e-03
1.080000e+09	5.178564e+13	0.000000e+00	6.043955e-01	7.006667e+14	1.449659e+15	1.449980e+14	1.506726e+04	1.014124e+04	5.694142e+03	0	1.234017e-03
1.090000e+09	5.088648e+13	0.000000e+00	6.043955e-01	6.905439e+14	1.430607e+15	1.443614e+14	1.502405e+04	1.011689e+04	5.680469e+03	0	1.226834e-03
1.100000e+09	5.000916e+13	0.000000e+00	6.043955e-01	6.806629e+14	1.411991e+15	1.437292e+14	1.498146e+04	1.009286e+04	5.666982e+03	0	1.219742e-03
1.110000e+09	4.915295e+13	0.000000e+00	6.043955e-01	6.710157e+14	1.393799e+15	1.431012e+14	1.493948e+04	1.006917e+04	5.653676e+03	0	1.212741e-03
1.120000e+09	4.831716e+13	0.000000e+00	6.043955e-01	6.615947e+14	1.376015e+15	1.424774e+14	1.489809e+04	1.004579e+04	5.640547e+03	0	1.205828e-03
1.130000e+09	4.750112e+13	0.000000e+00	6.043955e-01	6.523927e+14	1.358629e+15	1.418577e+14	1.485728e+04	1.002271e+04	5.627592e+03	0	1.199001e-03
1.140000e+09	4.670421e+13	0.000000e+00	6.043955e-01	6.434026e+14	1.341627e+15	1.412423e+14	1.481704e+04	9.999941e+03	5.614806e+03	0	1.192258e-03
1.150000e+09	4.592580e+13	0.000000e+00	6.043955e-01	6.346177e+14	1.324998e+15	1.406309e+14	1.477734e+04	9.977465e+03	5.602186e+03	0	1.185597e-03
1.160000e+09	4.516531e+13	0.000000e+00	6.043955e-01	6.260316e+14	1.308730e+15	1.400236e+14	1.473818e+04	9.955278e+03	5.589729e+03	0	1.179016e-03
1.170000e+09	4.442219e+13	0.000000e+00	6.043955e-01	6.176381e+14	1.292811e+15	1.394203e+14	1.469955e+04	9.933373e+03	5.577429e+03	0	1.172514e-03
1.180000e+09	4.369588e+13	0.000000e+00	6.043955e-01	6.094312e+14	1.277232e+15	1.388211e+14	1.466144e+04	9.911745e+03	5.565286e+03	0	1.166089e-03
1.190000e+09	4.298588e+13	0.000000e+00	6.043955e-01	6.014052e+14	1.261982e+15	1.382258e+14	1.462383e+04	9.890387e+03	5.553294e+03	0	1.159739e-03
1.200000e+09	4.229168e+13	0.000000e+00	6.043955e-01	5.935546e+14	1.247052e+15	1.376345e+14	1.458671e+04	9.869294e+03	5.541450e+03	0	1.153462e-03
1.210000e+09	4.161280e+13	0.000000e+00	6.043955e-01	5.858741e+14	1.232431e+15	1.370471e+14	1.455008e+04	9.848461e+03	5.529753e+03	0	1.147256e-03
1.220000e+09	4.094879e+13	0.000000e+00	6.043955e-01	5.783587e+14	1.218112e+15	1.364636e+14	1.451391e+04	9.827882e+03	5.518198e+03	0	1.141121e-03
1.230000e+09	4.029919e+13	0.000000e+00	6.043955e-01	5.710035e+14	1.204085e+15	1.358840e+14	1.447821e+04	9.807551e+03	5.506782e+03	0	1.135055e-03
1.240000e+09	3.966358e+13	0.000000e+00	6.043955e-01	5.638037e+14	1.190342e+15	1.353082e+14	1.444296e+04	9.787464e+03	5.495504e+03	0	1.129056e-03
1.250000e+09	3.904156e+13	0.000000e+00	6.043955e-01	5.567548e+14	1.176875e+15	1.347362e+14	1.440815e+04	9.767616e+03	5.484359e+03	0	1.123123e-03
1.260000e+09	3.843271e+13	0.000000e+00	6.043955e-01	5.498525e+14	1.163676e+15	1.341680e+14	1.437377e+04	9.748001e+03	5.473346e+03	0	1.117254e-03
1.270000e+09	3.783668e+13	0.000000e+00	6.043955e-01	5.430925e+14	1.150737e+15	1.336035e+14	1.433982e+04	9.728616e+03	5.462462e+03	0	1.111448e-03
1.280000e+09	3.725307e+13	0.000000e+00	6.043955e-01	5.364708e+14	1.138052e+15	1.330427e+14	1.430629e+04	9.709456e+03	5.451704e+03	0	1.105704e-03
1.290000e+09	3.668155e+13	0.000000e+00	6.043955e-01	5.299835e+14	1.125613e+15	1.324856e+14	1.427316e+04	9.690516e+03	5.441069e+03	0	1.100020e-03
1.300000e+09	3.612177e+13	0.000000e+00	6.043955e-01	5.236268e+14	1.113414e+15	1.319322e+14	1.424043e+04	9.671792e+03	5.430556e+03	0	1.094396e-03
1.310000e+09	3.557340e+13	0.000000e+00	6.043955e-01	5.173972e+14	1.101447e+15	1.313824e+14	1.420808e+04	9.653280e+03	5.420162e+03	0	1.088830e-03
1.320000e+09	3.503612e+13	0.000000e+00	6.043955e-01	5.112910e+14	1.089708e+15	1.308362e+14	1.417613e+04	9.634975e+03	5.409884e+03	0	1.083320e-03
1.330000e+09	3.450963e+13	0.000000e+00	6.043955e-01	5.053049e+14	1.078189e+15	1.302935e+14	1.414455e+04	9.616875e+03	5.399721e+03	0	1.077866e-03
1.340000e+09	3.399363e+13	0.000000e+00	6.043955e-01	4.994357e+14	1.066885e+15	1.297545e+14	1.411333e+04	9.598974e+03	5.389670e+03	0	1.072467e-03
1.350000e+09	3.348784e+13	0.000000e+00	6.043955e-01	4.936801e+14	1.055790e+15	1.292189e+14	1.408248e+04	9.581270e+03	5.379729e+03	0	1.067122e-03
1.360000e+09	3.299198e+13	0.000000e+00	6.043955e-01	4.880353e+14	1.044900e+15	1.286868e+14	1.405198e+04	9.563758e+03	5.369896e+03	0	1.061828e-03
1.370000e+09	3.250578e+13	0.000000e+00	6.043955e-01	4.824981e+14	1.034207e+15	1.281582e+14	1.402183e+04	9.546435e+03	5.360170e+03	0	1.056586e-03
1.380000e+09	3.202899e+13	0.000000e+00	6.043955e-01	4.770658e+14	1.023708e+15	1.276330e+14	1.399202e+04	9.529297e+03	5.350548e+03	0	1.051395e-03
1.390000e+09	3.156136e+13	0.000000e+00	6.043955e-01	4.717356e+14	1.013397e+15	1.271113e+14	1.396254e+04	9.512342e+03	5.341028e+03	0	1.046253e-03
1.400000e+09	3.110265e+13	0.000000e+00	6.043955e-01	4.665048e+14	1.003271e+15	1.265929e+14	1.393339e+04	9.495566e+03	5.331608e+03	0	1.041160e-03
1.410000e+09	3.065263e+13	0.000000e+00	6.043955e-01	4.613710e+14	9.933225e+14	1.260779e+14	1.390456e+04	9.478965e+03	5.322287e+03	0	1.036114e-03
1.420000e+09	3.021106e+13	0.000000e+00	6.043955e-01	4.563316e+14	9.835492e+14	1.255662e+14	1.387605e+04	9.462537e+03	5.313063e+03	0	1.031114e-03
1.430000e+09	2.977775e+13	0.000000e+00	6.043955e-01	4.513842e+14	9.739459e+14	1.250578e+14	1.384785e+04	9.446278e+03	5.303934e+03	0	1.026161e-03
1.440000e+09	2.935246e+13	0.000000e+00	6.043955e-01	4.465265e+14	9.645088e+14	1.245527e+14	1.381995e+04	9.430186e+03	5.294898e+03	0	1.021252e-03
1.450000e+09	2.893501e+13	0.000000e+00	6.043955e-01	4.417562e+14	9.552339e+14	1.240509e+14	1.379235e+04	9.414257e+03	5.285954e+03	0	1.016388e-03
1.460000e+09	2.852519e+13	0.000000e+00	6.043955e-01	4.370712e+14	9.461165e+14	1.235522e+14	1.376504e+04	9.398489e+03	5.277101e+03	0	1.011566e-03
1.470000e+09	2.812281e+13	0.000000e+00	6.043955e-01	4.324693e+14	9.371535e+14	1.230568e+14	1.373803e+04	9.382879e+03	5.268336e+03	0	1.006787e-03
1.480000e+09	2.772769e+13	0.000000e+00	6.043955e-01	4.279485e+14	9.283414e+14	1.225646e+14	1.371129e+04	9.367424e+03	5.259658e+03	0	1.002050e-03
1.490000e+09	2.733965e+13	0.000000e+00	6.043955e-01	4.235069e+14	9.196759e+14	1.220756e+14	1.368484e+04	9.352122e+03	5.251066e+03	0	9.973536e-04
1.500000e+09	2.695852e+13	0.000000e+00	6.043955e-01	4.191424e+14	9.111538e+14	1.215897e+14	1.365866e+04	9.336969e+03	5.242559e+03	0	9.926973e-04
1.510000e+09	2.658412e+13	0.000000e+00	6.043955e-01	4.148533e+14	9.027720e+14	1.211068e+14	1.363274e+04	9.321965e+03	5.234134e+03	0	9.880804e-04
1.520000e+09	2.621631e+13	0.000000e+00	6.043955e-01	4.106378e+14	8.945273e+14	1.206271e+14	1.360710e+04	9.307105e+03	5.225790e+03	0	9.835022e-04
1.530000e+09	2.585491e+13	0.000000e+00	6.043955e-01	4.064940e+14	8.864161e+14	1.201505e+14	1.358171e+04	9.292388e+03	5.217527e+03	0	9.789620e-04
1.540000e+09	2.549977e+13	0.000000e+00	6.043955e-01	4.024204e+14	8.784352e+14	1.196768e+14	1.355657e+04	9.277811e+03	5.209342e+03	0	9.744591e-04
1.550000e+09	2.515075e+13	0.000000e+00	6.043955e-01	3.984152e+14	8.705822e+14	1.192062e+14	1.353169e+04	9.263373e+03	5.201235e+03	0	9.699928e-04
1.560000e+09	2.480770e+13	0.000000e+00	6.043955e-01	3.944768e+14	8.628538e+14	1.187386e+14	1.350705e+04	9.249070e+03	5.193204e+03	0	9.655624e-04
1.570000e+09	2.447049e+13	0.000000e+00	6.043955e-01	3.906038e+14	8.552475e+14	1.182740e+14	1.348266e+04	9.234900e+03	5.185248e+03	0	9.611675e-04
1.580000e+09	2.413897e+13	0.000000e+00	6.043955e-01	3.867946e+14	8.477603e+14	1.178123e+14	1.345850e+04	9.220862e+03	5.177366e+03	0	9.568072e-04
1.590000e+09	2.381302e+13	0.000000e+00	6.043955e-01	3.830478e+14	8.403897e+14	1.173536e+14	1.343458e+04	9.206954e+03	5.169557e+03	0	9.524810e-04
1.600000e+09	2.349251e+13	0.000000e+00	6.043955e-01	3.793618e+14	8.331332e+14	1.168977e+14	1.341089e+04	9.193173e+03	5.161819e+03	0	9.481884e-04
1.610000e+09	2.317731e+13	0.000000e+00	6.043955e-01	3.757355e+14	8.259879e+14	1.164448e+14	1.338743e+04	9.179517e+03	5.154151e+03	0	9.439287e-04
1.620000e+09	2.286730e+13	0.000000e+00	6.043955e-01	3.721674e+14	8.189517e+14	1.159947e+14	1.336419e+04	9.165984e+03	5.146553e+03	0	9.397013e-04
1.630000e+09	2.256237e+13	0.000000e+00	6.043955e-01	3.686562e+14	8.120222e+14	1.155474e+14	1.334117e+04	9.152573e+03	5.139023e+03	0	9.355057e-04
1.640000e+09	2.226241e+13	0.000000e+00	6.043955e-01	3.652006e+14	8.051970e+14	1.151030e+14	1.331836e+04	9.139281e+03	5.131560e+03	0	9.313414e-04
1.650000e+09	2.196730e+13	0.000000e+00	6.043955e-01	3.617996e+14	7.984739e+14	1.146613e+14	1.329577e+04	9.126107e+03	5.124163e+03	0	9.272077e-04
1.660000e+09	2.167693e+13	0.000000e+00	6.043955e-01	3.584517e+14	7.918512e+14	1.142224e+14	1.327339e+04	9.113050e+03	5.116831e+03	0	9.231043e-04
1.670000e+09	2.139120e+13	0.000000e+00	6.043955e-01	3.551560e+14	7.853257e+14	1.137863e+14	1.325122e+04	9.100106e+03	5.109563e+03	0	9.190305e-04
1.680000e+09	2.111002e+13	0.000000e+00	6.043955e-01	3.519112e+14	7.788965e+14	1.133529e+14	1.322924e+04	9.087275e+03	5.102359e+03	0	9.149859e-04
1.690000e+09	2.083327e+13	0.000000e+00	6.043955e-01	3.487163e+14	7.725608e+14	1.129223e+14	1.320747e+04	9.074554e+03	5.095216e+03	0	9.109699e-04
1.700000e+09	2.056087e+13	0.000000e+00	6.043955e-01	3.455702e+14	7.663170e+14	1.124943e+14	1.318590e+04	9.061943e+03	5.088135e+03	0	9.069821e-04
1.710000e+09	2.029273e+13	0.000000e+00	6.043955e-01	3.424719e+14	7.601633e+14	1.120690e+14	1.316452e+04	9.049439e+03	5.081115e+03	0	9.030219e-04
1.720000e+09	2.002874e+13	0.000000e+00	6.043955e-01	3.394204e+14	7.540977e+14	1.116464e+14	1.314333e+04	9.037041e+03	5.074153e+03	0	8.990891e-04
1.730000e+09	1.976883e+13	0.000000e+00	6.043955e-01	3.364146e+14	7.481183e+14	1.112264e+14	1.312232e+04	9.024747e+03	5.067251e+03	0	8.951830e-04
1.740000e+09	1.951290e+13	0.000000e+00	6.043955e-01	3.334537e+14	7.422234e+14	1.108090e+14	1.310151e+04	9.012556e+03	5.060406e+03	0	8.913032e-04
1.750000e+09	1.926088e+13	0.000000e+00	6.043955e-01	3.305366e+14	7.364116e+14	1.103942e+14	1.308087e+04	9.000467e+03	5.053618e+03	0	8.874493e-04
1.760000e+09	1.901268e+13	0.000000e+00	6.043955e-01	3.276626e+14	7.306808e+14	1.099819e+14	1.306042e+04	8.988478e+03	5.046886e+03	0	8.836208e-04
1.770000e+09	1.876822e+13	0.000000e+00	6.043955e-01	3.248307e+14	7.250297e+14	1.095723e+14	1.304014e+04	8.976587e+03	5.040210e+03	0	8.798174e-04
1.780000e+09	1.852743e+13	0.000000e+00	6.043955e-01	3.220400e+14	7.194567e+14	1.091651e+14	1.302004e+04	8.964793e+03	5.033588e+03	0	8.760386e-04
1.790000e+09	1.829023e+13	0.000000e+00	6.043955e-01	3.192897e+14	7.139601e+14	1.087605e+14	1.300011e+04	8.953095e+03	5.027019e+03	0	8.722840e-04
1.800000e+09	1.805654e+13	0.000000e+00	6.043955e-01	3.165791e+14	7.085382e+14	1.083584e+14	1.298035e+04	8.941492e+03	5.020504e+03	0	8.685531e-04
1.810000e+09	1.782631e+13	0.000000e+00	6.043955e-01	3.139073e+14	7.031903e+14	1.079588e+14	1.296076e+04	8.929981e+03	5.014041e+03	0	8.648457e-04
1.820000e+09	1.759945e+13	0.000000e+00	6.043955e-01	3.112735e+14	6.979142e+14	1.075616e+14	1.294133e+04	8.918562e+03	5.007630e+03	0	8.611613e-04
1.830000e+09	1.737590e+13	0.000000e+00	6.043955e-01	3.086770e+14	6.927089e+14	1.071669e+14	1.292206e+04	8.907234e+03	5.001269e+03	0	8.574996e-04
1.840000e+09	1.715559e+13	0.000000e+00	6.043955e-01	3.061170e+14	6.875730e+14	1.067746e+14	1.290296e+04	8.895995e+03	4.994958e+03	0	8.538601e-04
1.850000e+09	1.693846e+13	0.000000e+00	6.043955e-01	3.035929e+14	6.825050e+14	1.063847e+14	1.288401e+04	8.884844e+03	4.988697e+03	0	8.502425e-04
1.860000e+09	1.672444e+13	0.000000e+00	6.043955e-01	3.011039e+14	6.775040e+14	1.059972e+14	1.286522e+04	8.873780e+03	4.982485e+03	0	8.466464e-04
1.870000e+09	1.651349e+13	0.000000e+00	6.043955e-01	2.986494e+14	6.725684e+14	1.056121e+14	1.284658e+04	8.862802e+03	4.976321e+03	0	8.430716e-04
1.880000e+09	1.630552e+13	0.000000e+00	6.043955e-01	2.962287e+14	6.676971e+14	1.052293e+14	1.282809e+04	8.851908e+03	4.970204e+03	0	8.395175e-04
1.890000e+09	1.610050e+13	0.000000e+00	6.043955e-01	2.938411e+14	6.628889e+14	1.048489e+14	1.280975e+04	8.841097e+03	4.964134e+03	0	8.359840e-04
1.900000e+09	1.589835e+13	0.000000e+00	6.043955e-01	2.914860e+14	6.581425e+14	1.044708e+14	1.279156e+04	8.830369e+03	4.958111e+03	0	8.324706e-04
1.910000e+09	1.569903e+13	0.000000e+00	6.043955e-01	2.891628e+14	6.534571e+14	1.040950e+14	1.277352e+04	8.819723e+03	4.952133e+03	0	8.289770e-04
1.920000e+09	1.550248e+13	0.000000e+00	6.043955e-01	2.868709e+14	6.488312e+14	1.037214e+14	1.275561e+04	8.809156e+03	4.946200e+03	0	8.255029e-04
1.930000e+09	1.530865e+13	0.000000e+00	6.043955e-01	2.846098e+14	6.442640e+14	1.033502e+14	1.273785e+04	8.798668e+03	4.940311e+03	0	8.220480e-04
1.940000e+09	1.511749e+13	0.000000e+00	6.043955e-01	2.823787e+14	6.397542e+14	1.029812e+14	1.272023e+04	8.788259e+03	4.934466e+03	0	8.186119e-04
1.950000e+09	1.492894e+13	0.000000e+00	6.043955e-01	2.801773e+14	6.353010e+14	1.026144e+14	1.270275e+04	8.777926e+03	4.928665e+03	0	8.151944e-04
1.960000e+09	1.474297e+13	0.000000e+00	6.043955e-01	2.780048e+14	6.309033e+14	1.022499e+14	1.268540e+04	8.767670e+03	4.922906e+03	0	8.117952e-04
1.970000e+09	1.455951e+13	0.000000e+00	6.043955e-01	2.758609e+14	6.265602e+14	1.018875e+14	1.266819e+04	8.757489e+03	4.917189e+03	0	8.084139e-04
1.980000e+09	1.437852e+13	0.000000e+00	6.043955e-01	2.737449e+14	6.222704e+14	1.015274e+14	1.265111e+04	8.747382e+03	4.911514e+03	0	8.050502e-04
1.990000e+09	1.419997e+13	0.000000e+00	6.043955e-01	2.716564e+14	6.180333e+14	1.011694e+14	1.263416e+04	8.737348e+03	4.905881e+03	0	8.017039e-04
2.000000e+09	1.402380e+13	0.000000e+00	6.043955e-01	2.695949e+14	6.138477e+14	1.008136e+14	1.261734e+04	8.727386e+03	4.900287e+03	0	7.983746e-04
2.010000e+09	1.384996e+13	0.000000e+00	6.043955e-01	2.675598e+14	6.097131e+14	1.004599e+14	1.260064e+04	8.717496e+03	4.894734e+03	0	7.950621e-04
2.020000e+09	1.367843e+13	0.000000e+00	6.043955e-01	2.655508e+14	6.056283e+14	1.001083e+14	1.258407e+04	8.707677e+03	4.889221e+03	0	7.917661e-04
2.030000e+09	1.350915e+13	0.000000e+00	6.043955e-01	2.635673e+14	6.015925e+14	9.975889e+13	1.256763e+04	8.697927e+03	4.883746e+03	0	7.884864e-04
2.040000e+09	1.334209e+13	0.000000e+00	6.043955e-01	2.616089e+14	5.976051e+14	9.941153e+13	1.255131e+04	8.688245e+03	4.878310e+03	0	7.852225e-04
2.050000e+09	1.317720e+13	0.000000e+00	6.043955e-01	2.596751e+14	5.936649e+14	9.906625e+13	1.253510e+04	8.678632e+03	4.872913e+03	0	7.819744e-04
2.060000e+09	1.301445e+13	0.000000e+00	6.043955e-01	2.577656e+14	5.897712e+14	9.872303e+13	1.251902e+04	8.669086e+03	4.867553e+03	0	7.787417e-04
2.070000e+09	1.285380e+13	0.000000e+00	6.043955e-01	2.558798e+14	5.859232e+14	9.838185e+13	1.250306e+04	8.659606e+03	4.862230e+03	0	7.755242e-04
2.080000e+09	1.269521e+13	0.000000e+00	6.043955e-01	2.540174e+14	5.821204e+14	9.804272e+13	1.248721e+04	8.650191e+03	4.856944e+03	0	7.723215e-04
2.090000e+09	1.253865e+13	0.000000e+00	6.043955e-01	2.521781e+14	5.783618e+14	9.770559e+13	1.247148e+04	8.640842e+03	4.851694e+03	0	7.691335e-04
2.100000e+09	1.238408e+13	0.000000e+00	6.043955e-01	2.503612e+14	5.746467e+14	9.737048e+13	1.245586e+04	8.631556e+03	4.846480e+03	0	7.659599e-04
2.110000e+09	1.223146e+13	0.000000e+00	6.043955e-01	2.485666e+14	5.709744e+14	9.703735e+13	1.244035e+04	8.622333e+03	4.841302e+03	0	7.628005e-04
2.120000e+09	1.208077e+13	0.000000e+00	6.043955e-01	2.467938e+14	5.673443e+14	9.670619e+13	1.242496e+04	8.613173e+03	4.836158e+03	0	7.596549e-04
2.130000e+09	1.193196e+13	0.000000e+00	6.043955e-01	2.450425e+14	5.637554e+14	9.637700e+13	1.240967e+04	8.604075e+03	4.831050e+03	0	7.565230e-04
2.140000e+09	1.178502e+13	0.000000e+00	6.043955e-01	2.433122e+14	5.602072e+14	9.604975e+13	1.239449e+04	8.595037e+03	4.825975e+03	0	7.534046e-04
2.150000e+09	1.163989e+13	0.000000e+00	6.043955e-01	2.416027e+14	5.566992e+14	9.572443e+13	1.237942e+04	8.586060e+03	4.820935e+03	0	7.502993e-04
2.160000e+09	1.149657e+13	0.000000e+00	6.043955e-01	2.399135e+14	5.532307e+14	9.540103e+13	1.236446e+04	8.577142e+03	4.815928e+03	0	7.472070e-04
2.170000e+09	1.135500e+13	0.000000e+00	6.043955e-01	2.382444e+14	5.498008e+14	9.507954e+13	1.234959e+04	8.568283e+03	4.810953e+03	0	7.441274e-04
2.180000e+09	1.121518e+13	0.000000e+00	6.043955e-01	2.365950e+14	5.464092e+14	9.475993e+13	1.233484e+04	8.559482e+03	4.806012e+03	0	7.410603e-04
2.190000e+09	1.107705e+13	0.000000e+00	6.043955e-01	2.349649e+14	5.430550e+14	9.444220e+13	1.232018e+04	8.550739e+03	4.801103e+03	0	7.380055e-04
2.200000e+09	1.094061e+13	0.000000e+00	6.043955e-01	2.333540e+14	5.397379e+14	9.412634e+13	1.230562e+04	8.542053e+03	4.796226e+03	0	7.349627e-04
2.210000e+09	1.080581e+13	0.000000e+00	6.043955e-01	2.317618e+14	5.364571e+14	9.381232e+13	1.229117e+04	8.533423e+03	4.791380e+03	0	7.319318e-04
2.220000e+09	1.067263e+13	0.000000e+00	6.043955e-01	2.301880e+14	5.332121e+14	9.350014e+13	1.227681e+04	8.524848e+03	4.786565e+03	0	7.289125e-04
2.230000e+09	1.054105e+13	0.000000e+00	6.043955e-01	2.286324e+14	5.300024e+14	9.318979e+13	1.226255e+04	8.516328e+03	4.781782e+03	0	7.259045e-04
2.240000e+09	1.041104e+13	0.000000e+00	6.043955e-01	2.270947e+14	5.268272e+14	9.288124e+13	1.224838e+04	8.507863e+03	4.777029e+03	0	7.229078e-04
2.250000e+09	1.028257e+13	0.000000e+00	6.043955e-01	2.255745e+14	5.236865e+14	9.257449e+13	1.223431e+04	8.499452e+03	4.772306e+03	0	7.199220e-04
2.260000e+09	1.015563e+13	0.000000e+00	6.043955e-01	2.240717e+14	5.205792e+14	9.226953e+13	1.222034e+04	8.491093e+03	4.767613e+03	0	7.169470e-04
2.270000e+09	1.003017e+13	0.000000e+00	6.043955e-01	2.225858e+14	5.175051e+14	9.196633e+13	1.220646e+04	8.482788e+03	4.762949e+03	0	7.139826e-04
2.280000e+09	9.906187e+12	0.000000e+00	6.043955e-01	2.211167e+14	5.144635e+14	9.166490e+13	1.219266e+04	8.474534e+03	4.758315e+03	0	7.110285e-04
2.290000e+09	9.783649e+12	0.000000e+00	6.043955e-01	2.196641e+14	5.114541e+14	9.136521e+13	1.217896e+04	8.466331e+03	4.753709e+03	0	7.080846e-04
2.300000e+09	9.662534e+12	0.000000e+00	6.043955e-01	2.182277e+14	5.084763e+14	9.106725e+13	1.216535e+04	8.458180e+03	4.749132e+03	0	7.051506e-04
2.310000e+09	9.542821e+12	0.000000e+00	6.043955e-01	2.168073e+14	5.055297e+14	9.077102e+13	1.215183e+04	8.450079e+03	4.744584e+03	0	7.022263e-04
2.320000e+09	9.424486e+12	0.000000e+00	6.043955e-01	2.154026e+14	5.026137e+14	9.047649e+13	1.213840e+04	8.442027e+03	4.740063e+03	0	6.993116e-04
2.330000e+09	9.307508e+12	0.000000e+00	6.043955e-01	2.140133e+14	4.997280e+14	9.018366e+13	1.212505e+04	8.434025e+03	4.735570e+03	0	6.964062e-04
2.340000e+09	9.191867e+12	0.000000e+00	6.043955e-01	2.126394e+14	4.968722e+14	8.989252e+13	1.211179e+04	8.426071e+03	4.731104e+03	0	6.935100e-04
2.350000e+09	9.077540e+12	0.000000e+00	6.043955e-01	2.112804e+14	4.940455e+14	8.960305e+13	1.209861e+04	8.418166e+03	4.726665e+03	0	6.906228e-04
2.360000e+09	8.964508e+12	0.000000e+00	6.043955e-01	2.099362e+14	4.912478e+14	8.931523e+13	1.208552e+04	8.410308e+03	4.722253e+03	0	6.877443e-04
2.370000e+09	8.852751e+12	0.000000e+00	6.043955e-01	2.086066e+14	4.884786e+14	8.902907e+13	1.207251e+04	8.402498e+03	4.717868e+03	0	6.848744e-04
2.380000e+09	8.742248e+12	0.000000e+00	6.043955e-01	2.072913e+14	4.857376e+14	8.874455e+13	1.205958e+04	8.394734e+03	4.713509e+03	0	6.820129e-04
2.390000e+09	8.632982e+12	0.000000e+00	6.043955e-01	2.059901e+14	4.830241e+14	8.846165e+13	1.204674e+04	8.387017e+03	4.709175e+03	0	6.791595e-04
2.400000e+09	8.524932e+12	0.000000e+00	6.043955e-01	2.047028e+14	4.803379e+14	8.818036e+13	1.203397e+04	8.379345e+03	4.704868e+03	0	6.763142e-04
2.410000e+09	8.418081e+12	0.000000e+00	6.043955e-01	2.034292e+14	4.776786e+14	8.790068e+13	1.202129e+04	8.371718e+03	4.700585e+03	0	6.734767e-04
2.420000e+09	8.312410e+12	0.000000e+00	6.043955e-01	2.021691e+14	4.750457e+14	8.762259e+13	1.200868e+04	8.364136e+03	4.696328e+03	0	6.706468e-04
2.430000e+09	8.207902e+12	0.000000e+00	6.043955e-01	2.009224e+14	4.724389e+14	8.734608e+13	1.199615e+04	8.356599e+03	4.692096e+03	0	6.678243e-04
2.440000e+09	8.104539e+12	0.000000e+00	6.043955e-01	1.996887e+14	4.698579e+14	8.707113e+13	1.198370e+04	8.349105e+03	4.687888e+03	0	6.650091e-04
2.450000e+09	8.002304e+12	0.000000e+00	6.043955e-01	1.984679e+14	4.673022e+14	8.679775e+13	1.197132e+04	8.341655e+03	4.683705e+03	0	6.622010e-04
2.460000e+09	7.901180e+12	0.000000e+00	6.043955e-01	1.972598e+14	4.647716e+14	8.652591e+13	1.195902e+04	8.334247e+03	4.679546e+03	0	6.593998e-04
2.470000e+09	7.801150e+12	0.000000e+00	6.043955e-01	1.960643e+14	4.622657e+14	8.625561e+13	1.194680e+04	8.326883e+03	4.675411e+03	0	6.566053e-04
2.480000e+09	7.702199e+12	0.000000e+00	6.043955e-01	1.948811e+14	4.597839e+14	8.598683e+13	1.193464e+04	8.319560e+03	4.671300e+03	0	6.538173e-04
2.490000e+09	7.604311e+12	0.000000e+00	6.043955e-01	1.937100e+14	4.573263e+14	8.571957e+13	1.192257e+04	8.312279e+03	4.667211e+03	0	6.510357e-04
2.500000e+09	7.507470e+12	0.000000e+00	6.043955e-01	1.925510e+14	4.548923e+14	8.545381e+13	1.191056e+04	8.305040e+03	4.663146e+03	0	6.482602e-04
2.510000e+09	7.411661e+12	0.000000e+00	6.043955e-01	1.914038e+14	4.524816e+14	8.518954e+13	1.189863e+04	8.297841e+03	4.659105e+03	0	6.454907e-04
2.520000e+09	7.316868e+12	0.000000e+00	6.043955e-01	1.902683e+14	4.500939e+14	8.492676e+13	1.188676e+04	8.290683e+03	4.655085e+03	0	6.427271e-04
2.530000e+09	7.223078e+12	0.000000e+00	6.043955e-01	1.891442e+14	4.477289e+14	8.466545e+13	1.187497e+04	8.283564e+03	4.651088e+03	0	6.399690e-04
2.540000e+09	7.130275e+12	0.000000e+00	6.043955e-01	1.880315e+14	4.453862e+14	8.440560e+13	1.186324e+04	8.276486e+03	4.647114e+03	0	6.372164e-04
2.550000e+09	7.038446e+12	0.000000e+00	6.043955e-01	1.869299e+14	4.430657e+14	8.414720e+13	1.185159e+04	8.269447e+03	4.643162e+03	0	6.344690e-04
2.560000e+09	6.947576e+12	0.000000e+00	6.043955e-01	1.858393e+14	4.407669e+14	8.389024e+13	1.184000e+04	8.262446e+03	4.639231e+03	0	6.317268e-04
2.570000e+09	6.857652e+12	0.000000e+00	6.043955e-01	1.847596e+14	4.384896e+14	8.363472e+13	1.182848e+04	8.255485e+03	4.635322e+03	0	6.289894e-04
2.580000e+09	6.768661e+12	0.000000e+00	6.043955e-01	1.836906e+14	4.362334e+14	8.338062e+13	1.181703e+04	8.248561e+03	4.631435e+03	0	6.262568e-04
2.590000e+09	6.680589e+12	0.000000e+00	6.043955e-01	1.826322e+14	4.339982e+14	8.312792e+13	1.180564e+04	8.241675e+03	4.627568e+03	0	6.235287e-04
2.600000e+09	6.593424e+12	0.000000e+00	6.043955e-01	1.815841e+14	4.317836e+14	8.287663e+13	1.179432e+04	8.234827e+03	4.623723e+03	0	6.208049e-04
2.610000e+09	6.507152e+12	0.000000e+00	6.043955e-01	1.805463e+14	4.295894e+14	8.262674e+13	1.178307e+04	8.228016e+03	4.619899e+03	0	6.180854e-04
2.620000e+09	6.421761e+12	0.000000e+00	6.043955e-01	1.795187e+14	4.274153e+14	8.237822e+13	1.177187e+04	8.221241e+03	4.616095e+03	0	6.153699e-04
2.630000e+09	6.337239e+12	0.000000e+00	6.043955e-01	1.785010e+14	4.252610e+14	8.213108e+13	1.176074e+04	8.214503e+03	4.612312e+03	0	6.126581e-04
2.640000e+09	6.253574e+12	0.000000e+00	6.043955e-01	1.774932e+14	4.231263e+14	8.188530e+13	1.174968e+04	8.207801e+03	4.608548e+03	0	6.099500e-04
2.650000e+09	6.170753e+12	0.000000e+00	6.043955e-01	1.764951e+14	4.210108e+14	8.164087e+13	1.173867e+04	8.201134e+03	4.604805e+03	0	6.072454e-04
2.660000e+09	6.088767e+12	0.000000e+00	6.043955e-01	1.755066e+14	4.189144e+14	8.139779e+13	1.172773e+04	8.194503e+03	4.601082e+03	0	6.045441e-04
2.670000e+09	6.007602e+12	0.000000e+00	6.043955e-01	1.745275e+14	4.168368e+14	8.115604e+13	1.171685e+04	8.187908e+03	4.597379e+03	0	6.018458e-04
2.680000e+09	5.927248e+12	0.000000e+00	6.043955e-01	1.735578e+14	4.147779e+14	8.091562e+13	1.170603e+04	8.181346e+03	4.593695e+03	0	5.991504e-04
2.690000e+09	5.847693e+12	0.000000e+00	6.043955e-01	1.725973e+14	4.127373e+14	8.067651e+13	1.169527e+04	8.174819e+03	4.590030e+03	0	5.964578e-04
2.700000e+09	5.768928e+12	0.000000e+00	6.043955e-01	1.716459e+14	4.107147e+14	8.043871e+13	1.168457e+04	8.168327e+03	4.586384e+03	0	5.937677e-04
2.710000e+09	5.690940e+12	0.000000e+00	6.043955e-01	1.707034e+14	4.087101e+14	8.020221e+13	1.167393e+04	8.161868e+03	4.582758e+03	0	5.910799e-04
2.720000e+09	5.613721e+12	0.000000e+00	6.043955e-01	1.697697e+14	4.067230e+14	7.996700e+13	1.166335e+04	8.155442e+03	4.579150e+03	0	5.883943e-04
2.730000e+09	5.537259e+12	0.000000e+00	6.043955e-01	1.688448e+14	4.047535e+14	7.973307e+13	1.165282e+04	8.149050e+03	4.575561e+03	0	5.857106e-04
2.740000e+09	5.461544e+12	0.000000e+00	6.043955e-01	1.679285e+14	4.028010e+14	7.950041e+13	1.164235e+04	8.142691e+03	4.571990e+03	0	5.830288e-04
2.750000e+09	5.386566e+12	0.000000e+00	6.043955e-01	1.670207e+14	4.008656e+14	7.926902e+13	1.163194e+04	8.136364e+03	4.568438e+03	0	5.803485e-04
2.760000e+09	5.312316e+12	0.000000e+00	6.043955e-01	1.661213e+14	3.989470e+14	7.903888e+13	1.162158e+04	8.130069e+03	4.564903e+03	0	5.776696e-04
2.770000e+09	5.238784e+12	0.000000e+00	6.043955e-01	1.652302e+14	3.970449e+14	7.880998e+13	1.161128e+04	8.123807e+03	4.561387e+03	0	5.749918e-04
2.780000e+09	5.165961e+12	0.000000e+00	6.043955e-01	1.643472e+14	3.951591e+14	7.858232e+13	1.160104e+04	8.117576e+03	4.557888e+03	0	5.723151e-04
2.790000e+09	5.093836e+12	0.000000e+00	6.043955e-01	1.634724e+14	3.932897e+14	7.835589e+13	1.159085e+04	8.111376e+03	4.554408e+03	0	5.696392e-04
2.800000e+09	5.022402e+12	0.000000e+00	6.043955e-01	1.626054e+14	3.914360e+14	7.813068e+13	1.158071e+04	8.105208e+03	4.550944e+03	0	5.669638e-04
2.810000e+09	4.951649e+12	0.000000e+00	6.043955e-01	1.617464e+14	3.895983e+14	7.790668e+13	1.157063e+04	8.099070e+03	4.547498e+03	0	5.642888e-04
2.820000e+09	4.881568e+12	0.000000e+00	6.043955e-01	1.608951e+14	3.877759e+14	7.768389e+13	1.156060e+04	8.092964e+03	4.544069e+03	0	5.616141e-04
2.830000e+09	4.812151e+12	0.000000e+00	6.043955e-01	1.600515e+14	3.859691e+14	7.746229e+13	1.155062e+04	8.086887e+03	4.540657e+03	0	5.589392e-04
2.840000e+09	4.743389e+12	0.000000e+00	6.043955e-01	1.592154e+14	3.841774e+14	7.724188e+13	1.154070e+04	8.080841e+03	4.537262e+03	0	5.562642e-04
2.850000e+09	4.675273e+12	0.000000e+00	6.043955e-01	1.583868e+14	3.824008e+14	7.702265e+13	1.153083e+04	8.074824e+03	4.533884e+03	0	5.535887e-04
2.860000e+09	4.607796e+12	0.000000e+00	6.043955e-01	1.575656e+14	3.806389e+14	7.680458e+13	1.152101e+04	8.068837e+03	4.530523e+03	0	5.509125e-04
2.870000e+09	4.540949e+12	0.000000e+00	6.043955e-01	1.567517e+14	3.788918e+14	7.658768e+13	1.151124e+04	8.062880e+03	4.527177e+03	0	5.482354e-04
2.880000e+09	4.474724e+12	0.000000e+00	6.043955e-01	1.559450e+14	3.771591e+14	7.637194e+13	1.150152e+04	8.056951e+03	4.523849e+03	0	5.455572e-04
2.890000e+09	4.409114e+12	0.000000e+00	6.043955e-01	1.551454e+14	3.754408e+14	7.615734e+13	1.149184e+04	8.051051e+03	4.520536e+03	0	5.428776e-04
2.900000e+09	4.344110e+12	0.000000e+00	6.043955e-01	1.543528e+14	3.737365e+14	7.594389e+13	1.148222e+04	8.045180e+03	4.517239e+03	0	5.401965e-04
2.910000e+09	4.279704e+12	0.000000e+00	6.043955e-01	1.535671e+14	3.720462e+14	7.573156e+13	1.147265e+04	8.039337e+03	4.513959e+03	0	5.375136e-04
2.920000e+09	4.215891e+12	0.000000e+00	6.043955e-01	1.527883e+14	3.703698e+14	7.552036e+13	1.146313e+04	8.033522e+03	4.510694e+03	0	5.348286e-04
2.930000e+09	4.152661e+12	0.000000e+00	6.043955e-01	1.520162e+14	3.687070e+14	7.531027e+13	1.145365e+04	8.027735e+03	4.507444e+03	0	5.321414e-04
2.940000e+09	4.090008e+12	0.000000e+00	6.043955e-01	1.512508e+14	3.670576e+14	7.510130e+13	1.144423e+04	8.021976e+03	4.504211e+03	0	5.294516e-04
2.950000e+09	4.027925e+12	0.000000e+00	6.043955e-01	1.504921e+14	3.654216e+14	7.489342e+13	1.143485e+04	8.016244e+03	4.500992e+03	0	5.267590e-04
2.960000e+09	3.966405e+12	0.000000e+00	6.043955e-01	1.497398e+14	3.637988e+14	7.468664e+13	1.142551e+04	8.010539e+03	4.497789e+03	0	5.240634e-04
2.970000e+09	3.905440e+12	0.000000e+00	6.043955e-01	1.489940e+14	3.621890e+14	7.448094e+13	1.141623e+04	8.004861e+03	4.494601e+03	0	5.213645e-04
2.980000e+09	3.845023e+12	0.000000e+00	6.043955e-01	1.482546e+14	3.605922e+14	7.427633e+13	1.140699e+04	7.999210e+03	4.491428e+03	0	5.186621e-04
2.990000e+09	3.785149e+12	0.000000e+00	6.043955e-01	1.475214e+14	3.590078e+14	7.407279e+13	1.139779e+04	7.993585e+03	4.488270e+03	0	5.159558e-04
3.000000e+09	3.725811e+12	0.000000e+00	6.043955e-01	1.467945e+14	3.574363e+14	7.387031e+13	1.138864e+04	7.987987e+03	4.485126e+03	0	5.132455e-04
3.010000e+09	3.667001e+12	0.000000e+00	6.043955e-01	1.460736e+14	3.558771e+14	7.366888e+13	1.137954e+04	7.982414e+03	4.481997e+03	0	5.105307e-04
3.020000e+09	3.608714e+12	0.000000e+00	6.043955e-01	1.453589e+14	3.543302e+14	7.346851e+13	1.137048e+04	7.976868e+03	4.478883e+03	0	5.078113e-04
3.030000e+09	3.550944e+12	0.000000e+00	6.043955e-01	1.446501e+14	3.527955e+14	7.326919e+13	1.136146e+04	7.971347e+03	4.475783e+03	0	5.050869e-04
3.040000e+09	3.493683e+12	0.000000e+00	6.043955e-01	1.439473e+14	3.512727e+14	7.307089e+13	1.135249e+04	7.965851e+03	4.472698e+03	0	5.023573e-04
3.050000e+09	3.436926e+12	0.000000e+00	6.043955e-01	1.432503e+14	3.497619e+14	7.287363e+13	1.134357e+04	7.960381e+03	4.469626e+03	0	4.996220e-04
3.060000e+09	3.380668e+12	0.000000e+00	6.043955e-01	1.425592e+14	3.482628e+14	7.267739e+13	1.133468e+04	7.954936e+03	4.466569e+03	0	4.968809e-04
3.070000e+09	3.324901e+12	0.000000e+00	6.043955e-01	1.418737e+14	3.467754e+14	7.248217e+13	1.132584e+04	7.949516e+03	4.463525e+03	0	4.941336e-04
3.080000e+09	3.269620e+12	0.000000e+00	6.043955e-01	1.411939e+14	3.452995e+14	7.228795e+13	1.131704e+04	7.944120e+03	4.460496e+03	0	4.913798e-04
3.090000e+09	3.214820e+12	0.000000e+00	6.043955e-01	1.405196e+14	3.438348e+14	7.209474e+13	1.130828e+04	7.938749e+03	4.457480e+03	0	4.886191e-04
3.100000e+09	3.160494e+12	0.000000e+00	6.043955e-01	1.398509e+14	3.423814e+14	7.190252e+13	1.129957e+04	7.933402e+03	4.454478e+03	0	4.858511e-04
3.110000e+09	3.106638e+12	0.000000e+00	6.043955e-01	1.391877e+14	3.409392e+14	7.171130e+13	1.129089e+04	7.928079e+03	4.451489e+03	0	4.830756e-04
3.120000e+09	3.053245e+12	0.000000e+00	6.043955e-01	1.385298e+14	3.395080e+14	7.152105e+13	1.128226e+04	7.922779e+03	4.448513e+03	0	4.802921e-04
3.130000e+09	3.000311e+12	0.000000e+00	6.043955e-01	1.378773e+14	3.380876e+14	7.133178e+13	1.127367e+04	7.917504e+03	4.445551e+03	0	4.775002e-04
3.140000e+09	2.947829e+12	0.000000e+00	6.043955e-01	1.372300e+14	3.366780e+14	7.114348e+13	1.126511e+04	7.912252e+03	4.442602e+03	0	4.746997e-04
3.150000e+09	2.895795e+12	0.000000e+00	6.043955e-01	1.365880e+14	3.352789e+14	7.095614e+13	1.125660e+04	7.907023e+03	4.439667e+03	0	4.718900e-04
3.160000e+09	2.844203e+12	0.000000e+00	6.043955e-01	1.359511e+14	3.338904e+14	7.076976e+13	1.124813e+04	7.901818e+03	4.436744e+03	0	4.690708e-04
3.170000e+09	2.793049e+12	0.000000e+00	6.043955e-01	1.353193e+14	3.325124e+14	7.058432e+13	1.123970e+04	7.896635e+03	4.433834e+03	0	4.662416e-04
3.180000e+09	2.742327e+12	0.000000e+00	6.043955e-01	1.346926e+14	3.311447e+14	7.039983e+13	1.123130e+04	7.891475e+03	4.430937e+03	0	4.634020e-04
3.190000e+09	2.692032e+12	0.000000e+00	6.043955e-01	1.340708e+14	3.297871e+14	7.021628e+13	1.122295e+04	7.886338e+03	4.428052e+03	0	4.605516e-04
3.200000e+09	2.642160e+12	0.000000e+00	6.043955e-01	1.334540e+14	3.284396e+14	7.003366e+13	1.121463e+04	7.881223e+03	4.425180e+03	0	4.576898e-04
3.210000e+09	2.592706e+12	0.000000e+00	6.043955e-01	1.328420e+14	3.271021e+14	6.985197e+13	1.120635e+04	7.876131e+03	4.422321e+03	0	4.548162e-04
3.220000e+09	2.543664e+12	0.000000e+00	6.043955e-01	1.322349e+14	3.257744e+14	6.967119e+13	1.119811e+04	7.871060e+03	4.419474e+03	0	4.519303e-04
3.230000e+09	2.495030e+12	0.000000e+00	6.043955e-01	1.316325e+14	3.244565e+14	6.949133e+13	1.118991e+04	7.866012e+03	4.416639e+03	0	4.490315e-04
3.240000e+09	2.446801e+12	0.000000e+00	6.043955e-01	1.310348e+14	3.231482e+14	6.931237e+13	1.118174e+04	7.860985e+03	4.413817e+03	0	4.461193e-04
3.250000e+09	2.398970e+12	0.000000e+00	6.043955e-01	1.304418e+14	3.218496e+14	6.913432e+13	1.117362e+04	7.855980e+03	4.411007e+03	0	4.431932e-04
3.260000e+09	2.351534e+12	0.000000e+00	6.043955e-01	1.298534e+14	3.205603e+14	6.895716e+13	1.116552e+04	7.850996e+03	4.408208e+03	0	4.402526e-04
3.270000e+09	2.304488e+12	0.000000e+00	6.043955e-01	1.292695e+14	3.192804e+14	6.878089e+13	1.115747e+04	7.846033e+03	4.405422e+03	0	4.372968e-04
3.280000e+09	2.257828e+12	0.000000e+00	6.043955e-01	1.286902e+14	3.180098e+14	6.860550e+13	1.114945e+04	7.841092e+03	4.402647e+03	0	4.343253e-04
3.290000e+09	2.211549e+12	0.000000e+00	6.043955e-01	1.281153e+14	3.167483e+14	6.843099e+13	1.114147e+04	7.836172e+03	4.399885e+03	0	4.313373e-04
3.300000e+09	2.165648e+12	0.000000e+00	6.043955e-01	1.275448e+14	3.154959e+14	6.825735e+13	1.113352e+04	7.831272e+03	4.397134e+03	0	4.283323e-04
3.310000e+09	2.120120e+12	0.000000e+00	6.043955e-01	1.269787e+14	3.142525e+14	6.808458e+13	1.112561e+04	7.826393e+03	4.394394e+03	0	4.253094e-04
3.320000e+09	2.074961e+12	0.000000e+00	6.043955e-01	1.264169e+14	3.130180e+14	6.791267e+13	1.111773e+04	7.821534e+03	4.391666e+03	0	4.222680e-04
3.330000e+09	2.030166e+12	0.000000e+00	6.043955e-01	1.258594e+14	3.117922e+14	6.774161e+13	1.110989e+04	7.816696e+03	4.388950e+03	0	4.192072e-04
3.340000e+09	1.985733e+12	0.000000e+00	6.043955e-01	1.253061e+14	3.105751e+14	6.757140e+13	1.110208e+04	7.811878e+03	4.386244e+03	0	4.161263e-04
3.350000e+09	1.941657e+12	0.000000e+00	6.043955e-01	1.247570e+14	3.093667e+14	6.740204e+13	1.109430e+04	7.807080e+03	4.383550e+03	0	4.130244e-04
3.360000e+09	1.897934e+12	0.000000e+00	6.043955e-01	1.242120e+14	3.081668e+14	6.723351e+13	1.108656e+04	7.802302e+03	4.380868e+03	0	4.099006e-04
3.370000e+09	1.854561e+12	0.000000e+00	6.043955e-01	1.236711e+14	3.069754e+14	6.706582e+13	1.107886e+04	7.797544e+03	4.378196e+03	0	4.067540e-04
3.380000e+09	1.811532e+12	0.000000e+00	6.043955e-01	1.231343e+14	3.057923e+14	6.689895e+13	1.107119e+04	7.792806e+03	4.375535e+03	0	4.035836e-04
3.390000e+09	1.768846e+12	0.000000e+00	6.043955e-01	1.226014e+14	3.046174e+14	6.673291e+13	1.106355e+04	7.788086e+03	4.372886e+03	0	4.003884e-04
3.400000e+09	1.726498e+12	0.000000e+00	6.043955e-01	1.220725e+14	3.034507e+14	6.656768e+13	1.105594e+04	7.783387e+03	4.370247e+03	0	3.971673e-04
3.410000e+09	1.684484e+12	0.000000e+00	6.043955e-01	1.215476e+14	3.022922e+14	6.640326e+13	1.104837e+04	7.778706e+03	4.367619e+03	0	3.939192e-04
3.420000e+09	1.642802e+12	0.000000e+00	6.043955e-01	1.210265e+14	3.011417e+14	6.623965e+13	1.104083e+04	7.774044e+03	4.365001e+03	0	3.906429e-04
3.430000e+09	1.601446e+12	0.000000e+00	6.043955e-01	1.205093e+14	2.999992e+14	6.607684e+13	1.103332e+04	7.769402e+03	4.362394e+03	0	3.873370e-04
3.440000e+09	1.560415e+12	0.000000e+00	6.043955e-01	1.199959e+14	2.988644e+14	6.591483e+13	1.102584e+04	7.764778e+03	4.359798e+03	0	3.840003e-04
3.450000e+09	1.519704e+12	0.000000e+00	6.043955e-01	1.194862e+14	2.977375e+14	6.575360e+13	1.101840e+04	7.760173e+03	4.357212e+03	0	3.806313e-04
3.460000e+09	1.479310e+12	0.000000e+00	6.043955e-01	1.189802e+14	2.966183e+14	6.559316e+13	1.101098e+04	7.755586e+03	4.354637e+03	0	3.772286e-04
3.470000e+09	1.439230e+12	0.000000e+00	6.043955e-01	1.184780e+14	2.955068e+14	6.543351e+13	1.100360e+04	7.751018e+03	4.352072e+03	0	3.737905e-04
3.480000e+09	1.399461e+12	0.000000e+00	6.043955e-01	1.179794e+14	2.944027e+14	6.527462e+13	1.099625e+04	7.746468e+03	4.349517e+03	0	3.703154e-04
3.490000e+09	1.359998e+12	0.000000e+00	6.043955e-01	1.174844e+14	2.933062e+14	6.511651e+13	1.098893e+04	7.741936e+03	4.346973e+03	0	3.668014e-04
3.500000e+09	1.320840e+12	0.000000e+00	6.043955e-01	1.169929e+14	2.922171e+14	6.495916e+13	1.098164e+04	7.737422e+03	4.344438e+03	0	3.632466e-04
3.510000e+09	1.281982e+12	0.000000e+00	6.043955e-01	1.165050e+14	2.911353e+14	6.480257e+13	1.097438e+04	7.732926e+03	4.341914e+03	0	3.596490e-04
3.520000e+09	1.243423e+12	0.000000e+00	6.043955e-01	1.160206e+14	2.900608e+14	6.464674e+13	1.096715e+04	7.728448e+03	4.339400e+03	0	3.560064e-04
3.530000e+09	1.205157e+12	0.000000e+00	6.043955e-01	1.155397e+14	2.889936e+14	6.449166e+13	1.095995e+04	7.723988e+03	4.336895e+03	0	3.523163e-04
3.540000e+09	1.167184e+12	0.000000e+00	6.043955e-01	1.150622e+14	2.879334e+14	6.433733e+13	1.095278e+04	7.719545e+03	4.334400e+03	0	3.485764e-04
3.550000e+09	1.129499e+12	0.000000e+00	6.043955e-01	1.145881e+14	2.868803e+14	6.418373e+13	1.094565e+04	7.715119e+03	4.331916e+03	0	3.447837e-04
3.560000e+09	1.092099e+12	0.000000e+00	6.043955e-01	1.141174e+14	2.858343e+14	6.403087e+13	1.093854e+04	7.710711e+03	4.329440e+03	0	3.409355e-04
3.570000e+09	1.054983e+12	0.000000e+00	6.043955e-01	1.136500e+14	2.847951e+14	6.387875e+13	1.093145e+04	7.706320e+03	4.326975e+03	0	3.370285e-04
3.580000e+09	1.018146e+12	0.000000e+00	6.043955e-01	1.131858e+14	2.837628e+14	6.372735e+13	1.092440e+04	7.701946e+03	4.324519e+03	0	3.330592e-04
3.590000e+09	9.815855e+11	0.000000e+00	6.043955e-01	1.127250e+14	2.827373e+14	6.357667e+13	1.091738e+04	7.697589e+03	4.322072e+03	0	3.290240e-04
3.600000e+09	9.452996e+11	0.000000e+00	6.043955e-01	1.122674e+14	2.817185e+14	6.342671e+13	1.091038e+04	7.693248e+03	4.319635e+03	0	3.249187e-04
3.610000e+09	9.092851e+11	0.000000e+00	6.043955e-01	1.118129e+14	2.807065e+14	6.327746e+13	1.090342e+04	7.688925e+03	4.317208e+03	0	3.207388e-04
3.620000e+09	8.735391e+11	0.000000e+00	6.043955e-01	1.113617e+14	2.797009e+14	6.312892e+13	1.089648e+04	7.684618e+03	4.314790e+03	0	3.164795e-04
3.630000e+09	8.380591e+11	0.000000e+00	6.043955e-01	1.109135e+14	2.787020e+14	6.298109e+13	1.088957e+04	7.680327e+03	4.312381e+03	0	3.121354e-04
3.640000e+09	8.028423e+11	0.000000e+00	6.043955e-01	1.104685e+14	2.777096e+14	6.283396e+13	1.088269e+04	7.676053e+03	4.309981e+03	0	3.077005e-04
3.650000e+09	7.678861e+11	0.000000e+00	6.043955e-01	1.100266e+14	2.767236e+14	6.268752e+13	1.087583e+04	7.671795e+03	4.307590e+03	0	3.031683e-04
3.660000e+09	7.331879e+11	0.000000e+00	6.043955e-01	1.095877e+14	2.757440e+14	6.254177e+13	1.086901e+04	7.667554e+03	4.305208e+03	0	2.985313e-04
3.670000e+09	6.987451e+11	0.000000e+00	6.043955e-01	1.091518e+14	2.747706e+14	6.239670e+13	1.086221e+04	7.663328e+03	4.302836e+03	0	2.937815e-04
3.680000e+09	6.645552e+11	0.000000e+00	6.043955e-01	1.087189e+14	2.738035e+14	6.225232e+13	1.085543e+04	7.659118e+03	4.300472e+03	0	2.889095e-04
3.690000e+09	6.306157e+11	0.000000e+00	6.043955e-01	1.082889e+14	2.728426e+14	6.210862e+13	1.084869e+04	7.654925e+03	4.298117e+03	0	2.839050e-04
3.700000e+09	5.969241e+11	0.000000e+00	6.043955e-01	1.078619e+14	2.718878e+14	6.196559e+13	1.084197e+04	7.650747e+03	4.295771e+03	0	2.787562e-04
3.710000e+09	5.634779e+11	0.000000e+00	6.043955e-01	1.074378e+14	2.709391e+14	6.182323e+13	1.083527e+04	7.646584e+03	4.293434e+03	0	2.734495e-04
3.720000e+09	5.302748e+11	0.000000e+00	6.043955e-01	1.070166e+14	2.699965e+14	6.168154e+13	1.082861e+04	7.642437e+03	4.291106e+03	0	2.679694e-04
3.730000e+09	4.973123e+11	0.000000e+00	6.043955e-01	1.065982e+14	2.690598e+14	6.154050e+13	1.082197e+04	7.638306e+03	4.288786e+03	0	2.622978e-04
3.740000e+09	4.645881e+11	0.000000e+00	6.043955e-01	1.061826e+14	2.681291e+14	6.140012e+13	1.081535e+04	7.634190e+03	4.286475e+03	0	2.564135e-04
3.750000e+09	4.321000e+11	0.000000e+00	6.043955e-01	1.057698e+14	2.672041e+14	6.126040e+13	1.080876e+04	7.630089e+03	4.284173e+03	0	2.502916e-04
3.760000e+09	3.998455e+11	0.000000e+00	6.043955e-01	1.053598e+14	2.662850e+14	6.112132e+13	1.080220e+04	7.626003e+03	4.281878e+03	0	2.439021e-04
3.770000e+09	3.678224e+11	0.000000e+00	6.043955e-01	1.049525e+14	2.653716e+14	6.098289e+13	1.079566e+04	7.621933e+03	4.279593e+03	0	2.372089e-04
3.780000e+09	3.360285e+11	0.000000e+00	6.043955e-01	1.045479e+14	2.644640e+14	6.084509e+13	1.078915e+04	7.617877e+03	4.277316e+03	0	2.301673e-04
3.790000e+09	3.044616e+11	0.000000e+00	6.043955e-01	1.041460e+14	2.635620e+14	6.070794e+13	1.078266e+04	7.613836e+03	4.275047e+03	0	2.227216e-04
3.800000e+09	2.731195e+11	0.000000e+00	6.043955e-01	1.037468e+14	2.626656e+14	6.057141e+13	1.077619e+04	7.609810e+03	4.272786e+03	0	2.148007e-04
3.810000e+09	2.420000e+11	0.000000e+00	6.043955e-01	1.033502e+14	2.617748e+14	6.043552e+13	1.076976e+04	7.605798e+03	4.270534e+03	0	2.063114e-04
3.820000e+09	2.111010e+11	0.000000e+00	6.043955e-01	1.029563e+14	2.608894e+14	6.030025e+13	1.076334e+04	7.601802e+03	4.268290e+03	0	1.971280e-04
3.830000e+09	1.804204e+11	0.000000e+00	6.043955e-01	1.025649e+14	2.600095e+14	6.016559e+13	1.075695e+04	7.597819e+03	4.266054e+03	0	1.870740e-04
3.840000e+09	1.499561e+11	0.000000e+00	6.043955e-01	1.021761e+14	2.591351e+14	6.003156e+13	1.075059e+04	7.593851e+03	4.263826e+03	0	1.758893e-04
3.850000e+09	1.197060e+11	0.000000e+00	6.043955e-01	1.017898e+14	2.582659e+14	5.989814e+13	1.074425e+04	7.589898e+03	4.261606e+03	0	1.631637e-04
3.860000e+09	8.966821e+10	0.000000e+00	6.043955e-01	1.014060e+14	2.574021e+14	5.976533e+13	1.073793e+04	7.585958e+03	4.259394e+03	0	1.481828e-04
3.870000e+09	5.984061e+10	0.000000e+00	6.043955e-01	1.010248e+14	2.565436e+14	5.963312e+13	1.073164e+04	7.582033e+03	4.257190e+03	0	1.294942e-04
3.880000e+09	3.022124e+10	0.000000e+00	6.043955e-01	1.006460e+14	2.556903e+14	5.950151e+13	1.072537e+04	7.578121e+03	4.254994e+03	0	1.031230e-04
3.890000e+09	8.081601e+08	0.000000e+00	6.043955e-01	1.002696e+14	2.548421e+14	5.937050e+13	1.071912e+04	7.574224e+03	4.252805e+03	0	3.083784e-05
3.900000e+09	-2.840058e+10	0.000000e+00	6.043955e-01	9.989573e+13	2.539991e+14	5.924009e+13	1.071290e+04	7.570341e+03	4.250625e+03	0	nan
