#R=2.2796559442322262
#interptype='linear'
#name='planet'
#norm={'P': 1000000000000.0, 'R': 2.2796559442322262, 'M': 6.2999999999999998, 'g': 11.916537666916176, 'rho': 1000.0}
#state=1
#composition
#layer0		Fe08FeS02		0.100000
#layer1		pv_fmw		0.900000
#layer2		ice_VII		0.600000
#Cols=
 #'ur		r		mr		rho		P		g		phi		T		composition'
#-end-
0.000000e+00	0.000000e+00	4.739222e-11	1.652586e+04	1.117471e+12	0.000000e+00	-3.676523e+08	5.000000e+03	0
5.025126e-03	1.145556e-02	1.499628e-05	1.652838e+04	1.118088e+12	-9.741182e-03	-3.676384e+08	5.000000e+03	0
1.005025e-02	2.291112e-02	4.560398e-05	1.653025e+04	1.118545e+12	3.842717e-02	-3.676011e+08	5.000000e+03	0
1.507538e-02	3.436667e-02	1.501607e-04	1.652900e+04	1.118240e+12	3.609039e-01	-3.675402e+08	5.000000e+03	0
2.010050e-02	4.582223e-02	3.169908e-04	1.652668e+04	1.117676e+12	6.889400e-01	-3.674536e+08	5.000000e+03	0
2.512563e-02	5.727779e-02	6.001740e-04	1.652237e+04	1.116626e+12	1.027364e+00	-3.673361e+08	5.000000e+03	0
3.015075e-02	6.873335e-02	1.023205e-03	1.651646e+04	1.115190e+12	1.366148e+00	-3.672116e+08	5.000000e+03	0
3.517588e-02	8.018890e-02	1.573817e-03	1.650909e+04	1.113401e+12	1.705262e+00	-3.670486e+08	5.000000e+03	0
4.020101e-02	9.164446e-02	2.372502e-03	1.649960e+04	1.111098e+12	2.044068e+00	-3.668624e+08	5.000000e+03	0
4.522613e-02	1.031000e-01	3.278902e-03	1.648919e+04	1.108572e+12	2.382741e+00	-3.666535e+08	5.000000e+03	0
5.025126e-02	1.145556e-01	4.571860e-03	1.647612e+04	1.105408e+12	2.720727e+00	-3.664171e+08	5.000000e+03	0
5.527638e-02	1.260111e-01	5.946117e-03	1.646252e+04	1.102116e+12	3.058565e+00	-3.661651e+08	5.000000e+03	0
6.030151e-02	1.374667e-01	7.826497e-03	1.644600e+04	1.098131e+12	3.395424e+00	-3.658829e+08	5.000000e+03	0
6.532663e-02	1.489222e-01	9.842600e-03	1.642882e+04	1.093986e+12	3.732011e+00	-3.655752e+08	5.000000e+03	0
7.035176e-02	1.603778e-01	1.233938e-02	1.640925e+04	1.089280e+12	4.067632e+00	-3.652438e+08	5.000000e+03	0
7.537688e-02	1.718334e-01	1.511278e-02	1.638848e+04	1.084293e+12	4.402683e+00	-3.648899e+08	5.000000e+03	0
8.040201e-02	1.832889e-01	1.831076e-02	1.636586e+04	1.078873e+12	4.736859e+00	-3.645107e+08	5.000000e+03	0
8.542714e-02	1.947445e-01	2.195503e-02	1.634151e+04	1.073053e+12	5.070095e+00	-3.641073e+08	5.000000e+03	0
9.045226e-02	2.062000e-01	2.593762e-02	1.631583e+04	1.066930e+12	5.402621e+00	-3.636803e+08	5.000000e+03	0
9.547739e-02	2.176556e-01	3.056416e-02	1.628788e+04	1.060291e+12	5.733767e+00	-3.632285e+08	5.000000e+03	0
1.005025e-01	2.291112e-01	3.541329e-02	1.625915e+04	1.053473e+12	6.064438e+00	-3.627532e+08	5.000000e+03	0
1.055276e-01	2.405667e-01	4.113099e-02	1.622761e+04	1.046029e+12	6.393219e+00	-3.622539e+08	5.000000e+03	0
1.105528e-01	2.520223e-01	4.702090e-02	1.619554e+04	1.038466e+12	6.721622e+00	-3.617303e+08	5.000000e+03	0
1.155779e-01	2.634778e-01	5.384182e-02	1.616068e+04	1.030295e+12	7.047969e+00	-3.611845e+08	5.000000e+03	0
1.206030e-01	2.749334e-01	6.095574e-02	1.612501e+04	1.021948e+12	7.373659e+00	-3.606070e+08	5.000000e+03	0
1.256281e-01	2.863889e-01	6.887794e-02	1.608709e+04	1.013119e+12	7.697537e+00	-3.600207e+08	5.000000e+03	0
1.306533e-01	2.978445e-01	7.731769e-02	1.604781e+04	1.004007e+12	8.020237e+00	-3.594029e+08	5.000000e+03	0
1.356784e-01	3.093001e-01	8.641515e-02	1.600681e+04	9.945353e+11	8.341441e+00	-3.587635e+08	5.000000e+03	0
1.407035e-01	3.207556e-01	9.627900e-02	1.596392e+04	9.846776e+11	8.660875e+00	-3.581002e+08	5.000000e+03	0
1.457286e-01	3.322112e-01	1.066233e-01	1.591984e+04	9.745781e+11	8.979198e+00	-3.574137e+08	5.000000e+03	0
1.507538e-01	3.436667e-01	1.180056e-01	1.587333e+04	9.639967e+11	9.295087e+00	-3.567041e+08	5.000000e+03	0
1.557789e-01	3.551223e-01	1.296656e-01	1.582617e+04	9.532864e+11	9.610324e+00	-3.559746e+08	5.000000e+03	0
1.608040e-01	3.665778e-01	1.426567e-01	1.577603e+04	9.420046e+11	9.922389e+00	-3.552171e+08	5.000000e+03	0
1.658291e-01	3.780334e-01	1.558973e-01	1.572535e+04	9.306220e+11	1.023385e+01	-3.544393e+08	5.000000e+03	0
1.708543e-01	3.894890e-01	1.703840e-01	1.567199e+04	9.187440e+11	1.054230e+01	-3.536401e+08	5.000000e+03	0
1.758794e-01	4.009445e-01	1.853400e-01	1.561767e+04	9.066929e+11	1.084958e+01	-3.528174e+08	5.000000e+03	0
1.809045e-01	4.124001e-01	2.013315e-01	1.556120e+04	8.942600e+11	1.115432e+01	-3.519739e+08	5.000000e+03	0
1.859296e-01	4.238556e-01	2.180821e-01	1.550321e+04	8.815674e+11	1.145714e+01	-3.511078e+08	5.000000e+03	0
1.909548e-01	4.353112e-01	2.356348e-01	1.544362e+04	8.686003e+11	1.175796e+01	-3.502200e+08	5.000000e+03	0
1.959799e-01	4.467667e-01	2.542539e-01	1.538196e+04	8.552947e+11	1.205605e+01	-3.493105e+08	5.000000e+03	0
2.010050e-01	4.582223e-01	2.734208e-01	1.531923e+04	8.418152e+11	1.235273e+01	-3.483786e+08	5.000000e+03	0
2.060302e-01	4.696779e-01	2.939764e-01	1.525387e+04	8.279266e+11	1.264580e+01	-3.474274e+08	5.000000e+03	0
2.110553e-01	4.811334e-01	3.148224e-01	1.518796e+04	8.139528e+11	1.293810e+01	-3.464530e+08	5.000000e+03	0
2.160804e-01	4.925890e-01	3.373612e-01	1.511891e+04	7.995169e+11	1.322589e+01	-3.454602e+08	5.000000e+03	0
2.211055e-01	5.040445e-01	3.602210e-01	1.504927e+04	7.849999e+11	1.351281e+01	-3.444445e+08	5.000000e+03	0
2.261307e-01	5.155001e-01	3.845092e-01	1.497703e+04	7.701221e+11	1.379583e+01	-3.434093e+08	5.000000e+03	0
2.311558e-01	5.269556e-01	4.094364e-01	1.490364e+04	7.550951e+11	1.407707e+01	-3.423531e+08	5.000000e+03	0
2.361809e-01	5.384112e-01	4.355106e-01	1.482819e+04	7.398006e+11	1.435511e+01	-3.412774e+08	5.000000e+03	0
2.412060e-01	5.498668e-01	4.625522e-01	1.475102e+04	7.242983e+11	1.463038e+01	-3.401809e+08	5.000000e+03	0
2.462312e-01	5.613223e-01	4.904443e-01	1.467233e+04	7.086132e+11	1.490321e+01	-3.390661e+08	5.000000e+03	0
2.512563e-01	5.727779e-01	5.196397e-01	1.459133e+04	6.926714e+11	1.517222e+01	-3.379297e+08	5.000000e+03	0
2.562814e-01	5.842334e-01	5.493767e-01	1.450937e+04	6.766228e+11	1.543963e+01	-3.367750e+08	5.000000e+03	0
2.613065e-01	5.956890e-01	5.807580e-01	1.442450e+04	6.602786e+11	1.570206e+01	-3.356023e+08	5.000000e+03	0
2.663317e-01	6.071445e-01	6.117013e-01	1.416213e+04	6.442690e+11	1.594442e+01	-3.344086e+08	5.000000e+03	0
2.713568e-01	6.186001e-01	6.313051e-01	1.085931e+04	6.346912e+11	1.585363e+01	-3.332001e+08	5.000000e+03	0
2.763819e-01	6.300557e-01	6.511776e-01	8.305053e+03	6.251524e+11	1.576761e+01	-3.319879e+08	5.000000e+03	1
2.814070e-01	6.415112e-01	6.719531e-01	8.265972e+03	6.157443e+11	1.569761e+01	-3.307816e+08	5.000000e+03	1
2.864322e-01	6.529668e-01	6.932105e-01	8.226946e+03	6.063955e+11	1.563488e+01	-3.295813e+08	5.000000e+03	1
2.914573e-01	6.644223e-01	7.151797e-01	8.188002e+03	5.971342e+11	1.558286e+01	-3.283864e+08	5.000000e+03	1
2.964824e-01	6.758779e-01	7.378508e-01	8.149091e+03	5.879466e+11	1.553986e+01	-3.271960e+08	5.000000e+03	1
3.015075e-01	6.873335e-01	7.610343e-01	8.110206e+03	5.788128e+11	1.550344e+01	-3.260095e+08	5.000000e+03	1
3.065327e-01	6.987890e-01	7.851458e-01	8.071311e+03	5.697626e+11	1.547720e+01	-3.248263e+08	5.000000e+03	1
3.115578e-01	7.102446e-01	8.095627e-01	8.032414e+03	5.607399e+11	1.545431e+01	-3.236459e+08	5.000000e+03	1
3.165829e-01	7.217001e-01	8.351388e-01	7.993449e+03	5.518074e+11	1.544232e+01	-3.224677e+08	5.000000e+03	1
3.216080e-01	7.331557e-01	8.609346e-01	7.954466e+03	5.428907e+11	1.543223e+01	-3.212911e+08	5.000000e+03	1
3.266332e-01	7.446112e-01	8.878695e-01	7.915366e+03	5.340511e+11	1.543132e+01	-3.201159e+08	5.000000e+03	1
3.316583e-01	7.560668e-01	9.151572e-01	7.876217e+03	5.252324e+11	1.543286e+01	-3.189413e+08	5.000000e+03	1
3.366834e-01	7.675224e-01	9.433736e-01	7.836939e+03	5.164688e+11	1.544084e+01	-3.177673e+08	5.000000e+03	1
3.417085e-01	7.789779e-01	9.721718e-01	7.797559e+03	5.077358e+11	1.545229e+01	-3.165934e+08	5.000000e+03	1
3.467337e-01	7.904335e-01	1.001682e+00	7.758056e+03	4.990403e+11	1.546798e+01	-3.154191e+08	5.000000e+03	1
3.517588e-01	8.018890e-01	1.032007e+00	7.718388e+03	4.903831e+11	1.548784e+01	-3.142443e+08	5.000000e+03	1
3.567839e-01	8.133446e-01	1.062823e+00	7.678620e+03	4.817489e+11	1.551022e+01	-3.130686e+08	5.000000e+03	1
3.618090e-01	8.248001e-01	1.094688e+00	7.638610e+03	4.731596e+11	1.553720e+01	-3.118917e+08	5.000000e+03	1
3.668342e-01	8.362557e-01	1.126819e+00	7.598539e+03	4.645816e+11	1.556535e+01	-3.107136e+08	5.000000e+03	1
3.718593e-01	8.477113e-01	1.160235e+00	7.558140e+03	4.560541e+11	1.559833e+01	-3.095337e+08	5.000000e+03	1
3.768844e-01	8.591668e-01	1.193883e+00	7.517678e+03	4.475352e+11	1.563207e+01	-3.083521e+08	5.000000e+03	1
3.819095e-01	8.706224e-01	1.228663e+00	7.476901e+03	4.390578e+11	1.566944e+01	-3.071684e+08	5.000000e+03	1
3.869347e-01	8.820779e-01	1.263871e+00	7.435996e+03	4.305953e+11	1.570797e+01	-3.059826e+08	5.000000e+03	1
3.919598e-01	8.935335e-01	1.299984e+00	7.394820e+03	4.221642e+11	1.574895e+01	-3.047948e+08	5.000000e+03	1
3.969849e-01	9.049890e-01	1.336756e+00	7.353433e+03	4.137553e+11	1.579143e+01	-3.036036e+08	5.000000e+03	1
4.020101e-01	9.164446e-01	1.374202e+00	7.311830e+03	4.053690e+11	1.583544e+01	-3.024103e+08	5.000000e+03	1
4.070352e-01	9.279002e-01	1.412541e+00	7.269924e+03	3.970121e+11	1.588115e+01	-3.012141e+08	5.000000e+03	1
4.120603e-01	9.393557e-01	1.451319e+00	7.227868e+03	3.886697e+11	1.592768e+01	-3.000152e+08	5.000000e+03	1
4.170854e-01	9.508113e-01	1.491222e+00	7.185409e+03	3.803640e+11	1.597594e+01	-2.988132e+08	5.000000e+03	1
4.221106e-01	9.622668e-01	1.531356e+00	7.142865e+03	3.720660e+11	1.602456e+01	-2.976074e+08	5.000000e+03	1
4.271357e-01	9.737224e-01	1.572792e+00	7.099828e+03	3.638110e+11	1.607477e+01	-2.963999e+08	5.000000e+03	1
4.321608e-01	9.851779e-01	1.614483e+00	7.056690e+03	3.555647e+11	1.612522e+01	-2.951883e+08	5.000000e+03	1
4.371859e-01	9.966335e-01	1.657240e+00	7.013127e+03	3.473545e+11	1.617667e+01	-2.939738e+08	5.000000e+03	1
4.422111e-01	1.008089e+00	1.700477e+00	6.969361e+03	3.391610e+11	1.622844e+01	-2.927558e+08	5.000000e+03	1
4.472362e-01	1.019545e+00	1.744545e+00	6.925248e+03	3.309967e+11	1.628077e+01	-2.915341e+08	5.000000e+03	1
4.522613e-01	1.031000e+00	1.789317e+00	6.880825e+03	3.228581e+11	1.633341e+01	-2.903096e+08	5.000000e+03	1
4.572864e-01	1.042456e+00	1.834684e+00	6.836139e+03	3.147414e+11	1.638631e+01	-2.890812e+08	5.000000e+03	1
4.623116e-01	1.053911e+00	1.880973e+00	6.791027e+03	3.066601e+11	1.643939e+01	-2.878451e+08	5.000000e+03	1
4.673367e-01	1.065367e+00	1.927627e+00	6.745744e+03	2.985930e+11	1.649255e+01	-2.866142e+08	5.000000e+03	1
4.723618e-01	1.076822e+00	1.975411e+00	6.699911e+03	2.905721e+11	1.654569e+01	-2.853758e+08	5.000000e+03	1
4.773869e-01	1.088278e+00	2.023416e+00	6.653967e+03	2.825605e+11	1.659881e+01	-2.841331e+08	5.000000e+03	1
4.824121e-01	1.099734e+00	2.072592e+00	6.607421e+03	2.746000e+11	1.665168e+01	-2.828874e+08	5.000000e+03	1
4.874372e-01	1.111189e+00	2.122061e+00	6.560716e+03	2.666532e+11	1.670443e+01	-2.816380e+08	5.000000e+03	1
4.924623e-01	1.122645e+00	2.172468e+00	6.513501e+03	2.587504e+11	1.675678e+01	-2.803852e+08	5.000000e+03	1
4.974874e-01	1.134100e+00	2.223372e+00	6.465999e+03	2.508727e+11	1.680883e+01	-2.791290e+08	5.000000e+03	1
5.025126e-01	1.145556e+00	2.274984e+00	6.418088e+03	2.430307e+11	1.686044e+01	-2.778693e+08	5.000000e+03	1
5.075377e-01	1.157011e+00	2.327289e+00	6.369754e+03	2.352265e+11	1.691149e+01	-2.766062e+08	5.000000e+03	1
5.125628e-01	1.168467e+00	2.380080e+00	6.321120e+03	2.274489e+11	1.696215e+01	-2.753397e+08	5.000000e+03	1
5.175879e-01	1.179922e+00	2.433746e+00	6.271914e+03	2.197232e+11	1.701193e+01	-2.740700e+08	5.000000e+03	1
5.226131e-01	1.191378e+00	2.487686e+00	6.222528e+03	2.120136e+11	1.706144e+01	-2.727968e+08	5.000000e+03	1
5.276382e-01	1.202834e+00	2.513704e+00	4.412704e+03	2.084247e+11	1.691618e+01	-2.715213e+08	5.000000e+03	1
5.326633e-01	1.214289e+00	2.537882e+00	2.693672e+03	2.051267e+11	1.675864e+01	-2.702508e+08	5.000000e+03	2
5.376884e-01	1.225745e+00	2.562684e+00	2.685123e+03	2.018943e+11	1.660987e+01	-2.689906e+08	5.000000e+03	2
5.427136e-01	1.237200e+00	2.587687e+00	2.676614e+03	1.986817e+11	1.646371e+01	-2.677425e+08	5.000000e+03	2
5.477387e-01	1.248656e+00	2.613195e+00	2.668207e+03	1.955188e+11	1.632414e+01	-2.665048e+08	5.000000e+03	2
5.527638e-01	1.260111e+00	2.639032e+00	2.659860e+03	1.923859e+11	1.618850e+01	-2.652786e+08	5.000000e+03	2
5.577889e-01	1.271567e+00	2.665255e+00	2.651585e+03	1.892884e+11	1.605750e+01	-2.640622e+08	5.000000e+03	2
5.628141e-01	1.283022e+00	2.691934e+00	2.643389e+03	1.862300e+11	1.593158e+01	-2.628561e+08	5.000000e+03	2
5.678392e-01	1.294478e+00	2.718878e+00	2.635239e+03	1.831943e+11	1.580860e+01	-2.616593e+08	5.000000e+03	2
5.728643e-01	1.305934e+00	2.746410e+00	2.627183e+03	1.802056e+11	1.569167e+01	-2.604721e+08	5.000000e+03	2
5.778894e-01	1.317389e+00	2.774082e+00	2.619149e+03	1.772282e+11	1.557618e+01	-2.592940e+08	5.000000e+03	2
5.829146e-01	1.328845e+00	2.802474e+00	2.611223e+03	1.743048e+11	1.546758e+01	-2.581243e+08	5.000000e+03	2
5.879397e-01	1.340300e+00	2.830995e+00	2.603315e+03	1.713907e+11	1.536013e+01	-2.569610e+08	5.000000e+03	2
5.929648e-01	1.351756e+00	2.860141e+00	2.595494e+03	1.685205e+11	1.525823e+01	-2.558102e+08	5.000000e+03	2
5.979899e-01	1.363211e+00	2.889534e+00	2.587705e+03	1.656666e+11	1.515836e+01	-2.546651e+08	5.000000e+03	2
6.030151e-01	1.374667e+00	2.919427e+00	2.579981e+03	1.628458e+11	1.506261e+01	-2.535277e+08	5.000000e+03	2
6.080402e-01	1.386122e+00	2.949699e+00	2.572302e+03	1.600486e+11	1.496978e+01	-2.523976e+08	5.000000e+03	2
6.130653e-01	1.397578e+00	2.980344e+00	2.564668e+03	1.572746e+11	1.487982e+01	-2.512747e+08	5.000000e+03	2
6.180905e-01	1.409034e+00	3.011504e+00	2.557092e+03	1.545307e+11	1.479354e+01	-2.501587e+08	5.000000e+03	2
6.231156e-01	1.420489e+00	3.042907e+00	2.549544e+03	1.518011e+11	1.470900e+01	-2.490494e+08	5.000000e+03	2
6.281407e-01	1.431945e+00	3.074962e+00	2.542063e+03	1.491074e+11	1.462881e+01	-2.479465e+08	5.000000e+03	2
6.331658e-01	1.443400e+00	3.107150e+00	2.534597e+03	1.464210e+11	1.454950e+01	-2.468499e+08	5.000000e+03	2
6.381910e-01	1.454856e+00	3.140087e+00	2.527203e+03	1.437736e+11	1.447485e+01	-2.457594e+08	5.000000e+03	2
6.432161e-01	1.466311e+00	3.173179e+00	2.519824e+03	1.411338e+11	1.440112e+01	-2.446746e+08	5.000000e+03	2
6.482412e-01	1.477767e+00	3.206890e+00	2.512501e+03	1.385245e+11	1.433098e+01	-2.435956e+08	5.000000e+03	2
6.532663e-01	1.489222e+00	3.240894e+00	2.505202e+03	1.359288e+11	1.426244e+01	-2.425219e+08	5.000000e+03	2
6.582915e-01	1.500678e+00	3.275384e+00	2.497945e+03	1.333557e+11	1.419655e+01	-2.414537e+08	5.000000e+03	2
6.633166e-01	1.512134e+00	3.310306e+00	2.490722e+03	1.308016e+11	1.413286e+01	-2.403905e+08	5.000000e+03	2
6.683417e-01	1.523589e+00	3.345581e+00	2.483527e+03	1.282631e+11	1.407097e+01	-2.393323e+08	5.000000e+03	2
6.733668e-01	1.535045e+00	3.381428e+00	2.476374e+03	1.257485e+11	1.401181e+01	-2.382789e+08	5.000000e+03	2
6.783920e-01	1.546500e+00	3.417492e+00	2.469237e+03	1.232429e+11	1.395369e+01	-2.372301e+08	5.000000e+03	2
6.834171e-01	1.557956e+00	3.454269e+00	2.462149e+03	1.207656e+11	1.389877e+01	-2.361858e+08	5.000000e+03	2
6.884422e-01	1.569411e+00	3.491185e+00	2.455070e+03	1.182936e+11	1.384445e+01	-2.351458e+08	5.000000e+03	2
6.934673e-01	1.580867e+00	3.528840e+00	2.448039e+03	1.158495e+11	1.379324e+01	-2.341100e+08	5.000000e+03	2
6.984925e-01	1.592322e+00	3.566694e+00	2.441020e+03	1.134126e+11	1.374282e+01	-2.330783e+08	5.000000e+03	2
7.035176e-01	1.603778e+00	3.605152e+00	2.434036e+03	1.109972e+11	1.369477e+01	-2.320506e+08	5.000000e+03	2
7.085427e-01	1.615234e+00	3.643950e+00	2.427071e+03	1.085934e+11	1.364799e+01	-2.310265e+08	5.000000e+03	2
7.135678e-01	1.626689e+00	3.683213e+00	2.420132e+03	1.062055e+11	1.360294e+01	-2.300062e+08	5.000000e+03	2
7.185930e-01	1.638145e+00	3.722960e+00	2.413219e+03	1.038334e+11	1.355957e+01	-2.289894e+08	5.000000e+03	2
7.236181e-01	1.649600e+00	3.763033e+00	2.406322e+03	1.014718e+11	1.351734e+01	-2.279760e+08	5.000000e+03	2
7.286432e-01	1.661056e+00	3.803733e+00	2.399455e+03	9.912971e+10	1.347717e+01	-2.269659e+08	5.000000e+03	2
7.336683e-01	1.672511e+00	3.844620e+00	2.392597e+03	9.679340e+10	1.343762e+01	-2.259590e+08	5.000000e+03	2
7.386935e-01	1.683967e+00	3.886278e+00	2.385773e+03	9.447998e+10	1.340044e+01	-2.249553e+08	5.000000e+03	2
7.437186e-01	1.695423e+00	3.928080e+00	2.378956e+03	9.217067e+10	1.336369e+01	-2.239545e+08	5.000000e+03	2
7.487437e-01	1.706878e+00	3.970603e+00	2.372168e+03	8.988184e+10	1.332905e+01	-2.229567e+08	5.000000e+03	2
7.537688e-01	1.718334e+00	4.013368e+00	2.365390e+03	8.759959e+10	1.329506e+01	-2.219615e+08	5.000000e+03	2
7.587940e-01	1.729789e+00	4.056714e+00	2.358634e+03	8.533313e+10	1.326268e+01	-2.209691e+08	5.000000e+03	2
7.638191e-01	1.741245e+00	4.100447e+00	2.351892e+03	8.307674e+10	1.323129e+01	-2.199793e+08	5.000000e+03	2
7.688442e-01	1.752700e+00	4.144619e+00	2.345166e+03	8.083181e+10	1.320104e+01	-2.189920e+08	5.000000e+03	2
7.738693e-01	1.764156e+00	4.189323e+00	2.338457e+03	7.860018e+10	1.317208e+01	-2.180072e+08	5.000000e+03	2
7.788945e-01	1.775611e+00	4.234323e+00	2.331758e+03	7.637598e+10	1.314386e+01	-2.170246e+08	5.000000e+03	2
7.839196e-01	1.787067e+00	4.280002e+00	2.325079e+03	7.416809e+10	1.311719e+01	-2.160442e+08	5.000000e+03	2
7.889447e-01	1.798523e+00	4.325833e+00	2.318405e+03	7.196387e+10	1.309088e+01	-2.150662e+08	5.000000e+03	2
7.939698e-01	1.809978e+00	4.372489e+00	2.311754e+03	6.977876e+10	1.306636e+01	-2.140905e+08	5.000000e+03	2
7.989950e-01	1.821434e+00	4.419255e+00	2.303267e+03	6.759850e+10	1.304204e+01	-2.131163e+08	5.000000e+03	2
8.040201e-01	1.832889e+00	4.466543e+00	2.285497e+03	6.544184e+10	1.301864e+01	-2.121443e+08	5.000000e+03	2
8.090452e-01	1.844345e+00	4.513967e+00	2.267744e+03	6.329788e+10	1.299538e+01	-2.111742e+08	5.000000e+03	2
8.140704e-01	1.855800e+00	4.561658e+00	2.250025e+03	6.117864e+10	1.297241e+01	-2.102059e+08	5.000000e+03	2
8.190955e-01	1.867256e+00	4.609546e+00	2.232328e+03	5.907842e+10	1.294962e+01	-2.092398e+08	5.000000e+03	2
8.241206e-01	1.878711e+00	4.657622e+00	2.214654e+03	5.699620e+10	1.292701e+01	-2.082755e+08	5.000000e+03	2
8.291457e-01	1.890167e+00	4.705951e+00	2.197007e+03	5.493920e+10	1.290461e+01	-2.073128e+08	5.000000e+03	2
8.341709e-01	1.901623e+00	4.754395e+00	2.179372e+03	5.289364e+10	1.288230e+01	-2.063522e+08	5.000000e+03	2
8.391960e-01	1.913078e+00	4.803142e+00	2.161768e+03	5.087941e+10	1.286022e+01	-2.053933e+08	5.000000e+03	2
8.442211e-01	1.924534e+00	4.851948e+00	2.144169e+03	4.887150e+10	1.283819e+01	-2.044363e+08	5.000000e+03	2
8.492462e-01	1.935989e+00	4.901074e+00	2.126599e+03	4.689828e+10	1.281635e+01	-2.034811e+08	5.000000e+03	2
8.542714e-01	1.947445e+00	4.950266e+00	2.109033e+03	4.493260e+10	1.279455e+01	-2.025278e+08	5.000000e+03	2
8.592965e-01	1.958900e+00	4.999704e+00	2.091486e+03	4.299511e+10	1.277287e+01	-2.015762e+08	5.000000e+03	2
8.643216e-01	1.970356e+00	5.049254e+00	2.073947e+03	4.107130e+10	1.275124e+01	-2.006263e+08	5.000000e+03	2
8.693467e-01	1.981811e+00	5.098984e+00	2.056418e+03	3.916929e+10	1.272968e+01	-1.996783e+08	5.000000e+03	2
8.743719e-01	1.993267e+00	5.148865e+00	2.038895e+03	3.728701e+10	1.270816e+01	-1.987325e+08	5.000000e+03	2
8.793970e-01	2.004723e+00	5.198866e+00	2.021378e+03	3.542025e+10	1.268667e+01	-1.977876e+08	5.000000e+03	2
8.844221e-01	2.016178e+00	5.249050e+00	2.003865e+03	3.357920e+10	1.266520e+01	-1.968448e+08	5.000000e+03	2
8.894472e-01	2.027634e+00	5.299301e+00	1.986353e+03	3.174747e+10	1.264374e+01	-1.959038e+08	5.000000e+03	2
8.944724e-01	2.039089e+00	5.349757e+00	1.968840e+03	2.994739e+10	1.262227e+01	-1.949646e+08	5.000000e+03	2
8.994975e-01	2.050545e+00	5.400251e+00	1.951325e+03	2.815338e+10	1.260080e+01	-1.940271e+08	5.000000e+03	2
9.045226e-01	2.062000e+00	5.450933e+00	1.933803e+03	2.639119e+10	1.257928e+01	-1.930914e+08	5.000000e+03	2
9.095477e-01	2.073456e+00	5.501660e+00	1.916276e+03	2.463786e+10	1.255773e+01	-1.921575e+08	5.000000e+03	2
9.145729e-01	2.084911e+00	5.552521e+00	1.898737e+03	2.291021e+10	1.253612e+01	-1.912253e+08	5.000000e+03	2
9.195980e-01	2.096367e+00	5.603448e+00	1.881188e+03	2.119740e+10	1.251446e+01	-1.902949e+08	5.000000e+03	2
9.246231e-01	2.107823e+00	5.654464e+00	1.863623e+03	1.950417e+10	1.249272e+01	-1.893662e+08	5.000000e+03	2
9.296482e-01	2.119278e+00	5.705557e+00	1.846039e+03	1.783172e+10	1.247088e+01	-1.884393e+08	5.000000e+03	2
9.346734e-01	2.130734e+00	5.756700e+00	1.828440e+03	1.617281e+10	1.244898e+01	-1.875144e+08	5.000000e+03	2
9.396985e-01	2.142189e+00	5.807028e+00	1.776159e+03	1.456901e+10	1.242503e+01	-1.865907e+08	5.000000e+03	2
9.447236e-01	2.153645e+00	5.857125e+00	1.714084e+03	1.298077e+10	1.240050e+01	-1.856690e+08	5.000000e+03	2
9.497487e-01	2.165100e+00	5.904998e+00	1.650466e+03	1.149648e+10	1.237107e+01	-1.847498e+08	5.000000e+03	2
9.547739e-01	2.176556e+00	5.952434e+00	1.586446e+03	1.003162e+10	1.234072e+01	-1.838332e+08	5.000000e+03	2
9.597990e-01	2.188011e+00	5.997639e+00	1.520208e+03	8.664809e+09	1.230575e+01	-1.829188e+08	5.000000e+03	2
9.648241e-01	2.199467e+00	6.041976e+00	1.452697e+03	7.333661e+09	1.226909e+01	-1.820072e+08	5.000000e+03	2
9.698492e-01	2.210923e+00	6.084314e+00	1.382249e+03	6.084651e+09	1.222853e+01	-1.810987e+08	5.000000e+03	2
9.748744e-01	2.222378e+00	6.125069e+00	1.308079e+03	4.896116e+09	1.218503e+01	-1.801934e+08	5.000000e+03	2
9.798995e-01	2.233834e+00	6.164086e+00	1.229829e+03	3.773869e+09	1.213830e+01	-1.792915e+08	5.000000e+03	2
9.849246e-01	2.245289e+00	6.200394e+00	1.138877e+03	2.746413e+09	1.208675e+01	-1.783934e+08	5.000000e+03	2
9.899497e-01	2.256745e+00	6.235252e+00	1.041128e+03	1.769690e+09	1.203261e+01	-1.774992e+08	5.000000e+03	2
9.949749e-01	2.268200e+00	6.267863e+00	1.013194e+03	8.760726e+08	1.197494e+01	-1.766097e+08	5.000000e+03	2
1.000000e+00	2.279656e+00	6.300000e+00	1.000000e+03	0.000000e+00	1.191654e+01	-1.757246e+08	3.000000e+02	2
