#R=1.3108840614548027
#interptype='linear'
#name='planet'
#norm={'P': 1000000000000.0, 'R': 1.3108840614548027, 'M': 1.7, 'g': 9.7245274924858087, 'rho': 1000.0}
#state=1
#composition
#layer0		Fe08FeS02		0.400000
#layer1		pv_fmw		0.600000
#layer2		ice_VII		0.200000
#Cols=
 #'ur		r		mr		rho		P		g		phi		T		composition'
#-end-
0.000000e+00	0.000000e+00	4.781188e-12	1.345804e+04	5.638942e+11	0.000000e+00	-1.664458e+08	5.000000e+03	0
5.025126e-03	6.587357e-03	2.455155e-06	1.345924e+04	5.640989e+11	-6.725561e-02	-1.664425e+08	5.000000e+03	0
1.005025e-02	1.317471e-02	6.708469e-06	1.346030e+04	5.642780e+11	-1.077339e-01	-1.664325e+08	5.000000e+03	0
1.507538e-02	1.976207e-02	2.382556e-05	1.346028e+04	5.642751e+11	4.334833e-02	-1.664159e+08	5.000000e+03	0
2.010050e-02	2.634943e-02	4.811765e-05	1.346002e+04	5.642311e+11	1.962740e-01	-1.663928e+08	5.000000e+03	0
2.512563e-02	3.293679e-02	9.448665e-05	1.345902e+04	5.640602e+11	3.548718e-01	-1.663629e+08	5.000000e+03	0
3.015075e-02	3.952414e-02	1.569805e-04	1.345764e+04	5.638278e+11	5.136355e-01	-1.663265e+08	5.000000e+03	0
3.517588e-02	4.611150e-02	2.471761e-04	1.345565e+04	5.634897e+11	6.726845e-01	-1.662835e+08	5.000000e+03	0
4.020101e-02	5.269886e-02	3.660080e-04	1.345317e+04	5.630697e+11	8.317236e-01	-1.662339e+08	5.000000e+03	0
4.522613e-02	5.928621e-02	5.145776e-04	1.345019e+04	5.625647e+11	9.907526e-01	-1.661776e+08	5.000000e+03	0
5.025126e-02	6.587357e-02	7.078390e-04	1.344660e+04	5.619576e+11	1.149705e+00	-1.661147e+08	5.000000e+03	0
5.527638e-02	7.246093e-02	9.292907e-04	1.344263e+04	5.612860e+11	1.308608e+00	-1.660452e+08	5.000000e+03	0
6.030151e-02	7.904829e-02	1.215010e-03	1.343793e+04	5.604921e+11	1.467378e+00	-1.659692e+08	5.000000e+03	0
6.532663e-02	8.563564e-02	1.523801e-03	1.343297e+04	5.596544e+11	1.626101e+00	-1.658865e+08	5.000000e+03	0
7.035176e-02	9.222300e-02	1.919927e-03	1.342716e+04	5.586746e+11	1.784633e+00	-1.657971e+08	5.000000e+03	0
7.537688e-02	9.881036e-02	2.330449e-03	1.342122e+04	5.576713e+11	1.943132e+00	-1.657013e+08	5.000000e+03	0
8.040201e-02	1.053977e-01	2.854831e-03	1.341430e+04	5.565063e+11	2.101373e+00	-1.655988e+08	5.000000e+03	0
8.542714e-02	1.119851e-01	3.394922e-03	1.340726e+04	5.553211e+11	2.259577e+00	-1.654898e+08	5.000000e+03	0
9.045226e-02	1.185724e-01	4.051773e-03	1.339934e+04	5.539888e+11	2.417509e+00	-1.653742e+08	5.000000e+03	0
9.547739e-02	1.251598e-01	4.741321e-03	1.339119e+04	5.526196e+11	2.575363e+00	-1.652520e+08	5.000000e+03	0
1.005025e-01	1.317471e-01	5.542581e-03	1.338227e+04	5.511241e+11	2.732953e+00	-1.651233e+08	5.000000e+03	0
1.055276e-01	1.383345e-01	6.399141e-03	1.337301e+04	5.495720e+11	2.890409e+00	-1.649880e+08	5.000000e+03	0
1.105528e-01	1.449219e-01	7.358828e-03	1.336311e+04	5.479143e+11	3.047616e+00	-1.648462e+08	5.000000e+03	0
1.155779e-01	1.515092e-01	8.399799e-03	1.335273e+04	5.461806e+11	3.204625e+00	-1.646978e+08	5.000000e+03	0
1.206030e-01	1.580966e-01	9.531807e-03	1.334183e+04	5.443618e+11	3.361412e+00	-1.645429e+08	5.000000e+03	0
1.256281e-01	1.646839e-01	1.077441e-02	1.333034e+04	5.424480e+11	3.517925e+00	-1.643830e+08	5.000000e+03	0
1.306533e-01	1.712713e-01	1.209250e-02	1.331845e+04	5.404693e+11	3.674252e+00	-1.642136e+08	5.000000e+03	0
1.356784e-01	1.778586e-01	1.355375e-02	1.330584e+04	5.383769e+11	3.830220e+00	-1.640393e+08	5.000000e+03	0
1.407035e-01	1.844460e-01	1.507153e-02	1.329296e+04	5.362396e+11	3.986047e+00	-1.638585e+08	5.000000e+03	0
1.457286e-01	1.910334e-01	1.676825e-02	1.327923e+04	5.339703e+11	4.141422e+00	-1.636711e+08	5.000000e+03	0
1.507538e-01	1.976207e-01	1.849916e-02	1.326535e+04	5.316759e+11	4.296710e+00	-1.634773e+08	5.000000e+03	0
1.557789e-01	2.042081e-01	2.044794e-02	1.325050e+04	5.292317e+11	4.451442e+00	-1.632770e+08	5.000000e+03	0
1.608040e-01	2.107954e-01	2.242559e-02	1.323554e+04	5.267685e+11	4.606100e+00	-1.630701e+08	5.000000e+03	0
1.658291e-01	2.173828e-01	2.462240e-02	1.321966e+04	5.241645e+11	4.760192e+00	-1.628561e+08	5.000000e+03	0
1.708543e-01	2.239701e-01	2.687160e-02	1.320357e+04	5.215288e+11	4.914148e+00	-1.626378e+08	5.000000e+03	0
1.758794e-01	2.305575e-01	2.932080e-02	1.318668e+04	5.187725e+11	5.067583e+00	-1.624120e+08	5.000000e+03	0
1.809045e-01	2.371449e-01	3.185752e-02	1.316947e+04	5.159666e+11	5.220788e+00	-1.621795e+08	5.000000e+03	0
1.859296e-01	2.437322e-01	3.457179e-02	1.315158e+04	5.130599e+11	5.373526e+00	-1.619413e+08	5.000000e+03	0
1.909548e-01	2.503196e-01	3.741173e-02	1.313324e+04	5.100860e+11	5.525931e+00	-1.616962e+08	5.000000e+03	0
1.959799e-01	2.569069e-01	4.040352e-02	1.311434e+04	5.070309e+11	5.677932e+00	-1.614449e+08	5.000000e+03	0
2.010050e-01	2.634943e-01	4.356205e-02	1.309487e+04	5.038916e+11	5.829486e+00	-1.611874e+08	5.000000e+03	0
2.060302e-01	2.700816e-01	4.684358e-02	1.307497e+04	5.006901e+11	5.980710e+00	-1.609235e+08	5.000000e+03	0
2.110553e-01	2.766690e-01	5.033574e-02	1.305436e+04	4.973880e+11	6.131365e+00	-1.606534e+08	5.000000e+03	0
2.160804e-01	2.832564e-01	5.391899e-02	1.303344e+04	4.940423e+11	6.281772e+00	-1.603770e+08	5.000000e+03	0
2.211055e-01	2.898437e-01	5.775947e-02	1.301170e+04	4.905800e+11	6.431476e+00	-1.600944e+08	5.000000e+03	0
2.261307e-01	2.964311e-01	6.165614e-02	1.298977e+04	4.870924e+11	6.581027e+00	-1.598055e+08	5.000000e+03	0
2.311558e-01	3.030184e-01	6.585927e-02	1.296688e+04	4.834730e+11	6.729731e+00	-1.595105e+08	5.000000e+03	0
2.361809e-01	3.096058e-01	7.010298e-02	1.294387e+04	4.798367e+11	6.878322e+00	-1.592093e+08	5.000000e+03	0
2.412060e-01	3.161931e-01	7.466050e-02	1.291990e+04	4.760724e+11	7.026037e+00	-1.589019e+08	5.000000e+03	0
2.462312e-01	3.227805e-01	7.928346e-02	1.289574e+04	4.722826e+11	7.173567e+00	-1.585884e+08	5.000000e+03	0
2.512563e-01	3.293679e-01	8.418783e-02	1.287075e+04	4.683836e+11	7.320304e+00	-1.582689e+08	5.000000e+03	0
2.562814e-01	3.359552e-01	8.920345e-02	1.284544e+04	4.644436e+11	7.466723e+00	-1.579431e+08	5.000000e+03	0
2.613065e-01	3.425426e-01	9.446519e-02	1.281942e+04	4.604128e+11	7.612439e+00	-1.576114e+08	5.000000e+03	0
2.663317e-01	3.491299e-01	9.988645e-02	1.279296e+04	4.563259e+11	7.757696e+00	-1.572736e+08	5.000000e+03	0
2.713568e-01	3.557173e-01	1.055158e-01	1.276590e+04	4.521659e+11	7.902352e+00	-1.569298e+08	5.000000e+03	0
2.763819e-01	3.623046e-01	1.113552e-01	1.273827e+04	4.479356e+11	8.046396e+00	-1.565799e+08	5.000000e+03	0
2.814070e-01	3.688920e-01	1.173619e-01	1.271019e+04	4.436493e+11	8.189950e+00	-1.562242e+08	5.000000e+03	0
2.864322e-01	3.754794e-01	1.236315e-01	1.268139e+04	4.392792e+11	8.332728e+00	-1.558624e+08	5.000000e+03	0
2.914573e-01	3.820667e-01	1.300252e-01	1.265226e+04	4.348696e+11	8.475139e+00	-1.554947e+08	5.000000e+03	0
2.964824e-01	3.886541e-01	1.367365e-01	1.262229e+04	4.303635e+11	8.616600e+00	-1.551211e+08	5.000000e+03	0
3.015075e-01	3.952414e-01	1.435262e-01	1.259211e+04	4.258336e+11	8.757825e+00	-1.547418e+08	5.000000e+03	0
3.065327e-01	4.018288e-01	1.506902e-01	1.256096e+04	4.211954e+11	8.897917e+00	-1.543566e+08	5.000000e+03	0
3.115578e-01	4.084161e-01	1.579043e-01	1.252968e+04	4.165430e+11	9.037856e+00	-1.539654e+08	5.000000e+03	0
3.165829e-01	4.150035e-01	1.655120e-01	1.249738e+04	4.117820e+11	9.176585e+00	-1.535687e+08	5.000000e+03	0
3.216080e-01	4.215909e-01	1.731913e-01	1.246491e+04	4.070023e+11	9.315091e+00	-1.531661e+08	5.000000e+03	0
3.266332e-01	4.281782e-01	1.812201e-01	1.243156e+04	4.021308e+11	9.452508e+00	-1.527577e+08	5.000000e+03	0
3.316583e-01	4.347656e-01	1.893743e-01	1.239789e+04	3.972279e+11	9.589529e+00	-1.523437e+08	5.000000e+03	0
3.366834e-01	4.413529e-01	1.978318e-01	1.236346e+04	3.922492e+11	9.725590e+00	-1.519240e+08	5.000000e+03	0
3.417085e-01	4.479403e-01	2.064701e-01	1.232858e+04	3.872275e+11	9.861072e+00	-1.514987e+08	5.000000e+03	0
3.467337e-01	4.545276e-01	2.153632e-01	1.229307e+04	3.821452e+11	9.995735e+00	-1.510678e+08	5.000000e+03	0
3.517588e-01	4.611150e-01	2.244941e-01	1.225698e+04	3.770091e+11	1.012962e+01	-1.506313e+08	5.000000e+03	0
3.567839e-01	4.677024e-01	2.338295e-01	1.222038e+04	3.718268e+11	1.026284e+01	-1.501893e+08	5.000000e+03	0
3.618090e-01	4.742897e-01	2.434610e-01	1.218306e+04	3.665809e+11	1.039508e+01	-1.497418e+08	5.000000e+03	0
3.668342e-01	4.808771e-01	2.532447e-01	1.214537e+04	3.613022e+11	1.052682e+01	-1.492887e+08	5.000000e+03	0
3.718593e-01	4.874644e-01	2.633840e-01	1.210681e+04	3.559511e+11	1.065735e+01	-1.488303e+08	5.000000e+03	0
3.768844e-01	4.940518e-01	2.736217e-01	1.206801e+04	3.505798e+11	1.078756e+01	-1.483664e+08	5.000000e+03	0
3.819095e-01	5.006391e-01	2.842753e-01	1.202820e+04	3.451283e+11	1.091633e+01	-1.478973e+08	5.000000e+03	0
3.869347e-01	5.072265e-01	2.949853e-01	1.198825e+04	3.396660e+11	1.104492e+01	-1.474226e+08	5.000000e+03	0
3.919598e-01	5.138139e-01	3.061459e-01	1.194721e+04	3.341214e+11	1.117192e+01	-1.469432e+08	5.000000e+03	0
3.969849e-01	5.204012e-01	3.173771e-01	1.190599e+04	3.285646e+11	1.129868e+01	-1.464574e+08	5.000000e+03	0
4.020101e-01	5.269886e-01	3.290054e-01	1.186381e+04	3.229394e+11	1.142401e+01	-1.459673e+08	5.000000e+03	0
4.070352e-01	5.335759e-01	3.407627e-01	1.182131e+04	3.172932e+11	1.154888e+01	-1.454718e+08	5.000000e+03	0
4.120603e-01	5.401633e-01	3.528622e-01	1.177798e+04	3.115913e+11	1.167251e+01	-1.449713e+08	5.000000e+03	0
4.170854e-01	5.467506e-01	3.651496e-01	1.173418e+04	3.058609e+11	1.179543e+01	-1.444654e+08	5.000000e+03	0
4.221106e-01	5.533380e-01	3.777232e-01	1.168968e+04	3.000868e+11	1.191729e+01	-1.439550e+08	5.000000e+03	0
4.271357e-01	5.599254e-01	3.905439e-01	1.164457e+04	2.942774e+11	1.203822e+01	-1.434384e+08	5.000000e+03	0
4.321608e-01	5.665127e-01	4.035939e-01	1.159889e+04	2.884353e+11	1.215827e+01	-1.429178e+08	5.000000e+03	0
4.371859e-01	5.731001e-01	4.169505e-01	1.155245e+04	2.825523e+11	1.227713e+01	-1.423919e+08	5.000000e+03	0
4.422111e-01	5.796874e-01	4.304785e-01	1.150557e+04	2.766466e+11	1.239532e+01	-1.418613e+08	5.000000e+03	0
4.472362e-01	5.862748e-01	4.443724e-01	1.145777e+04	2.706957e+11	1.251205e+01	-1.413274e+08	5.000000e+03	0
4.522613e-01	5.928621e-01	4.583793e-01	1.140968e+04	2.647308e+11	1.262833e+01	-1.407853e+08	5.000000e+03	0
4.572864e-01	5.994495e-01	4.728113e-01	1.136050e+04	2.587176e+11	1.274288e+01	-1.402408e+08	5.000000e+03	0
4.623116e-01	6.060369e-01	4.873020e-01	1.131116e+04	2.526977e+11	1.285718e+01	-1.396901e+08	5.000000e+03	0
4.673367e-01	6.126242e-01	5.022670e-01	1.126059e+04	2.466283e+11	1.296949e+01	-1.391355e+08	5.000000e+03	0
4.723618e-01	6.192116e-01	5.172952e-01	1.120985e+04	2.405530e+11	1.308153e+01	-1.385764e+08	5.000000e+03	0
4.773869e-01	6.257989e-01	5.327380e-01	1.115800e+04	2.344384e+11	1.319178e+01	-1.380125e+08	5.000000e+03	0
4.824121e-01	6.323863e-01	5.483020e-01	1.110582e+04	2.283136e+11	1.330148e+01	-1.374442e+08	5.000000e+03	0
4.874372e-01	6.389736e-01	5.642207e-01	1.105267e+04	2.221587e+11	1.340961e+01	-1.368714e+08	5.000000e+03	0
4.924623e-01	6.455610e-01	5.803178e-01	1.099903e+04	2.159904e+11	1.351692e+01	-1.362939e+08	5.000000e+03	0
4.974874e-01	6.521484e-01	5.967096e-01	1.094455e+04	2.098000e+11	1.362287e+01	-1.357124e+08	5.000000e+03	0
5.025126e-01	6.587357e-01	6.133363e-01	1.088940e+04	2.035944e+11	1.372771e+01	-1.351264e+08	5.000000e+03	0
5.075377e-01	6.653231e-01	6.301977e-01	1.083357e+04	1.973735e+11	1.383143e+01	-1.345358e+08	5.000000e+03	0
5.125628e-01	6.719104e-01	6.473489e-01	1.077688e+04	1.911369e+11	1.393373e+01	-1.339410e+08	5.000000e+03	0
5.175879e-01	6.784978e-01	6.646756e-01	1.071967e+04	1.848907e+11	1.403516e+01	-1.333418e+08	5.000000e+03	0
5.226131e-01	6.850851e-01	6.764623e-01	8.797949e+03	1.807300e+11	1.401428e+01	-1.327391e+08	5.000000e+03	0
5.276382e-01	6.916725e-01	6.863557e-01	6.238992e+03	1.772822e+11	1.395158e+01	-1.321353e+08	5.000000e+03	0
5.326633e-01	6.982599e-01	6.964926e-01	5.879923e+03	1.738813e+11	1.389354e+01	-1.315331e+08	5.000000e+03	1
5.376884e-01	7.048472e-01	7.066666e-01	5.855619e+03	1.704875e+11	1.383621e+01	-1.309335e+08	5.000000e+03	1
5.427136e-01	7.114346e-01	7.171195e-01	5.831345e+03	1.671445e+11	1.378378e+01	-1.303364e+08	5.000000e+03	1
5.477387e-01	7.180219e-01	7.276070e-01	5.807073e+03	1.638076e+11	1.373191e+01	-1.297412e+08	5.000000e+03	1
5.527638e-01	7.246093e-01	7.383448e-01	5.782811e+03	1.605138e+11	1.368408e+01	-1.291496e+08	5.000000e+03	1
5.577889e-01	7.311966e-01	7.491493e-01	5.758549e+03	1.572310e+11	1.363724e+01	-1.285594e+08	5.000000e+03	1
5.628141e-01	7.377840e-01	7.601699e-01	5.734283e+03	1.539837e+11	1.359362e+01	-1.279714e+08	5.000000e+03	1
5.678392e-01	7.443714e-01	7.712919e-01	5.710009e+03	1.507522e+11	1.355139e+01	-1.273855e+08	5.000000e+03	1
5.728643e-01	7.509587e-01	7.825956e-01	5.685722e+03	1.475491e+11	1.351164e+01	-1.268015e+08	5.000000e+03	1
5.778894e-01	7.575461e-01	7.940355e-01	5.661418e+03	1.443665e+11	1.347362e+01	-1.262193e+08	5.000000e+03	1
5.829146e-01	7.641334e-01	8.056223e-01	5.637095e+03	1.412058e+11	1.343745e+01	-1.256388e+08	5.000000e+03	1
5.879397e-01	7.707208e-01	8.173800e-01	5.612741e+03	1.380697e+11	1.340327e+01	-1.250601e+08	5.000000e+03	1
5.929648e-01	7.773081e-01	8.292499e-01	5.588366e+03	1.349497e+11	1.337040e+01	-1.244829e+08	5.000000e+03	1
5.979899e-01	7.838955e-01	8.413251e-01	5.563944e+03	1.318581e+11	1.333974e+01	-1.239073e+08	5.000000e+03	1
6.030151e-01	7.904829e-01	8.534776e-01	5.539504e+03	1.287772e+11	1.330991e+01	-1.233324e+08	5.000000e+03	1
6.080402e-01	7.970702e-01	8.658696e-01	5.514996e+03	1.257282e+11	1.328246e+01	-1.227603e+08	5.000000e+03	1
6.130653e-01	8.036576e-01	8.783042e-01	5.490476e+03	1.226850e+11	1.325543e+01	-1.221888e+08	5.000000e+03	1
6.180905e-01	8.102449e-01	8.910121e-01	5.465864e+03	1.196772e+11	1.323091e+01	-1.216186e+08	5.000000e+03	1
6.231156e-01	8.168323e-01	9.037544e-01	5.441240e+03	1.166738e+11	1.320668e+01	-1.210495e+08	5.000000e+03	1
6.281407e-01	8.234196e-01	9.167504e-01	5.416518e+03	1.137023e+11	1.318461e+01	-1.204816e+08	5.000000e+03	1
6.331658e-01	8.300070e-01	9.298069e-01	5.391770e+03	1.107382e+11	1.316300e+01	-1.199148e+08	5.000000e+03	1
6.381910e-01	8.365944e-01	9.430818e-01	5.366926e+03	1.078011e+11	1.314310e+01	-1.193490e+08	5.000000e+03	1
6.432161e-01	8.431817e-01	9.564508e-01	5.342038e+03	1.048752e+11	1.312387e+01	-1.187842e+08	5.000000e+03	1
6.482412e-01	8.497691e-01	9.700029e-01	5.317060e+03	1.019715e+11	1.310597e+01	-1.182203e+08	5.000000e+03	1
6.532663e-01	8.563564e-01	9.836823e-01	5.292013e+03	9.908279e+10	1.308891e+01	-1.176574e+08	5.000000e+03	1
6.582915e-01	8.629438e-01	9.975097e-01	5.266887e+03	9.621165e+10	1.307283e+01	-1.170952e+08	5.000000e+03	1
6.633166e-01	8.695311e-01	1.011497e+00	5.241667e+03	9.335921e+10	1.305773e+01	-1.165339e+08	5.000000e+03	1
6.683417e-01	8.761185e-01	1.025598e+00	5.216379e+03	9.052002e+10	1.304332e+01	-1.159734e+08	5.000000e+03	1
6.733668e-01	8.827059e-01	1.039890e+00	5.190967e+03	8.770303e+10	1.302999e+01	-1.154135e+08	5.000000e+03	1
6.783920e-01	8.892932e-01	1.054262e+00	5.165504e+03	8.489521e+10	1.301710e+01	-1.148544e+08	5.000000e+03	1
6.834171e-01	8.958806e-01	1.068856e+00	5.139884e+03	8.211302e+10	1.300536e+01	-1.142959e+08	5.000000e+03	1
6.884422e-01	9.024679e-01	1.083495e+00	5.114231e+03	7.933607e+10	1.299386e+01	-1.137380e+08	5.000000e+03	1
6.934673e-01	9.090553e-01	1.098387e+00	5.088385e+03	7.658813e+10	1.298354e+01	-1.131807e+08	5.000000e+03	1
6.984925e-01	9.156426e-01	1.113311e+00	5.062513e+03	7.384391e+10	1.297337e+01	-1.126240e+08	5.000000e+03	1
7.035176e-01	9.222300e-01	1.128478e+00	5.036439e+03	7.112753e+10	1.296423e+01	-1.120678e+08	5.000000e+03	1
7.085427e-01	9.288174e-01	1.143695e+00	5.010319e+03	6.841706e+10	1.295530e+01	-1.115121e+08	5.000000e+03	1
7.135678e-01	9.354047e-01	1.159119e+00	4.984012e+03	6.573054e+10	1.294717e+01	-1.109569e+08	5.000000e+03	1
7.185930e-01	9.419921e-01	1.174624e+00	4.957626e+03	6.305353e+10	1.293932e+01	-1.104022e+08	5.000000e+03	1
7.236181e-01	9.485794e-01	1.190302e+00	4.931071e+03	6.039667e+10	1.293209e+01	-1.098483e+08	5.000000e+03	1
7.286432e-01	9.551668e-01	1.206091e+00	4.904398e+03	5.775292e+10	1.292520e+01	-1.092940e+08	5.000000e+03	1
7.336683e-01	9.617541e-01	1.222018e+00	4.877578e+03	5.512561e+10	1.291875e+01	-1.087397e+08	5.000000e+03	1
7.386935e-01	9.683415e-01	1.238083e+00	4.850598e+03	5.251499e+10	1.291269e+01	-1.081875e+08	5.000000e+03	1
7.437186e-01	9.749288e-01	1.254255e+00	4.823496e+03	4.991718e+10	1.290693e+01	-1.076348e+08	5.000000e+03	1
7.487437e-01	9.815162e-01	1.270592e+00	4.796187e+03	4.733967e+10	1.290157e+01	-1.070824e+08	5.000000e+03	1
7.537688e-01	9.881036e-01	1.287003e+00	4.768784e+03	4.477135e+10	1.289639e+01	-1.065303e+08	5.000000e+03	1
7.587940e-01	9.946909e-01	1.303604e+00	4.741123e+03	4.222702e+10	1.289162e+01	-1.059786e+08	5.000000e+03	1
7.638191e-01	1.001278e+00	1.320248e+00	4.713401e+03	3.968827e+10	1.288694e+01	-1.054272e+08	5.000000e+03	1
7.688442e-01	1.007866e+00	1.337106e+00	4.685361e+03	3.717724e+10	1.288264e+01	-1.048761e+08	5.000000e+03	1
7.738693e-01	1.014453e+00	1.353438e+00	4.577997e+03	3.475045e+10	1.287322e+01	-1.043252e+08	5.000000e+03	1
7.788945e-01	1.021040e+00	1.360764e+00	3.148939e+03	3.369487e+10	1.277815e+01	-1.037751e+08	5.000000e+03	1
7.839196e-01	1.027628e+00	1.368110e+00	1.974229e+03	3.264366e+10	1.268371e+01	-1.032274e+08	5.000000e+03	2
7.889447e-01	1.034215e+00	1.375544e+00	1.964165e+03	3.161250e+10	1.259219e+01	-1.026835e+08	5.000000e+03	2
7.939698e-01	1.040802e+00	1.383010e+00	1.954136e+03	3.058843e+10	1.250170e+01	-1.021437e+08	5.000000e+03	2
7.989950e-01	1.047390e+00	1.390550e+00	1.944186e+03	2.958077e+10	1.241356e+01	-1.016078e+08	5.000000e+03	2
8.040201e-01	1.053977e+00	1.398135e+00	1.934282e+03	2.858271e+10	1.232678e+01	-1.010757e+08	5.000000e+03	2
8.090452e-01	1.060564e+00	1.405781e+00	1.924440e+03	2.759769e+10	1.224186e+01	-1.005475e+08	5.000000e+03	2
8.140704e-01	1.067152e+00	1.413485e+00	1.914654e+03	2.662460e+10	1.215861e+01	-1.000229e+08	5.000000e+03	2
8.190955e-01	1.073739e+00	1.421236e+00	1.904915e+03	2.566140e+10	1.207675e+01	-9.950197e+07	5.000000e+03	2
8.241206e-01	1.080327e+00	1.429057e+00	1.895241e+03	2.471228e+10	1.199684e+01	-9.898460e+07	5.000000e+03	2
8.291457e-01	1.086914e+00	1.436913e+00	1.885599e+03	2.377012e+10	1.191789e+01	-9.847071e+07	5.000000e+03	2
8.341709e-01	1.093501e+00	1.444852e+00	1.876030e+03	2.284406e+10	1.184114e+01	-9.796024e+07	5.000000e+03	2
8.391960e-01	1.100089e+00	1.452812e+00	1.866480e+03	2.192221e+10	1.176497e+01	-9.745313e+07	5.000000e+03	2
8.442211e-01	1.106676e+00	1.460867e+00	1.857010e+03	2.101832e+10	1.169122e+01	-9.694936e+07	5.000000e+03	2
8.492462e-01	1.113263e+00	1.468934e+00	1.847550e+03	2.011680e+10	1.161779e+01	-9.644874e+07	5.000000e+03	2
8.542714e-01	1.119851e+00	1.477100e+00	1.838170e+03	1.923354e+10	1.154678e+01	-9.595102e+07	5.000000e+03	2
8.592965e-01	1.126438e+00	1.485283e+00	1.828802e+03	1.835322e+10	1.147616e+01	-9.545707e+07	5.000000e+03	2
8.643216e-01	1.133025e+00	1.493551e+00	1.819500e+03	1.748830e+10	1.140756e+01	-9.496586e+07	5.000000e+03	2
8.693467e-01	1.139613e+00	1.501847e+00	1.810219e+03	1.662841e+10	1.133961e+01	-9.447766e+07	5.000000e+03	2
8.743719e-01	1.146200e+00	1.510216e+00	1.800990e+03	1.578124e+10	1.127330e+01	-9.399241e+07	5.000000e+03	2
8.793970e-01	1.152787e+00	1.518626e+00	1.791789e+03	1.494105e+10	1.120788e+01	-9.351006e+07	5.000000e+03	2
8.844221e-01	1.159375e+00	1.527095e+00	1.782630e+03	1.411109e+10	1.114375e+01	-9.303058e+07	5.000000e+03	2
8.894472e-01	1.165962e+00	1.535562e+00	1.761464e+03	1.329513e+10	1.108034e+01	-9.255400e+07	5.000000e+03	2
8.944724e-01	1.172550e+00	1.544026e+00	1.729578e+03	1.249167e+10	1.101757e+01	-9.207997e+07	5.000000e+03	2
8.994975e-01	1.179137e+00	1.552415e+00	1.697602e+03	1.171151e+10	1.095514e+01	-9.160882e+07	5.000000e+03	2
9.045226e-01	1.185724e+00	1.560763e+00	1.665576e+03	1.094385e+10	1.089289e+01	-9.114052e+07	5.000000e+03	2
9.095477e-01	1.192312e+00	1.569011e+00	1.633363e+03	1.020350e+10	1.083099e+01	-9.067473e+07	5.000000e+03	2
9.145729e-01	1.198899e+00	1.577231e+00	1.601095e+03	9.471146e+09	1.076919e+01	-9.021175e+07	5.000000e+03	2
9.195980e-01	1.205486e+00	1.585322e+00	1.568496e+03	8.770098e+09	1.070772e+01	-8.975149e+07	5.000000e+03	2
9.246231e-01	1.212074e+00	1.593395e+00	1.535848e+03	8.073329e+09	1.064630e+01	-8.929390e+07	5.000000e+03	2
9.296482e-01	1.218661e+00	1.601314e+00	1.502676e+03	7.410582e+09	1.058515e+01	-8.883909e+07	5.000000e+03	2
9.346734e-01	1.225248e+00	1.609207e+00	1.469397e+03	6.752729e+09	1.052402e+01	-8.838693e+07	5.000000e+03	2
9.396985e-01	1.231836e+00	1.616949e+00	1.435469e+03	6.124563e+09	1.046306e+01	-8.793743e+07	5.000000e+03	2
9.447236e-01	1.238423e+00	1.624638e+00	1.401258e+03	5.505563e+09	1.040212e+01	-8.749058e+07	5.000000e+03	2
9.497487e-01	1.245010e+00	1.632183e+00	1.366263e+03	4.912095e+09	1.034123e+01	-8.704644e+07	5.000000e+03	2
9.547739e-01	1.251598e+00	1.639641e+00	1.330676e+03	4.332205e+09	1.028032e+01	-8.660495e+07	5.000000e+03	2
9.597990e-01	1.258185e+00	1.646961e+00	1.294149e+03	3.773842e+09	1.021937e+01	-8.616618e+07	5.000000e+03	2
9.648241e-01	1.264773e+00	1.654151e+00	1.256457e+03	3.233801e+09	1.015832e+01	-8.573000e+07	5.000000e+03	2
9.698492e-01	1.271360e+00	1.661215e+00	1.217643e+03	2.711402e+09	1.009716e+01	-8.529655e+07	5.000000e+03	2
9.748744e-01	1.277947e+00	1.668087e+00	1.176503e+03	2.212762e+09	1.003571e+01	-8.486574e+07	5.000000e+03	2
9.798995e-01	1.284535e+00	1.674848e+00	1.134009e+03	1.727952e+09	9.974102e+00	-8.443764e+07	5.000000e+03	2
9.849246e-01	1.291122e+00	1.681326e+00	1.086313e+03	1.273924e+09	9.911884e+00	-8.401224e+07	5.000000e+03	2
9.899497e-01	1.297709e+00	1.687712e+00	1.036927e+03	8.299003e+08	9.849468e+00	-8.358958e+07	5.000000e+03	2
9.949749e-01	1.304297e+00	1.693872e+00	1.016443e+03	4.130509e+08	9.787001e+00	-8.316967e+07	5.000000e+03	2
1.000000e+00	1.310884e+00	1.700000e+00	1.000000e+03	2.384186e-07	9.724527e+00	-8.275249e+07	3.000000e+02	2
