#R=1.7428406315819107
#interptype='linear'
#name='planet'
#norm={'P': 1000000000000.0, 'R': 1.7428406315819107, 'M': 4.7999999999999998, 'g': 15.533668690021388, 'rho': 1000.0}
#state=1
#composition
#layer0		Fe08FeS02		0.400000
#layer1		pv_fmw		0.600000
#layer2		ice_VII		0.200000
#Cols=
 #'ur		r		mr		rho		P		g		phi		T		composition'
#-end-
0.000000e+00	0.000000e+00	2.670246e-11	1.832293e+04	1.619597e+12	0.000000e+00	-3.635778e+08	5.000000e+03	0
5.025126e-03	8.757993e-03	9.006341e-06	1.832528e+04	1.620275e+12	-1.027752e-01	-3.635702e+08	5.000000e+03	0
1.005025e-02	1.751599e-02	1.801265e-05	1.832764e+04	1.620954e+12	-2.055504e-01	-3.635459e+08	5.000000e+03	0
1.507538e-02	2.627398e-02	8.024313e-05	1.832749e+04	1.620912e+12	6.445380e-02	-3.635060e+08	5.000000e+03	0
2.010050e-02	3.503197e-02	1.430167e-04	1.832732e+04	1.620862e+12	3.382619e-01	-3.634502e+08	5.000000e+03	0
2.512563e-02	4.378997e-02	3.108660e-04	1.832514e+04	1.620236e+12	6.252572e-01	-3.633787e+08	5.000000e+03	0
3.015075e-02	5.254796e-02	4.808819e-04	1.832293e+04	1.619597e+12	9.125244e-01	-3.632909e+08	5.000000e+03	0
3.517588e-02	6.130595e-02	8.066543e-04	1.831873e+04	1.618390e+12	1.200491e+00	-3.631874e+08	5.000000e+03	0
4.020101e-02	7.006394e-02	1.137294e-03	1.831448e+04	1.617165e+12	1.488479e+00	-3.630679e+08	5.000000e+03	0
4.522613e-02	7.882194e-02	1.673135e-03	1.830827e+04	1.615379e+12	1.776306e+00	-3.629325e+08	5.000000e+03	0
5.025126e-02	8.757993e-02	2.217616e-03	1.830197e+04	1.613569e+12	2.064126e+00	-3.627812e+08	5.000000e+03	0
5.527638e-02	9.633792e-02	3.015443e-03	1.829375e+04	1.611206e+12	2.351566e+00	-3.626140e+08	5.000000e+03	0
6.030151e-02	1.050959e-01	3.826745e-03	1.828542e+04	1.608814e+12	2.638985e+00	-3.624309e+08	5.000000e+03	0
6.532663e-02	1.138539e-01	4.938178e-03	1.827517e+04	1.605876e+12	2.925895e+00	-3.622319e+08	5.000000e+03	0
7.035176e-02	1.226119e-01	6.068975e-03	1.826481e+04	1.602904e+12	3.212771e+00	-3.620171e+08	5.000000e+03	0
7.537688e-02	1.313699e-01	7.545270e-03	1.825255e+04	1.599395e+12	3.499030e+00	-3.617866e+08	5.000000e+03	0
8.040201e-02	1.401279e-01	9.047853e-03	1.824014e+04	1.595846e+12	3.785242e+00	-3.615400e+08	5.000000e+03	0
8.542714e-02	1.488859e-01	1.093983e-02	1.822587e+04	1.591769e+12	4.070736e+00	-3.612778e+08	5.000000e+03	0
9.045226e-02	1.576439e-01	1.286604e-02	1.821143e+04	1.587647e+12	4.356166e+00	-3.609999e+08	5.000000e+03	0
9.547739e-02	1.664019e-01	1.522402e-02	1.819514e+04	1.583007e+12	4.640781e+00	-3.607064e+08	5.000000e+03	0
1.005025e-01	1.751599e-01	1.762518e-02	1.817866e+04	1.578316e+12	4.925315e+00	-3.603967e+08	5.000000e+03	0
1.055276e-01	1.839179e-01	2.049890e-02	1.816036e+04	1.573119e+12	5.208940e+00	-3.600717e+08	5.000000e+03	0
1.105528e-01	1.926758e-01	2.342573e-02	1.814184e+04	1.567864e+12	5.492463e+00	-3.597308e+08	5.000000e+03	0
1.155779e-01	2.014338e-01	2.686431e-02	1.812152e+04	1.562114e+12	5.774986e+00	-3.593743e+08	5.000000e+03	0
1.206030e-01	2.101918e-01	3.036685e-02	1.810097e+04	1.556301e+12	6.057384e+00	-3.590021e+08	5.000000e+03	0
1.256281e-01	2.189498e-01	3.441868e-02	1.807863e+04	1.550004e+12	6.338692e+00	-3.586147e+08	5.000000e+03	0
1.306533e-01	2.277078e-01	3.854627e-02	1.805605e+04	1.543640e+12	6.619850e+00	-3.582112e+08	5.000000e+03	0
1.356784e-01	2.364658e-01	4.325897e-02	1.803169e+04	1.536803e+12	6.899831e+00	-3.577929e+08	5.000000e+03	0
1.407035e-01	2.452238e-01	4.806011e-02	1.800707e+04	1.529894e+12	7.179635e+00	-3.573583e+08	5.000000e+03	0
1.457286e-01	2.539818e-01	5.348045e-02	1.798070e+04	1.522524e+12	7.458178e+00	-3.569089e+08	5.000000e+03	0
1.507538e-01	2.627398e-01	5.900277e-02	1.795404e+04	1.515078e+12	7.736513e+00	-3.564443e+08	5.000000e+03	0
1.557789e-01	2.714978e-01	6.517659e-02	1.792565e+04	1.507183e+12	8.013506e+00	-3.559633e+08	5.000000e+03	0
1.608040e-01	2.802558e-01	7.146676e-02	1.789696e+04	1.499208e+12	8.290259e+00	-3.554686e+08	5.000000e+03	0
1.658291e-01	2.890138e-01	7.843895e-02	1.786655e+04	1.490797e+12	8.565588e+00	-3.549579e+08	5.000000e+03	0
1.708543e-01	2.977718e-01	8.554262e-02	1.783582e+04	1.482301e+12	8.840644e+00	-3.544320e+08	5.000000e+03	0
1.758794e-01	3.065298e-01	9.335698e-02	1.780339e+04	1.473382e+12	9.114198e+00	-3.538909e+08	5.000000e+03	0
1.809045e-01	3.152878e-01	1.013187e-01	1.777062e+04	1.464375e+12	9.387442e+00	-3.533346e+08	5.000000e+03	0
1.859296e-01	3.240457e-01	1.100179e-01	1.773618e+04	1.454958e+12	9.659109e+00	-3.527635e+08	5.000000e+03	0
1.909548e-01	3.328037e-01	1.188811e-01	1.770136e+04	1.445449e+12	9.930426e+00	-3.521773e+08	5.000000e+03	0
1.959799e-01	3.415617e-01	1.285067e-01	1.766490e+04	1.435544e+12	1.020009e+01	-3.515761e+08	5.000000e+03	0
2.010050e-01	3.503197e-01	1.383134e-01	1.762805e+04	1.425544e+12	1.046937e+01	-3.509601e+08	5.000000e+03	0
2.060302e-01	3.590777e-01	1.489056e-01	1.758956e+04	1.415161e+12	1.073693e+01	-3.503294e+08	5.000000e+03	0
2.110553e-01	3.678357e-01	1.596966e-01	1.755067e+04	1.404681e+12	1.100405e+01	-3.496837e+08	5.000000e+03	0
2.160804e-01	3.765937e-01	1.712944e-01	1.751016e+04	1.393831e+12	1.126938e+01	-3.490234e+08	5.000000e+03	0
2.211055e-01	3.853517e-01	1.831093e-01	1.746922e+04	1.382882e+12	1.153423e+01	-3.483486e+08	5.000000e+03	0
2.261307e-01	3.941097e-01	1.957500e-01	1.742669e+04	1.371577e+12	1.179722e+01	-3.476591e+08	5.000000e+03	0
2.311558e-01	4.028677e-01	2.086267e-01	1.738370e+04	1.360171e+12	1.205968e+01	-3.469552e+08	5.000000e+03	0
2.361809e-01	4.116257e-01	2.223464e-01	1.733914e+04	1.348424e+12	1.232023e+01	-3.462367e+08	5.000000e+03	0
2.412060e-01	4.203837e-01	2.363213e-01	1.729410e+04	1.336573e+12	1.258019e+01	-3.455040e+08	5.000000e+03	0
2.462312e-01	4.291417e-01	2.511546e-01	1.724751e+04	1.324395e+12	1.283817e+01	-3.447571e+08	5.000000e+03	0
2.512563e-01	4.378997e-01	2.662626e-01	1.720042e+04	1.312113e+12	1.309551e+01	-3.439955e+08	5.000000e+03	0
2.562814e-01	4.466576e-01	2.822422e-01	1.715180e+04	1.299518e+12	1.335082e+01	-3.432204e+08	5.000000e+03	0
2.613065e-01	4.554156e-01	2.985164e-01	1.710266e+04	1.286817e+12	1.360543e+01	-3.424309e+08	5.000000e+03	0
2.663317e-01	4.641736e-01	3.156736e-01	1.705199e+04	1.273819e+12	1.385794e+01	-3.416276e+08	5.000000e+03	0
2.713568e-01	4.729316e-01	3.331453e-01	1.700079e+04	1.260714e+12	1.410970e+01	-3.408100e+08	5.000000e+03	0
2.763819e-01	4.816896e-01	3.515095e-01	1.694808e+04	1.247326e+12	1.435931e+01	-3.399791e+08	5.000000e+03	0
2.814070e-01	4.904476e-01	3.702084e-01	1.689482e+04	1.233831e+12	1.460811e+01	-3.391342e+08	5.000000e+03	0
2.864322e-01	4.992056e-01	3.898072e-01	1.684006e+04	1.220068e+12	1.485470e+01	-3.382757e+08	5.000000e+03	0
2.914573e-01	5.079636e-01	4.097609e-01	1.678473e+04	1.206198e+12	1.510042e+01	-3.374044e+08	5.000000e+03	0
2.964824e-01	5.167216e-01	4.306199e-01	1.672792e+04	1.192075e+12	1.534387e+01	-3.365179e+08	5.000000e+03	0
3.015075e-01	5.254796e-01	4.518539e-01	1.667051e+04	1.177846e+12	1.558639e+01	-3.356192e+08	5.000000e+03	0
3.065327e-01	5.342376e-01	4.739969e-01	1.661164e+04	1.163377e+12	1.582660e+01	-3.347068e+08	5.000000e+03	0
3.115578e-01	5.429956e-01	4.965350e-01	1.655214e+04	1.148805e+12	1.606580e+01	-3.337812e+08	5.000000e+03	0
3.165829e-01	5.517536e-01	5.199835e-01	1.649121e+04	1.134007e+12	1.630265e+01	-3.328427e+08	5.000000e+03	0
3.216080e-01	5.605116e-01	5.438470e-01	1.642962e+04	1.119107e+12	1.653842e+01	-3.318909e+08	5.000000e+03	0
3.266332e-01	5.692696e-01	5.686205e-01	1.636661e+04	1.103997e+12	1.677178e+01	-3.309264e+08	5.000000e+03	0
3.316583e-01	5.780275e-01	5.938287e-01	1.630292e+04	1.088786e+12	1.700399e+01	-3.299488e+08	5.000000e+03	0
3.366834e-01	5.867855e-01	6.199446e-01	1.623782e+04	1.073380e+12	1.723376e+01	-3.289591e+08	5.000000e+03	0
3.417085e-01	5.955435e-01	6.465142e-01	1.617202e+04	1.057875e+12	1.746230e+01	-3.279582e+08	5.000000e+03	0
3.467337e-01	6.043015e-01	6.739874e-01	1.610483e+04	1.042190e+12	1.768835e+01	-3.269368e+08	5.000000e+03	0
3.517588e-01	6.130595e-01	7.019331e-01	1.603691e+04	1.026409e+12	1.791310e+01	-3.259136e+08	5.000000e+03	0
3.567839e-01	6.218175e-01	7.307761e-01	1.596760e+04	1.010461e+12	1.813531e+01	-3.248734e+08	5.000000e+03	0
3.618090e-01	6.305755e-01	7.601097e-01	1.589754e+04	9.944227e+11	1.835615e+01	-3.238215e+08	5.000000e+03	0
3.668342e-01	6.393335e-01	7.903327e-01	1.582611e+04	9.782311e+11	1.857441e+01	-3.227574e+08	5.000000e+03	0
3.718593e-01	6.480915e-01	8.210638e-01	1.575390e+04	9.619524e+11	1.879120e+01	-3.216810e+08	5.000000e+03	0
3.768844e-01	6.568495e-01	8.526743e-01	1.568034e+04	9.455350e+11	1.900539e+01	-3.205928e+08	5.000000e+03	0
3.819095e-01	6.656075e-01	8.848095e-01	1.560596e+04	9.290348e+11	1.921803e+01	-3.194923e+08	5.000000e+03	0
3.869347e-01	6.743655e-01	9.178123e-01	1.553024e+04	9.124100e+11	1.942802e+01	-3.183824e+08	5.000000e+03	0
3.919598e-01	6.831235e-01	9.513557e-01	1.545367e+04	8.957076e+11	1.963637e+01	-3.172590e+08	5.000000e+03	0
3.969849e-01	6.918815e-01	9.857531e-01	1.537577e+04	8.788943e+11	1.984205e+01	-3.161251e+08	5.000000e+03	0
4.020101e-01	7.006394e-01	1.020706e+00	1.529700e+04	8.620088e+11	2.004598e+01	-3.149792e+08	5.000000e+03	0
4.070352e-01	7.093974e-01	1.056497e+00	1.521690e+04	8.450261e+11	2.024721e+01	-3.138231e+08	5.000000e+03	0
4.120603e-01	7.181554e-01	1.092857e+00	1.513589e+04	8.279774e+11	2.044661e+01	-3.126555e+08	5.000000e+03	0
4.170854e-01	7.269134e-01	1.130038e+00	1.505357e+04	8.108448e+11	2.064327e+01	-3.114675e+08	5.000000e+03	0
4.221106e-01	7.356714e-01	1.167800e+00	1.497031e+04	7.936529e+11	2.083799e+01	-3.102877e+08	5.000000e+03	0
4.271357e-01	7.444294e-01	1.206365e+00	1.488573e+04	7.763903e+11	2.102995e+01	-3.090879e+08	5.000000e+03	0
4.321608e-01	7.531874e-01	1.245521e+00	1.480018e+04	7.590755e+11	2.121988e+01	-3.078777e+08	5.000000e+03	0
4.371859e-01	7.619454e-01	1.285459e+00	1.471332e+04	7.417029e+11	2.140701e+01	-3.066575e+08	5.000000e+03	0
4.422111e-01	7.707034e-01	1.325998e+00	1.462545e+04	7.242859e+11	2.159199e+01	-3.054261e+08	5.000000e+03	0
4.472362e-01	7.794614e-01	1.367297e+00	1.453628e+04	7.068238e+11	2.177416e+01	-3.041851e+08	5.000000e+03	0
4.522613e-01	7.882194e-01	1.409203e+00	1.444605e+04	6.893256e+11	2.195407e+01	-3.029344e+08	5.000000e+03	0
4.572864e-01	7.969774e-01	1.451845e+00	1.435451e+04	6.717948e+11	2.213114e+01	-3.016741e+08	5.000000e+03	0
4.623116e-01	8.057354e-01	1.495100e+00	1.426188e+04	6.542367e+11	2.230584e+01	-3.004042e+08	5.000000e+03	0
4.673367e-01	8.144934e-01	1.539065e+00	1.416795e+04	6.366581e+11	2.247767e+01	-2.991236e+08	5.000000e+03	0
4.723618e-01	8.232514e-01	1.583647e+00	1.407287e+04	6.190616e+11	2.264701e+01	-2.978349e+08	5.000000e+03	0
4.773869e-01	8.320093e-01	1.628911e+00	1.397648e+04	6.014566e+11	2.281346e+01	-2.965359e+08	5.000000e+03	0
4.824121e-01	8.407673e-01	1.674793e+00	1.387891e+04	5.838437e+11	2.297729e+01	-2.952293e+08	5.000000e+03	0
4.874372e-01	8.495253e-01	1.721328e+00	1.378001e+04	5.662339e+11	2.313821e+01	-2.939129e+08	5.000000e+03	0
4.924623e-01	8.582833e-01	1.768480e+00	1.367988e+04	5.486268e+11	2.329639e+01	-2.925880e+08	5.000000e+03	0
4.974874e-01	8.670413e-01	1.816254e+00	1.357841e+04	5.310340e+11	2.345164e+01	-2.912548e+08	5.000000e+03	0
5.025126e-01	8.757993e-01	1.864640e+00	1.347565e+04	5.134552e+11	2.360400e+01	-2.899127e+08	5.000000e+03	0
5.075377e-01	8.845573e-01	1.903259e+00	1.200200e+04	4.996182e+11	2.362709e+01	-2.885628e+08	5.000000e+03	0
5.125628e-01	8.933153e-01	1.931911e+00	9.129492e+03	4.895993e+11	2.351825e+01	-2.872085e+08	5.000000e+03	0
5.175879e-01	9.020733e-01	1.960944e+00	7.627363e+03	4.796817e+11	2.341374e+01	-2.858567e+08	5.000000e+03	1
5.226131e-01	9.108313e-01	1.990382e+00	7.581262e+03	4.698717e+11	2.331383e+01	-2.845111e+08	5.000000e+03	1
5.276382e-01	9.195893e-01	2.020191e+00	7.535207e+03	4.601563e+11	2.321777e+01	-2.831716e+08	5.000000e+03	1
5.326633e-01	9.283473e-01	2.050411e+00	7.489205e+03	4.505457e+11	2.312597e+01	-2.818373e+08	5.000000e+03	1
5.376884e-01	9.371053e-01	2.080992e+00	7.443231e+03	4.410236e+11	2.303758e+01	-2.805096e+08	5.000000e+03	1
5.427136e-01	9.458633e-01	2.111988e+00	7.397289e+03	4.316037e+11	2.295313e+01	-2.791868e+08	5.000000e+03	1
5.477387e-01	9.546213e-01	2.143334e+00	7.351359e+03	4.222670e+11	2.287172e+01	-2.778691e+08	5.000000e+03	1
5.527638e-01	9.633792e-01	2.175099e+00	7.305441e+03	4.130303e+11	2.279395e+01	-2.765564e+08	5.000000e+03	1
5.577889e-01	9.721372e-01	2.207202e+00	7.259519e+03	4.038719e+11	2.271887e+01	-2.752485e+08	5.000000e+03	1
5.628141e-01	9.808952e-01	2.239729e+00	7.213591e+03	3.948115e+11	2.264715e+01	-2.739451e+08	5.000000e+03	1
5.678392e-01	9.896532e-01	2.272582e+00	7.167644e+03	3.858251e+11	2.257782e+01	-2.726462e+08	5.000000e+03	1
5.728643e-01	9.984112e-01	2.305861e+00	7.121671e+03	3.769351e+11	2.251158e+01	-2.713515e+08	5.000000e+03	1
5.778894e-01	1.007169e+00	2.339454e+00	7.075665e+03	3.681150e+11	2.244744e+01	-2.700609e+08	5.000000e+03	1
5.829146e-01	1.015927e+00	2.373474e+00	7.029614e+03	3.593899e+11	2.238615e+01	-2.687742e+08	5.000000e+03	1
5.879397e-01	1.024685e+00	2.407797e+00	6.983517e+03	3.507313e+11	2.232671e+01	-2.674914e+08	5.000000e+03	1
5.929648e-01	1.033443e+00	2.442548e+00	6.937357e+03	3.421665e+11	2.226989e+01	-2.662124e+08	5.000000e+03	1
5.979899e-01	1.042201e+00	2.477590e+00	6.891138e+03	3.336648e+11	2.221468e+01	-2.649367e+08	5.000000e+03	1
6.030151e-01	1.050959e+00	2.513058e+00	6.844836e+03	3.252562e+11	2.216187e+01	-2.636644e+08	5.000000e+03	1
6.080402e-01	1.059717e+00	2.548805e+00	6.798465e+03	3.169077e+11	2.211048e+01	-2.623957e+08	5.000000e+03	1
6.130653e-01	1.068475e+00	2.584977e+00	6.751989e+03	3.086516e+11	2.206127e+01	-2.611301e+08	5.000000e+03	1
6.180905e-01	1.077233e+00	2.621415e+00	6.705434e+03	3.004530e+11	2.201329e+01	-2.598676e+08	5.000000e+03	1
6.231156e-01	1.085991e+00	2.658276e+00	6.658753e+03	2.923463e+11	2.196729e+01	-2.586080e+08	5.000000e+03	1
6.281407e-01	1.094749e+00	2.695389e+00	6.611984e+03	2.842946e+11	2.192235e+01	-2.573515e+08	5.000000e+03	1
6.331658e-01	1.103507e+00	2.732922e+00	6.565067e+03	2.763347e+11	2.187920e+01	-2.560977e+08	5.000000e+03	1
6.381910e-01	1.112265e+00	2.770693e+00	6.518053e+03	2.684274e+11	2.183696e+01	-2.548467e+08	5.000000e+03	1
6.432161e-01	1.121023e+00	2.808881e+00	6.470867e+03	2.606121e+11	2.179632e+01	-2.535984e+08	5.000000e+03	1
6.482412e-01	1.129781e+00	2.847292e+00	6.423575e+03	2.528472e+11	2.175646e+01	-2.523526e+08	5.000000e+03	1
6.532663e-01	1.138539e+00	2.886114e+00	6.376088e+03	2.451745e+11	2.171802e+01	-2.511094e+08	5.000000e+03	1
6.582915e-01	1.147297e+00	2.925146e+00	6.328486e+03	2.375503e+11	2.168024e+01	-2.498687e+08	5.000000e+03	1
6.633166e-01	1.156055e+00	2.964581e+00	6.280664e+03	2.300188e+11	2.164370e+01	-2.486303e+08	5.000000e+03	1
6.683417e-01	1.164813e+00	3.004213e+00	6.232718e+03	2.225340e+11	2.160771e+01	-2.473945e+08	5.000000e+03	1
6.733668e-01	1.173571e+00	3.044238e+00	6.184526e+03	2.151424e+11	2.157280e+01	-2.461608e+08	5.000000e+03	1
6.783920e-01	1.182329e+00	3.084446e+00	6.136201e+03	2.077959e+11	2.153834e+01	-2.449295e+08	5.000000e+03	1
6.834171e-01	1.191087e+00	3.125036e+00	6.087601e+03	2.005435e+11	2.150479e+01	-2.437004e+08	5.000000e+03	1
6.884422e-01	1.199845e+00	3.165796e+00	6.038861e+03	1.933345e+11	2.147160e+01	-2.424733e+08	5.000000e+03	1
6.934673e-01	1.208603e+00	3.206926e+00	5.989814e+03	1.862207e+11	2.143917e+01	-2.412487e+08	5.000000e+03	1
6.984925e-01	1.217361e+00	3.248211e+00	5.940620e+03	1.791488e+11	2.140701e+01	-2.400258e+08	5.000000e+03	1
7.035176e-01	1.226119e+00	3.289852e+00	5.891085e+03	1.721734e+11	2.137546e+01	-2.388053e+08	5.000000e+03	1
7.085427e-01	1.234877e+00	3.331634e+00	5.841393e+03	1.652384e+11	2.134410e+01	-2.375867e+08	5.000000e+03	1
7.135678e-01	1.243635e+00	3.373756e+00	5.791325e+03	1.584013e+11	2.131321e+01	-2.363701e+08	5.000000e+03	1
7.185930e-01	1.252393e+00	3.416004e+00	5.741092e+03	1.516033e+11	2.128244e+01	-2.351566e+08	5.000000e+03	1
7.236181e-01	1.261151e+00	3.458574e+00	5.690441e+03	1.449048e+11	2.125198e+01	-2.339431e+08	5.000000e+03	1
7.286432e-01	1.269909e+00	3.501256e+00	5.639617e+03	1.382443e+11	2.122158e+01	-2.327325e+08	5.000000e+03	1
7.336683e-01	1.278667e+00	3.544238e+00	5.588331e+03	1.316849e+11	2.119135e+01	-2.315239e+08	5.000000e+03	1
7.386935e-01	1.287425e+00	3.587320e+00	5.536862e+03	1.251623e+11	2.116113e+01	-2.303173e+08	5.000000e+03	1
7.437186e-01	1.296183e+00	3.630678e+00	5.484881e+03	1.187429e+11	2.113093e+01	-2.291126e+08	5.000000e+03	1
7.487437e-01	1.304941e+00	3.674120e+00	5.432708e+03	1.123590e+11	2.110068e+01	-2.279100e+08	5.000000e+03	1
7.537688e-01	1.313699e+00	3.717813e+00	5.379966e+03	1.060806e+11	2.107031e+01	-2.267092e+08	5.000000e+03	1
7.587940e-01	1.322457e+00	3.761577e+00	5.327021e+03	9.983667e+10	2.103985e+01	-2.255104e+08	5.000000e+03	1
7.638191e-01	1.331215e+00	3.805562e+00	5.273443e+03	9.370054e+10	2.100912e+01	-2.243136e+08	5.000000e+03	1
7.688442e-01	1.339973e+00	3.843966e+00	4.896745e+03	8.836556e+10	2.094810e+01	-2.231188e+08	5.000000e+03	1
7.738693e-01	1.348731e+00	3.863931e+00	3.452342e+03	8.567787e+10	2.078700e+01	-2.219271e+08	5.000000e+03	1
7.788945e-01	1.357489e+00	3.883980e+00	2.327146e+03	8.300333e+10	2.062742e+01	-2.207418e+08	5.000000e+03	2
7.839196e-01	1.366247e+00	3.904328e+00	2.319175e+03	8.037483e+10	2.047314e+01	-2.195653e+08	5.000000e+03	2
7.889447e-01	1.375005e+00	3.924758e+00	2.311229e+03	7.775835e+10	2.032024e+01	-2.183979e+08	5.000000e+03	2
7.939698e-01	1.383763e+00	3.945492e+00	2.303376e+03	7.518650e+10	2.017244e+01	-2.172392e+08	5.000000e+03	2
7.989950e-01	1.392521e+00	3.966304e+00	2.295545e+03	7.262562e+10	2.002587e+01	-2.160892e+08	5.000000e+03	2
8.040201e-01	1.401279e+00	3.987424e+00	2.287804e+03	7.010804e+10	1.988421e+01	-2.149475e+08	5.000000e+03	2
8.090452e-01	1.410037e+00	4.008596e+00	2.277620e+03	6.760313e+10	1.974356e+01	-2.138142e+08	5.000000e+03	2
8.140704e-01	1.418795e+00	4.029982e+00	2.257154e+03	6.515160e+10	1.960714e+01	-2.126889e+08	5.000000e+03	2
8.190955e-01	1.427553e+00	4.051393e+00	2.236736e+03	6.271413e+10	1.947152e+01	-2.115715e+08	5.000000e+03	2
8.241206e-01	1.436311e+00	4.072918e+00	2.216534e+03	6.033999e+10	1.933948e+01	-2.104620e+08	5.000000e+03	2
8.291457e-01	1.445069e+00	4.094465e+00	2.196374e+03	5.797866e+10	1.920816e+01	-2.093602e+08	5.000000e+03	2
8.341709e-01	1.453827e+00	4.116120e+00	2.176420e+03	5.567912e+10	1.908028e+01	-2.082660e+08	5.000000e+03	2
8.391960e-01	1.462585e+00	4.137795e+00	2.156504e+03	5.339122e+10	1.895303e+01	-2.071792e+08	5.000000e+03	2
8.442211e-01	1.471343e+00	4.159572e+00	2.136782e+03	5.116366e+10	1.882908e+01	-2.060998e+08	5.000000e+03	2
8.492462e-01	1.480101e+00	4.181367e+00	2.117093e+03	4.894663e+10	1.870570e+01	-2.050276e+08	5.000000e+03	2
8.542714e-01	1.488859e+00	4.203258e+00	2.097587e+03	4.678857e+10	1.858548e+01	-2.039625e+08	5.000000e+03	2
8.592965e-01	1.497617e+00	4.225164e+00	2.078110e+03	4.464001e+10	1.846575e+01	-2.029045e+08	5.000000e+03	2
8.643216e-01	1.506375e+00	4.247160e+00	2.058806e+03	4.254913e+10	1.834906e+01	-2.018533e+08	5.000000e+03	2
8.693467e-01	1.515133e+00	4.269169e+00	2.039526e+03	4.046679e+10	1.823281e+01	-2.008090e+08	5.000000e+03	2
8.743719e-01	1.523891e+00	4.291261e+00	2.020406e+03	3.844091e+10	1.811946e+01	-1.997714e+08	5.000000e+03	2
8.793970e-01	1.532649e+00	4.313363e+00	2.001308e+03	3.642266e+10	1.800650e+01	-1.987404e+08	5.000000e+03	2
8.844221e-01	1.541407e+00	4.335541e+00	1.982359e+03	3.445971e+10	1.789633e+01	-1.977159e+08	5.000000e+03	2
8.894472e-01	1.550165e+00	4.357728e+00	1.963427e+03	3.250354e+10	1.778648e+01	-1.966979e+08	5.000000e+03	2
8.944724e-01	1.558923e+00	4.379982e+00	1.944633e+03	3.060160e+10	1.767931e+01	-1.956862e+08	5.000000e+03	2
8.994975e-01	1.567681e+00	4.402243e+00	1.925852e+03	2.870563e+10	1.757242e+01	-1.946807e+08	5.000000e+03	2
9.045226e-01	1.576439e+00	4.424563e+00	1.907196e+03	2.686287e+10	1.746809e+01	-1.936815e+08	5.000000e+03	2
9.095477e-01	1.585197e+00	4.446888e+00	1.888552e+03	2.502534e+10	1.736401e+01	-1.926884e+08	5.000000e+03	2
9.145729e-01	1.593955e+00	4.469263e+00	1.870018e+03	2.324005e+10	1.726238e+01	-1.917012e+08	5.000000e+03	2
9.195980e-01	1.602713e+00	4.491641e+00	1.851494e+03	2.145928e+10	1.716095e+01	-1.907203e+08	5.000000e+03	2
9.246231e-01	1.611471e+00	4.514059e+00	1.833066e+03	1.972986e+10	1.706186e+01	-1.897447e+08	5.000000e+03	2
9.296482e-01	1.620229e+00	4.536479e+00	1.814645e+03	1.800429e+10	1.696295e+01	-1.887749e+08	5.000000e+03	2
9.346734e-01	1.628987e+00	4.558928e+00	1.796306e+03	1.632924e+10	1.686628e+01	-1.878112e+08	5.000000e+03	2
9.396985e-01	1.637745e+00	4.581342e+00	1.775171e+03	1.465998e+10	1.676962e+01	-1.868531e+08	5.000000e+03	2
9.447236e-01	1.646503e+00	4.603218e+00	1.710700e+03	1.308048e+10	1.667310e+01	-1.859004e+08	5.000000e+03	2
9.497487e-01	1.655261e+00	4.625031e+00	1.646131e+03	1.150797e+10	1.657648e+01	-1.849534e+08	5.000000e+03	2
9.547739e-01	1.664019e+00	4.645666e+00	1.579729e+03	1.006660e+10	1.647783e+01	-1.840123e+08	5.000000e+03	2
9.597990e-01	1.672777e+00	4.666244e+00	1.513182e+03	8.630909e+09	1.637908e+01	-1.830768e+08	5.000000e+03	2
9.648241e-01	1.681535e+00	4.685498e+00	1.443183e+03	7.330015e+09	1.627801e+01	-1.821471e+08	5.000000e+03	2
9.698492e-01	1.690293e+00	4.704703e+00	1.372965e+03	6.033573e+09	1.617684e+01	-1.812231e+08	5.000000e+03	2
9.748744e-01	1.699051e+00	4.722363e+00	1.295777e+03	4.879637e+09	1.607284e+01	-1.803055e+08	5.000000e+03	2
9.798995e-01	1.707809e+00	4.739983e+00	1.218200e+03	3.729022e+09	1.596876e+01	-1.793937e+08	5.000000e+03	2
9.849246e-01	1.716567e+00	4.755647e+00	1.121804e+03	2.739479e+09	1.586074e+01	-1.784881e+08	5.000000e+03	2
9.899497e-01	1.725325e+00	4.771299e+00	1.026248e+03	1.751087e+09	1.575271e+01	-1.775887e+08	5.000000e+03	2
9.949749e-01	1.734083e+00	4.785649e+00	1.013124e+03	8.755435e+08	1.564319e+01	-1.766958e+08	5.000000e+03	2
1.000000e+00	1.742841e+00	4.800000e+00	1.000000e+03	-1.430511e-06	1.553367e+01	-1.758091e+08	3.000000e+02	2
