#t		Qconv[W]	Ri[Rp]		R*[Rp]		Qc[W]		Qm[W]		Qr[W]		Tcmb[K]		Tl[K]		Tup[K]		RiFlag		Bs[T]
0.000000e+00	1.710123e+14	0.000000e+00	5.978261e-01	2.808787e+15	1.378221e+15	1.430803e+14	1.815313e+04	3.614273e+03	2.747332e+03	0	1.900194e-03
1.000000e+07	1.594073e+14	0.000000e+00	5.978261e-01	2.620606e+15	1.576414e+15	1.422875e+14	1.781232e+04	3.704916e+03	2.816233e+03	0	1.856200e-03
2.000000e+07	1.487100e+14	0.000000e+00	5.978261e-01	2.447132e+15	1.726152e+15	1.415007e+14	1.749378e+04	3.772845e+03	2.867868e+03	0	1.813714e-03
3.000000e+07	1.388792e+14	0.000000e+00	5.978261e-01	2.287697e+15	1.828712e+15	1.407197e+14	1.719583e+04	3.822022e+03	2.905249e+03	0	1.772833e-03
4.000000e+07	1.298665e+14	0.000000e+00	5.978261e-01	2.141512e+15	1.889801e+15	1.399446e+14	1.691684e+04	3.856131e+03	2.931177e+03	0	1.733622e-03
5.000000e+07	1.216171e+14	0.000000e+00	5.978261e-01	2.007693e+15	1.916926e+15	1.391753e+14	1.665529e+04	3.878380e+03	2.948089e+03	0	1.696109e-03
6.000000e+07	1.140728e+14	0.000000e+00	5.978261e-01	1.885293e+15	1.917669e+15	1.384116e+14	1.640975e+04	3.891436e+03	2.958013e+03	0	1.660286e-03
7.000000e+07	1.071743e+14	0.000000e+00	5.978261e-01	1.773354e+15	1.898801e+15	1.376537e+14	1.617887e+04	3.897453e+03	2.962587e+03	0	1.626119e-03
8.000000e+07	1.008638e+14	0.000000e+00	5.978261e-01	1.670939e+15	1.865937e+15	1.369014e+14	1.596143e+04	3.898134e+03	2.963105e+03	0	1.593556e-03
9.000000e+07	9.508619e+13	0.000000e+00	5.978261e-01	1.577155e+15	1.823522e+15	1.361547e+14	1.575632e+04	3.894804e+03	2.960574e+03	0	1.562528e-03
1.000000e+08	8.979014e+13	0.000000e+00	5.978261e-01	1.491173e+15	1.774954e+15	1.354136e+14	1.556251e+04	3.888489e+03	2.955773e+03	0	1.532963e-03
1.100000e+08	8.492859e+13	0.000000e+00	5.978261e-01	1.412230e+15	1.722771e+15	1.346779e+14	1.537908e+04	3.879976e+03	2.949302e+03	0	1.504781e-03
1.200000e+08	8.045874e+13	0.000000e+00	5.978261e-01	1.339634e+15	1.668825e+15	1.339477e+14	1.520519e+04	3.869866e+03	2.941617e+03	0	1.477905e-03
1.300000e+08	7.634204e+13	0.000000e+00	5.978261e-01	1.272759e+15	1.614445e+15	1.332229e+14	1.504010e+04	3.858619e+03	2.933068e+03	0	1.452257e-03
1.400000e+08	7.254385e+13	0.000000e+00	5.978261e-01	1.211046e+15	1.560561e+15	1.325035e+14	1.488312e+04	3.846586e+03	2.923921e+03	0	1.427761e-03
1.500000e+08	6.903324e+13	0.000000e+00	5.978261e-01	1.153993e+15	1.507811e+15	1.317894e+14	1.473363e+04	3.834034e+03	2.914380e+03	0	1.404348e-03
1.600000e+08	6.578256e+13	0.000000e+00	5.978261e-01	1.101154e+15	1.456617e+15	1.310805e+14	1.459108e+04	3.821166e+03	2.904598e+03	0	1.381950e-03
1.700000e+08	6.276718e+13	0.000000e+00	5.978261e-01	1.052129e+15	1.407241e+15	1.303769e+14	1.445496e+04	3.808135e+03	2.894694e+03	0	1.360503e-03
1.800000e+08	5.996513e+13	0.000000e+00	5.978261e-01	1.006562e+15	1.359834e+15	1.296785e+14	1.432482e+04	3.795060e+03	2.884754e+03	0	1.339949e-03
1.900000e+08	5.735682e+13	0.000000e+00	5.978261e-01	9.641364e+14	1.314468e+15	1.289852e+14	1.420023e+04	3.782026e+03	2.874847e+03	0	1.320233e-03
2.000000e+08	5.492477e+13	0.000000e+00	5.978261e-01	9.245690e+14	1.271155e+15	1.282971e+14	1.408083e+04	3.769100e+03	2.865022e+03	0	1.301302e-03
2.100000e+08	5.265335e+13	0.000000e+00	5.978261e-01	8.876066e+14	1.229869e+15	1.276140e+14	1.396626e+04	3.756331e+03	2.855315e+03	0	1.283111e-03
2.200000e+08	5.052860e+13	0.000000e+00	5.978261e-01	8.530230e+14	1.190560e+15	1.269359e+14	1.385621e+04	3.743754e+03	2.845755e+03	0	1.265614e-03
2.300000e+08	4.853798e+13	0.000000e+00	5.978261e-01	8.206153e+14	1.153158e+15	1.262627e+14	1.375040e+04	3.731395e+03	2.836361e+03	0	1.248771e-03
2.400000e+08	4.667026e+13	0.000000e+00	5.978261e-01	7.902016e+14	1.117582e+15	1.255946e+14	1.364856e+04	3.719271e+03	2.827145e+03	0	1.232543e-03
2.500000e+08	4.491536e+13	0.000000e+00	5.978261e-01	7.616181e+14	1.083749e+15	1.249313e+14	1.355045e+04	3.707394e+03	2.818117e+03	0	1.216897e-03
2.600000e+08	4.326416e+13	0.000000e+00	5.978261e-01	7.347177e+14	1.051569e+15	1.242728e+14	1.345584e+04	3.695771e+03	2.809282e+03	0	1.201798e-03
2.700000e+08	4.170848e+13	0.000000e+00	5.978261e-01	7.093675e+14	1.020955e+15	1.236192e+14	1.336454e+04	3.684405e+03	2.800642e+03	0	1.187217e-03
2.800000e+08	4.024091e+13	0.000000e+00	5.978261e-01	6.854474e+14	9.918212e+14	1.229704e+14	1.327636e+04	3.673297e+03	2.792199e+03	0	1.173126e-03
2.900000e+08	3.885474e+13	0.000000e+00	5.978261e-01	6.628488e+14	9.640837e+14	1.223263e+14	1.319111e+04	3.662446e+03	2.783950e+03	0	1.159498e-03
3.000000e+08	3.754390e+13	0.000000e+00	5.978261e-01	6.414732e+14	9.376623e+14	1.216868e+14	1.310865e+04	3.651848e+03	2.775894e+03	0	1.146309e-03
3.100000e+08	3.630286e+13	0.000000e+00	5.978261e-01	6.212311e+14	9.124807e+14	1.210521e+14	1.302882e+04	3.641499e+03	2.768028e+03	0	1.133537e-03
3.200000e+08	3.512661e+13	0.000000e+00	5.978261e-01	6.020411e+14	8.884666e+14	1.204219e+14	1.295148e+04	3.631395e+03	2.760347e+03	0	1.121160e-03
3.300000e+08	3.401057e+13	0.000000e+00	5.978261e-01	5.838291e+14	8.655516e+14	1.197964e+14	1.287651e+04	3.621530e+03	2.752848e+03	0	1.109158e-03
3.400000e+08	3.295056e+13	0.000000e+00	5.978261e-01	5.665274e+14	8.436714e+14	1.191754e+14	1.280378e+04	3.611897e+03	2.745526e+03	0	1.097513e-03
3.500000e+08	3.194277e+13	0.000000e+00	5.978261e-01	5.500741e+14	8.227656e+14	1.185589e+14	1.273319e+04	3.602491e+03	2.738376e+03	0	1.086208e-03
3.600000e+08	3.098372e+13	0.000000e+00	5.978261e-01	5.344125e+14	8.027778e+14	1.179468e+14	1.266462e+04	3.593304e+03	2.731393e+03	0	1.075226e-03
3.700000e+08	3.007018e+13	0.000000e+00	5.978261e-01	5.194908e+14	7.836548e+14	1.173392e+14	1.259800e+04	3.584332e+03	2.724573e+03	0	1.064553e-03
3.800000e+08	2.919923e+13	0.000000e+00	5.978261e-01	5.052612e+14	7.653472e+14	1.167360e+14	1.253321e+04	3.575566e+03	2.717909e+03	0	1.054175e-03
3.900000e+08	2.836816e+13	0.000000e+00	5.978261e-01	4.916799e+14	7.478086e+14	1.161371e+14	1.247019e+04	3.567000e+03	2.711398e+03	0	1.044077e-03
4.000000e+08	2.757448e+13	0.000000e+00	5.978261e-01	4.787064e+14	7.309958e+14	1.155426e+14	1.240884e+04	3.558628e+03	2.705035e+03	0	1.034248e-03
4.100000e+08	2.681589e+13	0.000000e+00	5.978261e-01	4.663036e+14	7.148681e+14	1.149524e+14	1.234910e+04	3.550445e+03	2.698814e+03	0	1.024675e-03
4.200000e+08	2.609027e+13	0.000000e+00	5.978261e-01	4.544370e+14	6.993879e+14	1.143664e+14	1.229089e+04	3.542442e+03	2.692731e+03	0	1.015348e-03
4.300000e+08	2.539567e+13	0.000000e+00	5.978261e-01	4.430748e+14	6.845197e+14	1.137846e+14	1.223415e+04	3.534616e+03	2.686782e+03	0	1.006256e-03
4.400000e+08	2.473028e+13	0.000000e+00	5.978261e-01	4.321876e+14	6.702306e+14	1.132070e+14	1.217882e+04	3.526960e+03	2.680962e+03	0	9.973901e-04
4.500000e+08	2.409240e+13	0.000000e+00	5.978261e-01	4.217482e+14	6.564895e+14	1.126336e+14	1.212484e+04	3.519468e+03	2.675268e+03	0	9.887400e-04
4.600000e+08	2.348048e+13	0.000000e+00	5.978261e-01	4.117311e+14	6.432677e+14	1.120643e+14	1.207215e+04	3.512135e+03	2.669693e+03	0	9.802972e-04
4.700000e+08	2.289307e+13	0.000000e+00	5.978261e-01	4.021130e+14	6.305380e+14	1.114991e+14	1.202070e+04	3.504956e+03	2.664236e+03	0	9.720534e-04
4.800000e+08	2.232883e+13	0.000000e+00	5.978261e-01	3.928719e+14	6.182750e+14	1.109379e+14	1.197045e+04	3.497925e+03	2.658892e+03	0	9.640009e-04
4.900000e+08	2.178650e+13	0.000000e+00	5.978261e-01	3.839875e+14	6.064550e+14	1.103807e+14	1.192134e+04	3.491039e+03	2.653658e+03	0	9.561322e-04
5.000000e+08	2.126492e+13	0.000000e+00	5.978261e-01	3.754407e+14	5.950558e+14	1.098276e+14	1.187333e+04	3.484292e+03	2.648529e+03	0	9.484403e-04
5.100000e+08	2.076298e+13	0.000000e+00	5.978261e-01	3.672139e+14	5.840564e+14	1.092783e+14	1.182639e+04	3.477679e+03	2.643503e+03	0	9.409185e-04
5.200000e+08	2.027968e+13	0.000000e+00	5.978261e-01	3.592906e+14	5.734372e+14	1.087330e+14	1.178047e+04	3.471197e+03	2.638576e+03	0	9.335605e-04
5.300000e+08	1.981407e+13	0.000000e+00	5.978261e-01	3.516553e+14	5.631798e+14	1.081916e+14	1.173553e+04	3.464842e+03	2.633744e+03	0	9.263604e-04
5.400000e+08	1.936524e+13	0.000000e+00	5.978261e-01	3.442935e+14	5.532669e+14	1.076541e+14	1.169153e+04	3.458608e+03	2.629006e+03	0	9.193123e-04
5.500000e+08	1.893237e+13	0.000000e+00	5.978261e-01	3.371917e+14	5.436821e+14	1.071203e+14	1.164846e+04	3.452494e+03	2.624358e+03	0	9.124108e-04
5.600000e+08	1.851468e+13	0.000000e+00	5.978261e-01	3.303372e+14	5.344103e+14	1.065904e+14	1.160626e+04	3.446494e+03	2.619797e+03	0	9.056509e-04
5.700000e+08	1.811143e+13	0.000000e+00	5.978261e-01	3.237180e+14	5.254368e+14	1.060642e+14	1.156492e+04	3.440605e+03	2.615321e+03	0	8.990276e-04
5.800000e+08	1.772194e+13	0.000000e+00	5.978261e-01	3.173230e+14	5.167482e+14	1.055418e+14	1.152440e+04	3.434824e+03	2.610927e+03	0	8.925362e-04
5.900000e+08	1.734555e+13	0.000000e+00	5.978261e-01	3.111417e+14	5.083316e+14	1.050230e+14	1.148467e+04	3.429148e+03	2.606612e+03	0	8.861722e-04
6.000000e+08	1.698166e+13	0.000000e+00	5.978261e-01	3.051641e+14	5.001748e+14	1.045080e+14	1.144572e+04	3.423573e+03	2.602374e+03	0	8.799314e-04
6.100000e+08	1.662970e+13	0.000000e+00	5.978261e-01	2.993809e+14	4.922666e+14	1.039965e+14	1.140751e+04	3.418096e+03	2.598211e+03	0	8.738097e-04
6.200000e+08	1.628912e+13	0.000000e+00	5.978261e-01	2.937835e+14	4.845961e+14	1.034887e+14	1.137001e+04	3.412715e+03	2.594121e+03	0	8.678032e-04
6.300000e+08	1.595942e+13	0.000000e+00	5.978261e-01	2.883634e+14	4.771530e+14	1.029845e+14	1.133322e+04	3.407427e+03	2.590101e+03	0	8.619083e-04
6.400000e+08	1.564011e+13	0.000000e+00	5.978261e-01	2.831129e+14	4.699278e+14	1.024838e+14	1.129710e+04	3.402228e+03	2.586150e+03	0	8.561214e-04
6.500000e+08	1.533075e+13	0.000000e+00	5.978261e-01	2.780246e+14	4.629113e+14	1.019867e+14	1.126163e+04	3.397117e+03	2.582265e+03	0	8.504391e-04
6.600000e+08	1.503090e+13	0.000000e+00	5.978261e-01	2.730916e+14	4.560949e+14	1.014930e+14	1.122680e+04	3.392091e+03	2.578444e+03	0	8.448581e-04
6.700000e+08	1.474016e+13	0.000000e+00	5.978261e-01	2.683073e+14	4.494704e+14	1.010029e+14	1.119258e+04	3.387148e+03	2.574687e+03	0	8.393753e-04
6.800000e+08	1.445815e+13	0.000000e+00	5.978261e-01	2.636654e+14	4.430300e+14	1.005161e+14	1.115895e+04	3.382284e+03	2.570990e+03	0	8.339878e-04
6.900000e+08	1.418451e+13	0.000000e+00	5.978261e-01	2.591600e+14	4.367664e+14	1.000328e+14	1.112591e+04	3.377499e+03	2.567352e+03	0	8.286927e-04
7.000000e+08	1.391889e+13	0.000000e+00	5.978261e-01	2.547856e+14	4.306725e+14	9.955288e+13	1.109342e+04	3.372789e+03	2.563772e+03	0	8.234873e-04
7.100000e+08	1.366096e+13	0.000000e+00	5.978261e-01	2.505369e+14	4.247418e+14	9.907631e+13	1.106149e+04	3.368154e+03	2.560248e+03	0	8.183689e-04
7.200000e+08	1.341041e+13	0.000000e+00	5.978261e-01	2.464087e+14	4.189679e+14	9.860307e+13	1.103008e+04	3.363590e+03	2.556779e+03	0	8.133350e-04
7.300000e+08	1.316696e+13	0.000000e+00	5.978261e-01	2.423965e+14	4.133448e+14	9.813314e+13	1.099918e+04	3.359095e+03	2.553363e+03	0	8.083832e-04
7.400000e+08	1.293033e+13	0.000000e+00	5.978261e-01	2.384955e+14	4.078668e+14	9.766649e+13	1.096879e+04	3.354669e+03	2.549999e+03	0	8.035112e-04
7.500000e+08	1.270025e+13	0.000000e+00	5.978261e-01	2.347016e+14	4.025285e+14	9.720309e+13	1.093888e+04	3.350309e+03	2.546684e+03	0	7.987167e-04
7.600000e+08	1.247646e+13	0.000000e+00	5.978261e-01	2.310105e+14	3.973248e+14	9.674292e+13	1.090945e+04	3.346014e+03	2.543419e+03	0	7.939976e-04
7.700000e+08	1.225873e+13	0.000000e+00	5.978261e-01	2.274186e+14	3.922506e+14	9.628596e+13	1.088047e+04	3.341781e+03	2.540202e+03	0	7.893518e-04
7.800000e+08	1.204684e+13	0.000000e+00	5.978261e-01	2.239219e+14	3.873014e+14	9.583217e+13	1.085195e+04	3.337610e+03	2.537031e+03	0	7.847774e-04
7.900000e+08	1.184056e+13	0.000000e+00	5.978261e-01	2.205170e+14	3.824725e+14	9.538153e+13	1.082386e+04	3.333498e+03	2.533906e+03	0	7.802723e-04
8.000000e+08	1.163969e+13	0.000000e+00	5.978261e-01	2.172005e+14	3.777599e+14	9.493401e+13	1.079619e+04	3.329445e+03	2.530824e+03	0	7.758347e-04
8.100000e+08	1.144403e+13	0.000000e+00	5.978261e-01	2.139693e+14	3.731593e+14	9.448960e+13	1.076894e+04	3.325448e+03	2.527786e+03	0	7.714630e-04
8.200000e+08	1.125340e+13	0.000000e+00	5.978261e-01	2.108202e+14	3.686669e+14	9.404826e+13	1.074210e+04	3.321506e+03	2.524790e+03	0	7.671553e-04
8.300000e+08	1.106761e+13	0.000000e+00	5.978261e-01	2.077504e+14	3.642791e+14	9.360998e+13	1.071564e+04	3.317619e+03	2.521835e+03	0	7.629100e-04
8.400000e+08	1.088649e+13	0.000000e+00	5.978261e-01	2.047570e+14	3.599921e+14	9.317472e+13	1.068957e+04	3.313784e+03	2.518920e+03	0	7.587255e-04
8.500000e+08	1.070988e+13	0.000000e+00	5.978261e-01	2.018374e+14	3.558027e+14	9.274247e+13	1.066388e+04	3.310001e+03	2.516044e+03	0	7.546003e-04
8.600000e+08	1.053763e+13	0.000000e+00	5.978261e-01	1.989891e+14	3.517075e+14	9.231319e+13	1.063854e+04	3.306268e+03	2.513207e+03	0	7.505329e-04
8.700000e+08	1.036958e+13	0.000000e+00	5.978261e-01	1.962096e+14	3.477035e+14	9.188687e+13	1.061357e+04	3.302583e+03	2.510406e+03	0	7.465218e-04
8.800000e+08	1.020560e+13	0.000000e+00	5.978261e-01	1.934965e+14	3.437878e+14	9.146348e+13	1.058894e+04	3.298947e+03	2.507642e+03	0	7.425657e-04
8.900000e+08	1.004554e+13	0.000000e+00	5.978261e-01	1.908477e+14	3.399573e+14	9.104300e+13	1.056465e+04	3.295358e+03	2.504914e+03	0	7.386632e-04
9.000000e+08	9.889270e+12	0.000000e+00	5.978261e-01	1.882611e+14	3.362095e+14	9.062541e+13	1.054069e+04	3.291814e+03	2.502220e+03	0	7.348130e-04
9.100000e+08	9.736674e+12	0.000000e+00	5.978261e-01	1.857346e+14	3.325416e+14	9.021068e+13	1.051705e+04	3.288314e+03	2.499560e+03	0	7.310139e-04
9.200000e+08	9.587628e+12	0.000000e+00	5.978261e-01	1.832661e+14	3.289513e+14	8.979879e+13	1.049373e+04	3.284859e+03	2.496933e+03	0	7.272647e-04
9.300000e+08	9.442017e+12	0.000000e+00	5.978261e-01	1.808540e+14	3.254360e+14	8.938972e+13	1.047072e+04	3.281446e+03	2.494339e+03	0	7.235641e-04
9.400000e+08	9.299731e+12	0.000000e+00	5.978261e-01	1.784963e+14	3.219934e+14	8.898344e+13	1.044801e+04	3.278075e+03	2.491776e+03	0	7.199111e-04
9.500000e+08	9.160663e+12	0.000000e+00	5.978261e-01	1.761914e+14	3.186214e+14	8.857994e+13	1.042560e+04	3.274744e+03	2.489245e+03	0	7.163046e-04
9.600000e+08	9.024714e+12	0.000000e+00	5.978261e-01	1.739375e+14	3.153178e+14	8.817918e+13	1.040347e+04	3.271454e+03	2.486744e+03	0	7.127434e-04
9.700000e+08	8.891784e+12	0.000000e+00	5.978261e-01	1.717332e+14	3.120805e+14	8.778116e+13	1.038163e+04	3.268202e+03	2.484272e+03	0	7.092267e-04
9.800000e+08	8.761781e+12	0.000000e+00	5.978261e-01	1.695768e+14	3.089077e+14	8.738585e+13	1.036006e+04	3.264989e+03	2.481830e+03	0	7.057533e-04
9.900000e+08	8.634616e+12	0.000000e+00	5.978261e-01	1.674669e+14	3.057973e+14	8.699322e+13	1.033876e+04	3.261813e+03	2.479415e+03	0	7.023223e-04
1.000000e+09	8.510201e+12	0.000000e+00	5.978261e-01	1.654022e+14	3.027476e+14	8.660326e+13	1.031772e+04	3.258674e+03	2.477029e+03	0	6.989327e-04
1.010000e+09	8.388455e+12	0.000000e+00	5.978261e-01	1.633812e+14	2.997568e+14	8.621594e+13	1.029694e+04	3.255570e+03	2.474670e+03	0	6.955837e-04
1.020000e+09	8.269296e+12	0.000000e+00	5.978261e-01	1.614026e+14	2.968232e+14	8.583124e+13	1.027642e+04	3.252502e+03	2.472338e+03	0	6.922744e-04
1.030000e+09	8.152649e+12	0.000000e+00	5.978261e-01	1.594653e+14	2.939452e+14	8.544915e+13	1.025614e+04	3.249468e+03	2.470032e+03	0	6.890039e-04
1.040000e+09	8.038440e+12	0.000000e+00	5.978261e-01	1.575679e+14	2.911213e+14	8.506964e+13	1.023611e+04	3.246468e+03	2.467751e+03	0	6.857714e-04
1.050000e+09	7.926598e+12	0.000000e+00	5.978261e-01	1.557094e+14	2.883499e+14	8.469270e+13	1.021631e+04	3.243501e+03	2.465495e+03	0	6.825760e-04
1.060000e+09	7.817054e+12	0.000000e+00	5.978261e-01	1.538886e+14	2.856297e+14	8.431830e+13	1.019674e+04	3.240566e+03	2.463264e+03	0	6.794171e-04
1.070000e+09	7.709742e+12	0.000000e+00	5.978261e-01	1.521044e+14	2.829591e+14	8.394641e+13	1.017741e+04	3.237662e+03	2.461058e+03	0	6.762938e-04
1.080000e+09	7.604600e+12	0.000000e+00	5.978261e-01	1.503558e+14	2.803368e+14	8.357704e+13	1.015829e+04	3.234790e+03	2.458874e+03	0	6.732053e-04
1.090000e+09	7.501566e+12	0.000000e+00	5.978261e-01	1.486419e+14	2.777616e+14	8.321014e+13	1.013940e+04	3.231948e+03	2.456714e+03	0	6.701511e-04
1.100000e+09	7.400581e+12	0.000000e+00	5.978261e-01	1.469616e+14	2.752322e+14	8.284571e+13	1.012072e+04	3.229136e+03	2.454577e+03	0	6.671303e-04
1.110000e+09	7.301588e+12	0.000000e+00	5.978261e-01	1.453140e+14	2.727474e+14	8.248372e+13	1.010225e+04	3.226354e+03	2.452461e+03	0	6.641424e-04
1.120000e+09	7.204532e+12	0.000000e+00	5.978261e-01	1.436983e+14	2.703059e+14	8.212416e+13	1.008398e+04	3.223600e+03	2.450368e+03	0	6.611866e-04
1.130000e+09	7.109361e+12	0.000000e+00	5.978261e-01	1.421135e+14	2.679068e+14	8.176700e+13	1.006592e+04	3.220874e+03	2.448296e+03	0	6.582622e-04
1.140000e+09	7.016023e+12	0.000000e+00	5.978261e-01	1.405588e+14	2.655488e+14	8.141223e+13	1.004806e+04	3.218176e+03	2.446245e+03	0	6.553688e-04
1.150000e+09	6.924469e+12	0.000000e+00	5.978261e-01	1.390334e+14	2.632309e+14	8.105983e+13	1.003039e+04	3.215505e+03	2.444215e+03	0	6.525056e-04
1.160000e+09	6.834652e+12	0.000000e+00	5.978261e-01	1.375366e+14	2.609522e+14	8.070978e+13	1.001292e+04	3.212860e+03	2.442205e+03	0	6.496721e-04
1.170000e+09	6.746526e+12	0.000000e+00	5.978261e-01	1.360676e+14	2.587116e+14	8.036206e+13	9.995626e+03	3.210242e+03	2.440214e+03	0	6.468677e-04
1.180000e+09	6.660046e+12	0.000000e+00	5.978261e-01	1.346256e+14	2.565082e+14	8.001666e+13	9.978520e+03	3.207649e+03	2.438243e+03	0	6.440919e-04
1.190000e+09	6.575169e+12	0.000000e+00	5.978261e-01	1.332100e+14	2.543410e+14	7.967355e+13	9.961595e+03	3.205082e+03	2.436292e+03	0	6.413440e-04
1.200000e+09	6.491854e+12	0.000000e+00	5.978261e-01	1.318201e+14	2.522092e+14	7.933272e+13	9.944847e+03	3.202539e+03	2.434359e+03	0	6.386237e-04
1.210000e+09	6.410061e+12	0.000000e+00	5.978261e-01	1.304552e+14	2.501119e+14	7.899415e+13	9.928274e+03	3.200020e+03	2.432445e+03	0	6.359302e-04
1.220000e+09	6.329751e+12	0.000000e+00	5.978261e-01	1.291147e+14	2.480483e+14	7.865782e+13	9.911871e+03	3.197526e+03	2.430548e+03	0	6.332633e-04
1.230000e+09	6.250886e+12	0.000000e+00	5.978261e-01	1.277980e+14	2.460175e+14	7.832372e+13	9.895636e+03	3.195054e+03	2.428670e+03	0	6.306222e-04
1.240000e+09	6.173430e+12	0.000000e+00	5.978261e-01	1.265044e+14	2.440188e+14	7.799183e+13	9.879567e+03	3.192606e+03	2.426809e+03	0	6.280067e-04
1.250000e+09	6.097348e+12	0.000000e+00	5.978261e-01	1.252335e+14	2.420515e+14	7.766213e+13	9.863659e+03	3.190180e+03	2.424965e+03	0	6.254161e-04
1.260000e+09	6.022605e+12	0.000000e+00	5.978261e-01	1.239846e+14	2.401147e+14	7.733460e+13	9.847911e+03	3.187777e+03	2.423138e+03	0	6.228501e-04
1.270000e+09	5.949170e+12	0.000000e+00	5.978261e-01	1.227573e+14	2.382078e+14	7.700923e+13	9.832319e+03	3.185396e+03	2.421328e+03	0	6.203082e-04
1.280000e+09	5.877010e+12	0.000000e+00	5.978261e-01	1.215509e+14	2.363301e+14	7.668600e+13	9.816881e+03	3.183035e+03	2.419534e+03	0	6.177900e-04
1.290000e+09	5.806094e+12	0.000000e+00	5.978261e-01	1.203650e+14	2.344809e+14	7.636489e+13	9.801594e+03	3.180696e+03	2.417756e+03	0	6.152951e-04
1.300000e+09	5.736392e+12	0.000000e+00	5.978261e-01	1.191992e+14	2.326596e+14	7.604589e+13	9.786456e+03	3.178378e+03	2.415994e+03	0	6.128230e-04
1.310000e+09	5.667875e+12	0.000000e+00	5.978261e-01	1.180528e+14	2.308655e+14	7.572898e+13	9.771464e+03	3.176080e+03	2.414247e+03	0	6.103733e-04
1.320000e+09	5.600515e+12	0.000000e+00	5.978261e-01	1.169255e+14	2.290980e+14	7.541415e+13	9.756616e+03	3.173803e+03	2.412516e+03	0	6.079456e-04
1.330000e+09	5.534285e+12	0.000000e+00	5.978261e-01	1.158168e+14	2.273566e+14	7.510138e+13	9.741909e+03	3.171545e+03	2.410799e+03	0	6.055397e-04
1.340000e+09	5.469158e+12	0.000000e+00	5.978261e-01	1.147263e+14	2.256407e+14	7.479065e+13	9.727341e+03	3.169306e+03	2.409098e+03	0	6.031550e-04
1.350000e+09	5.405109e+12	0.000000e+00	5.978261e-01	1.136535e+14	2.239496e+14	7.448195e+13	9.712910e+03	3.167087e+03	2.407411e+03	0	6.007912e-04
1.360000e+09	5.342112e+12	0.000000e+00	5.978261e-01	1.125981e+14	2.222829e+14	7.417526e+13	9.698613e+03	3.164886e+03	2.405738e+03	0	5.984480e-04
1.370000e+09	5.280144e+12	0.000000e+00	5.978261e-01	1.115597e+14	2.206401e+14	7.387056e+13	9.684449e+03	3.162704e+03	2.404079e+03	0	5.961250e-04
1.380000e+09	5.219181e+12	0.000000e+00	5.978261e-01	1.105378e+14	2.190206e+14	7.356785e+13	9.670415e+03	3.160540e+03	2.402434e+03	0	5.938219e-04
1.390000e+09	5.159200e+12	0.000000e+00	5.978261e-01	1.095321e+14	2.174239e+14	7.326711e+13	9.656509e+03	3.158394e+03	2.400803e+03	0	5.915383e-04
1.400000e+09	5.100179e+12	0.000000e+00	5.978261e-01	1.085423e+14	2.158496e+14	7.296831e+13	9.642729e+03	3.156265e+03	2.399185e+03	0	5.892739e-04
1.410000e+09	5.042097e+12	0.000000e+00	5.978261e-01	1.075679e+14	2.142971e+14	7.267145e+13	9.629073e+03	3.154154e+03	2.397580e+03	0	5.870285e-04
1.420000e+09	4.984933e+12	0.000000e+00	5.978261e-01	1.066087e+14	2.127661e+14	7.237652e+13	9.615540e+03	3.152060e+03	2.395988e+03	0	5.848016e-04
1.430000e+09	4.928666e+12	0.000000e+00	5.978261e-01	1.056643e+14	2.112560e+14	7.208349e+13	9.602126e+03	3.149983e+03	2.394409e+03	0	5.825929e-04
1.440000e+09	4.873277e+12	0.000000e+00	5.978261e-01	1.047344e+14	2.097665e+14	7.179235e+13	9.588832e+03	3.147922e+03	2.392843e+03	0	5.804023e-04
1.450000e+09	4.818747e+12	0.000000e+00	5.978261e-01	1.038187e+14	2.082971e+14	7.150309e+13	9.575654e+03	3.145878e+03	2.391289e+03	0	5.782294e-04
1.460000e+09	4.765057e+12	0.000000e+00	5.978261e-01	1.029168e+14	2.068475e+14	7.121569e+13	9.562590e+03	3.143850e+03	2.389747e+03	0	5.760738e-04
1.470000e+09	4.712189e+12	0.000000e+00	5.978261e-01	1.020285e+14	2.054171e+14	7.093014e+13	9.549640e+03	3.141837e+03	2.388218e+03	0	5.739354e-04
1.480000e+09	4.660126e+12	0.000000e+00	5.978261e-01	1.011535e+14	2.040057e+14	7.064643e+13	9.536802e+03	3.139841e+03	2.386700e+03	0	5.718138e-04
1.490000e+09	4.608850e+12	0.000000e+00	5.978261e-01	1.002914e+14	2.026129e+14	7.036453e+13	9.524073e+03	3.137859e+03	2.385194e+03	0	5.697088e-04
1.500000e+09	4.558344e+12	0.000000e+00	5.978261e-01	9.944216e+13	2.012383e+14	7.008445e+13	9.511452e+03	3.135893e+03	2.383699e+03	0	5.676201e-04
1.510000e+09	4.508593e+12	0.000000e+00	5.978261e-01	9.860534e+13	1.998814e+14	6.980615e+13	9.498938e+03	3.133942e+03	2.382216e+03	0	5.655475e-04
1.520000e+09	4.459581e+12	0.000000e+00	5.978261e-01	9.778073e+13	1.985421e+14	6.952964e+13	9.486529e+03	3.132005e+03	2.380744e+03	0	5.634907e-04
1.530000e+09	4.411293e+12	0.000000e+00	5.978261e-01	9.696807e+13	1.972200e+14	6.925490e+13	9.474223e+03	3.130083e+03	2.379283e+03	0	5.614495e-04
1.540000e+09	4.363712e+12	0.000000e+00	5.978261e-01	9.616712e+13	1.959146e+14	6.898190e+13	9.462020e+03	3.128175e+03	2.377833e+03	0	5.594236e-04
1.550000e+09	4.316826e+12	0.000000e+00	5.978261e-01	9.537764e+13	1.946258e+14	6.871065e+13	9.449917e+03	3.126281e+03	2.376393e+03	0	5.574128e-04
1.560000e+09	4.270620e+12	0.000000e+00	5.978261e-01	9.459940e+13	1.933532e+14	6.844112e+13	9.437912e+03	3.124402e+03	2.374964e+03	0	5.554169e-04
1.570000e+09	4.225080e+12	0.000000e+00	5.978261e-01	9.383217e+13	1.920964e+14	6.817331e+13	9.426006e+03	3.122535e+03	2.373546e+03	0	5.534356e-04
1.580000e+09	4.180192e+12	0.000000e+00	5.978261e-01	9.307574e+13	1.908552e+14	6.790719e+13	9.414196e+03	3.120683e+03	2.372137e+03	0	5.514687e-04
1.590000e+09	4.135944e+12	0.000000e+00	5.978261e-01	9.232988e+13	1.896294e+14	6.764276e+13	9.402481e+03	3.118843e+03	2.370739e+03	0	5.495160e-04
1.600000e+09	4.092323e+12	0.000000e+00	5.978261e-01	9.159440e+13	1.884185e+14	6.738001e+13	9.390859e+03	3.117017e+03	2.369351e+03	0	5.475772e-04
1.610000e+09	4.049316e+12	0.000000e+00	5.978261e-01	9.086908e+13	1.872224e+14	6.711892e+13	9.379330e+03	3.115204e+03	2.367973e+03	0	5.456523e-04
1.620000e+09	4.006912e+12	0.000000e+00	5.978261e-01	9.015373e+13	1.860407e+14	6.685948e+13	9.367892e+03	3.113404e+03	2.366604e+03	0	5.437409e-04
1.630000e+09	3.965098e+12	0.000000e+00	5.978261e-01	8.944815e+13	1.848733e+14	6.660168e+13	9.356544e+03	3.111616e+03	2.365245e+03	0	5.418429e-04
1.640000e+09	3.923863e+12	0.000000e+00	5.978261e-01	8.875215e+13	1.837198e+14	6.634550e+13	9.345284e+03	3.109840e+03	2.363896e+03	0	5.399581e-04
1.650000e+09	3.883196e+12	0.000000e+00	5.978261e-01	8.806556e+13	1.825800e+14	6.609094e+13	9.334111e+03	3.108077e+03	2.362556e+03	0	5.380862e-04
1.660000e+09	3.843086e+12	0.000000e+00	5.978261e-01	8.738818e+13	1.814536e+14	6.583797e+13	9.323025e+03	3.106326e+03	2.361225e+03	0	5.362271e-04
1.670000e+09	3.803522e+12	0.000000e+00	5.978261e-01	8.671985e+13	1.803405e+14	6.558659e+13	9.312024e+03	3.104587e+03	2.359903e+03	0	5.343807e-04
1.680000e+09	3.764494e+12	0.000000e+00	5.978261e-01	8.606040e+13	1.792404e+14	6.533679e+13	9.301107e+03	3.102860e+03	2.358590e+03	0	5.325466e-04
1.690000e+09	3.725992e+12	0.000000e+00	5.978261e-01	8.540966e+13	1.781530e+14	6.508856e+13	9.290272e+03	3.101144e+03	2.357286e+03	0	5.307248e-04
1.700000e+09	3.688006e+12	0.000000e+00	5.978261e-01	8.476746e+13	1.770782e+14	6.484188e+13	9.279520e+03	3.099440e+03	2.355990e+03	0	5.289151e-04
1.710000e+09	3.650526e+12	0.000000e+00	5.978261e-01	8.413365e+13	1.760157e+14	6.459673e+13	9.268848e+03	3.097747e+03	2.354704e+03	0	5.271172e-04
1.720000e+09	3.613542e+12	0.000000e+00	5.978261e-01	8.350807e+13	1.749653e+14	6.435312e+13	9.258255e+03	3.096066e+03	2.353425e+03	0	5.253311e-04
1.730000e+09	3.577046e+12	0.000000e+00	5.978261e-01	8.289057e+13	1.739268e+14	6.411103e+13	9.247741e+03	3.094395e+03	2.352155e+03	0	5.235566e-04
1.740000e+09	3.541029e+12	0.000000e+00	5.978261e-01	8.228100e+13	1.729000e+14	6.387044e+13	9.237305e+03	3.092736e+03	2.350894e+03	0	5.217934e-04
1.750000e+09	3.505482e+12	0.000000e+00	5.978261e-01	8.167922e+13	1.718847e+14	6.363135e+13	9.226945e+03	3.091087e+03	2.349641e+03	0	5.200415e-04
1.760000e+09	3.470395e+12	0.000000e+00	5.978261e-01	8.108509e+13	1.708807e+14	6.339375e+13	9.216661e+03	3.089449e+03	2.348395e+03	0	5.183006e-04
1.770000e+09	3.435762e+12	0.000000e+00	5.978261e-01	8.049847e+13	1.698878e+14	6.315761e+13	9.206451e+03	3.087821e+03	2.347158e+03	0	5.165707e-04
1.780000e+09	3.401573e+12	0.000000e+00	5.978261e-01	7.991923e+13	1.689059e+14	6.292294e+13	9.196315e+03	3.086204e+03	2.345929e+03	0	5.148516e-04
1.790000e+09	3.367821e+12	0.000000e+00	5.978261e-01	7.934723e+13	1.679347e+14	6.268973e+13	9.186252e+03	3.084597e+03	2.344707e+03	0	5.131430e-04
1.800000e+09	3.334498e+12	0.000000e+00	5.978261e-01	7.878235e+13	1.669741e+14	6.245795e+13	9.176261e+03	3.083000e+03	2.343494e+03	0	5.114450e-04
1.810000e+09	3.301597e+12	0.000000e+00	5.978261e-01	7.822446e+13	1.660240e+14	6.222760e+13	9.166340e+03	3.081413e+03	2.342287e+03	0	5.097573e-04
1.820000e+09	3.269109e+12	0.000000e+00	5.978261e-01	7.767344e+13	1.650840e+14	6.199867e+13	9.156490e+03	3.079836e+03	2.341089e+03	0	5.080797e-04
1.830000e+09	3.237028e+12	0.000000e+00	5.978261e-01	7.712917e+13	1.641542e+14	6.177115e+13	9.146709e+03	3.078269e+03	2.339897e+03	0	5.064123e-04
1.840000e+09	3.205346e+12	0.000000e+00	5.978261e-01	7.659153e+13	1.632342e+14	6.154503e+13	9.136996e+03	3.076712e+03	2.338713e+03	0	5.047547e-04
1.850000e+09	3.174057e+12	0.000000e+00	5.978261e-01	7.606041e+13	1.623240e+14	6.132030e+13	9.127351e+03	3.075164e+03	2.337537e+03	0	5.031070e-04
1.860000e+09	3.143153e+12	0.000000e+00	5.978261e-01	7.553569e+13	1.614234e+14	6.109695e+13	9.117773e+03	3.073625e+03	2.336367e+03	0	5.014688e-04
1.870000e+09	3.112629e+12	0.000000e+00	5.978261e-01	7.501727e+13	1.605323e+14	6.087496e+13	9.108260e+03	3.072096e+03	2.335205e+03	0	4.998402e-04
1.880000e+09	3.082477e+12	0.000000e+00	5.978261e-01	7.450504e+13	1.596504e+14	6.065433e+13	9.098813e+03	3.070576e+03	2.334050e+03	0	4.982210e-04
1.890000e+09	3.052692e+12	0.000000e+00	5.978261e-01	7.399890e+13	1.587778e+14	6.043505e+13	9.089430e+03	3.069065e+03	2.332901e+03	0	4.966111e-04
1.900000e+09	3.023267e+12	0.000000e+00	5.978261e-01	7.349873e+13	1.579141e+14	6.021710e+13	9.080110e+03	3.067563e+03	2.331759e+03	0	4.950103e-04
1.910000e+09	2.994195e+12	0.000000e+00	5.978261e-01	7.300445e+13	1.570593e+14	6.000049e+13	9.070854e+03	3.066070e+03	2.330625e+03	0	4.934185e-04
1.920000e+09	2.965472e+12	0.000000e+00	5.978261e-01	7.251596e+13	1.562133e+14	5.978519e+13	9.061659e+03	3.064586e+03	2.329496e+03	0	4.918357e-04
1.930000e+09	2.937090e+12	0.000000e+00	5.978261e-01	7.203315e+13	1.553758e+14	5.957120e+13	9.052526e+03	3.063111e+03	2.328375e+03	0	4.902616e-04
1.940000e+09	2.909046e+12	0.000000e+00	5.978261e-01	7.155594e+13	1.545468e+14	5.935851e+13	9.043453e+03	3.061644e+03	2.327260e+03	0	4.886962e-04
1.950000e+09	2.881332e+12	0.000000e+00	5.978261e-01	7.108423e+13	1.537262e+14	5.914710e+13	9.034441e+03	3.060185e+03	2.326151e+03	0	4.871393e-04
1.960000e+09	2.853944e+12	0.000000e+00	5.978261e-01	7.061793e+13	1.529138e+14	5.893698e+13	9.025488e+03	3.058735e+03	2.325049e+03	0	4.855909e-04
1.970000e+09	2.826875e+12	0.000000e+00	5.978261e-01	7.015696e+13	1.521095e+14	5.872813e+13	9.016593e+03	3.057294e+03	2.323953e+03	0	4.840508e-04
1.980000e+09	2.800122e+12	0.000000e+00	5.978261e-01	6.970123e+13	1.513132e+14	5.852053e+13	9.007756e+03	3.055860e+03	2.322864e+03	0	4.825190e-04
1.990000e+09	2.773679e+12	0.000000e+00	5.978261e-01	6.925065e+13	1.505248e+14	5.831419e+13	8.998977e+03	3.054435e+03	2.321780e+03	0	4.809953e-04
2.000000e+09	2.747540e+12	0.000000e+00	5.978261e-01	6.880515e+13	1.497440e+14	5.810909e+13	8.990254e+03	3.053018e+03	2.320703e+03	0	4.794796e-04
2.010000e+09	2.721701e+12	0.000000e+00	5.978261e-01	6.836463e+13	1.489710e+14	5.790523e+13	8.981587e+03	3.051608e+03	2.319632e+03	0	4.779718e-04
2.020000e+09	2.696158e+12	0.000000e+00	5.978261e-01	6.792903e+13	1.482054e+14	5.770259e+13	8.972976e+03	3.050207e+03	2.318566e+03	0	4.764718e-04
2.030000e+09	2.670904e+12	0.000000e+00	5.978261e-01	6.749826e+13	1.474473e+14	5.750116e+13	8.964419e+03	3.048814e+03	2.317507e+03	0	4.749795e-04
2.040000e+09	2.645937e+12	0.000000e+00	5.978261e-01	6.707225e+13	1.466964e+14	5.730094e+13	8.955917e+03	3.047428e+03	2.316454e+03	0	4.734948e-04
2.050000e+09	2.621250e+12	0.000000e+00	5.978261e-01	6.665093e+13	1.459528e+14	5.710192e+13	8.947468e+03	3.046049e+03	2.315406e+03	0	4.720177e-04
2.060000e+09	2.596841e+12	0.000000e+00	5.978261e-01	6.623421e+13	1.452163e+14	5.690409e+13	8.939072e+03	3.044679e+03	2.314364e+03	0	4.705479e-04
2.070000e+09	2.572704e+12	0.000000e+00	5.978261e-01	6.582204e+13	1.444867e+14	5.670744e+13	8.930728e+03	3.043315e+03	2.313328e+03	0	4.690855e-04
2.080000e+09	2.548835e+12	0.000000e+00	5.978261e-01	6.541433e+13	1.437641e+14	5.651196e+13	8.922436e+03	3.041960e+03	2.312297e+03	0	4.676303e-04
2.090000e+09	2.525230e+12	0.000000e+00	5.978261e-01	6.501103e+13	1.430483e+14	5.631764e+13	8.914196e+03	3.040611e+03	2.311272e+03	0	4.661823e-04
2.100000e+09	2.501886e+12	0.000000e+00	5.978261e-01	6.461206e+13	1.423392e+14	5.612448e+13	8.906006e+03	3.039270e+03	2.310253e+03	0	4.647413e-04
2.110000e+09	2.478797e+12	0.000000e+00	5.978261e-01	6.421735e+13	1.416366e+14	5.593246e+13	8.897866e+03	3.037936e+03	2.309239e+03	0	4.633072e-04
2.120000e+09	2.455960e+12	0.000000e+00	5.978261e-01	6.382685e+13	1.409407e+14	5.574159e+13	8.889776e+03	3.036609e+03	2.308230e+03	0	4.618801e-04
2.130000e+09	2.433372e+12	0.000000e+00	5.978261e-01	6.344049e+13	1.402511e+14	5.555184e+13	8.881735e+03	3.035289e+03	2.307226e+03	0	4.604597e-04
2.140000e+09	2.411028e+12	0.000000e+00	5.978261e-01	6.305820e+13	1.395679e+14	5.536321e+13	8.873743e+03	3.033976e+03	2.306228e+03	0	4.590460e-04
2.150000e+09	2.388925e+12	0.000000e+00	5.978261e-01	6.267993e+13	1.388909e+14	5.517570e+13	8.865798e+03	3.032669e+03	2.305235e+03	0	4.576389e-04
2.160000e+09	2.367059e+12	0.000000e+00	5.978261e-01	6.230562e+13	1.382202e+14	5.498929e+13	8.857901e+03	3.031370e+03	2.304248e+03	0	4.562384e-04
2.170000e+09	2.345427e+12	0.000000e+00	5.978261e-01	6.193520e+13	1.375555e+14	5.480398e+13	8.850052e+03	3.030077e+03	2.303265e+03	0	4.548443e-04
2.180000e+09	2.324025e+12	0.000000e+00	5.978261e-01	6.156863e+13	1.368968e+14	5.461976e+13	8.842248e+03	3.028792e+03	2.302288e+03	0	4.534566e-04
2.190000e+09	2.302850e+12	0.000000e+00	5.978261e-01	6.120584e+13	1.362440e+14	5.443662e+13	8.834491e+03	3.027512e+03	2.301315e+03	0	4.520751e-04
2.200000e+09	2.281898e+12	0.000000e+00	5.978261e-01	6.084677e+13	1.355971e+14	5.425455e+13	8.826780e+03	3.026239e+03	2.300348e+03	0	4.506999e-04
2.210000e+09	2.261166e+12	0.000000e+00	5.978261e-01	6.049139e+13	1.349560e+14	5.407355e+13	8.819113e+03	3.024973e+03	2.299385e+03	0	4.493308e-04
2.220000e+09	2.240651e+12	0.000000e+00	5.978261e-01	6.013962e+13	1.343206e+14	5.389361e+13	8.811492e+03	3.023713e+03	2.298428e+03	0	4.479678e-04
2.230000e+09	2.220349e+12	0.000000e+00	5.978261e-01	5.979142e+13	1.336907e+14	5.371472e+13	8.803914e+03	3.022460e+03	2.297475e+03	0	4.466108e-04
2.240000e+09	2.200258e+12	0.000000e+00	5.978261e-01	5.944673e+13	1.330665e+14	5.353688e+13	8.796381e+03	3.021213e+03	2.296527e+03	0	4.452596e-04
2.250000e+09	2.180375e+12	0.000000e+00	5.978261e-01	5.910552e+13	1.324477e+14	5.336007e+13	8.788890e+03	3.019972e+03	2.295583e+03	0	4.439143e-04
2.260000e+09	2.160696e+12	0.000000e+00	5.978261e-01	5.876772e+13	1.318343e+14	5.318428e+13	8.781443e+03	3.018737e+03	2.294645e+03	0	4.425748e-04
2.270000e+09	2.141219e+12	0.000000e+00	5.978261e-01	5.843329e+13	1.312262e+14	5.300952e+13	8.774038e+03	3.017508e+03	2.293711e+03	0	4.412410e-04
2.280000e+09	2.121941e+12	0.000000e+00	5.978261e-01	5.810218e+13	1.306234e+14	5.283577e+13	8.766675e+03	3.016286e+03	2.292782e+03	0	4.399127e-04
2.290000e+09	2.102859e+12	0.000000e+00	5.978261e-01	5.777435e+13	1.300258e+14	5.266303e+13	8.759354e+03	3.015069e+03	2.291857e+03	0	4.385901e-04
2.300000e+09	2.083969e+12	0.000000e+00	5.978261e-01	5.744974e+13	1.294334e+14	5.249129e+13	8.752074e+03	3.013858e+03	2.290937e+03	0	4.372729e-04
2.310000e+09	2.065270e+12	0.000000e+00	5.978261e-01	5.712832e+13	1.288460e+14	5.232054e+13	8.744835e+03	3.012654e+03	2.290021e+03	0	4.359611e-04
2.320000e+09	2.046759e+12	0.000000e+00	5.978261e-01	5.681004e+13	1.282636e+14	5.215078e+13	8.737636e+03	3.011455e+03	2.289109e+03	0	4.346547e-04
2.330000e+09	2.028433e+12	0.000000e+00	5.978261e-01	5.649485e+13	1.276861e+14	5.198199e+13	8.730478e+03	3.010262e+03	2.288203e+03	0	4.333535e-04
2.340000e+09	2.010290e+12	0.000000e+00	5.978261e-01	5.618272e+13	1.271135e+14	5.181417e+13	8.723358e+03	3.009074e+03	2.287300e+03	0	4.320576e-04
2.350000e+09	1.992326e+12	0.000000e+00	5.978261e-01	5.587359e+13	1.265458e+14	5.164732e+13	8.716279e+03	3.007893e+03	2.286402e+03	0	4.307668e-04
2.360000e+09	1.974540e+12	0.000000e+00	5.978261e-01	5.556744e+13	1.259828e+14	5.148143e+13	8.709238e+03	3.006717e+03	2.285508e+03	0	4.294811e-04
2.370000e+09	1.956929e+12	0.000000e+00	5.978261e-01	5.526421e+13	1.254245e+14	5.131648e+13	8.702235e+03	3.005546e+03	2.284618e+03	0	4.282004e-04
2.380000e+09	1.939491e+12	0.000000e+00	5.978261e-01	5.496388e+13	1.248708e+14	5.115248e+13	8.695271e+03	3.004381e+03	2.283733e+03	0	4.269247e-04
2.390000e+09	1.922223e+12	0.000000e+00	5.978261e-01	5.466640e+13	1.243217e+14	5.098942e+13	8.688345e+03	3.003222e+03	2.282851e+03	0	4.256539e-04
2.400000e+09	1.905122e+12	0.000000e+00	5.978261e-01	5.437172e+13	1.237772e+14	5.082728e+13	8.681455e+03	3.002068e+03	2.281974e+03	0	4.243880e-04
2.410000e+09	1.888188e+12	0.000000e+00	5.978261e-01	5.407983e+13	1.232371e+14	5.066607e+13	8.674603e+03	3.000919e+03	2.281101e+03	0	4.231268e-04
2.420000e+09	1.871417e+12	0.000000e+00	5.978261e-01	5.379067e+13	1.227014e+14	5.050578e+13	8.667788e+03	2.999776e+03	2.280232e+03	0	4.218703e-04
2.430000e+09	1.854807e+12	0.000000e+00	5.978261e-01	5.350421e+13	1.221702e+14	5.034640e+13	8.661009e+03	2.998638e+03	2.279367e+03	0	4.206185e-04
2.440000e+09	1.838357e+12	0.000000e+00	5.978261e-01	5.322042e+13	1.216432e+14	5.018792e+13	8.654266e+03	2.997505e+03	2.278506e+03	0	4.193713e-04
2.450000e+09	1.822063e+12	0.000000e+00	5.978261e-01	5.293925e+13	1.211205e+14	5.003034e+13	8.647559e+03	2.996378e+03	2.277649e+03	0	4.181286e-04
2.460000e+09	1.805925e+12	0.000000e+00	5.978261e-01	5.266069e+13	1.206020e+14	4.987366e+13	8.640887e+03	2.995255e+03	2.276796e+03	0	4.168905e-04
2.470000e+09	1.789939e+12	0.000000e+00	5.978261e-01	5.238468e+13	1.200876e+14	4.971785e+13	8.634250e+03	2.994138e+03	2.275946e+03	0	4.156567e-04
2.480000e+09	1.774104e+12	0.000000e+00	5.978261e-01	5.211120e+13	1.195774e+14	4.956293e+13	8.627648e+03	2.993026e+03	2.275101e+03	0	4.144274e-04
2.490000e+09	1.758417e+12	0.000000e+00	5.978261e-01	5.184022e+13	1.190712e+14	4.940888e+13	8.621081e+03	2.991918e+03	2.274259e+03	0	4.132023e-04
2.500000e+09	1.742878e+12	0.000000e+00	5.978261e-01	5.157170e+13	1.185691e+14	4.925570e+13	8.614547e+03	2.990816e+03	2.273421e+03	0	4.119815e-04
2.510000e+09	1.727484e+12	0.000000e+00	5.978261e-01	5.130561e+13	1.180709e+14	4.910337e+13	8.608047e+03	2.989719e+03	2.272587e+03	0	4.107650e-04
2.520000e+09	1.712232e+12	0.000000e+00	5.978261e-01	5.104192e+13	1.175767e+14	4.895190e+13	8.601581e+03	2.988627e+03	2.271757e+03	0	4.095526e-04
2.530000e+09	1.697122e+12	0.000000e+00	5.978261e-01	5.078060e+13	1.170863e+14	4.880128e+13	8.595148e+03	2.987539e+03	2.270930e+03	0	4.083443e-04
2.540000e+09	1.682152e+12	0.000000e+00	5.978261e-01	5.052162e+13	1.165998e+14	4.865151e+13	8.588748e+03	2.986456e+03	2.270107e+03	0	4.071400e-04
2.550000e+09	1.667319e+12	0.000000e+00	5.978261e-01	5.026495e+13	1.161170e+14	4.850256e+13	8.582380e+03	2.985379e+03	2.269288e+03	0	4.059398e-04
2.560000e+09	1.652622e+12	0.000000e+00	5.978261e-01	5.001056e+13	1.156380e+14	4.835445e+13	8.576045e+03	2.984305e+03	2.268472e+03	0	4.047435e-04
2.570000e+09	1.638059e+12	0.000000e+00	5.978261e-01	4.975842e+13	1.151628e+14	4.820717e+13	8.569741e+03	2.983237e+03	2.267660e+03	0	4.035512e-04
2.580000e+09	1.623628e+12	0.000000e+00	5.978261e-01	4.950850e+13	1.146911e+14	4.806070e+13	8.563470e+03	2.982173e+03	2.266852e+03	0	4.023626e-04
2.590000e+09	1.609329e+12	0.000000e+00	5.978261e-01	4.926078e+13	1.142231e+14	4.791505e+13	8.557229e+03	2.981114e+03	2.266046e+03	0	4.011779e-04
2.600000e+09	1.595158e+12	0.000000e+00	5.978261e-01	4.901523e+13	1.137587e+14	4.777021e+13	8.551020e+03	2.980059e+03	2.265245e+03	0	3.999969e-04
2.610000e+09	1.581115e+12	0.000000e+00	5.978261e-01	4.877182e+13	1.132978e+14	4.762617e+13	8.544842e+03	2.979009e+03	2.264447e+03	0	3.988196e-04
2.620000e+09	1.567197e+12	0.000000e+00	5.978261e-01	4.853052e+13	1.128404e+14	4.748292e+13	8.538695e+03	2.977964e+03	2.263652e+03	0	3.976460e-04
2.630000e+09	1.553404e+12	0.000000e+00	5.978261e-01	4.829131e+13	1.123865e+14	4.734047e+13	8.532578e+03	2.976923e+03	2.262861e+03	0	3.964760e-04
2.640000e+09	1.539734e+12	0.000000e+00	5.978261e-01	4.805417e+13	1.119360e+14	4.719880e+13	8.526491e+03	2.975886e+03	2.262073e+03	0	3.953096e-04
2.650000e+09	1.526185e+12	0.000000e+00	5.978261e-01	4.781906e+13	1.114889e+14	4.705791e+13	8.520433e+03	2.974854e+03	2.261288e+03	0	3.941466e-04
2.660000e+09	1.512756e+12	0.000000e+00	5.978261e-01	4.758596e+13	1.110451e+14	4.691780e+13	8.514406e+03	2.973826e+03	2.260507e+03	0	3.929872e-04
2.670000e+09	1.499445e+12	0.000000e+00	5.978261e-01	4.735486e+13	1.106047e+14	4.677845e+13	8.508407e+03	2.972803e+03	2.259729e+03	0	3.918311e-04
2.680000e+09	1.486251e+12	0.000000e+00	5.978261e-01	4.712571e+13	1.101675e+14	4.663987e+13	8.502438e+03	2.971784e+03	2.258954e+03	0	3.906784e-04
2.690000e+09	1.473172e+12	0.000000e+00	5.978261e-01	4.689851e+13	1.097336e+14	4.650205e+13	8.496498e+03	2.970769e+03	2.258183e+03	0	3.895291e-04
2.700000e+09	1.460207e+12	0.000000e+00	5.978261e-01	4.667323e+13	1.093029e+14	4.636499e+13	8.490586e+03	2.969758e+03	2.257414e+03	0	3.883830e-04
2.710000e+09	1.447355e+12	0.000000e+00	5.978261e-01	4.644983e+13	1.088753e+14	4.622867e+13	8.484703e+03	2.968752e+03	2.256649e+03	0	3.872402e-04
2.720000e+09	1.434614e+12	0.000000e+00	5.978261e-01	4.622832e+13	1.084509e+14	4.609309e+13	8.478847e+03	2.967749e+03	2.255887e+03	0	3.861006e-04
2.730000e+09	1.421983e+12	0.000000e+00	5.978261e-01	4.600865e+13	1.080296e+14	4.595825e+13	8.473020e+03	2.966751e+03	2.255129e+03	0	3.849641e-04
2.740000e+09	1.409461e+12	0.000000e+00	5.978261e-01	4.579080e+13	1.076114e+14	4.582415e+13	8.467220e+03	2.965757e+03	2.254373e+03	0	3.838308e-04
2.750000e+09	1.397046e+12	0.000000e+00	5.978261e-01	4.557477e+13	1.071961e+14	4.569077e+13	8.461448e+03	2.964767e+03	2.253621e+03	0	3.827005e-04
2.760000e+09	1.384737e+12	0.000000e+00	5.978261e-01	4.536052e+13	1.067840e+14	4.555812e+13	8.455703e+03	2.963781e+03	2.252871e+03	0	3.815732e-04
2.770000e+09	1.372533e+12	0.000000e+00	5.978261e-01	4.514803e+13	1.063747e+14	4.542618e+13	8.449984e+03	2.962799e+03	2.252125e+03	0	3.804489e-04
2.780000e+09	1.360432e+12	0.000000e+00	5.978261e-01	4.493728e+13	1.059685e+14	4.529496e+13	8.444293e+03	2.961821e+03	2.251381e+03	0	3.793275e-04
2.790000e+09	1.348433e+12	0.000000e+00	5.978261e-01	4.472826e+13	1.055651e+14	4.516445e+13	8.438628e+03	2.960847e+03	2.250641e+03	0	3.782091e-04
2.800000e+09	1.336536e+12	0.000000e+00	5.978261e-01	4.452094e+13	1.051646e+14	4.503464e+13	8.432989e+03	2.959877e+03	2.249904e+03	0	3.770934e-04
2.810000e+09	1.324739e+12	0.000000e+00	5.978261e-01	4.431531e+13	1.047670e+14	4.490552e+13	8.427377e+03	2.958911e+03	2.249169e+03	0	3.759806e-04
2.820000e+09	1.313040e+12	0.000000e+00	5.978261e-01	4.411133e+13	1.043722e+14	4.477710e+13	8.421790e+03	2.957949e+03	2.248438e+03	0	3.748706e-04
2.830000e+09	1.301439e+12	0.000000e+00	5.978261e-01	4.390901e+13	1.039801e+14	4.464937e+13	8.416229e+03	2.956991e+03	2.247709e+03	0	3.737633e-04
2.840000e+09	1.289934e+12	0.000000e+00	5.978261e-01	4.370831e+13	1.035909e+14	4.452233e+13	8.410693e+03	2.956036e+03	2.246984e+03	0	3.726587e-04
2.850000e+09	1.278525e+12	0.000000e+00	5.978261e-01	4.350921e+13	1.032044e+14	4.439596e+13	8.405183e+03	2.955085e+03	2.246261e+03	0	3.715567e-04
2.860000e+09	1.267210e+12	0.000000e+00	5.978261e-01	4.331171e+13	1.028206e+14	4.427027e+13	8.399698e+03	2.954138e+03	2.245541e+03	0	3.704574e-04
2.870000e+09	1.255988e+12	0.000000e+00	5.978261e-01	4.311577e+13	1.024394e+14	4.414525e+13	8.394238e+03	2.953195e+03	2.244824e+03	0	3.693606e-04
2.880000e+09	1.244858e+12	0.000000e+00	5.978261e-01	4.292139e+13	1.020610e+14	4.402089e+13	8.388802e+03	2.952255e+03	2.244110e+03	0	3.682664e-04
2.890000e+09	1.233819e+12	0.000000e+00	5.978261e-01	4.272855e+13	1.016851e+14	4.389720e+13	8.383391e+03	2.951319e+03	2.243398e+03	0	3.671746e-04
2.900000e+09	1.222871e+12	0.000000e+00	5.978261e-01	4.253722e+13	1.013119e+14	4.377416e+13	8.378004e+03	2.950387e+03	2.242690e+03	0	3.660853e-04
2.910000e+09	1.212011e+12	0.000000e+00	5.978261e-01	4.234739e+13	1.009412e+14	4.365178e+13	8.372641e+03	2.949458e+03	2.241984e+03	0	3.649984e-04
2.920000e+09	1.201239e+12	0.000000e+00	5.978261e-01	4.215905e+13	1.005731e+14	4.353004e+13	8.367302e+03	2.948533e+03	2.241281e+03	0	3.639139e-04
2.930000e+09	1.190555e+12	0.000000e+00	5.978261e-01	4.197218e+13	1.002075e+14	4.340895e+13	8.361987e+03	2.947612e+03	2.240580e+03	0	3.628317e-04
2.940000e+09	1.179956e+12	0.000000e+00	5.978261e-01	4.178676e+13	9.984438e+13	4.328849e+13	8.356695e+03	2.946694e+03	2.239882e+03	0	3.617518e-04
2.950000e+09	1.169442e+12	0.000000e+00	5.978261e-01	4.160278e+13	9.948375e+13	4.316867e+13	8.351427e+03	2.945779e+03	2.239187e+03	0	3.606742e-04
2.960000e+09	1.159013e+12	0.000000e+00	5.978261e-01	4.142022e+13	9.912557e+13	4.304948e+13	8.346181e+03	2.944868e+03	2.238495e+03	0	3.595988e-04
2.970000e+09	1.148667e+12	0.000000e+00	5.978261e-01	4.123906e+13	9.876981e+13	4.293092e+13	8.340959e+03	2.943961e+03	2.237805e+03	0	3.585255e-04
2.980000e+09	1.138403e+12	0.000000e+00	5.978261e-01	4.105929e+13	9.841646e+13	4.281298e+13	8.335760e+03	2.943057e+03	2.237118e+03	0	3.574545e-04
2.990000e+09	1.128220e+12	0.000000e+00	5.978261e-01	4.088090e+13	9.806548e+13	4.269566e+13	8.330583e+03	2.942156e+03	2.236433e+03	0	3.563855e-04
3.000000e+09	1.118118e+12	0.000000e+00	5.978261e-01	4.070386e+13	9.771686e+13	4.257895e+13	8.325428e+03	2.941259e+03	2.235751e+03	0	3.553186e-04
3.010000e+09	1.108095e+12	0.000000e+00	5.978261e-01	4.052817e+13	9.737056e+13	4.246285e+13	8.320296e+03	2.940365e+03	2.235072e+03	0	3.542537e-04
3.020000e+09	1.098151e+12	0.000000e+00	5.978261e-01	4.035381e+13	9.702658e+13	4.234735e+13	8.315186e+03	2.939475e+03	2.234395e+03	0	3.531909e-04
3.030000e+09	1.088285e+12	0.000000e+00	5.978261e-01	4.018076e+13	9.668488e+13	4.223246e+13	8.310098e+03	2.938588e+03	2.233721e+03	0	3.521300e-04
3.040000e+09	1.078496e+12	0.000000e+00	5.978261e-01	4.000902e+13	9.634545e+13	4.211817e+13	8.305032e+03	2.937704e+03	2.233049e+03	0	3.510710e-04
3.050000e+09	1.068783e+12	0.000000e+00	5.978261e-01	3.983857e+13	9.600826e+13	4.200446e+13	8.299988e+03	2.936824e+03	2.232380e+03	0	3.500139e-04
3.060000e+09	1.059145e+12	0.000000e+00	5.978261e-01	3.966939e+13	9.567329e+13	4.189135e+13	8.294965e+03	2.935946e+03	2.231713e+03	0	3.489586e-04
3.070000e+09	1.049582e+12	0.000000e+00	5.978261e-01	3.950147e+13	9.534053e+13	4.177882e+13	8.289963e+03	2.935072e+03	2.231049e+03	0	3.479052e-04
3.080000e+09	1.040093e+12	0.000000e+00	5.978261e-01	3.933479e+13	9.500994e+13	4.166688e+13	8.284982e+03	2.934202e+03	2.230387e+03	0	3.468536e-04
3.090000e+09	1.030677e+12	0.000000e+00	5.978261e-01	3.916935e+13	9.468151e+13	4.155551e+13	8.280022e+03	2.933334e+03	2.229727e+03	0	3.458037e-04
3.100000e+09	1.021333e+12	0.000000e+00	5.978261e-01	3.900514e+13	9.435522e+13	4.144472e+13	8.275083e+03	2.932470e+03	2.229070e+03	0	3.447555e-04
3.110000e+09	1.012060e+12	0.000000e+00	5.978261e-01	3.884213e+13	9.403104e+13	4.133449e+13	8.270165e+03	2.931608e+03	2.228416e+03	0	3.437089e-04
3.120000e+09	1.002858e+12	0.000000e+00	5.978261e-01	3.868031e+13	9.370897e+13	4.122483e+13	8.265268e+03	2.930750e+03	2.227763e+03	0	3.426640e-04
3.130000e+09	9.937253e+11	0.000000e+00	5.978261e-01	3.851968e+13	9.338897e+13	4.111574e+13	8.260390e+03	2.929895e+03	2.227113e+03	0	3.416207e-04
3.140000e+09	9.846622e+11	0.000000e+00	5.978261e-01	3.836022e+13	9.307103e+13	4.100720e+13	8.255533e+03	2.929044e+03	2.226466e+03	0	3.405790e-04
3.150000e+09	9.756675e+11	0.000000e+00	5.978261e-01	3.820192e+13	9.275514e+13	4.089922e+13	8.250696e+03	2.928195e+03	2.225821e+03	0	3.395388e-04
3.160000e+09	9.667406e+11	0.000000e+00	5.978261e-01	3.804477e+13	9.244126e+13	4.079179e+13	8.245879e+03	2.927349e+03	2.225178e+03	0	3.385001e-04
3.170000e+09	9.578806e+11	0.000000e+00	5.978261e-01	3.788875e+13	9.212939e+13	4.068490e+13	8.241082e+03	2.926506e+03	2.224537e+03	0	3.374628e-04
3.180000e+09	9.490870e+11	0.000000e+00	5.978261e-01	3.773386e+13	9.181950e+13	4.057856e+13	8.236304e+03	2.925667e+03	2.223899e+03	0	3.364269e-04
3.190000e+09	9.403590e+11	0.000000e+00	5.978261e-01	3.758007e+13	9.151158e+13	4.047276e+13	8.231546e+03	2.924830e+03	2.223263e+03	0	3.353925e-04
3.200000e+09	9.316959e+11	0.000000e+00	5.978261e-01	3.742739e+13	9.120560e+13	4.036750e+13	8.226807e+03	2.923996e+03	2.222629e+03	0	3.343594e-04
3.210000e+09	9.230972e+11	0.000000e+00	5.978261e-01	3.727580e+13	9.090156e+13	4.026277e+13	8.222088e+03	2.923166e+03	2.221998e+03	0	3.333276e-04
3.220000e+09	9.145620e+11	0.000000e+00	5.978261e-01	3.712529e+13	9.059943e+13	4.015857e+13	8.217387e+03	2.922338e+03	2.221369e+03	0	3.322970e-04
3.230000e+09	9.060898e+11	0.000000e+00	5.978261e-01	3.697584e+13	9.029919e+13	4.005490e+13	8.212706e+03	2.921513e+03	2.220742e+03	0	3.312678e-04
3.240000e+09	8.976799e+11	0.000000e+00	5.978261e-01	3.682745e+13	9.000083e+13	3.995175e+13	8.208043e+03	2.920691e+03	2.220117e+03	0	3.302397e-04
3.250000e+09	8.893317e+11	0.000000e+00	5.978261e-01	3.668010e+13	8.970434e+13	3.984912e+13	8.203399e+03	2.919872e+03	2.219494e+03	0	3.292128e-04
3.260000e+09	8.810445e+11	0.000000e+00	5.978261e-01	3.653380e+13	8.940968e+13	3.974700e+13	8.198774e+03	2.919056e+03	2.218874e+03	0	3.281870e-04
3.270000e+09	8.728178e+11	0.000000e+00	5.978261e-01	3.638851e+13	8.911686e+13	3.964540e+13	8.194167e+03	2.918242e+03	2.218256e+03	0	3.271623e-04
3.280000e+09	8.646509e+11	0.000000e+00	5.978261e-01	3.624424e+13	8.882584e+13	3.954431e+13	8.189578e+03	2.917432e+03	2.217639e+03	0	3.261387e-04
3.290000e+09	8.565432e+11	0.000000e+00	5.978261e-01	3.610098e+13	8.853663e+13	3.944372e+13	8.185007e+03	2.916624e+03	2.217025e+03	0	3.251161e-04
3.300000e+09	8.484942e+11	0.000000e+00	5.978261e-01	3.595871e+13	8.824919e+13	3.934363e+13	8.180455e+03	2.915819e+03	2.216414e+03	0	3.240945e-04
3.310000e+09	8.405032e+11	0.000000e+00	5.978261e-01	3.581743e+13	8.796351e+13	3.924405e+13	8.175920e+03	2.915017e+03	2.215804e+03	0	3.230739e-04
3.320000e+09	8.325696e+11	0.000000e+00	5.978261e-01	3.567712e+13	8.767959e+13	3.914496e+13	8.171404e+03	2.914218e+03	2.215196e+03	0	3.220542e-04
3.330000e+09	8.246930e+11	0.000000e+00	5.978261e-01	3.553778e+13	8.739739e+13	3.904636e+13	8.166904e+03	2.913421e+03	2.214591e+03	0	3.210353e-04
3.340000e+09	8.168726e+11	0.000000e+00	5.978261e-01	3.539940e+13	8.711692e+13	3.894825e+13	8.162423e+03	2.912627e+03	2.213987e+03	0	3.200174e-04
3.350000e+09	8.091081e+11	0.000000e+00	5.978261e-01	3.526196e+13	8.683814e+13	3.885063e+13	8.157959e+03	2.911836e+03	2.213386e+03	0	3.190002e-04
3.360000e+09	8.013987e+11	0.000000e+00	5.978261e-01	3.512546e+13	8.656106e+13	3.875349e+13	8.153512e+03	2.911047e+03	2.212786e+03	0	3.179838e-04
3.370000e+09	7.937440e+11	0.000000e+00	5.978261e-01	3.498989e+13	8.628564e+13	3.865683e+13	8.149082e+03	2.910262e+03	2.212189e+03	0	3.169681e-04
3.380000e+09	7.861435e+11	0.000000e+00	5.978261e-01	3.485524e+13	8.601189e+13	3.856065e+13	8.144670e+03	2.909479e+03	2.211594e+03	0	3.159532e-04
3.390000e+09	7.785966e+11	0.000000e+00	5.978261e-01	3.472150e+13	8.573978e+13	3.846494e+13	8.140274e+03	2.908698e+03	2.211001e+03	0	3.149389e-04
3.400000e+09	7.711027e+11	0.000000e+00	5.978261e-01	3.458867e+13	8.546929e+13	3.836970e+13	8.135895e+03	2.907920e+03	2.210409e+03	0	3.139252e-04
3.410000e+09	7.636614e+11	0.000000e+00	5.978261e-01	3.445672e+13	8.520043e+13	3.827493e+13	8.131533e+03	2.907145e+03	2.209820e+03	0	3.129121e-04
3.420000e+09	7.562721e+11	0.000000e+00	5.978261e-01	3.432567e+13	8.493316e+13	3.818063e+13	8.127188e+03	2.906372e+03	2.209233e+03	0	3.118996e-04
3.430000e+09	7.489344e+11	0.000000e+00	5.978261e-01	3.419548e+13	8.466749e+13	3.808678e+13	8.122859e+03	2.905602e+03	2.208647e+03	0	3.108876e-04
3.440000e+09	7.416478e+11	0.000000e+00	5.978261e-01	3.406617e+13	8.440339e+13	3.799340e+13	8.118546e+03	2.904835e+03	2.208064e+03	0	3.098760e-04
3.450000e+09	7.344117e+11	0.000000e+00	5.978261e-01	3.393772e+13	8.414085e+13	3.790047e+13	8.114250e+03	2.904070e+03	2.207482e+03	0	3.088649e-04
3.460000e+09	7.272257e+11	0.000000e+00	5.978261e-01	3.381012e+13	8.387985e+13	3.780799e+13	8.109970e+03	2.903307e+03	2.206903e+03	0	3.078543e-04
3.470000e+09	7.200893e+11	0.000000e+00	5.978261e-01	3.368336e+13	8.362040e+13	3.771596e+13	8.105706e+03	2.902547e+03	2.206325e+03	0	3.068439e-04
3.480000e+09	7.130020e+11	0.000000e+00	5.978261e-01	3.355744e+13	8.336246e+13	3.762438e+13	8.101458e+03	2.901790e+03	2.205750e+03	0	3.058339e-04
3.490000e+09	7.059634e+11	0.000000e+00	5.978261e-01	3.343235e+13	8.310603e+13	3.753325e+13	8.097226e+03	2.901035e+03	2.205176e+03	0	3.048242e-04
3.500000e+09	6.989729e+11	0.000000e+00	5.978261e-01	3.330808e+13	8.285110e+13	3.744255e+13	8.093009e+03	2.900283e+03	2.204604e+03	0	3.038148e-04
3.510000e+09	6.920302e+11	0.000000e+00	5.978261e-01	3.318462e+13	8.259765e+13	3.735230e+13	8.088809e+03	2.899533e+03	2.204034e+03	0	3.028055e-04
3.520000e+09	6.851347e+11	0.000000e+00	5.978261e-01	3.306196e+13	8.234568e+13	3.726247e+13	8.084623e+03	2.898785e+03	2.203466e+03	0	3.017964e-04
3.530000e+09	6.782862e+11	0.000000e+00	5.978261e-01	3.294011e+13	8.209516e+13	3.717308e+13	8.080454e+03	2.898040e+03	2.202899e+03	0	3.007875e-04
3.540000e+09	6.714840e+11	0.000000e+00	5.978261e-01	3.281904e+13	8.184609e+13	3.708413e+13	8.076299e+03	2.897298e+03	2.202335e+03	0	2.997786e-04
3.550000e+09	6.647277e+11	0.000000e+00	5.978261e-01	3.269876e+13	8.159846e+13	3.699559e+13	8.072160e+03	2.896558e+03	2.201772e+03	0	2.987698e-04
3.560000e+09	6.580170e+11	0.000000e+00	5.978261e-01	3.257925e+13	8.135224e+13	3.690749e+13	8.068036e+03	2.895820e+03	2.201211e+03	0	2.977610e-04
3.570000e+09	6.513514e+11	0.000000e+00	5.978261e-01	3.246051e+13	8.110744e+13	3.681980e+13	8.063927e+03	2.895084e+03	2.200652e+03	0	2.967522e-04
3.580000e+09	6.447305e+11	0.000000e+00	5.978261e-01	3.234254e+13	8.086404e+13	3.673253e+13	8.059833e+03	2.894351e+03	2.200095e+03	0	2.957432e-04
3.590000e+09	6.381539e+11	0.000000e+00	5.978261e-01	3.222532e+13	8.062203e+13	3.664568e+13	8.055754e+03	2.893621e+03	2.199540e+03	0	2.947342e-04
3.600000e+09	6.316211e+11	0.000000e+00	5.978261e-01	3.210884e+13	8.038139e+13	3.655924e+13	8.051690e+03	2.892892e+03	2.198986e+03	0	2.937250e-04
3.610000e+09	6.251318e+11	0.000000e+00	5.978261e-01	3.199311e+13	8.014212e+13	3.647322e+13	8.047640e+03	2.892166e+03	2.198434e+03	0	2.927157e-04
3.620000e+09	6.186856e+11	0.000000e+00	5.978261e-01	3.187812e+13	7.990420e+13	3.638760e+13	8.043605e+03	2.891443e+03	2.197884e+03	0	2.917060e-04
3.630000e+09	6.122820e+11	0.000000e+00	5.978261e-01	3.176385e+13	7.966763e+13	3.630239e+13	8.039584e+03	2.890721e+03	2.197336e+03	0	2.906961e-04
3.640000e+09	6.059207e+11	0.000000e+00	5.978261e-01	3.165030e+13	7.943239e+13	3.621758e+13	8.035578e+03	2.890002e+03	2.196789e+03	0	2.896859e-04
3.650000e+09	5.996013e+11	0.000000e+00	5.978261e-01	3.153747e+13	7.919847e+13	3.613317e+13	8.031586e+03	2.889285e+03	2.196244e+03	0	2.886753e-04
3.660000e+09	5.933235e+11	0.000000e+00	5.978261e-01	3.142534e+13	7.896586e+13	3.604916e+13	8.027608e+03	2.888571e+03	2.195701e+03	0	2.876643e-04
3.670000e+09	5.870867e+11	0.000000e+00	5.978261e-01	3.131392e+13	7.873455e+13	3.596555e+13	8.023645e+03	2.887858e+03	2.195160e+03	0	2.866528e-04
3.680000e+09	5.808907e+11	0.000000e+00	5.978261e-01	3.120319e+13	7.850453e+13	3.588233e+13	8.019695e+03	2.887148e+03	2.194620e+03	0	2.856408e-04
3.690000e+09	5.747351e+11	0.000000e+00	5.978261e-01	3.109315e+13	7.827579e+13	3.579950e+13	8.015759e+03	2.886440e+03	2.194082e+03	0	2.846282e-04
3.700000e+09	5.686195e+11	0.000000e+00	5.978261e-01	3.098380e+13	7.804833e+13	3.571705e+13	8.011838e+03	2.885735e+03	2.193545e+03	0	2.836151e-04
3.710000e+09	5.625436e+11	0.000000e+00	5.978261e-01	3.087513e+13	7.782212e+13	3.563500e+13	8.007930e+03	2.885031e+03	2.193011e+03	0	2.826013e-04
3.720000e+09	5.565070e+11	0.000000e+00	5.978261e-01	3.076712e+13	7.759716e+13	3.555332e+13	8.004035e+03	2.884330e+03	2.192478e+03	0	2.815868e-04
3.730000e+09	5.505094e+11	0.000000e+00	5.978261e-01	3.065978e+13	7.737343e+13	3.547203e+13	8.000155e+03	2.883631e+03	2.191946e+03	0	2.805716e-04
3.740000e+09	5.445504e+11	0.000000e+00	5.978261e-01	3.055310e+13	7.715094e+13	3.539112e+13	7.996288e+03	2.882934e+03	2.191416e+03	0	2.795555e-04
3.750000e+09	5.386296e+11	0.000000e+00	5.978261e-01	3.044708e+13	7.692967e+13	3.531058e+13	7.992434e+03	2.882239e+03	2.190888e+03	0	2.785387e-04
3.760000e+09	5.327468e+11	0.000000e+00	5.978261e-01	3.034170e+13	7.670961e+13	3.523041e+13	7.988593e+03	2.881547e+03	2.190362e+03	0	2.775209e-04
3.770000e+09	5.269016e+11	0.000000e+00	5.978261e-01	3.023697e+13	7.649075e+13	3.515062e+13	7.984766e+03	2.880856e+03	2.189837e+03	0	2.765022e-04
3.780000e+09	5.210936e+11	0.000000e+00	5.978261e-01	3.013287e+13	7.627308e+13	3.507120e+13	7.980952e+03	2.880168e+03	2.189314e+03	0	2.754825e-04
3.790000e+09	5.153226e+11	0.000000e+00	5.978261e-01	3.002941e+13	7.605660e+13	3.499214e+13	7.977152e+03	2.879481e+03	2.188792e+03	0	2.744617e-04
3.800000e+09	5.095882e+11	0.000000e+00	5.978261e-01	2.992657e+13	7.584128e+13	3.491345e+13	7.973364e+03	2.878797e+03	2.188272e+03	0	2.734399e-04
3.810000e+09	5.038901e+11	0.000000e+00	5.978261e-01	2.982435e+13	7.562714e+13	3.483512e+13	7.969589e+03	2.878115e+03	2.187754e+03	0	2.724169e-04
3.820000e+09	4.982280e+11	0.000000e+00	5.978261e-01	2.972275e+13	7.541414e+13	3.475715e+13	7.965827e+03	2.877435e+03	2.187237e+03	0	2.713927e-04
3.830000e+09	4.926015e+11	0.000000e+00	5.978261e-01	2.962176e+13	7.520229e+13	3.467953e+13	7.962078e+03	2.876757e+03	2.186721e+03	0	2.703672e-04
3.840000e+09	4.870103e+11	0.000000e+00	5.978261e-01	2.952137e+13	7.499158e+13	3.460228e+13	7.958342e+03	2.876081e+03	2.186208e+03	0	2.693404e-04
3.850000e+09	4.814543e+11	0.000000e+00	5.978261e-01	2.942159e+13	7.478200e+13	3.452537e+13	7.954618e+03	2.875408e+03	2.185695e+03	0	2.683122e-04
3.860000e+09	4.759329e+11	0.000000e+00	5.978261e-01	2.932240e+13	7.457353e+13	3.444882e+13	7.950907e+03	2.874736e+03	2.185185e+03	0	2.672826e-04
3.870000e+09	4.704460e+11	0.000000e+00	5.978261e-01	2.922379e+13	7.436618e+13	3.437261e+13	7.947208e+03	2.874066e+03	2.184676e+03	0	2.662515e-04
3.880000e+09	4.649933e+11	0.000000e+00	5.978261e-01	2.912578e+13	7.415993e+13	3.429676e+13	7.943522e+03	2.873398e+03	2.184168e+03	0	2.652188e-04
3.890000e+09	4.595744e+11	0.000000e+00	5.978261e-01	2.902834e+13	7.395477e+13	3.422124e+13	7.939848e+03	2.872732e+03	2.183662e+03	0	2.641845e-04
3.900000e+09	4.541890e+11	0.000000e+00	5.978261e-01	2.893148e+13	7.375070e+13	3.414607e+13	7.936186e+03	2.872069e+03	2.183157e+03	0	2.631485e-04
3.910000e+09	4.488369e+11	0.000000e+00	5.978261e-01	2.883518e+13	7.354771e+13	3.407124e+13	7.932537e+03	2.871407e+03	2.182654e+03	0	2.621108e-04
3.920000e+09	4.435179e+11	0.000000e+00	5.978261e-01	2.873946e+13	7.334579e+13	3.399675e+13	7.928900e+03	2.870747e+03	2.182153e+03	0	2.610713e-04
3.930000e+09	4.382315e+11	0.000000e+00	5.978261e-01	2.864429e+13	7.314492e+13	3.392259e+13	7.925274e+03	2.870089e+03	2.181653e+03	0	2.600299e-04
3.940000e+09	4.329776e+11	0.000000e+00	5.978261e-01	2.854968e+13	7.294511e+13	3.384877e+13	7.921661e+03	2.869433e+03	2.181154e+03	0	2.589866e-04
3.950000e+09	4.277558e+11	0.000000e+00	5.978261e-01	2.845562e+13	7.274635e+13	3.377528e+13	7.918060e+03	2.868779e+03	2.180657e+03	0	2.579412e-04
3.960000e+09	4.225659e+11	0.000000e+00	5.978261e-01	2.836211e+13	7.254862e+13	3.370212e+13	7.914470e+03	2.868127e+03	2.180161e+03	0	2.568938e-04
3.970000e+09	4.174076e+11	0.000000e+00	5.978261e-01	2.826914e+13	7.235193e+13	3.362928e+13	7.910893e+03	2.867477e+03	2.179667e+03	0	2.558442e-04
3.980000e+09	4.122807e+11	0.000000e+00	5.978261e-01	2.817671e+13	7.215625e+13	3.355678e+13	7.907327e+03	2.866829e+03	2.179174e+03	0	2.547924e-04
3.990000e+09	4.071849e+11	0.000000e+00	5.978261e-01	2.808481e+13	7.196159e+13	3.348459e+13	7.903772e+03	2.866182e+03	2.178683e+03	0	2.537383e-04
4.000000e+09	4.021199e+11	0.000000e+00	5.978261e-01	2.799344e+13	7.176794e+13	3.341273e+13	7.900230e+03	2.865538e+03	2.178193e+03	0	2.526818e-04
4.010000e+09	3.970855e+11	0.000000e+00	5.978261e-01	2.790259e+13	7.157529e+13	3.334119e+13	7.896698e+03	2.864895e+03	2.177705e+03	0	2.516229e-04
4.020000e+09	3.920814e+11	0.000000e+00	5.978261e-01	2.781227e+13	7.138362e+13	3.326997e+13	7.893179e+03	2.864255e+03	2.177218e+03	0	2.505614e-04
4.030000e+09	3.871074e+11	0.000000e+00	5.978261e-01	2.772246e+13	7.119295e+13	3.319906e+13	7.889670e+03	2.863616e+03	2.176732e+03	0	2.494973e-04
4.040000e+09	3.821631e+11	0.000000e+00	5.978261e-01	2.763316e+13	7.100325e+13	3.312846e+13	7.886173e+03	2.862979e+03	2.176248e+03	0	2.484306e-04
4.050000e+09	3.772485e+11	0.000000e+00	5.978261e-01	2.754437e+13	7.081452e+13	3.305818e+13	7.882687e+03	2.862344e+03	2.175765e+03	0	2.473610e-04
4.060000e+09	3.723632e+11	0.000000e+00	5.978261e-01	2.745609e+13	7.062675e+13	3.298821e+13	7.879213e+03	2.861710e+03	2.175284e+03	0	2.462886e-04
4.070000e+09	3.675070e+11	0.000000e+00	5.978261e-01	2.736830e+13	7.043994e+13	3.291855e+13	7.875749e+03	2.861079e+03	2.174804e+03	0	2.452133e-04
4.080000e+09	3.626796e+11	0.000000e+00	5.978261e-01	2.728101e+13	7.025408e+13	3.284919e+13	7.872297e+03	2.860449e+03	2.174325e+03	0	2.441349e-04
4.090000e+09	3.578808e+11	0.000000e+00	5.978261e-01	2.719421e+13	7.006916e+13	3.278014e+13	7.868855e+03	2.859821e+03	2.173848e+03	0	2.430533e-04
4.100000e+09	3.531104e+11	0.000000e+00	5.978261e-01	2.710790e+13	6.988518e+13	3.271139e+13	7.865425e+03	2.859195e+03	2.173372e+03	0	2.419686e-04
4.110000e+09	3.483682e+11	0.000000e+00	5.978261e-01	2.702207e+13	6.970212e+13	3.264294e+13	7.862005e+03	2.858571e+03	2.172897e+03	0	2.408805e-04
4.120000e+09	3.436539e+11	0.000000e+00	5.978261e-01	2.693673e+13	6.951999e+13	3.257479e+13	7.858596e+03	2.857948e+03	2.172424e+03	0	2.397889e-04
4.130000e+09	3.389672e+11	0.000000e+00	5.978261e-01	2.685186e+13	6.933877e+13	3.250694e+13	7.855198e+03	2.857328e+03	2.171952e+03	0	2.386939e-04
4.140000e+09	3.343081e+11	0.000000e+00	5.978261e-01	2.676746e+13	6.915846e+13	3.243938e+13	7.851811e+03	2.856709e+03	2.171482e+03	0	2.375952e-04
4.150000e+09	3.296761e+11	0.000000e+00	5.978261e-01	2.668353e+13	6.897905e+13	3.237212e+13	7.848434e+03	2.856092e+03	2.171013e+03	0	2.364928e-04
4.160000e+09	3.250713e+11	0.000000e+00	5.978261e-01	2.660006e+13	6.880054e+13	3.230515e+13	7.845068e+03	2.855476e+03	2.170545e+03	0	2.353865e-04
4.170000e+09	3.204932e+11	0.000000e+00	5.978261e-01	2.651706e+13	6.862291e+13	3.223847e+13	7.841712e+03	2.854862e+03	2.170078e+03	0	2.342763e-04
4.180000e+09	3.159417e+11	0.000000e+00	5.978261e-01	2.643451e+13	6.844617e+13	3.217207e+13	7.838367e+03	2.854250e+03	2.169613e+03	0	2.331620e-04
4.190000e+09	3.114166e+11	0.000000e+00	5.978261e-01	2.635242e+13	6.827031e+13	3.210597e+13	7.835032e+03	2.853640e+03	2.169149e+03	0	2.320435e-04
4.200000e+09	3.069176e+11	0.000000e+00	5.978261e-01	2.627078e+13	6.809531e+13	3.204015e+13	7.831708e+03	2.853031e+03	2.168686e+03	0	2.309206e-04
4.210000e+09	3.024447e+11	0.000000e+00	5.978261e-01	2.618958e+13	6.792118e+13	3.197461e+13	7.828394e+03	2.852425e+03	2.168225e+03	0	2.297933e-04
4.220000e+09	2.979975e+11	0.000000e+00	5.978261e-01	2.610883e+13	6.774791e+13	3.190935e+13	7.825090e+03	2.851819e+03	2.167765e+03	0	2.286614e-04
4.230000e+09	2.935758e+11	0.000000e+00	5.978261e-01	2.602852e+13	6.757549e+13	3.184437e+13	7.821796e+03	2.851216e+03	2.167306e+03	0	2.275249e-04
4.240000e+09	2.891795e+11	0.000000e+00	5.978261e-01	2.594864e+13	6.740391e+13	3.177968e+13	7.818512e+03	2.850614e+03	2.166849e+03	0	2.263834e-04
4.250000e+09	2.848083e+11	0.000000e+00	5.978261e-01	2.586920e+13	6.723318e+13	3.171525e+13	7.815239e+03	2.850014e+03	2.166393e+03	0	2.252370e-04
4.260000e+09	2.804621e+11	0.000000e+00	5.978261e-01	2.579019e+13	6.706328e+13	3.165111e+13	7.811975e+03	2.849415e+03	2.165938e+03	0	2.240854e-04
4.270000e+09	2.761407e+11	0.000000e+00	5.978261e-01	2.571160e+13	6.689420e+13	3.158723e+13	7.808722e+03	2.848818e+03	2.165484e+03	0	2.229285e-04
4.280000e+09	2.718438e+11	0.000000e+00	5.978261e-01	2.563344e+13	6.672595e+13	3.152363e+13	7.805478e+03	2.848223e+03	2.165032e+03	0	2.217661e-04
4.290000e+09	2.675713e+11	0.000000e+00	5.978261e-01	2.555570e+13	6.655852e+13	3.146030e+13	7.802244e+03	2.847630e+03	2.164580e+03	0	2.205982e-04
4.300000e+09	2.633229e+11	0.000000e+00	5.978261e-01	2.547838e+13	6.639190e+13	3.139723e+13	7.799020e+03	2.847038e+03	2.164130e+03	0	2.194244e-04
4.310000e+09	2.590986e+11	0.000000e+00	5.978261e-01	2.540146e+13	6.622608e+13	3.133443e+13	7.795806e+03	2.846447e+03	2.163682e+03	0	2.182447e-04
4.320000e+09	2.548981e+11	0.000000e+00	5.978261e-01	2.532496e+13	6.606106e+13	3.127190e+13	7.792601e+03	2.845859e+03	2.163234e+03	0	2.170589e-04
4.330000e+09	2.507211e+11	0.000000e+00	5.978261e-01	2.524887e+13	6.589683e+13	3.120963e+13	7.789406e+03	2.845272e+03	2.162788e+03	0	2.158667e-04
4.340000e+09	2.465677e+11	0.000000e+00	5.978261e-01	2.517318e+13	6.573340e+13	3.114762e+13	7.786221e+03	2.844686e+03	2.162343e+03	0	2.146681e-04
4.350000e+09	2.424374e+11	0.000000e+00	5.978261e-01	2.509789e+13	6.557074e+13	3.108588e+13	7.783045e+03	2.844102e+03	2.161899e+03	0	2.134627e-04
4.360000e+09	2.383303e+11	0.000000e+00	5.978261e-01	2.502300e+13	6.540887e+13	3.102439e+13	7.779879e+03	2.843520e+03	2.161456e+03	0	2.122504e-04
4.370000e+09	2.342461e+11	0.000000e+00	5.978261e-01	2.494851e+13	6.524777e+13	3.096316e+13	7.776722e+03	2.842939e+03	2.161015e+03	0	2.110310e-04
4.380000e+09	2.301845e+11	0.000000e+00	5.978261e-01	2.487440e+13	6.508743e+13	3.090218e+13	7.773574e+03	2.842360e+03	2.160575e+03	0	2.098042e-04
4.390000e+09	2.261456e+11	0.000000e+00	5.978261e-01	2.480069e+13	6.492786e+13	3.084146e+13	7.770436e+03	2.841782e+03	2.160136e+03	0	2.085698e-04
4.400000e+09	2.221290e+11	0.000000e+00	5.978261e-01	2.472736e+13	6.476904e+13	3.078099e+13	7.767307e+03	2.841206e+03	2.159698e+03	0	2.073276e-04
4.410000e+09	2.181346e+11	0.000000e+00	5.978261e-01	2.465442e+13	6.461097e+13	3.072078e+13	7.764188e+03	2.840632e+03	2.159261e+03	0	2.060774e-04
4.420000e+09	2.141623e+11	0.000000e+00	5.978261e-01	2.458186e+13	6.445365e+13	3.066081e+13	7.761077e+03	2.840059e+03	2.158826e+03	0	2.048188e-04
4.430000e+09	2.102118e+11	0.000000e+00	5.978261e-01	2.450967e+13	6.429707e+13	3.060109e+13	7.757976e+03	2.839487e+03	2.158391e+03	0	2.035516e-04
4.440000e+09	2.062830e+11	0.000000e+00	5.978261e-01	2.443786e+13	6.414123e+13	3.054162e+13	7.754884e+03	2.838918e+03	2.157958e+03	0	2.022755e-04
4.450000e+09	2.023758e+11	0.000000e+00	5.978261e-01	2.436643e+13	6.398612e+13	3.048239e+13	7.751800e+03	2.838349e+03	2.157526e+03	0	2.009902e-04
4.460000e+09	1.984900e+11	0.000000e+00	5.978261e-01	2.429536e+13	6.383174e+13	3.042341e+13	7.748726e+03	2.837782e+03	2.157095e+03	0	1.996955e-04
4.470000e+09	1.946254e+11	0.000000e+00	5.978261e-01	2.422466e+13	6.367807e+13	3.036467e+13	7.745661e+03	2.837217e+03	2.156665e+03	0	1.983910e-04
4.480000e+09	1.907818e+11	0.000000e+00	5.978261e-01	2.415432e+13	6.352513e+13	3.030617e+13	7.742605e+03	2.836653e+03	2.156237e+03	0	1.970763e-04
4.490000e+09	1.869592e+11	0.000000e+00	5.978261e-01	2.408434e+13	6.337289e+13	3.024792e+13	7.739557e+03	2.836091e+03	2.155809e+03	0	1.957512e-04
4.500000e+09	1.831573e+11	0.000000e+00	5.978261e-01	2.401473e+13	6.322136e+13	3.018990e+13	7.736519e+03	2.835530e+03	2.155383e+03	0	1.944152e-04
4.510000e+09	1.793760e+11	0.000000e+00	5.978261e-01	2.394547e+13	6.307054e+13	3.013211e+13	7.733489e+03	2.834970e+03	2.154958e+03	0	1.930679e-04
4.520000e+09	1.756151e+11	0.000000e+00	5.978261e-01	2.387656e+13	6.292041e+13	3.007456e+13	7.730468e+03	2.834412e+03	2.154533e+03	0	1.917091e-04
4.530000e+09	1.718745e+11	0.000000e+00	5.978261e-01	2.380800e+13	6.277098e+13	3.001725e+13	7.727455e+03	2.833856e+03	2.154110e+03	0	1.903382e-04
4.540000e+09	1.681541e+11	0.000000e+00	5.978261e-01	2.373979e+13	6.262223e+13	2.996017e+13	7.724452e+03	2.833301e+03	2.153689e+03	0	1.889548e-04
4.550000e+09	1.644536e+11	0.000000e+00	5.978261e-01	2.367193e+13	6.247417e+13	2.990332e+13	7.721456e+03	2.832747e+03	2.153268e+03	0	1.875584e-04
4.560000e+09	1.607730e+11	0.000000e+00	5.978261e-01	2.360441e+13	6.232678e+13	2.984670e+13	7.718470e+03	2.832195e+03	2.152848e+03	0	1.861486e-04
4.570000e+09	1.571121e+11	0.000000e+00	5.978261e-01	2.353724e+13	6.218007e+13	2.979031e+13	7.715492e+03	2.831644e+03	2.152429e+03	0	1.847248e-04
4.580000e+09	1.534707e+11	0.000000e+00	5.978261e-01	2.347040e+13	6.203403e+13	2.973415e+13	7.712522e+03	2.831095e+03	2.152012e+03	0	1.832865e-04
4.590000e+09	1.498487e+11	0.000000e+00	5.978261e-01	2.340389e+13	6.188866e+13	2.967821e+13	7.709561e+03	2.830547e+03	2.151596e+03	0	1.818332e-04
4.600000e+09	1.462460e+11	0.000000e+00	5.978261e-01	2.333773e+13	6.174395e+13	2.962250e+13	7.706608e+03	2.830001e+03	2.151180e+03	0	1.803641e-04
4.610000e+09	1.426625e+11	0.000000e+00	5.978261e-01	2.327189e+13	6.159990e+13	2.956701e+13	7.703663e+03	2.829456e+03	2.150766e+03	0	1.788787e-04
4.620000e+09	1.390979e+11	0.000000e+00	5.978261e-01	2.320638e+13	6.145649e+13	2.951175e+13	7.700727e+03	2.828912e+03	2.150353e+03	0	1.773763e-04
4.630000e+09	1.355521e+11	0.000000e+00	5.978261e-01	2.314120e+13	6.131374e+13	2.945670e+13	7.697799e+03	2.828370e+03	2.149941e+03	0	1.758561e-04
4.640000e+09	1.320251e+11	0.000000e+00	5.978261e-01	2.307634e+13	6.117163e+13	2.940187e+13	7.694880e+03	2.827829e+03	2.149529e+03	0	1.743175e-04
4.650000e+09	1.285166e+11	0.000000e+00	5.978261e-01	2.301180e+13	6.103017e+13	2.934727e+13	7.691968e+03	2.827290e+03	2.149119e+03	0	1.727595e-04
4.660000e+09	1.250266e+11	0.000000e+00	5.978261e-01	2.294758e+13	6.088933e+13	2.929288e+13	7.689065e+03	2.826752e+03	2.148710e+03	0	1.711813e-04
4.670000e+09	1.215549e+11	0.000000e+00	5.978261e-01	2.288368e+13	6.074913e+13	2.923870e+13	7.686169e+03	2.826215e+03	2.148302e+03	0	1.695819e-04
4.680000e+09	1.181013e+11	0.000000e+00	5.978261e-01	2.282010e+13	6.060956e+13	2.918474e+13	7.683282e+03	2.825680e+03	2.147896e+03	0	1.679604e-04
4.690000e+09	1.146658e+11	0.000000e+00	5.978261e-01	2.275683e+13	6.047061e+13	2.913100e+13	7.680403e+03	2.825146e+03	2.147490e+03	0	1.663158e-04
4.700000e+09	1.112483e+11	0.000000e+00	5.978261e-01	2.269387e+13	6.033228e+13	2.907747e+13	7.677531e+03	2.824613e+03	2.147085e+03	0	1.646467e-04
4.710000e+09	1.078485e+11	0.000000e+00	5.978261e-01	2.263122e+13	6.019457e+13	2.902414e+13	7.674668e+03	2.824082e+03	2.146681e+03	0	1.629521e-04
4.720000e+09	1.044663e+11	0.000000e+00	5.978261e-01	2.256887e+13	6.005747e+13	2.897103e+13	7.671813e+03	2.823552e+03	2.146278e+03	0	1.612306e-04
4.730000e+09	1.011017e+11	0.000000e+00	5.978261e-01	2.250683e+13	5.992098e+13	2.891813e+13	7.668965e+03	2.823024e+03	2.145877e+03	0	1.594808e-04
4.740000e+09	9.775454e+10	0.000000e+00	5.978261e-01	2.244509e+13	5.978509e+13	2.886543e+13	7.666125e+03	2.822496e+03	2.145476e+03	0	1.577010e-04
4.750000e+09	9.442463e+10	0.000000e+00	5.978261e-01	2.238365e+13	5.964980e+13	2.881294e+13	7.663293e+03	2.821970e+03	2.145076e+03	0	1.558896e-04
4.760000e+09	9.111189e+10	0.000000e+00	5.978261e-01	2.232251e+13	5.951510e+13	2.876065e+13	7.660469e+03	2.821446e+03	2.144677e+03	0	1.540448e-04
4.770000e+09	8.781620e+10	0.000000e+00	5.978261e-01	2.226167e+13	5.938100e+13	2.870857e+13	7.657652e+03	2.820923e+03	2.144280e+03	0	1.521646e-04
4.780000e+09	8.453742e+10	0.000000e+00	5.978261e-01	2.220112e+13	5.924749e+13	2.865669e+13	7.654844e+03	2.820401e+03	2.143883e+03	0	1.502467e-04
4.790000e+09	8.127544e+10	0.000000e+00	5.978261e-01	2.214086e+13	5.911456e+13	2.860502e+13	7.652042e+03	2.819880e+03	2.143487e+03	0	1.482889e-04
4.800000e+09	7.803016e+10	0.000000e+00	5.978261e-01	2.208089e+13	5.898222e+13	2.855354e+13	7.649249e+03	2.819361e+03	2.143092e+03	0	1.462883e-04
4.810000e+09	7.480143e+10	0.000000e+00	5.978261e-01	2.202121e+13	5.885045e+13	2.850226e+13	7.646463e+03	2.818843e+03	2.142698e+03	0	1.442421e-04
4.820000e+09	7.158916e+10	0.000000e+00	5.978261e-01	2.196181e+13	5.871926e+13	2.845118e+13	7.643684e+03	2.818326e+03	2.142306e+03	0	1.421471e-04
4.830000e+09	6.839323e+10	0.000000e+00	5.978261e-01	2.190270e+13	5.858863e+13	2.840030e+13	7.640913e+03	2.817810e+03	2.141914e+03	0	1.399995e-04
4.840000e+09	6.521352e+10	0.000000e+00	5.978261e-01	2.184387e+13	5.845857e+13	2.834961e+13	7.638149e+03	2.817296e+03	2.141523e+03	0	1.377954e-04
4.850000e+09	6.204992e+10	0.000000e+00	5.978261e-01	2.178533e+13	5.832908e+13	2.829912e+13	7.635393e+03	2.816783e+03	2.141133e+03	0	1.355301e-04
4.860000e+09	5.890232e+10	0.000000e+00	5.978261e-01	2.172705e+13	5.820015e+13	2.824883e+13	7.632644e+03	2.816272e+03	2.140744e+03	0	1.331986e-04
4.870000e+09	5.577061e+10	0.000000e+00	5.978261e-01	2.166906e+13	5.807177e+13	2.819872e+13	7.629903e+03	2.815761e+03	2.140356e+03	0	1.307948e-04
4.880000e+09	5.265467e+10	0.000000e+00	5.978261e-01	2.161134e+13	5.794394e+13	2.814881e+13	7.627169e+03	2.815252e+03	2.139969e+03	0	1.283121e-04
4.890000e+09	4.955440e+10	0.000000e+00	5.978261e-01	2.155389e+13	5.781667e+13	2.809908e+13	7.624442e+03	2.814744e+03	2.139583e+03	0	1.257427e-04
4.900000e+09	4.646970e+10	0.000000e+00	5.978261e-01	2.149672e+13	5.768994e+13	2.804955e+13	7.621722e+03	2.814238e+03	2.139198e+03	0	1.230775e-04
4.910000e+09	4.340044e+10	0.000000e+00	5.978261e-01	2.143981e+13	5.756375e+13	2.800021e+13	7.619010e+03	2.813732e+03	2.138814e+03	0	1.203059e-04
4.920000e+09	4.034654e+10	0.000000e+00	5.978261e-01	2.138317e+13	5.743810e+13	2.795105e+13	7.616305e+03	2.813228e+03	2.138431e+03	0	1.174152e-04
4.930000e+09	3.730787e+10	0.000000e+00	5.978261e-01	2.132679e+13	5.731299e+13	2.790208e+13	7.613606e+03	2.812725e+03	2.138048e+03	0	1.143902e-04
4.940000e+09	3.428435e+10	0.000000e+00	5.978261e-01	2.127068e+13	5.718841e+13	2.785329e+13	7.610915e+03	2.812223e+03	2.137667e+03	0	1.112126e-04
4.950000e+09	3.127586e+10	0.000000e+00	5.978261e-01	2.121483e+13	5.706436e+13	2.780469e+13	7.608231e+03	2.811723e+03	2.137286e+03	0	1.078595e-04
4.960000e+09	2.828230e+10	0.000000e+00	5.978261e-01	2.115924e+13	5.694083e+13	2.775627e+13	7.605555e+03	2.811224e+03	2.136907e+03	0	1.043022e-04
4.970000e+09	2.530357e+10	0.000000e+00	5.978261e-01	2.110391e+13	5.681783e+13	2.770803e+13	7.602885e+03	2.810725e+03	2.136528e+03	0	1.005039e-04
4.980000e+09	2.233958e+10	0.000000e+00	5.978261e-01	2.104884e+13	5.669534e+13	2.765998e+13	7.600222e+03	2.810229e+03	2.136151e+03	0	9.641555e-05
4.990000e+09	1.939021e+10	0.000000e+00	5.978261e-01	2.099402e+13	5.657338e+13	2.761210e+13	7.597566e+03	2.809733e+03	2.135774e+03	0	9.197072e-05
5.000000e+09	1.645538e+10	0.000000e+00	5.978261e-01	2.093945e+13	5.645192e+13	2.756440e+13	7.594917e+03	2.809238e+03	2.135398e+03	0	8.707457e-05
5.010000e+09	1.353498e+10	0.000000e+00	5.978261e-01	2.088514e+13	5.633098e+13	2.751689e+13	7.592275e+03	2.808745e+03	2.135023e+03	0	8.158455e-05
5.020000e+09	1.062891e+10	0.000000e+00	5.978261e-01	2.083107e+13	5.621054e+13	2.746954e+13	7.589639e+03	2.808253e+03	2.134649e+03	0	7.526938e-05
5.030000e+09	7.737088e+09	0.000000e+00	5.978261e-01	2.077726e+13	5.609061e+13	2.742238e+13	7.587011e+03	2.807762e+03	2.134276e+03	0	6.770924e-05
5.040000e+09	4.859409e+09	0.000000e+00	5.978261e-01	2.072369e+13	5.597118e+13	2.737539e+13	7.584389e+03	2.807272e+03	2.133903e+03	0	5.798512e-05
5.050000e+09	1.995780e+09	0.000000e+00	5.978261e-01	2.067036e+13	5.585224e+13	2.732857e+13	7.581774e+03	2.806784e+03	2.133532e+03	0	4.310156e-05
5.060000e+09	-8.538934e+08	0.000000e+00	5.978261e-01	2.061728e+13	5.573380e+13	2.728193e+13	7.579166e+03	2.806296e+03	2.133161e+03	0	nan
