#R=1.3865631096425881
#interptype='linear'
#name='planet'
#norm={'P': 1000000000000.0, 'R': 1.3865631096425881, 'M': 4.0999999999999996, 'g': 20.962965870256568, 'rho': 4000.0}
#state=1
#composition
#layer0		Fe08FeS02		0.600000
#layer1		pv_fmw		0.400000
#Cols=
 #'ur		r		mr		rho		P		g		phi		T		composition'
#-end-
0.000000e+00	0.000000e+00	1.423415e-12	1.827773e+04	1.633117e+12	0.000000e+00	-3.374375e+08	5.000000e+03	0
5.025126e-03	6.967654e-03	3.534384e-06	1.827929e+04	1.633565e+12	-1.305713e-01	-3.374322e+08	5.000000e+03	0
1.005025e-02	1.393531e-02	1.178140e-05	1.828054e+04	1.633924e+12	-1.835937e-01	-3.374173e+08	5.000000e+03	0
1.507538e-02	2.090296e-02	3.642836e-05	1.828069e+04	1.633967e+12	3.325395e-02	-3.373920e+08	5.000000e+03	0
2.010050e-02	2.787062e-02	7.988279e-05	1.828033e+04	1.633863e+12	2.549569e-01	-3.373569e+08	5.000000e+03	0
2.512563e-02	3.483827e-02	1.466585e-04	1.827934e+04	1.633578e+12	4.826804e-01	-3.373115e+08	5.000000e+03	0
3.015075e-02	4.180592e-02	2.557075e-04	1.827758e+04	1.633075e+12	7.108596e-01	-3.372562e+08	5.000000e+03	0
3.517588e-02	4.877358e-02	3.856115e-04	1.827545e+04	1.632463e+12	9.392636e-01	-3.371909e+08	5.000000e+03	0
4.020101e-02	5.574123e-02	5.906022e-04	1.827230e+04	1.631560e+12	1.167676e+00	-3.371155e+08	5.000000e+03	0
4.522613e-02	6.270888e-02	8.167933e-04	1.826890e+04	1.630584e+12	1.396074e+00	-3.370299e+08	5.000000e+03	0
5.025126e-02	6.967654e-02	1.135816e-03	1.826449e+04	1.629321e+12	1.624355e+00	-3.369343e+08	5.000000e+03	0
5.527638e-02	7.664419e-02	1.497551e-03	1.825969e+04	1.627947e+12	1.852568e+00	-3.368287e+08	5.000000e+03	0
6.030151e-02	8.361185e-02	1.942461e-03	1.825414e+04	1.626358e+12	2.080648e+00	-3.367132e+08	5.000000e+03	0
6.532663e-02	9.057950e-02	2.469880e-03	1.824795e+04	1.624587e+12	2.308587e+00	-3.365875e+08	5.000000e+03	0
7.035176e-02	9.754715e-02	3.061471e-03	1.824126e+04	1.622674e+12	2.536416e+00	-3.364518e+08	5.000000e+03	0
7.537688e-02	1.045148e-01	3.784582e-03	1.823368e+04	1.620508e+12	2.764010e+00	-3.363061e+08	5.000000e+03	0
8.040201e-02	1.114825e-01	4.545241e-03	1.822585e+04	1.618269e+12	2.991536e+00	-3.361504e+08	5.000000e+03	0
8.542714e-02	1.184501e-01	5.492216e-03	1.821688e+04	1.615711e+12	3.218722e+00	-3.359846e+08	5.000000e+03	0
9.045226e-02	1.254178e-01	6.487590e-03	1.820765e+04	1.613079e+12	3.445816e+00	-3.358089e+08	5.000000e+03	0
9.547739e-02	1.323854e-01	7.643053e-03	1.819755e+04	1.610201e+12	3.672612e+00	-3.356232e+08	5.000000e+03	0
1.005025e-01	1.393531e-01	8.902725e-03	1.818693e+04	1.607177e+12	3.899209e+00	-3.354275e+08	5.000000e+03	0
1.055276e-01	1.463207e-01	1.028704e-02	1.817569e+04	1.603980e+12	4.125570e+00	-3.352219e+08	5.000000e+03	0
1.105528e-01	1.532884e-01	1.184037e-02	1.816367e+04	1.600567e+12	4.351606e+00	-3.350063e+08	5.000000e+03	0
1.155779e-01	1.602560e-01	1.347376e-02	1.815129e+04	1.597052e+12	4.577487e+00	-3.347808e+08	5.000000e+03	0
1.206030e-01	1.672237e-01	1.534986e-02	1.813789e+04	1.593253e+12	4.802895e+00	-3.345453e+08	5.000000e+03	0
1.256281e-01	1.741913e-01	1.728852e-02	1.812423e+04	1.589384e+12	5.028180e+00	-3.342999e+08	5.000000e+03	0
1.306533e-01	1.811590e-01	1.948008e-02	1.810957e+04	1.585241e+12	5.252967e+00	-3.340447e+08	5.000000e+03	0
1.356784e-01	1.881267e-01	2.177916e-02	1.809452e+04	1.580989e+12	5.477540e+00	-3.337795e+08	5.000000e+03	0
1.407035e-01	1.950943e-01	2.427947e-02	1.807872e+04	1.576534e+12	5.701712e+00	-3.335045e+08	5.000000e+03	0
1.457286e-01	2.020620e-01	2.696737e-02	1.806228e+04	1.571903e+12	5.925508e+00	-3.332196e+08	5.000000e+03	0
1.507538e-01	2.090296e-01	2.979594e-02	1.804535e+04	1.567140e+12	6.149021e+00	-3.329249e+08	5.000000e+03	0
1.557789e-01	2.159973e-01	3.290071e-02	1.802751e+04	1.562133e+12	6.371974e+00	-3.326204e+08	5.000000e+03	0
1.608040e-01	2.229649e-01	3.608340e-02	1.800942e+04	1.557058e+12	6.594769e+00	-3.323060e+08	5.000000e+03	0
1.658291e-01	2.299326e-01	3.962618e-02	1.799021e+04	1.551685e+12	6.816829e+00	-3.319819e+08	5.000000e+03	0
1.708543e-01	2.369002e-01	4.326188e-02	1.797072e+04	1.546240e+12	7.038696e+00	-3.316480e+08	5.000000e+03	0
1.758794e-01	2.438679e-01	4.719014e-02	1.795037e+04	1.540566e+12	7.259961e+00	-3.313044e+08	5.000000e+03	0
1.809045e-01	2.508355e-01	5.130600e-02	1.792949e+04	1.534754e+12	7.480836e+00	-3.309510e+08	5.000000e+03	0
1.859296e-01	2.578032e-01	5.563831e-02	1.790801e+04	1.528783e+12	7.701261e+00	-3.305880e+08	5.000000e+03	0
1.909548e-01	2.647708e-01	6.026100e-02	1.788574e+04	1.522609e+12	7.921079e+00	-3.302152e+08	5.000000e+03	0
1.959799e-01	2.717385e-01	6.501569e-02	1.786311e+04	1.516343e+12	8.140620e+00	-3.298328e+08	5.000000e+03	0
2.010050e-01	2.787062e-01	7.017146e-02	1.783944e+04	1.509813e+12	8.359314e+00	-3.294408e+08	5.000000e+03	0
2.060302e-01	2.856738e-01	7.542791e-02	1.781553e+04	1.503217e+12	8.577795e+00	-3.290391e+08	5.000000e+03	0
2.110553e-01	2.926415e-01	8.108114e-02	1.779062e+04	1.496373e+12	8.795432e+00	-3.286279e+08	5.000000e+03	0
2.160804e-01	2.996091e-01	8.690422e-02	1.776531e+04	1.489427e+12	9.012705e+00	-3.282071e+08	5.000000e+03	0
2.211055e-01	3.065768e-01	9.303302e-02	1.773926e+04	1.482299e+12	9.229323e+00	-3.277767e+08	5.000000e+03	0
2.261307e-01	3.135444e-01	9.944774e-02	1.771255e+04	1.475009e+12	9.445322e+00	-3.273369e+08	5.000000e+03	0
2.311558e-01	3.205121e-01	1.060692e-01	1.768537e+04	1.467600e+12	9.660875e+00	-3.268875e+08	5.000000e+03	0
2.361809e-01	3.274797e-01	1.131000e-01	1.765726e+04	1.459970e+12	9.875536e+00	-3.264287e+08	5.000000e+03	0
2.412060e-01	3.344474e-01	1.202450e-01	1.762890e+04	1.452279e+12	1.008995e+01	-3.259605e+08	5.000000e+03	0
2.462312e-01	3.414150e-01	1.279018e-01	1.759944e+04	1.444323e+12	1.030324e+01	-3.254829e+08	5.000000e+03	0
2.512563e-01	3.483827e-01	1.356940e-01	1.756968e+04	1.436300e+12	1.051622e+01	-3.249958e+08	5.000000e+03	0
2.562814e-01	3.553503e-01	1.438926e-01	1.753907e+04	1.428076e+12	1.072831e+01	-3.244995e+08	5.000000e+03	0
2.613065e-01	3.623180e-01	1.523551e-01	1.750792e+04	1.419728e+12	1.093981e+01	-3.239938e+08	5.000000e+03	0
2.663317e-01	3.692857e-01	1.611113e-01	1.747616e+04	1.411241e+12	1.115065e+01	-3.234789e+08	5.000000e+03	0
2.713568e-01	3.762533e-01	1.702664e-01	1.744361e+04	1.402574e+12	1.136060e+01	-3.229547e+08	5.000000e+03	0
2.763819e-01	3.832210e-01	1.795954e-01	1.741072e+04	1.393828e+12	1.157015e+01	-3.224213e+08	5.000000e+03	0
2.814070e-01	3.901886e-01	1.894649e-01	1.737677e+04	1.384849e+12	1.177847e+01	-3.218787e+08	5.000000e+03	0
2.864322e-01	3.971563e-01	1.994676e-01	1.734256e+04	1.375814e+12	1.198649e+01	-3.213269e+08	5.000000e+03	0
2.914573e-01	4.041239e-01	2.099865e-01	1.730737e+04	1.366565e+12	1.219332e+01	-3.207661e+08	5.000000e+03	0
2.964824e-01	4.110916e-01	2.207308e-01	1.727177e+04	1.357227e+12	1.239964e+01	-3.201962e+08	5.000000e+03	0
3.015075e-01	4.180592e-01	2.318658e-01	1.723543e+04	1.347735e+12	1.260504e+01	-3.196172e+08	5.000000e+03	0
3.065327e-01	4.250269e-01	2.433718e-01	1.719842e+04	1.338101e+12	1.280959e+01	-3.190292e+08	5.000000e+03	0
3.115578e-01	4.319945e-01	2.551364e-01	1.716094e+04	1.328370e+12	1.301352e+01	-3.184322e+08	5.000000e+03	0
3.165829e-01	4.389622e-01	2.674232e-01	1.712252e+04	1.318448e+12	1.321622e+01	-3.178263e+08	5.000000e+03	0
3.216080e-01	4.459298e-01	2.798540e-01	1.708385e+04	1.308475e+12	1.341859e+01	-3.172115e+08	5.000000e+03	0
3.266332e-01	4.528975e-01	2.929167e-01	1.704407e+04	1.298282e+12	1.361944e+01	-3.165879e+08	5.000000e+03	0
3.316583e-01	4.598652e-01	3.061522e-01	1.700399e+04	1.288031e+12	1.381988e+01	-3.159554e+08	5.000000e+03	0
3.366834e-01	4.668328e-01	3.198823e-01	1.696305e+04	1.277615e+12	1.401912e+01	-3.153142e+08	5.000000e+03	0
3.417085e-01	4.738005e-01	3.339398e-01	1.692156e+04	1.267095e+12	1.421757e+01	-3.146642e+08	5.000000e+03	0
3.467337e-01	4.807681e-01	3.483490e-01	1.687947e+04	1.256462e+12	1.441516e+01	-3.140055e+08	5.000000e+03	0
3.517588e-01	4.877358e-01	3.632450e-01	1.683656e+04	1.245680e+12	1.461155e+01	-3.133382e+08	5.000000e+03	0
3.567839e-01	4.947034e-01	3.783442e-01	1.679332e+04	1.234837e+12	1.480744e+01	-3.126610e+08	5.000000e+03	0
3.618090e-01	5.016711e-01	3.940941e-01	1.674899e+04	1.223802e+12	1.500171e+01	-3.119777e+08	5.000000e+03	0
3.668342e-01	5.086387e-01	4.100018e-01	1.670441e+04	1.212723e+12	1.519558e+01	-3.112847e+08	5.000000e+03	0
3.718593e-01	5.156064e-01	4.265123e-01	1.665884e+04	1.201475e+12	1.538793e+01	-3.105832e+08	5.000000e+03	0
3.768844e-01	5.225740e-01	4.432928e-01	1.661284e+04	1.190154e+12	1.557959e+01	-3.098732e+08	5.000000e+03	0
3.819095e-01	5.295417e-01	4.605232e-01	1.656611e+04	1.178713e+12	1.577010e+01	-3.091549e+08	5.000000e+03	0
3.869347e-01	5.365093e-01	4.781896e-01	1.651867e+04	1.167161e+12	1.595949e+01	-3.084283e+08	5.000000e+03	0
3.919598e-01	5.434770e-01	4.961488e-01	1.647077e+04	1.155533e+12	1.614811e+01	-3.076933e+08	5.000000e+03	0
3.969849e-01	5.504447e-01	5.147135e-01	1.642191e+04	1.143757e+12	1.633515e+01	-3.069501e+08	5.000000e+03	0
4.020101e-01	5.574123e-01	5.334429e-01	1.637279e+04	1.131942e+12	1.652175e+01	-3.061987e+08	5.000000e+03	0
4.070352e-01	5.643800e-01	5.528837e-01	1.632254e+04	1.119961e+12	1.670647e+01	-3.054392e+08	5.000000e+03	0
4.120603e-01	5.713476e-01	5.725257e-01	1.627198e+04	1.107935e+12	1.689064e+01	-3.046715e+08	5.000000e+03	0
4.170854e-01	5.783153e-01	5.927180e-01	1.622055e+04	1.095786e+12	1.707332e+01	-3.038891e+08	5.000000e+03	0
4.221106e-01	5.852829e-01	6.132824e-01	1.616854e+04	1.083559e+12	1.725499e+01	-3.031121e+08	5.000000e+03	0
4.271357e-01	5.922506e-01	6.342325e-01	1.611594e+04	1.071251e+12	1.743561e+01	-3.023205e+08	5.000000e+03	0
4.321608e-01	5.992182e-01	6.557278e-01	1.606248e+04	1.058833e+12	1.761470e+01	-3.015210e+08	5.000000e+03	0
4.371859e-01	6.061859e-01	6.774413e-01	1.600868e+04	1.046371e+12	1.779320e+01	-3.007136e+08	5.000000e+03	0
4.422111e-01	6.131535e-01	6.998751e-01	1.595377e+04	1.033773e+12	1.796966e+01	-2.998985e+08	5.000000e+03	0
4.472362e-01	6.201212e-01	7.224811e-01	1.589858e+04	1.021142e+12	1.814562e+01	-2.990756e+08	5.000000e+03	0
4.522613e-01	6.270888e-01	7.457355e-01	1.584239e+04	1.008395e+12	1.831973e+01	-2.982451e+08	5.000000e+03	0
4.572864e-01	6.340565e-01	7.692878e-01	1.578574e+04	9.955978e+11	1.849297e+01	-2.974069e+08	5.000000e+03	0
4.623116e-01	6.410242e-01	7.933183e-01	1.572835e+04	9.827188e+11	1.866481e+01	-2.965612e+08	5.000000e+03	0
4.673367e-01	6.479918e-01	8.178217e-01	1.567022e+04	9.697642e+11	1.883525e+01	-2.957079e+08	5.000000e+03	0
4.723618e-01	6.549595e-01	8.426310e-01	1.561161e+04	9.567606e+11	1.900478e+01	-2.948470e+08	5.000000e+03	0
4.773869e-01	6.619271e-01	8.680887e-01	1.555199e+04	9.436597e+11	1.917234e+01	-2.939794e+08	5.000000e+03	0
4.824121e-01	6.688948e-01	8.937208e-01	1.549210e+04	9.305331e+11	1.933938e+01	-2.931063e+08	5.000000e+03	0
4.874372e-01	6.758624e-01	9.200930e-01	1.543105e+04	9.173026e+11	1.950413e+01	-2.922213e+08	5.000000e+03	0
4.924623e-01	6.828301e-01	9.466818e-01	1.536966e+04	9.040439e+11	1.966820e+01	-2.913314e+08	5.000000e+03	0
4.974874e-01	6.897977e-01	9.738365e-01	1.530737e+04	8.907114e+11	1.983049e+01	-2.904344e+08	5.000000e+03	0
5.025126e-01	6.967654e-01	1.001382e+00	1.524446e+04	8.773316e+11	1.999153e+01	-2.895305e+08	5.000000e+03	0
5.075377e-01	7.037330e-01	1.029319e+00	1.518093e+04	8.639047e+11	2.015131e+01	-2.886193e+08	5.000000e+03	0
5.125628e-01	7.107007e-01	1.057821e+00	1.511649e+04	8.504152e+11	2.030923e+01	-2.877012e+08	5.000000e+03	0
5.175879e-01	7.176683e-01	1.086538e+00	1.505170e+04	8.369017e+11	2.046645e+01	-2.867763e+08	5.000000e+03	0
5.226131e-01	7.246360e-01	1.115993e+00	1.498572e+04	8.233137e+11	2.062119e+01	-2.858445e+08	5.000000e+03	0
5.276382e-01	7.316037e-01	1.145621e+00	1.491945e+04	8.097095e+11	2.077534e+01	-2.849060e+08	5.000000e+03	0
5.326633e-01	7.385713e-01	1.175893e+00	1.485212e+04	7.960466e+11	2.092727e+01	-2.839608e+08	5.000000e+03	0
5.376884e-01	7.455390e-01	1.206468e+00	1.478429e+04	7.823591e+11	2.107814e+01	-2.829975e+08	5.000000e+03	0
5.427136e-01	7.525066e-01	1.237512e+00	1.471567e+04	7.686336e+11	2.122735e+01	-2.820505e+08	5.000000e+03	0
5.477387e-01	7.594743e-01	1.269029e+00	1.464625e+04	7.548744e+11	2.137486e+01	-2.810856e+08	5.000000e+03	0
5.527638e-01	7.664419e-01	1.300840e+00	1.457633e+04	7.410944e+11	2.152130e+01	-2.801143e+08	5.000000e+03	0
5.577889e-01	7.734096e-01	1.333289e+00	1.450530e+04	7.272755e+11	2.166537e+01	-2.791367e+08	5.000000e+03	0
5.628141e-01	7.803772e-01	1.365908e+00	1.443397e+04	7.134468e+11	2.180881e+01	-2.781527e+08	5.000000e+03	0
5.678392e-01	7.873449e-01	1.399235e+00	1.436140e+04	6.995826e+11	2.194954e+01	-2.771626e+08	5.000000e+03	0
5.728643e-01	7.943125e-01	1.432774e+00	1.428844e+04	6.857099e+11	2.208944e+01	-2.761663e+08	5.000000e+03	0
5.778894e-01	8.012802e-01	1.466847e+00	1.421451e+04	6.718162e+11	2.222723e+01	-2.751639e+08	5.000000e+03	0
5.829146e-01	8.082478e-01	1.501295e+00	1.413989e+04	6.579117e+11	2.236351e+01	-2.741556e+08	5.000000e+03	0
5.879397e-01	8.152155e-01	1.536106e+00	1.406459e+04	6.439969e+11	2.249831e+01	-2.731414e+08	5.000000e+03	0
5.929648e-01	8.221832e-01	1.571449e+00	1.398827e+04	6.300730e+11	2.263088e+01	-2.721213e+08	5.000000e+03	0
5.979899e-01	8.291508e-01	1.606987e+00	1.391158e+04	6.161457e+11	2.276263e+01	-2.710955e+08	5.000000e+03	0
6.030151e-01	8.361185e-01	1.643210e+00	1.383354e+04	6.022148e+11	2.289141e+01	-2.700640e+08	5.000000e+03	0
6.080402e-01	8.430861e-01	1.679590e+00	1.375518e+04	5.882847e+11	2.301948e+01	-2.690268e+08	5.000000e+03	0
6.130653e-01	8.500538e-01	1.716549e+00	1.367563e+04	5.743585e+11	2.314495e+01	-2.679842e+08	5.000000e+03	0
6.180905e-01	8.570214e-01	1.753785e+00	1.359550e+04	5.604379e+11	2.326912e+01	-2.669361e+08	5.000000e+03	0
6.231156e-01	8.639891e-01	1.791434e+00	1.351449e+04	5.465256e+11	2.339135e+01	-2.658827e+08	5.000000e+03	0
6.281407e-01	8.709567e-01	1.829506e+00	1.343254e+04	5.326274e+11	2.351153e+01	-2.648239e+08	5.000000e+03	0
6.331658e-01	8.779244e-01	1.867832e+00	1.335004e+04	5.187377e+11	2.363046e+01	-2.637600e+08	5.000000e+03	0
6.381910e-01	8.848920e-01	1.906717e+00	1.326624e+04	5.048748e+11	2.374655e+01	-2.626911e+08	5.000000e+03	0
6.432161e-01	8.918597e-01	1.945748e+00	1.318209e+04	4.910197e+11	2.386188e+01	-2.616169e+08	5.000000e+03	0
6.482412e-01	8.988273e-01	1.985376e+00	1.309650e+04	4.772024e+11	2.397403e+01	-2.605379e+08	5.000000e+03	0
6.532663e-01	9.057950e-01	2.025188e+00	1.301043e+04	4.633998e+11	2.408515e+01	-2.594540e+08	5.000000e+03	0
6.582915e-01	9.127627e-01	2.065440e+00	1.292323e+04	4.496324e+11	2.419381e+01	-2.583654e+08	5.000000e+03	0
6.633166e-01	9.197303e-01	2.106005e+00	1.283519e+04	4.358957e+11	2.430061e+01	-2.572720e+08	5.000000e+03	0
6.683417e-01	9.266980e-01	2.146860e+00	1.274635e+04	4.221875e+11	2.440570e+01	-2.561727e+08	5.000000e+03	0
6.733668e-01	9.336656e-01	2.188147e+00	1.265626e+04	4.085302e+11	2.450809e+01	-2.550717e+08	5.000000e+03	0
6.783920e-01	9.406333e-01	2.229584e+00	1.256573e+04	3.948905e+11	2.460953e+01	-2.539649e+08	5.000000e+03	0
6.834171e-01	9.476009e-01	2.271560e+00	1.247353e+04	3.813261e+11	2.470739e+01	-2.528538e+08	5.000000e+03	0
6.884422e-01	9.545686e-01	2.313656e+00	1.238092e+04	3.677810e+11	2.480441e+01	-2.517384e+08	5.000000e+03	0
6.934673e-01	9.615362e-01	2.356185e+00	1.228686e+04	3.543070e+11	2.489835e+01	-2.506189e+08	5.000000e+03	0
6.984925e-01	9.685039e-01	2.398922e+00	1.219203e+04	3.408729e+11	2.499069e+01	-2.494954e+08	5.000000e+03	0
7.035176e-01	9.754715e-01	2.441957e+00	1.209611e+04	3.274963e+11	2.508074e+01	-2.483679e+08	5.000000e+03	0
7.085427e-01	9.824392e-01	2.473135e+00	1.013320e+04	3.179281e+11	2.504642e+01	-2.472368e+08	5.000000e+03	0
7.135678e-01	9.894068e-01	2.497465e+00	7.092171e+03	3.105592e+11	2.494027e+01	-2.461053e+08	5.000000e+03	0
7.185930e-01	9.963745e-01	2.522083e+00	6.621542e+03	3.033072e+11	2.483776e+01	-2.449770e+08	5.000000e+03	1
7.236181e-01	1.003342e+00	2.546776e+00	6.579313e+03	2.960854e+11	2.473619e+01	-2.438538e+08	5.000000e+03	1
7.286432e-01	1.010310e+00	2.571772e+00	6.537073e+03	2.889860e+11	2.463828e+01	-2.427353e+08	5.000000e+03	1
7.336683e-01	1.017277e+00	2.596867e+00	6.494824e+03	2.819261e+11	2.454149e+01	-2.416213e+08	5.000000e+03	1
7.386935e-01	1.024245e+00	2.622187e+00	6.452553e+03	2.749567e+11	2.444731e+01	-2.405119e+08	5.000000e+03	1
7.437186e-01	1.031213e+00	2.647673e+00	6.410256e+03	2.680542e+11	2.435495e+01	-2.394069e+08	5.000000e+03	1
7.487437e-01	1.038180e+00	2.673309e+00	6.367934e+03	2.612120e+11	2.426424e+01	-2.383062e+08	5.000000e+03	1
7.537688e-01	1.045148e+00	2.699176e+00	6.325559e+03	2.544631e+11	2.417596e+01	-2.372097e+08	5.000000e+03	1
7.587940e-01	1.052116e+00	2.725121e+00	6.283167e+03	2.477454e+11	2.408850e+01	-2.361174e+08	5.000000e+03	1
7.638191e-01	1.059083e+00	2.751358e+00	6.240685e+03	2.411464e+11	2.400398e+01	-2.350292e+08	5.000000e+03	1
7.688442e-01	1.066051e+00	2.777661e+00	6.198178e+03	2.345743e+11	2.392009e+01	-2.339449e+08	5.000000e+03	1
7.738693e-01	1.073019e+00	2.804198e+00	6.155581e+03	2.280986e+11	2.383847e+01	-2.328645e+08	5.000000e+03	1
7.788945e-01	1.079986e+00	2.830855e+00	6.112929e+03	2.216722e+11	2.375795e+01	-2.317880e+08	5.000000e+03	1
7.839196e-01	1.086954e+00	2.857676e+00	6.070198e+03	2.153142e+11	2.367895e+01	-2.307153e+08	5.000000e+03	1
7.889447e-01	1.093922e+00	2.884673e+00	6.027368e+03	2.090308e+11	2.360150e+01	-2.296463e+08	5.000000e+03	1
7.939698e-01	1.100889e+00	2.911768e+00	5.984482e+03	2.027888e+11	2.352493e+01	-2.285808e+08	5.000000e+03	1
7.989950e-01	1.107857e+00	2.939092e+00	5.941441e+03	1.966457e+11	2.345030e+01	-2.275190e+08	5.000000e+03	1
8.040201e-01	1.114825e+00	2.966474e+00	5.898359e+03	1.905280e+11	2.337616e+01	-2.264608e+08	5.000000e+03	1
8.090452e-01	1.121792e+00	2.994087e+00	5.855094e+03	1.845129e+11	2.330391e+01	-2.254060e+08	5.000000e+03	1
8.140704e-01	1.128760e+00	3.021775e+00	5.811757e+03	1.785325e+11	2.323226e+01	-2.243546e+08	5.000000e+03	1
8.190955e-01	1.135728e+00	3.049631e+00	5.768266e+03	1.726287e+11	2.316192e+01	-2.233065e+08	5.000000e+03	1
8.241206e-01	1.142695e+00	3.077610e+00	5.724640e+03	1.667839e+11	2.309252e+01	-2.222618e+08	5.000000e+03	1
8.291457e-01	1.149663e+00	3.105696e+00	5.680896e+03	1.609902e+11	2.302393e+01	-2.212204e+08	5.000000e+03	1
8.341709e-01	1.156631e+00	3.133948e+00	5.636942e+03	1.552791e+11	2.295656e+01	-2.201821e+08	5.000000e+03	1
8.391960e-01	1.163598e+00	3.162253e+00	5.592920e+03	1.495943e+11	2.288957e+01	-2.191471e+08	5.000000e+03	1
8.442211e-01	1.170566e+00	3.190760e+00	5.548597e+03	1.440156e+11	2.282401e+01	-2.181152e+08	5.000000e+03	1
8.492462e-01	1.177533e+00	3.219310e+00	5.504198e+03	1.384608e+11	2.275874e+01	-2.170864e+08	5.000000e+03	1
8.542714e-01	1.184501e+00	3.248013e+00	5.459531e+03	1.329911e+11	2.269451e+01	-2.160606e+08	5.000000e+03	1
8.592965e-01	1.191469e+00	3.276791e+00	5.414705e+03	1.275671e+11	2.263079e+01	-2.150379e+08	5.000000e+03	1
8.643216e-01	1.198436e+00	3.305671e+00	5.369667e+03	1.222039e+11	2.256774e+01	-2.140183e+08	5.000000e+03	1
8.693467e-01	1.205404e+00	3.334657e+00	5.324364e+03	1.169097e+11	2.250537e+01	-2.130015e+08	5.000000e+03	1
8.743719e-01	1.212372e+00	3.363700e+00	5.278919e+03	1.116524e+11	2.244336e+01	-2.119878e+08	5.000000e+03	1
8.793970e-01	1.219339e+00	3.392870e+00	5.233084e+03	1.064874e+11	2.238215e+01	-2.109769e+08	5.000000e+03	1
8.844221e-01	1.226307e+00	3.422071e+00	5.187146e+03	1.013459e+11	2.232113e+01	-2.099689e+08	5.000000e+03	1
8.894472e-01	1.233275e+00	3.451389e+00	5.140767e+03	9.629912e+10	2.226082e+01	-2.089639e+08	5.000000e+03	1
8.944724e-01	1.240242e+00	3.480742e+00	5.094217e+03	9.128613e+10	2.220071e+01	-2.079616e+08	5.000000e+03	1
8.994975e-01	1.247210e+00	3.510171e+00	5.047303e+03	8.634436e+10	2.214106e+01	-2.069622e+08	5.000000e+03	1
9.045226e-01	1.254178e+00	3.539649e+00	5.000070e+03	8.145973e+10	2.208170e+01	-2.059657e+08	5.000000e+03	1
9.095477e-01	1.261145e+00	3.569170e+00	4.952569e+03	7.662287e+10	2.202259e+01	-2.049719e+08	5.000000e+03	1
9.145729e-01	1.268113e+00	3.598745e+00	4.904572e+03	7.186664e+10	2.196379e+01	-2.039809e+08	5.000000e+03	1
9.195980e-01	1.275081e+00	3.628336e+00	4.856425e+03	6.713479e+10	2.190510e+01	-2.029925e+08	5.000000e+03	1
9.246231e-01	1.282048e+00	3.657977e+00	4.807572e+03	6.250725e+10	2.184670e+01	-2.020072e+08	5.000000e+03	1
9.296482e-01	1.289016e+00	3.687624e+00	4.758544e+03	5.790329e+10	2.178833e+01	-2.010245e+08	5.000000e+03	1
9.346734e-01	1.295984e+00	3.717291e+00	4.708897e+03	5.338234e+10	2.173011e+01	-2.000446e+08	5.000000e+03	1
9.396985e-01	1.302951e+00	3.746958e+00	4.658866e+03	4.890786e+10	2.167191e+01	-1.990674e+08	5.000000e+03	1
9.447236e-01	1.309919e+00	3.776627e+00	4.608342e+03	4.449313e+10	2.161374e+01	-1.980930e+08	5.000000e+03	1
9.497487e-01	1.316887e+00	3.806278e+00	4.557172e+03	4.014907e+10	2.155552e+01	-1.971213e+08	5.000000e+03	1
9.547739e-01	1.323854e+00	3.835920e+00	4.505670e+03	3.584130e+10	2.149729e+01	-1.961524e+08	5.000000e+03	1
9.597990e-01	1.330822e+00	3.865514e+00	4.453196e+03	3.162893e+10	2.143887e+01	-1.951861e+08	5.000000e+03	1
9.648241e-01	1.337790e+00	3.895092e+00	4.400461e+03	2.744078e+10	2.138040e+01	-1.942226e+08	5.000000e+03	1
9.698492e-01	1.344757e+00	3.924592e+00	4.346612e+03	2.335007e+10	2.132164e+01	-1.932619e+08	5.000000e+03	1
9.748744e-01	1.351725e+00	3.954052e+00	4.292292e+03	1.929590e+10	2.126272e+01	-1.923040e+08	5.000000e+03	1
9.798995e-01	1.358692e+00	3.983430e+00	4.237017e+03	1.531579e+10	2.120350e+01	-1.913488e+08	5.000000e+03	1
9.849246e-01	1.365660e+00	4.012720e+00	4.180828e+03	1.139791e+10	2.114393e+01	-1.903964e+08	5.000000e+03	1
9.899497e-01	1.372628e+00	4.041938e+00	4.123901e+03	7.530222e+09	2.108408e+01	-1.894467e+08	5.000000e+03	1
9.949749e-01	1.379595e+00	4.070992e+00	4.062582e+03	3.752225e+09	2.102361e+01	-1.885001e+08	5.000000e+03	1
1.000000e+00	1.386563e+00	4.100000e+00	4.000000e+03	-4.768372e-06	2.096297e+01	-1.875562e+08	3.000000e+02	1
