#R=1.6554200437395179
#interptype='linear'
#name='planet'
#norm={'P': 1000000000000.0, 'R': 1.6554200437395179, 'M': 2.2999999999999998, 'g': 8.2501067996136044, 'rho': 1000.0}
#state=1
#composition
#layer0		Fe08FeS02		0.100000
#layer1		pv_fmw		0.900000
#layer2		ice_VII		0.500000
#Cols=
 #'ur		r		mr		rho		P		g		phi		T		composition'
#-end-
0.000000e+00	0.000000e+00	2.200005e-11	1.311598e+04	4.752361e+11	0.000000e+00	-1.780743e+08	5.000000e+03	0
5.025126e-03	8.318694e-03	1.401818e-06	1.311593e+04	4.752280e+11	1.142406e-01	-1.780691e+08	5.000000e+03	0
1.005025e-02	1.663739e-02	1.105953e-05	1.311502e+04	4.750808e+11	3.086098e-01	-1.780537e+08	5.000000e+03	0
1.507538e-02	2.495608e-02	3.713386e-05	1.311328e+04	4.747989e+11	5.030658e-01	-1.780280e+08	5.000000e+03	0
2.010050e-02	3.327477e-02	8.777989e-05	1.311070e+04	4.743823e+11	6.974702e-01	-1.779920e+08	5.000000e+03	0
2.512563e-02	4.159347e-02	1.711440e-04	1.310728e+04	4.738311e+11	8.917945e-01	-1.779457e+08	5.000000e+03	0
3.015075e-02	4.991216e-02	2.953607e-04	1.310303e+04	4.731455e+11	1.086015e+00	-1.778891e+08	5.000000e+03	0
3.517588e-02	5.823086e-02	4.685495e-04	1.309794e+04	4.723258e+11	1.280111e+00	-1.778223e+08	5.000000e+03	0
4.020101e-02	6.654955e-02	6.988122e-04	1.309202e+04	4.713721e+11	1.474058e+00	-1.777452e+08	5.000000e+03	0
4.522613e-02	7.486824e-02	9.942291e-04	1.308526e+04	4.702848e+11	1.667835e+00	-1.776577e+08	5.000000e+03	0
5.025126e-02	8.318694e-02	1.362856e-03	1.307767e+04	4.690642e+11	1.861419e+00	-1.775600e+08	5.000000e+03	0
5.527638e-02	9.150563e-02	1.812723e-03	1.306924e+04	4.677107e+11	2.054789e+00	-1.774524e+08	5.000000e+03	0
6.030151e-02	9.982432e-02	2.352812e-03	1.305996e+04	4.662233e+11	2.247920e+00	-1.773315e+08	5.000000e+03	0
6.532663e-02	1.081430e-01	2.990332e-03	1.304984e+04	4.646038e+11	2.440790e+00	-1.772066e+08	5.000000e+03	0
7.035176e-02	1.164617e-01	3.733157e-03	1.303889e+04	4.628527e+11	2.633378e+00	-1.770675e+08	5.000000e+03	0
7.537688e-02	1.247804e-01	4.589172e-03	1.302710e+04	4.609706e+11	2.825663e+00	-1.769190e+08	5.000000e+03	0
8.040201e-02	1.330991e-01	5.566222e-03	1.301446e+04	4.589581e+11	3.017620e+00	-1.767602e+08	5.000000e+03	0
8.542714e-02	1.414178e-01	6.672104e-03	1.300099e+04	4.568157e+11	3.209229e+00	-1.765912e+08	5.000000e+03	0
9.045226e-02	1.497365e-01	7.914566e-03	1.298668e+04	4.545442e+11	3.400466e+00	-1.764122e+08	5.000000e+03	0
9.547739e-02	1.580552e-01	9.301303e-03	1.297152e+04	4.521442e+11	3.591309e+00	-1.762230e+08	5.000000e+03	0
1.005025e-01	1.663739e-01	1.083995e-02	1.295553e+04	4.496165e+11	3.781736e+00	-1.760237e+08	5.000000e+03	0
1.055276e-01	1.746926e-01	1.253810e-02	1.293868e+04	4.469619e+11	3.971725e+00	-1.758144e+08	5.000000e+03	0
1.105528e-01	1.830113e-01	1.440326e-02	1.292100e+04	4.441811e+11	4.161252e+00	-1.755951e+08	5.000000e+03	0
1.155779e-01	1.913300e-01	1.644462e-02	1.290246e+04	4.412738e+11	4.350291e+00	-1.753656e+08	5.000000e+03	0
1.206030e-01	1.996486e-01	1.866820e-02	1.288307e+04	4.382420e+11	4.538823e+00	-1.751263e+08	5.000000e+03	0
1.256281e-01	2.079673e-01	2.108111e-02	1.286283e+04	4.350869e+11	4.726825e+00	-1.748771e+08	5.000000e+03	0
1.306533e-01	2.162860e-01	2.369058e-02	1.284175e+04	4.318092e+11	4.914275e+00	-1.746177e+08	5.000000e+03	0
1.356784e-01	2.246047e-01	2.650376e-02	1.281981e+04	4.284102e+11	5.101151e+00	-1.743485e+08	5.000000e+03	0
1.407035e-01	2.329234e-01	2.952774e-02	1.279703e+04	4.248908e+11	5.287430e+00	-1.740695e+08	5.000000e+03	0
1.457286e-01	2.412421e-01	3.276950e-02	1.277338e+04	4.212520e+11	5.473088e+00	-1.737806e+08	5.000000e+03	0
1.507538e-01	2.495608e-01	3.623594e-02	1.274889e+04	4.174952e+11	5.658103e+00	-1.734820e+08	5.000000e+03	0
1.557789e-01	2.578795e-01	3.993389e-02	1.272353e+04	4.136213e+11	5.842453e+00	-1.731735e+08	5.000000e+03	0
1.608040e-01	2.661982e-01	4.387005e-02	1.269732e+04	4.096317e+11	6.026114e+00	-1.728554e+08	5.000000e+03	0
1.658291e-01	2.745169e-01	4.805104e-02	1.267025e+04	4.055276e+11	6.209063e+00	-1.725276e+08	5.000000e+03	0
1.708543e-01	2.828356e-01	5.248568e-02	1.264231e+04	4.013092e+11	6.391271e+00	-1.721910e+08	5.000000e+03	0
1.758794e-01	2.911543e-01	5.717867e-02	1.261350e+04	3.969787e+11	6.572720e+00	-1.718432e+08	5.000000e+03	0
1.809045e-01	2.994730e-01	6.213586e-02	1.258383e+04	3.925377e+11	6.753386e+00	-1.714863e+08	5.000000e+03	0
1.859296e-01	3.077917e-01	6.736344e-02	1.255328e+04	3.879876e+11	6.933248e+00	-1.711199e+08	5.000000e+03	0
1.909548e-01	3.161104e-01	7.286749e-02	1.252187e+04	3.833298e+11	7.112282e+00	-1.707442e+08	5.000000e+03	0
1.959799e-01	3.244291e-01	7.865395e-02	1.248958e+04	3.785658e+11	7.290465e+00	-1.703590e+08	5.000000e+03	0
2.010050e-01	3.327477e-01	8.472866e-02	1.245642e+04	3.736970e+11	7.467772e+00	-1.699644e+08	5.000000e+03	0
2.060302e-01	3.410664e-01	9.109733e-02	1.242238e+04	3.687251e+11	7.644181e+00	-1.695605e+08	5.000000e+03	0
2.110553e-01	3.493851e-01	9.776553e-02	1.238745e+04	3.636516e+11	7.819668e+00	-1.691473e+08	5.000000e+03	0
2.160804e-01	3.577038e-01	1.047387e-01	1.235164e+04	3.584782e+11	7.994209e+00	-1.687248e+08	5.000000e+03	0
2.211055e-01	3.660225e-01	1.120222e-01	1.231495e+04	3.532064e+11	8.167780e+00	-1.682931e+08	5.000000e+03	0
2.261307e-01	3.743412e-01	1.196237e-01	1.227735e+04	3.478372e+11	8.340348e+00	-1.678523e+08	5.000000e+03	0
2.311558e-01	3.826599e-01	1.275466e-01	1.223886e+04	3.423730e+11	8.511896e+00	-1.674022e+08	5.000000e+03	0
2.361809e-01	3.909786e-01	1.357950e-01	1.219947e+04	3.368156e+11	8.682402e+00	-1.669436e+08	5.000000e+03	0
2.412060e-01	3.992973e-01	1.443735e-01	1.215918e+04	3.311670e+11	8.851841e+00	-1.664753e+08	5.000000e+03	0
2.462312e-01	4.076160e-01	1.532868e-01	1.211798e+04	3.254288e+11	9.020188e+00	-1.659984e+08	5.000000e+03	0
2.512563e-01	4.159347e-01	1.625391e-01	1.207587e+04	3.196031e+11	9.187419e+00	-1.655126e+08	5.000000e+03	0
2.562814e-01	4.242534e-01	1.721349e-01	1.203284e+04	3.136917e+11	9.353510e+00	-1.650180e+08	5.000000e+03	0
2.613065e-01	4.325721e-01	1.820781e-01	1.198890e+04	3.076966e+11	9.518435e+00	-1.645146e+08	5.000000e+03	0
2.663317e-01	4.408908e-01	1.923726e-01	1.194403e+04	3.016196e+11	9.682169e+00	-1.640026e+08	5.000000e+03	0
2.713568e-01	4.492095e-01	2.030221e-01	1.189823e+04	2.954629e+11	9.844688e+00	-1.634819e+08	5.000000e+03	0
2.763819e-01	4.575282e-01	2.140303e-01	1.185150e+04	2.892285e+11	1.000596e+01	-1.629527e+08	5.000000e+03	0
2.814070e-01	4.658468e-01	2.254032e-01	1.180382e+04	2.829178e+11	1.016597e+01	-1.624149e+08	5.000000e+03	0
2.864322e-01	4.741655e-01	2.338590e-01	6.600852e+03	2.783288e+11	1.018124e+01	-1.618702e+08	5.000000e+03	1
2.914573e-01	4.824842e-01	2.406612e-01	6.580038e+03	2.747905e+11	1.011954e+01	-1.613271e+08	5.000000e+03	1
2.964824e-01	4.908029e-01	2.476796e-01	6.559300e+03	2.712834e+11	1.006497e+01	-1.607873e+08	5.000000e+03	1
3.015075e-01	4.991216e-01	2.549170e-01	6.538624e+03	2.678051e+11	1.001703e+01	-1.602502e+08	5.000000e+03	1
3.065327e-01	5.074403e-01	2.623758e-01	6.517998e+03	2.643532e+11	9.975256e+00	-1.597156e+08	5.000000e+03	1
3.115578e-01	5.157590e-01	2.700587e-01	6.497409e+03	2.609256e+11	9.939229e+00	-1.591832e+08	5.000000e+03	1
3.165829e-01	5.240777e-01	2.779681e-01	6.476846e+03	2.575202e+11	9.908561e+00	-1.586526e+08	5.000000e+03	1
3.216080e-01	5.323964e-01	2.861066e-01	6.456297e+03	2.541352e+11	9.882893e+00	-1.581236e+08	5.000000e+03	1
3.266332e-01	5.407151e-01	2.944765e-01	6.435753e+03	2.507689e+11	9.861893e+00	-1.575960e+08	5.000000e+03	1
3.316583e-01	5.490338e-01	3.030803e-01	6.415203e+03	2.474197e+11	9.845253e+00	-1.570693e+08	5.000000e+03	1
3.366834e-01	5.573525e-01	3.119218e-01	6.394638e+03	2.440863e+11	9.832714e+00	-1.565435e+08	5.000000e+03	1
3.417085e-01	5.656712e-01	3.210026e-01	6.374050e+03	2.407672e+11	9.823993e+00	-1.560184e+08	5.000000e+03	1
3.467337e-01	5.739899e-01	3.303240e-01	6.353431e+03	2.374611e+11	9.818831e+00	-1.554935e+08	5.000000e+03	1
3.517588e-01	5.823086e-01	3.398882e-01	6.332773e+03	2.341669e+11	9.816998e+00	-1.549693e+08	5.000000e+03	1
3.567839e-01	5.906273e-01	3.496973e-01	6.312068e+03	2.308835e+11	9.818282e+00	-1.544449e+08	5.000000e+03	1
3.618090e-01	5.989459e-01	3.597533e-01	6.291309e+03	2.276100e+11	9.822482e+00	-1.539205e+08	5.000000e+03	1
3.668342e-01	6.072646e-01	3.700582e-01	6.270490e+03	2.243453e+11	9.829414e+00	-1.533958e+08	5.000000e+03	1
3.718593e-01	6.155833e-01	3.806139e-01	6.249605e+03	2.210888e+11	9.838903e+00	-1.528707e+08	5.000000e+03	1
3.768844e-01	6.239020e-01	3.914223e-01	6.228646e+03	2.178397e+11	9.850787e+00	-1.523452e+08	5.000000e+03	1
3.819095e-01	6.322207e-01	4.024852e-01	6.207610e+03	2.145971e+11	9.864912e+00	-1.518190e+08	5.000000e+03	1
3.869347e-01	6.405394e-01	4.138043e-01	6.186489e+03	2.113606e+11	9.881137e+00	-1.512920e+08	5.000000e+03	1
3.919598e-01	6.488581e-01	4.253831e-01	6.165278e+03	2.081296e+11	9.899339e+00	-1.507642e+08	5.000000e+03	1
3.969849e-01	6.571768e-01	4.372225e-01	6.143972e+03	2.049034e+11	9.919384e+00	-1.502354e+08	5.000000e+03	1
4.020101e-01	6.654955e-01	4.493231e-01	6.122567e+03	2.016817e+11	9.941147e+00	-1.497056e+08	5.000000e+03	1
4.070352e-01	6.738142e-01	4.616864e-01	6.101057e+03	1.984639e+11	9.964514e+00	-1.491740e+08	5.000000e+03	1
4.120603e-01	6.821329e-01	4.743138e-01	6.079439e+03	1.952497e+11	9.989382e+00	-1.486423e+08	5.000000e+03	1
4.170854e-01	6.904516e-01	4.872066e-01	6.057707e+03	1.920388e+11	1.001565e+01	-1.481088e+08	5.000000e+03	1
4.221106e-01	6.987703e-01	5.003662e-01	6.035858e+03	1.888307e+11	1.004323e+01	-1.475739e+08	5.000000e+03	1
4.271357e-01	7.070890e-01	5.137937e-01	6.013887e+03	1.856253e+11	1.007202e+01	-1.470375e+08	5.000000e+03	1
4.321608e-01	7.154077e-01	5.274904e-01	5.991790e+03	1.824223e+11	1.010194e+01	-1.464996e+08	5.000000e+03	1
4.371859e-01	7.237264e-01	5.414574e-01	5.969564e+03	1.792214e+11	1.013293e+01	-1.459602e+08	5.000000e+03	1
4.422111e-01	7.320450e-01	5.556957e-01	5.947204e+03	1.760226e+11	1.016488e+01	-1.454191e+08	5.000000e+03	1
4.472362e-01	7.403637e-01	5.702077e-01	5.924706e+03	1.728256e+11	1.019776e+01	-1.448762e+08	5.000000e+03	1
4.522613e-01	7.486824e-01	5.849942e-01	5.902067e+03	1.696304e+11	1.023147e+01	-1.443318e+08	5.000000e+03	1
4.572864e-01	7.570011e-01	6.000547e-01	5.879283e+03	1.664369e+11	1.026595e+01	-1.437855e+08	5.000000e+03	1
4.623116e-01	7.653198e-01	6.153897e-01	5.856351e+03	1.632449e+11	1.030115e+01	-1.432374e+08	5.000000e+03	1
4.673367e-01	7.736385e-01	6.310001e-01	5.833269e+03	1.600544e+11	1.033700e+01	-1.426875e+08	5.000000e+03	1
4.723618e-01	7.819572e-01	6.468863e-01	5.810031e+03	1.568654e+11	1.037345e+01	-1.421357e+08	5.000000e+03	1
4.773869e-01	7.902759e-01	6.630489e-01	5.786635e+03	1.536780e+11	1.041044e+01	-1.415820e+08	5.000000e+03	1
4.824121e-01	7.985946e-01	6.794883e-01	5.763078e+03	1.504921e+11	1.044792e+01	-1.410263e+08	5.000000e+03	1
4.874372e-01	8.069133e-01	6.962047e-01	5.739356e+03	1.473077e+11	1.048585e+01	-1.404687e+08	5.000000e+03	1
4.924623e-01	8.152320e-01	7.131985e-01	5.715467e+03	1.441250e+11	1.052418e+01	-1.399090e+08	5.000000e+03	1
4.974874e-01	8.235507e-01	7.304699e-01	5.691406e+03	1.409439e+11	1.056285e+01	-1.393474e+08	5.000000e+03	1
5.025126e-01	8.318694e-01	7.480203e-01	5.667170e+03	1.377647e+11	1.060184e+01	-1.387837e+08	5.000000e+03	1
5.075377e-01	8.401881e-01	7.658498e-01	5.642755e+03	1.345874e+11	1.064110e+01	-1.382180e+08	5.000000e+03	1
5.125628e-01	8.485068e-01	7.839567e-01	5.618160e+03	1.314122e+11	1.068059e+01	-1.376503e+08	5.000000e+03	1
5.175879e-01	8.568254e-01	8.023410e-01	5.593380e+03	1.282391e+11	1.072027e+01	-1.370804e+08	5.000000e+03	1
5.226131e-01	8.651441e-01	8.210023e-01	5.568413e+03	1.250683e+11	1.076011e+01	-1.365085e+08	5.000000e+03	1
5.276382e-01	8.734628e-01	8.399402e-01	5.543255e+03	1.219001e+11	1.080006e+01	-1.359345e+08	5.000000e+03	1
5.326633e-01	8.817815e-01	8.591542e-01	5.517903e+03	1.187346e+11	1.084011e+01	-1.353584e+08	5.000000e+03	1
5.376884e-01	8.901002e-01	8.786439e-01	5.492354e+03	1.155719e+11	1.088020e+01	-1.347802e+08	5.000000e+03	1
5.427136e-01	8.984189e-01	8.984085e-01	5.466604e+03	1.124124e+11	1.092032e+01	-1.341999e+08	5.000000e+03	1
5.477387e-01	9.067376e-01	9.184473e-01	5.440650e+03	1.092562e+11	1.096043e+01	-1.336176e+08	5.000000e+03	1
5.527638e-01	9.150563e-01	9.387594e-01	5.414489e+03	1.061036e+11	1.100050e+01	-1.330331e+08	5.000000e+03	1
5.577889e-01	9.233750e-01	9.593452e-01	5.388115e+03	1.029548e+11	1.104050e+01	-1.324465e+08	5.000000e+03	1
5.628141e-01	9.316937e-01	9.802038e-01	5.361524e+03	9.981005e+10	1.108041e+01	-1.318578e+08	5.000000e+03	1
5.678392e-01	9.400124e-01	1.001332e+00	5.334715e+03	9.666969e+10	1.112020e+01	-1.312670e+08	5.000000e+03	1
5.728643e-01	9.483311e-01	1.022730e+00	5.307684e+03	9.353395e+10	1.115984e+01	-1.306742e+08	5.000000e+03	1
5.778894e-01	9.566498e-01	1.044395e+00	5.280425e+03	9.040312e+10	1.119931e+01	-1.300793e+08	5.000000e+03	1
5.829146e-01	9.649685e-01	1.066325e+00	5.252937e+03	8.727751e+10	1.123857e+01	-1.294823e+08	5.000000e+03	1
5.879397e-01	9.732872e-01	1.088520e+00	5.225213e+03	8.415742e+10	1.127762e+01	-1.288832e+08	5.000000e+03	1
5.929648e-01	9.816059e-01	1.110977e+00	5.197250e+03	8.104318e+10	1.131642e+01	-1.282822e+08	5.000000e+03	1
5.979899e-01	9.899245e-01	1.133695e+00	5.169044e+03	7.793511e+10	1.135496e+01	-1.276791e+08	5.000000e+03	1
6.030151e-01	9.982432e-01	1.151653e+00	2.301224e+03	7.550934e+10	1.134373e+01	-1.270741e+08	5.000000e+03	2
6.080402e-01	1.006562e+00	1.162072e+00	2.297016e+03	7.413489e+10	1.125814e+01	-1.264718e+08	5.000000e+03	2
6.130653e-01	1.014881e+00	1.172647e+00	2.292839e+03	7.277321e+10	1.117531e+01	-1.258740e+08	5.000000e+03	2
6.180905e-01	1.023199e+00	1.183378e+00	2.288693e+03	7.142394e+10	1.109514e+01	-1.252805e+08	5.000000e+03	2
6.231156e-01	1.031518e+00	1.194264e+00	2.284576e+03	7.008663e+10	1.101755e+01	-1.246913e+08	5.000000e+03	2
6.281407e-01	1.039837e+00	1.205308e+00	2.280487e+03	6.876093e+10	1.094243e+01	-1.241062e+08	5.000000e+03	2
6.331658e-01	1.048155e+00	1.216510e+00	2.276425e+03	6.744649e+10	1.086972e+01	-1.235250e+08	5.000000e+03	2
6.381910e-01	1.056474e+00	1.227869e+00	2.271200e+03	6.614309e+10	1.079932e+01	-1.229477e+08	5.000000e+03	2
6.432161e-01	1.064793e+00	1.239366e+00	2.260452e+03	6.485280e+10	1.073099e+01	-1.223741e+08	5.000000e+03	2
6.482412e-01	1.073111e+00	1.250989e+00	2.249769e+03	6.357664e+10	1.066454e+01	-1.218041e+08	5.000000e+03	2
6.532663e-01	1.081430e+00	1.262738e+00	2.239150e+03	6.231427e+10	1.059992e+01	-1.212376e+08	5.000000e+03	2
6.582915e-01	1.089749e+00	1.274612e+00	2.228592e+03	6.106538e+10	1.053706e+01	-1.206745e+08	5.000000e+03	2
6.633166e-01	1.098068e+00	1.286612e+00	2.218094e+03	5.982965e+10	1.047591e+01	-1.201148e+08	5.000000e+03	2
6.683417e-01	1.106386e+00	1.298738e+00	2.207653e+03	5.860683e+10	1.041643e+01	-1.195583e+08	5.000000e+03	2
6.733668e-01	1.114705e+00	1.310991e+00	2.197268e+03	5.739669e+10	1.035855e+01	-1.190050e+08	5.000000e+03	2
6.783920e-01	1.123024e+00	1.323369e+00	2.186937e+03	5.619884e+10	1.030222e+01	-1.184547e+08	5.000000e+03	2
6.834171e-01	1.131342e+00	1.335873e+00	2.176657e+03	5.501303e+10	1.024738e+01	-1.179074e+08	5.000000e+03	2
6.884422e-01	1.139661e+00	1.348503e+00	2.166428e+03	5.383899e+10	1.019400e+01	-1.173630e+08	5.000000e+03	2
6.934673e-01	1.147980e+00	1.361258e+00	2.156248e+03	5.267648e+10	1.014202e+01	-1.168214e+08	5.000000e+03	2
6.984925e-01	1.156298e+00	1.374138e+00	2.146114e+03	5.152526e+10	1.009140e+01	-1.162826e+08	5.000000e+03	2
7.035176e-01	1.164617e+00	1.387143e+00	2.136026e+03	5.038510e+10	1.004209e+01	-1.157464e+08	5.000000e+03	2
7.085427e-01	1.172936e+00	1.400273e+00	2.125982e+03	4.925578e+10	9.994057e+00	-1.152129e+08	5.000000e+03	2
7.135678e-01	1.181255e+00	1.413528e+00	2.115980e+03	4.813707e+10	9.947258e+00	-1.146819e+08	5.000000e+03	2
7.185930e-01	1.189573e+00	1.426908e+00	2.106019e+03	4.702879e+10	9.901656e+00	-1.141535e+08	5.000000e+03	2
7.236181e-01	1.197892e+00	1.440412e+00	2.096098e+03	4.593074e+10	9.857215e+00	-1.136274e+08	5.000000e+03	2
7.286432e-01	1.206211e+00	1.454042e+00	2.086216e+03	4.484279e+10	9.813904e+00	-1.131037e+08	5.000000e+03	2
7.336683e-01	1.214529e+00	1.467795e+00	2.076370e+03	4.376467e+10	9.771679e+00	-1.125822e+08	5.000000e+03	2
7.386935e-01	1.222848e+00	1.481673e+00	2.066560e+03	4.269620e+10	9.730507e+00	-1.120631e+08	5.000000e+03	2
7.437186e-01	1.231167e+00	1.495674e+00	2.056784e+03	4.163721e+10	9.690355e+00	-1.115461e+08	5.000000e+03	2
7.487437e-01	1.239485e+00	1.509798e+00	2.047040e+03	4.058752e+10	9.651192e+00	-1.110312e+08	5.000000e+03	2
7.537688e-01	1.247804e+00	1.524045e+00	2.037329e+03	3.954698e+10	9.612986e+00	-1.105184e+08	5.000000e+03	2
7.587940e-01	1.256123e+00	1.538414e+00	2.027648e+03	3.851543e+10	9.575709e+00	-1.100077e+08	5.000000e+03	2
7.638191e-01	1.264441e+00	1.552906e+00	2.017997e+03	3.749272e+10	9.539331e+00	-1.094989e+08	5.000000e+03	2
7.688442e-01	1.272760e+00	1.567519e+00	2.008374e+03	3.647870e+10	9.503826e+00	-1.089920e+08	5.000000e+03	2
7.738693e-01	1.281079e+00	1.582254e+00	1.998777e+03	3.547323e+10	9.469165e+00	-1.084871e+08	5.000000e+03	2
7.788945e-01	1.289398e+00	1.597111e+00	1.989207e+03	3.447620e+10	9.435326e+00	-1.079840e+08	5.000000e+03	2
7.839196e-01	1.297716e+00	1.612089e+00	1.979662e+03	3.348751e+10	9.402287e+00	-1.074826e+08	5.000000e+03	2
7.889447e-01	1.306035e+00	1.627187e+00	1.970141e+03	3.250698e+10	9.370016e+00	-1.069831e+08	5.000000e+03	2
7.939698e-01	1.314354e+00	1.642405e+00	1.960643e+03	3.153448e+10	9.338492e+00	-1.064852e+08	5.000000e+03	2
7.989950e-01	1.322672e+00	1.657743e+00	1.951166e+03	3.056988e+10	9.307689e+00	-1.059891e+08	5.000000e+03	2
8.040201e-01	1.330991e+00	1.673199e+00	1.941711e+03	2.961309e+10	9.277587e+00	-1.054945e+08	5.000000e+03	2
8.090452e-01	1.339310e+00	1.688774e+00	1.932275e+03	2.866397e+10	9.248163e+00	-1.050016e+08	5.000000e+03	2
8.140704e-01	1.347628e+00	1.704466e+00	1.922857e+03	2.772244e+10	9.219397e+00	-1.045102e+08	5.000000e+03	2
8.190955e-01	1.355947e+00	1.720276e+00	1.913458e+03	2.678838e+10	9.191267e+00	-1.040204e+08	5.000000e+03	2
8.241206e-01	1.364266e+00	1.736203e+00	1.904075e+03	2.586170e+10	9.163756e+00	-1.035321e+08	5.000000e+03	2
8.291457e-01	1.372584e+00	1.752246e+00	1.894709e+03	2.494229e+10	9.136842e+00	-1.030451e+08	5.000000e+03	2
8.341709e-01	1.380903e+00	1.768404e+00	1.885357e+03	2.403009e+10	9.110509e+00	-1.025598e+08	5.000000e+03	2
8.391960e-01	1.389222e+00	1.784678e+00	1.876019e+03	2.312504e+10	9.084742e+00	-1.020757e+08	5.000000e+03	2
8.442211e-01	1.397541e+00	1.801067e+00	1.866695e+03	2.222700e+10	9.059519e+00	-1.015931e+08	5.000000e+03	2
8.492462e-01	1.405859e+00	1.817569e+00	1.857383e+03	2.133588e+10	9.034822e+00	-1.011118e+08	5.000000e+03	2
8.542714e-01	1.414178e+00	1.834184e+00	1.848082e+03	2.045160e+10	9.010635e+00	-1.006318e+08	5.000000e+03	2
8.592965e-01	1.422497e+00	1.850911e+00	1.838792e+03	1.957409e+10	8.986941e+00	-1.001531e+08	5.000000e+03	2
8.643216e-01	1.430815e+00	1.867750e+00	1.829511e+03	1.870326e+10	8.963725e+00	-9.967563e+07	5.000000e+03	2
8.693467e-01	1.439134e+00	1.884699e+00	1.820239e+03	1.783906e+10	8.940971e+00	-9.919942e+07	5.000000e+03	2
8.743719e-01	1.447453e+00	1.901758e+00	1.810975e+03	1.698140e+10	8.918665e+00	-9.872471e+07	5.000000e+03	2
8.793970e-01	1.455771e+00	1.918926e+00	1.801717e+03	1.613022e+10	8.896791e+00	-9.825063e+07	5.000000e+03	2
8.844221e-01	1.464090e+00	1.936203e+00	1.792466e+03	1.528545e+10	8.875337e+00	-9.777799e+07	5.000000e+03	2
8.894472e-01	1.472409e+00	1.953587e+00	1.783220e+03	1.444704e+10	8.854288e+00	-9.730651e+07	5.000000e+03	2
8.944724e-01	1.480727e+00	1.971079e+00	1.773979e+03	1.361499e+10	8.833634e+00	-9.683614e+07	5.000000e+03	2
8.994975e-01	1.489046e+00	1.988665e+00	1.758339e+03	1.278967e+10	8.813310e+00	-9.636689e+07	5.000000e+03	2
9.045226e-01	1.497365e+00	2.006186e+00	1.725983e+03	1.197844e+10	8.792605e+00	-9.589873e+07	5.000000e+03	2
9.095477e-01	1.505684e+00	2.023572e+00	1.693447e+03	1.118421e+10	8.771239e+00	-9.543173e+07	5.000000e+03	2
9.145729e-01	1.514002e+00	2.040816e+00	1.660703e+03	1.040704e+10	8.749203e+00	-9.496585e+07	5.000000e+03	2
9.195980e-01	1.522321e+00	2.057909e+00	1.627720e+03	9.647030e+09	8.726485e+00	-9.450120e+07	5.000000e+03	2
9.246231e-01	1.530640e+00	2.074843e+00	1.594461e+03	8.904277e+09	8.703073e+00	-9.403779e+07	5.000000e+03	2
9.296482e-01	1.538958e+00	2.091606e+00	1.560885e+03	8.178894e+09	8.678954e+00	-9.357566e+07	5.000000e+03	2
9.346734e-01	1.547277e+00	2.108189e+00	1.526943e+03	7.471012e+09	8.654111e+00	-9.311483e+07	5.000000e+03	2
9.396985e-01	1.555596e+00	2.124581e+00	1.492576e+03	6.780782e+09	8.628527e+00	-9.265538e+07	5.000000e+03	2
9.447236e-01	1.563914e+00	2.140770e+00	1.457715e+03	6.108391e+09	8.602180e+00	-9.219731e+07	5.000000e+03	2
9.497487e-01	1.572233e+00	2.156740e+00	1.422270e+03	5.454218e+09	8.575039e+00	-9.174067e+07	5.000000e+03	2
9.547739e-01	1.580552e+00	2.172479e+00	1.386143e+03	4.818328e+09	8.547085e+00	-9.128552e+07	5.000000e+03	2
9.597990e-01	1.588870e+00	2.187971e+00	1.349205e+03	4.201013e+09	8.518285e+00	-9.083188e+07	5.000000e+03	2
9.648241e-01	1.597189e+00	2.203198e+00	1.311292e+03	3.602624e+09	8.488600e+00	-9.037981e+07	5.000000e+03	2
9.698492e-01	1.605508e+00	2.218140e+00	1.272188e+03	3.023589e+09	8.457985e+00	-8.992935e+07	5.000000e+03	2
9.748744e-01	1.613827e+00	2.232772e+00	1.231602e+03	2.464442e+09	8.426382e+00	-8.948057e+07	5.000000e+03	2
9.798995e-01	1.622145e+00	2.247066e+00	1.189126e+03	1.925859e+09	8.393719e+00	-8.903350e+07	5.000000e+03	2
9.849246e-01	1.630464e+00	2.260987e+00	1.144151e+03	1.408730e+09	8.359904e+00	-8.858820e+07	5.000000e+03	2
9.899497e-01	1.638783e+00	2.274489e+00	1.095703e+03	9.142696e+08	8.324811e+00	-8.814477e+07	5.000000e+03	2
9.949749e-01	1.647101e+00	2.287511e+00	1.042037e+03	4.442460e+08	8.288258e+00	-8.770322e+07	5.000000e+03	2
1.000000e+00	1.655420e+00	2.300000e+00	1.000000e+03	0.000000e+00	8.250107e+00	-8.726368e+07	3.000000e+02	2
