#t		Qconv[W]	Ri[Rp]		R*[Rp]		Qc[W]		Qm[W]		Qr[W]		Tcmb[K]		Tl[K]		Tup[K]		RiFlag		Bs[T]
0.000000e+00	1.026819e+15	0.000000e+00	4.871794e-01	1.340564e+16	2.873658e+15	3.942929e+14	2.972101e+04	5.211539e+03	2.940549e+03	0	3.696486e-03
1.000000e+07	9.031741e+14	0.000000e+00	4.871794e-01	1.181403e+16	3.863040e+15	3.921083e+14	2.866503e+04	5.481355e+03	3.092790e+03	0	3.541725e-03
2.000000e+07	7.997456e+14	0.000000e+00	4.871794e-01	1.048219e+16	4.698182e+15	3.899399e+14	2.772930e+04	5.685368e+03	3.207902e+03	0	3.401013e-03
3.000000e+07	7.124622e+14	0.000000e+00	4.871794e-01	9.357842e+15	5.327749e+15	3.877878e+14	2.689505e+04	5.835276e+03	3.292485e+03	0	3.272490e-03
4.000000e+07	6.382699e+14	0.000000e+00	4.871794e-01	8.401784e+15	5.750242e+15	3.856517e+14	2.614709e+04	5.942057e+03	3.352735e+03	0	3.154708e-03
5.000000e+07	5.748049e+14	0.000000e+00	4.871794e-01	7.583651e+15	5.991940e+15	3.835316e+14	2.547299e+04	6.015281e+03	3.394051e+03	0	3.046477e-03
6.000000e+07	5.201978e+14	0.000000e+00	4.871794e-01	6.879432e+15	6.089346e+15	3.814273e+14	2.486246e+04	6.062853e+03	3.420893e+03	0	2.946777e-03
7.000000e+07	4.729500e+14	0.000000e+00	4.871794e-01	6.269876e+15	6.078738e+15	3.793386e+14	2.430694e+04	6.091069e+03	3.436814e+03	0	2.854715e-03
8.000000e+07	4.318501e+14	0.000000e+00	4.871794e-01	5.739415e+15	5.991395e+15	3.772655e+14	2.379924e+04	6.104815e+03	3.444569e+03	0	2.769504e-03
9.000000e+07	3.959122e+14	0.000000e+00	4.871794e-01	5.275382e+15	5.852221e+15	3.752078e+14	2.333335e+04	6.107825e+03	3.446268e+03	0	2.690445e-03
1.000000e+08	3.643309e+14	0.000000e+00	4.871794e-01	4.867423e+15	5.680078e+15	3.731654e+14	2.290415e+04	6.102927e+03	3.443504e+03	0	2.616916e-03
1.100000e+08	3.364445e+14	0.000000e+00	4.871794e-01	4.507034e+15	5.488758e+15	3.711381e+14	2.250734e+04	6.092248e+03	3.437479e+03	0	2.548368e-03
1.200000e+08	3.117076e+14	0.000000e+00	4.871794e-01	4.187203e+15	5.288074e+15	3.691259e+14	2.213921e+04	6.077386e+03	3.429093e+03	0	2.484316e-03
1.300000e+08	2.896682e+14	0.000000e+00	4.871794e-01	3.902118e+15	5.084841e+15	3.671285e+14	2.179663e+04	6.059539e+03	3.419023e+03	0	2.424328e-03
1.400000e+08	2.699505e+14	0.000000e+00	4.871794e-01	3.646946e+15	4.883672e+15	3.651459e+14	2.147687e+04	6.039605e+03	3.407776e+03	0	2.368022e-03
1.500000e+08	2.522401e+14	0.000000e+00	4.871794e-01	3.417642e+15	4.687594e+15	3.631780e+14	2.117758e+04	6.018259e+03	3.395731e+03	0	2.315061e-03
1.600000e+08	2.362731e+14	0.000000e+00	4.871794e-01	3.210812e+15	4.498504e+15	3.612247e+14	2.089674e+04	5.996005e+03	3.383175e+03	0	2.265144e-03
1.700000e+08	2.218269e+14	0.000000e+00	4.871794e-01	3.023592e+15	4.317511e+15	3.592857e+14	2.063257e+04	5.973223e+03	3.370320e+03	0	2.218005e-03
1.800000e+08	2.087129e+14	0.000000e+00	4.871794e-01	2.853552e+15	4.145175e+15	3.573610e+14	2.038352e+04	5.950196e+03	3.357328e+03	0	2.173406e-03
1.900000e+08	1.967703e+14	0.000000e+00	4.871794e-01	2.698627e+15	3.981680e+15	3.554506e+14	2.014823e+04	5.927137e+03	3.344317e+03	0	2.131135e-03
2.000000e+08	1.858621e+14	0.000000e+00	4.871794e-01	2.557049e+15	3.826961e+15	3.535541e+14	1.992549e+04	5.904202e+03	3.331376e+03	0	2.091003e-03
2.100000e+08	1.758702e+14	0.000000e+00	4.871794e-01	2.427299e+15	3.680789e+15	3.516716e+14	1.971424e+04	5.881508e+03	3.318571e+03	0	2.052840e-03
2.200000e+08	1.666932e+14	0.000000e+00	4.871794e-01	2.308071e+15	3.542833e+15	3.498030e+14	1.951353e+04	5.859139e+03	3.305950e+03	0	2.016494e-03
2.300000e+08	1.582430e+14	0.000000e+00	4.871794e-01	2.198231e+15	3.412701e+15	3.479480e+14	1.932253e+04	5.837155e+03	3.293546e+03	0	1.981828e-03
2.400000e+08	1.504435e+14	0.000000e+00	4.871794e-01	2.096796e+15	3.289971e+15	3.461067e+14	1.914048e+04	5.815599e+03	3.281383e+03	0	1.948717e-03
2.500000e+08	1.432279e+14	0.000000e+00	4.871794e-01	2.002908e+15	3.174211e+15	3.442788e+14	1.896671e+04	5.794499e+03	3.269477e+03	0	1.917051e-03
2.600000e+08	1.365381e+14	0.000000e+00	4.871794e-01	1.915816e+15	3.064992e+15	3.424643e+14	1.880061e+04	5.773872e+03	3.257839e+03	0	1.886727e-03
2.700000e+08	1.303229e+14	0.000000e+00	4.871794e-01	1.834862e+15	2.961897e+15	3.406631e+14	1.864162e+04	5.753727e+03	3.246472e+03	0	1.857653e-03
2.800000e+08	1.245374e+14	0.000000e+00	4.871794e-01	1.759465e+15	2.864525e+15	3.388751e+14	1.848927e+04	5.734067e+03	3.235379e+03	0	1.829747e-03
2.900000e+08	1.191417e+14	0.000000e+00	4.871794e-01	1.689111e+15	2.772497e+15	3.371001e+14	1.834309e+04	5.714890e+03	3.224559e+03	0	1.802931e-03
3.000000e+08	1.141007e+14	0.000000e+00	4.871794e-01	1.623347e+15	2.685456e+15	3.353380e+14	1.820268e+04	5.696193e+03	3.214009e+03	0	1.777135e-03
3.100000e+08	1.093830e+14	0.000000e+00	4.871794e-01	1.561769e+15	2.603066e+15	3.335888e+14	1.806767e+04	5.677966e+03	3.203725e+03	0	1.752297e-03
3.200000e+08	1.049607e+14	0.000000e+00	4.871794e-01	1.504017e+15	2.525015e+15	3.318522e+14	1.793772e+04	5.660200e+03	3.193701e+03	0	1.728357e-03
3.300000e+08	1.008090e+14	0.000000e+00	4.871794e-01	1.449769e+15	2.451012e+15	3.301284e+14	1.781252e+04	5.642885e+03	3.183931e+03	0	1.705261e-03
3.400000e+08	9.690547e+13	0.000000e+00	4.871794e-01	1.398737e+15	2.380787e+15	3.284170e+14	1.769178e+04	5.626008e+03	3.174408e+03	0	1.682960e-03
3.500000e+08	9.323013e+13	0.000000e+00	4.871794e-01	1.350662e+15	2.314091e+15	3.267181e+14	1.757524e+04	5.609557e+03	3.165126e+03	0	1.661409e-03
3.600000e+08	8.976495e+13	0.000000e+00	4.871794e-01	1.305312e+15	2.250691e+15	3.250314e+14	1.746266e+04	5.593519e+03	3.156077e+03	0	1.640565e-03
3.700000e+08	8.649367e+13	0.000000e+00	4.871794e-01	1.262477e+15	2.190373e+15	3.233570e+14	1.735382e+04	5.577882e+03	3.147254e+03	0	1.620389e-03
3.800000e+08	8.340160e+13	0.000000e+00	4.871794e-01	1.221967e+15	2.132939e+15	3.216947e+14	1.724852e+04	5.562632e+03	3.138649e+03	0	1.600845e-03
3.900000e+08	8.047544e+13	0.000000e+00	4.871794e-01	1.183609e+15	2.078205e+15	3.200444e+14	1.714656e+04	5.547757e+03	3.130256e+03	0	1.581899e-03
4.000000e+08	7.770311e+13	0.000000e+00	4.871794e-01	1.147249e+15	2.026000e+15	3.184061e+14	1.704776e+04	5.533244e+03	3.122067e+03	0	1.563522e-03
4.100000e+08	7.507363e+13	0.000000e+00	4.871794e-01	1.112743e+15	1.976168e+15	3.167795e+14	1.695197e+04	5.519081e+03	3.114076e+03	0	1.545682e-03
4.200000e+08	7.257701e+13	0.000000e+00	4.871794e-01	1.079963e+15	1.928563e+15	3.151647e+14	1.685903e+04	5.505256e+03	3.106275e+03	0	1.528354e-03
4.300000e+08	7.020411e+13	0.000000e+00	4.871794e-01	1.048790e+15	1.883049e+15	3.135615e+14	1.676881e+04	5.491756e+03	3.098658e+03	0	1.511513e-03
4.400000e+08	6.794659e+13	0.000000e+00	4.871794e-01	1.019117e+15	1.839502e+15	3.119698e+14	1.668116e+04	5.478572e+03	3.091219e+03	0	1.495135e-03
4.500000e+08	6.579681e+13	0.000000e+00	4.871794e-01	9.908443e+14	1.797806e+15	3.103896e+14	1.659597e+04	5.465691e+03	3.083952e+03	0	1.479197e-03
4.600000e+08	6.374777e+13	0.000000e+00	4.871794e-01	9.638818e+14	1.757852e+15	3.088207e+14	1.651313e+04	5.453104e+03	3.076849e+03	0	1.463680e-03
4.700000e+08	6.179303e+13	0.000000e+00	4.871794e-01	9.381460e+14	1.719540e+15	3.072631e+14	1.643251e+04	5.440801e+03	3.069907e+03	0	1.448564e-03
4.800000e+08	5.992667e+13	0.000000e+00	4.871794e-01	9.135603e+14	1.682778e+15	3.057167e+14	1.635403e+04	5.428770e+03	3.063119e+03	0	1.433830e-03
4.900000e+08	5.814324e+13	0.000000e+00	4.871794e-01	8.900539e+14	1.647479e+15	3.041813e+14	1.627759e+04	5.417004e+03	3.056481e+03	0	1.419463e-03
5.000000e+08	5.643770e+13	0.000000e+00	4.871794e-01	8.675618e+14	1.613561e+15	3.026568e+14	1.620310e+04	5.405494e+03	3.049986e+03	0	1.405446e-03
5.100000e+08	5.480540e+13	0.000000e+00	4.871794e-01	8.460236e+14	1.580951e+15	3.011433e+14	1.613048e+04	5.394229e+03	3.043630e+03	0	1.391764e-03
5.200000e+08	5.324205e+13	0.000000e+00	4.871794e-01	8.253837e+14	1.549577e+15	2.996406e+14	1.605964e+04	5.383203e+03	3.037408e+03	0	1.378402e-03
5.300000e+08	5.174366e+13	0.000000e+00	4.871794e-01	8.055903e+14	1.519374e+15	2.981486e+14	1.599052e+04	5.372407e+03	3.031317e+03	0	1.365348e-03
5.400000e+08	5.030653e+13	0.000000e+00	4.871794e-01	7.865957e+14	1.490281e+15	2.966672e+14	1.592304e+04	5.361834e+03	3.025351e+03	0	1.352589e-03
5.500000e+08	4.892724e+13	0.000000e+00	4.871794e-01	7.683553e+14	1.462240e+15	2.951964e+14	1.585715e+04	5.351475e+03	3.019507e+03	0	1.340113e-03
5.600000e+08	4.760260e+13	0.000000e+00	4.871794e-01	7.508278e+14	1.435199e+15	2.937360e+14	1.579276e+04	5.341325e+03	3.013780e+03	0	1.327908e-03
5.700000e+08	4.632964e+13	0.000000e+00	4.871794e-01	7.339747e+14	1.409107e+15	2.922860e+14	1.572984e+04	5.331377e+03	3.008166e+03	0	1.315964e-03
5.800000e+08	4.510561e+13	0.000000e+00	4.871794e-01	7.177601e+14	1.383917e+15	2.908463e+14	1.566832e+04	5.321623e+03	3.002663e+03	0	1.304271e-03
5.900000e+08	4.392791e+13	0.000000e+00	4.871794e-01	7.021506e+14	1.359585e+15	2.894167e+14	1.560814e+04	5.312058e+03	2.997266e+03	0	1.292820e-03
6.000000e+08	4.279414e+13	0.000000e+00	4.871794e-01	6.871148e+14	1.336069e+15	2.879973e+14	1.554927e+04	5.302676e+03	2.991972e+03	0	1.281600e-03
6.100000e+08	4.170206e+13	0.000000e+00	4.871794e-01	6.726238e+14	1.313331e+15	2.865880e+14	1.549165e+04	5.293471e+03	2.986778e+03	0	1.270604e-03
6.200000e+08	4.064956e+13	0.000000e+00	4.871794e-01	6.586499e+14	1.291335e+15	2.851886e+14	1.543523e+04	5.284437e+03	2.981681e+03	0	1.259823e-03
6.300000e+08	3.963467e+13	0.000000e+00	4.871794e-01	6.451678e+14	1.270045e+15	2.837991e+14	1.537998e+04	5.275570e+03	2.976678e+03	0	1.249250e-03
6.400000e+08	3.865554e+13	0.000000e+00	4.871794e-01	6.321534e+14	1.249430e+15	2.824194e+14	1.532585e+04	5.266864e+03	2.971765e+03	0	1.238877e-03
6.500000e+08	3.771045e+13	0.000000e+00	4.871794e-01	6.195842e+14	1.229458e+15	2.810493e+14	1.527281e+04	5.258314e+03	2.966941e+03	0	1.228697e-03
6.600000e+08	3.679776e+13	0.000000e+00	4.871794e-01	6.074391e+14	1.210102e+15	2.796890e+14	1.522081e+04	5.249916e+03	2.962203e+03	0	1.218704e-03
6.700000e+08	3.591595e+13	0.000000e+00	4.871794e-01	5.956982e+14	1.191334e+15	2.783382e+14	1.516982e+04	5.241665e+03	2.957547e+03	0	1.208890e-03
6.800000e+08	3.506358e+13	0.000000e+00	4.871794e-01	5.843428e+14	1.173129e+15	2.769969e+14	1.511982e+04	5.233557e+03	2.952972e+03	0	1.199250e-03
6.900000e+08	3.423931e+13	0.000000e+00	4.871794e-01	5.733553e+14	1.155461e+15	2.756650e+14	1.507076e+04	5.225588e+03	2.948476e+03	0	1.189778e-03
7.000000e+08	3.344185e+13	0.000000e+00	4.871794e-01	5.627192e+14	1.138309e+15	2.743424e+14	1.502262e+04	5.217753e+03	2.944055e+03	0	1.180469e-03
7.100000e+08	3.267000e+13	0.000000e+00	4.871794e-01	5.524189e+14	1.121651e+15	2.730291e+14	1.497537e+04	5.210049e+03	2.939709e+03	0	1.171316e-03
7.200000e+08	3.192264e+13	0.000000e+00	4.871794e-01	5.424395e+14	1.105467e+15	2.717250e+14	1.492897e+04	5.202473e+03	2.935434e+03	0	1.162315e-03
7.300000e+08	3.119870e+13	0.000000e+00	4.871794e-01	5.327672e+14	1.089736e+15	2.704300e+14	1.488341e+04	5.195020e+03	2.931228e+03	0	1.153462e-03
7.400000e+08	3.049715e+13	0.000000e+00	4.871794e-01	5.233888e+14	1.074440e+15	2.691440e+14	1.483866e+04	5.187687e+03	2.927091e+03	0	1.144750e-03
7.500000e+08	2.981706e+13	0.000000e+00	4.871794e-01	5.142919e+14	1.059563e+15	2.678670e+14	1.479469e+04	5.180471e+03	2.923020e+03	0	1.136177e-03
7.600000e+08	2.915751e+13	0.000000e+00	4.871794e-01	5.054647e+14	1.045087e+15	2.665989e+14	1.475148e+04	5.173369e+03	2.919012e+03	0	1.127737e-03
7.700000e+08	2.851765e+13	0.000000e+00	4.871794e-01	4.968961e+14	1.030997e+15	2.653396e+14	1.470901e+04	5.166378e+03	2.915068e+03	0	1.119427e-03
7.800000e+08	2.789667e+13	0.000000e+00	4.871794e-01	4.885755e+14	1.017278e+15	2.640891e+14	1.466725e+04	5.159494e+03	2.911183e+03	0	1.111242e-03
7.900000e+08	2.729380e+13	0.000000e+00	4.871794e-01	4.804928e+14	1.003916e+15	2.628472e+14	1.462619e+04	5.152715e+03	2.907359e+03	0	1.103178e-03
8.000000e+08	2.670831e+13	0.000000e+00	4.871794e-01	4.726387e+14	9.908965e+14	2.616140e+14	1.458580e+04	5.146039e+03	2.903591e+03	0	1.095233e-03
8.100000e+08	2.613952e+13	0.000000e+00	4.871794e-01	4.650040e+14	9.782077e+14	2.603893e+14	1.454607e+04	5.139462e+03	2.899880e+03	0	1.087402e-03
8.200000e+08	2.558676e+13	0.000000e+00	4.871794e-01	4.575803e+14	9.658371e+14	2.591731e+14	1.450698e+04	5.132981e+03	2.896224e+03	0	1.079683e-03
8.300000e+08	2.504942e+13	0.000000e+00	4.871794e-01	4.503594e+14	9.537730e+14	2.579653e+14	1.446851e+04	5.126595e+03	2.892621e+03	0	1.072071e-03
8.400000e+08	2.452689e+13	0.000000e+00	4.871794e-01	4.433335e+14	9.420043e+14	2.567658e+14	1.443064e+04	5.120302e+03	2.889070e+03	0	1.064564e-03
8.500000e+08	2.401862e+13	0.000000e+00	4.871794e-01	4.364952e+14	9.305204e+14	2.555747e+14	1.439336e+04	5.114098e+03	2.885569e+03	0	1.057159e-03
8.600000e+08	2.352407e+13	0.000000e+00	4.871794e-01	4.298377e+14	9.193114e+14	2.543917e+14	1.435666e+04	5.107981e+03	2.882118e+03	0	1.049853e-03
8.700000e+08	2.304273e+13	0.000000e+00	4.871794e-01	4.233542e+14	9.083674e+14	2.532169e+14	1.432051e+04	5.101950e+03	2.878715e+03	0	1.042643e-03
8.800000e+08	2.257411e+13	0.000000e+00	4.871794e-01	4.170383e+14	8.976794e+14	2.520501e+14	1.428490e+04	5.096002e+03	2.875359e+03	0	1.035527e-03
8.900000e+08	2.211775e+13	0.000000e+00	4.871794e-01	4.108840e+14	8.872386e+14	2.508914e+14	1.424982e+04	5.090136e+03	2.872049e+03	0	1.028501e-03
9.000000e+08	2.167320e+13	0.000000e+00	4.871794e-01	4.048855e+14	8.770365e+14	2.497406e+14	1.421526e+04	5.084349e+03	2.868783e+03	0	1.021564e-03
9.100000e+08	2.124004e+13	0.000000e+00	4.871794e-01	3.990372e+14	8.670652e+14	2.485977e+14	1.418119e+04	5.078639e+03	2.865562e+03	0	1.014712e-03
9.200000e+08	2.081787e+13	0.000000e+00	4.871794e-01	3.933340e+14	8.573169e+14	2.474626e+14	1.414762e+04	5.073005e+03	2.862383e+03	0	1.007944e-03
9.300000e+08	2.040631e+13	0.000000e+00	4.871794e-01	3.877707e+14	8.477844e+14	2.463353e+14	1.411453e+04	5.067445e+03	2.859246e+03	0	1.001258e-03
9.400000e+08	2.000498e+13	0.000000e+00	4.871794e-01	3.823427e+14	8.384605e+14	2.452157e+14	1.408190e+04	5.061957e+03	2.856149e+03	0	9.946503e-04
9.500000e+08	1.961354e+13	0.000000e+00	4.871794e-01	3.770451e+14	8.293385e+14	2.441038e+14	1.404972e+04	5.056539e+03	2.853092e+03	0	9.881200e-04
9.600000e+08	1.923164e+13	0.000000e+00	4.871794e-01	3.718737e+14	8.204121e+14	2.429994e+14	1.401799e+04	5.051190e+03	2.850074e+03	0	9.816647e-04
9.700000e+08	1.885897e+13	0.000000e+00	4.871794e-01	3.668243e+14	8.116749e+14	2.419026e+14	1.398669e+04	5.045909e+03	2.847095e+03	0	9.752825e-04
9.800000e+08	1.849522e+13	0.000000e+00	4.871794e-01	3.618928e+14	8.031211e+14	2.408132e+14	1.395582e+04	5.040694e+03	2.844152e+03	0	9.689713e-04
9.900000e+08	1.814010e+13	0.000000e+00	4.871794e-01	3.570754e+14	7.947449e+14	2.397312e+14	1.392536e+04	5.035543e+03	2.841245e+03	0	9.627295e-04
1.000000e+09	1.779331e+13	0.000000e+00	4.871794e-01	3.523683e+14	7.865410e+14	2.386566e+14	1.389530e+04	5.030455e+03	2.838375e+03	0	9.565551e-04
1.010000e+09	1.745460e+13	0.000000e+00	4.871794e-01	3.477680e+14	7.785040e+14	2.375892e+14	1.386564e+04	5.025429e+03	2.835539e+03	0	9.504465e-04
1.020000e+09	1.712370e+13	0.000000e+00	4.871794e-01	3.432711e+14	7.706290e+14	2.365291e+14	1.383636e+04	5.020463e+03	2.832737e+03	0	9.444020e-04
1.030000e+09	1.680035e+13	0.000000e+00	4.871794e-01	3.388744e+14	7.629110e+14	2.354761e+14	1.380746e+04	5.015555e+03	2.829968e+03	0	9.384199e-04
1.040000e+09	1.648434e+13	0.000000e+00	4.871794e-01	3.345746e+14	7.553454e+14	2.344303e+14	1.377893e+04	5.010706e+03	2.827232e+03	0	9.324987e-04
1.050000e+09	1.617541e+13	0.000000e+00	4.871794e-01	3.303689e+14	7.479278e+14	2.333915e+14	1.375076e+04	5.005913e+03	2.824527e+03	0	9.266368e-04
1.060000e+09	1.587336e+13	0.000000e+00	4.871794e-01	3.262543e+14	7.406539e+14	2.323598e+14	1.372294e+04	5.001176e+03	2.821854e+03	0	9.208327e-04
1.070000e+09	1.557798e+13	0.000000e+00	4.871794e-01	3.222281e+14	7.335194e+14	2.313350e+14	1.369546e+04	4.996492e+03	2.819212e+03	0	9.150849e-04
1.080000e+09	1.528905e+13	0.000000e+00	4.871794e-01	3.182875e+14	7.265206e+14	2.303171e+14	1.366833e+04	4.991862e+03	2.816599e+03	0	9.093922e-04
1.090000e+09	1.500639e+13	0.000000e+00	4.871794e-01	3.144301e+14	7.196533e+14	2.293060e+14	1.364152e+04	4.987284e+03	2.814016e+03	0	9.037530e-04
1.100000e+09	1.472980e+13	0.000000e+00	4.871794e-01	3.106533e+14	7.129142e+14	2.283017e+14	1.361504e+04	4.982757e+03	2.811461e+03	0	8.981661e-04
1.110000e+09	1.445911e+13	0.000000e+00	4.871794e-01	3.069548e+14	7.062994e+14	2.273042e+14	1.358887e+04	4.978279e+03	2.808935e+03	0	8.926302e-04
1.120000e+09	1.419414e+13	0.000000e+00	4.871794e-01	3.033323e+14	6.998057e+14	2.263133e+14	1.356302e+04	4.973851e+03	2.806436e+03	0	8.871439e-04
1.130000e+09	1.393473e+13	0.000000e+00	4.871794e-01	2.997836e+14	6.934296e+14	2.253291e+14	1.353746e+04	4.969470e+03	2.803965e+03	0	8.817062e-04
1.140000e+09	1.368071e+13	0.000000e+00	4.871794e-01	2.963067e+14	6.871682e+14	2.243514e+14	1.351221e+04	4.965136e+03	2.801519e+03	0	8.763157e-04
1.150000e+09	1.343193e+13	0.000000e+00	4.871794e-01	2.928993e+14	6.810181e+14	2.233803e+14	1.348725e+04	4.960849e+03	2.799100e+03	0	8.709713e-04
1.160000e+09	1.318824e+13	0.000000e+00	4.871794e-01	2.895597e+14	6.749766e+14	2.224156e+14	1.346257e+04	4.956607e+03	2.796707e+03	0	8.656718e-04
1.170000e+09	1.294949e+13	0.000000e+00	4.871794e-01	2.862858e+14	6.690406e+14	2.214574e+14	1.343818e+04	4.952409e+03	2.794338e+03	0	8.604163e-04
1.180000e+09	1.271555e+13	0.000000e+00	4.871794e-01	2.830760e+14	6.632076e+14	2.205056e+14	1.341406e+04	4.948254e+03	2.791994e+03	0	8.552035e-04
1.190000e+09	1.248629e+13	0.000000e+00	4.871794e-01	2.799283e+14	6.574747e+14	2.195601e+14	1.339020e+04	4.944142e+03	2.789674e+03	0	8.500324e-04
1.200000e+09	1.226157e+13	0.000000e+00	4.871794e-01	2.768412e+14	6.518394e+14	2.186208e+14	1.336662e+04	4.940072e+03	2.787377e+03	0	8.449021e-04
1.210000e+09	1.204126e+13	0.000000e+00	4.871794e-01	2.738129e+14	6.462993e+14	2.176878e+14	1.334329e+04	4.936043e+03	2.785104e+03	0	8.398114e-04
1.220000e+09	1.182526e+13	0.000000e+00	4.871794e-01	2.708420e+14	6.408518e+14	2.167610e+14	1.332021e+04	4.932055e+03	2.782854e+03	0	8.347594e-04
1.230000e+09	1.161345e+13	0.000000e+00	4.871794e-01	2.679268e+14	6.354948e+14	2.158403e+14	1.329739e+04	4.928106e+03	2.780625e+03	0	8.297452e-04
1.240000e+09	1.140570e+13	0.000000e+00	4.871794e-01	2.650659e+14	6.302259e+14	2.149257e+14	1.327481e+04	4.924196e+03	2.778419e+03	0	8.247678e-04
1.250000e+09	1.120192e+13	0.000000e+00	4.871794e-01	2.622578e+14	6.250429e+14	2.140171e+14	1.325247e+04	4.920324e+03	2.776234e+03	0	8.198263e-04
1.260000e+09	1.100199e+13	0.000000e+00	4.871794e-01	2.595013e+14	6.199439e+14	2.131145e+14	1.323037e+04	4.916489e+03	2.774071e+03	0	8.149197e-04
1.270000e+09	1.080582e+13	0.000000e+00	4.871794e-01	2.567949e+14	6.149266e+14	2.122179e+14	1.320849e+04	4.912691e+03	2.771928e+03	0	8.100473e-04
1.280000e+09	1.061332e+13	0.000000e+00	4.871794e-01	2.541374e+14	6.099892e+14	2.113271e+14	1.318685e+04	4.908930e+03	2.769805e+03	0	8.052081e-04
1.290000e+09	1.042438e+13	0.000000e+00	4.871794e-01	2.515276e+14	6.051297e+14	2.104422e+14	1.316543e+04	4.905204e+03	2.767703e+03	0	8.004013e-04
1.300000e+09	1.023891e+13	0.000000e+00	4.871794e-01	2.489641e+14	6.003463e+14	2.095631e+14	1.314422e+04	4.901512e+03	2.765620e+03	0	7.956260e-04
1.310000e+09	1.005683e+13	0.000000e+00	4.871794e-01	2.464460e+14	5.956372e+14	2.086898e+14	1.312324e+04	4.897855e+03	2.763557e+03	0	7.908816e-04
1.320000e+09	9.878053e+12	0.000000e+00	4.871794e-01	2.439719e+14	5.910006e+14	2.078222e+14	1.310246e+04	4.894232e+03	2.761512e+03	0	7.861671e-04
1.330000e+09	9.702492e+12	0.000000e+00	4.871794e-01	2.415409e+14	5.864349e+14	2.069603e+14	1.308189e+04	4.890642e+03	2.759487e+03	0	7.814817e-04
1.340000e+09	9.530070e+12	0.000000e+00	4.871794e-01	2.391519e+14	5.819385e+14	2.061040e+14	1.306153e+04	4.887084e+03	2.757479e+03	0	7.768248e-04
1.350000e+09	9.360708e+12	0.000000e+00	4.871794e-01	2.368039e+14	5.775097e+14	2.052533e+14	1.304137e+04	4.883559e+03	2.755490e+03	0	7.721955e-04
1.360000e+09	9.194331e+12	0.000000e+00	4.871794e-01	2.344958e+14	5.731471e+14	2.044082e+14	1.302140e+04	4.880065e+03	2.753519e+03	0	7.675932e-04
1.370000e+09	9.030868e+12	0.000000e+00	4.871794e-01	2.322267e+14	5.688491e+14	2.035685e+14	1.300163e+04	4.876601e+03	2.751565e+03	0	7.630170e-04
1.380000e+09	8.870246e+12	0.000000e+00	4.871794e-01	2.299957e+14	5.646143e+14	2.027343e+14	1.298205e+04	4.873169e+03	2.749628e+03	0	7.584663e-04
1.390000e+09	8.712399e+12	0.000000e+00	4.871794e-01	2.278019e+14	5.604413e+14	2.019055e+14	1.296266e+04	4.869766e+03	2.747708e+03	0	7.539403e-04
1.400000e+09	8.557260e+12	0.000000e+00	4.871794e-01	2.256444e+14	5.563287e+14	2.010821e+14	1.294345e+04	4.866393e+03	2.745804e+03	0	7.494385e-04
1.410000e+09	8.404765e+12	0.000000e+00	4.871794e-01	2.235224e+14	5.522752e+14	2.002641e+14	1.292442e+04	4.863048e+03	2.743917e+03	0	7.449599e-04
1.420000e+09	8.254851e+12	0.000000e+00	4.871794e-01	2.214350e+14	5.482796e+14	1.994513e+14	1.290557e+04	4.859732e+03	2.742046e+03	0	7.405041e-04
1.430000e+09	8.107458e+12	0.000000e+00	4.871794e-01	2.193814e+14	5.443406e+14	1.986438e+14	1.288689e+04	4.856444e+03	2.740191e+03	0	7.360703e-04
1.440000e+09	7.962528e+12	0.000000e+00	4.871794e-01	2.173609e+14	5.404569e+14	1.978415e+14	1.286839e+04	4.853184e+03	2.738352e+03	0	7.316579e-04
1.450000e+09	7.820003e+12	0.000000e+00	4.871794e-01	2.153727e+14	5.366275e+14	1.970443e+14	1.285006e+04	4.849951e+03	2.736527e+03	0	7.272662e-04
1.460000e+09	7.679830e+12	0.000000e+00	4.871794e-01	2.134161e+14	5.328511e+14	1.962523e+14	1.283190e+04	4.846745e+03	2.734718e+03	0	7.228945e-04
1.470000e+09	7.541953e+12	0.000000e+00	4.871794e-01	2.114903e+14	5.291267e+14	1.954654e+14	1.281390e+04	4.843565e+03	2.732924e+03	0	7.185423e-04
1.480000e+09	7.406322e+12	0.000000e+00	4.871794e-01	2.095947e+14	5.254532e+14	1.946836e+14	1.279606e+04	4.840411e+03	2.731144e+03	0	7.142089e-04
1.490000e+09	7.272885e+12	0.000000e+00	4.871794e-01	2.077287e+14	5.218295e+14	1.939068e+14	1.277838e+04	4.837282e+03	2.729379e+03	0	7.098937e-04
1.500000e+09	7.141594e+12	0.000000e+00	4.871794e-01	2.058915e+14	5.182546e+14	1.931349e+14	1.276086e+04	4.834179e+03	2.727628e+03	0	7.055960e-04
1.510000e+09	7.012401e+12	0.000000e+00	4.871794e-01	2.040825e+14	5.147275e+14	1.923680e+14	1.274349e+04	4.831100e+03	2.725891e+03	0	7.013153e-04
1.520000e+09	6.885259e+12	0.000000e+00	4.871794e-01	2.023011e+14	5.112472e+14	1.916060e+14	1.272628e+04	4.828046e+03	2.724168e+03	0	6.970509e-04
1.530000e+09	6.760125e+12	0.000000e+00	4.871794e-01	2.005468e+14	5.078129e+14	1.908489e+14	1.270921e+04	4.825015e+03	2.722458e+03	0	6.928023e-04
1.540000e+09	6.636953e+12	0.000000e+00	4.871794e-01	1.988189e+14	5.044235e+14	1.900966e+14	1.269230e+04	4.822009e+03	2.720761e+03	0	6.885688e-04
1.550000e+09	6.515702e+12	0.000000e+00	4.871794e-01	1.971169e+14	5.010783e+14	1.893491e+14	1.267552e+04	4.819025e+03	2.719078e+03	0	6.843498e-04
1.560000e+09	6.396331e+12	0.000000e+00	4.871794e-01	1.954403e+14	4.977763e+14	1.886063e+14	1.265889e+04	4.816065e+03	2.717408e+03	0	6.801448e-04
1.570000e+09	6.278798e+12	0.000000e+00	4.871794e-01	1.937884e+14	4.945167e+14	1.878683e+14	1.264241e+04	4.813127e+03	2.715750e+03	0	6.759531e-04
1.580000e+09	6.163066e+12	0.000000e+00	4.871794e-01	1.921608e+14	4.912986e+14	1.871350e+14	1.262606e+04	4.810212e+03	2.714105e+03	0	6.717742e-04
1.590000e+09	6.049095e+12	0.000000e+00	4.871794e-01	1.905570e+14	4.881213e+14	1.864063e+14	1.260984e+04	4.807318e+03	2.712472e+03	0	6.676075e-04
1.600000e+09	5.936850e+12	0.000000e+00	4.871794e-01	1.889764e+14	4.849841e+14	1.856822e+14	1.259377e+04	4.804447e+03	2.710852e+03	0	6.634524e-04
1.610000e+09	5.826293e+12	0.000000e+00	4.871794e-01	1.874187e+14	4.818860e+14	1.849627e+14	1.257782e+04	4.801596e+03	2.709244e+03	0	6.593082e-04
1.620000e+09	5.717390e+12	0.000000e+00	4.871794e-01	1.858833e+14	4.788264e+14	1.842477e+14	1.256201e+04	4.798767e+03	2.707647e+03	0	6.551745e-04
1.630000e+09	5.610108e+12	0.000000e+00	4.871794e-01	1.843698e+14	4.758046e+14	1.835373e+14	1.254633e+04	4.795958e+03	2.706063e+03	0	6.510507e-04
1.640000e+09	5.504411e+12	0.000000e+00	4.871794e-01	1.828777e+14	4.728199e+14	1.828313e+14	1.253077e+04	4.793170e+03	2.704489e+03	0	6.469361e-04
1.650000e+09	5.400269e+12	0.000000e+00	4.871794e-01	1.814067e+14	4.698715e+14	1.821298e+14	1.251534e+04	4.790402e+03	2.702928e+03	0	6.428301e-04
1.660000e+09	5.297650e+12	0.000000e+00	4.871794e-01	1.799562e+14	4.669588e+14	1.814327e+14	1.250003e+04	4.787654e+03	2.701377e+03	0	6.387322e-04
1.670000e+09	5.196523e+12	0.000000e+00	4.871794e-01	1.785260e+14	4.640812e+14	1.807400e+14	1.248484e+04	4.784926e+03	2.699838e+03	0	6.346418e-04
1.680000e+09	5.096858e+12	0.000000e+00	4.871794e-01	1.771155e+14	4.612380e+14	1.800516e+14	1.246978e+04	4.782217e+03	2.698309e+03	0	6.305583e-04
1.690000e+09	4.998626e+12	0.000000e+00	4.871794e-01	1.757244e+14	4.584286e+14	1.793675e+14	1.245483e+04	4.779527e+03	2.696791e+03	0	6.264810e-04
1.700000e+09	4.901798e+12	0.000000e+00	4.871794e-01	1.743524e+14	4.556524e+14	1.786877e+14	1.244000e+04	4.776856e+03	2.695284e+03	0	6.224095e-04
1.710000e+09	4.806348e+12	0.000000e+00	4.871794e-01	1.729990e+14	4.529087e+14	1.780122e+14	1.242529e+04	4.774203e+03	2.693788e+03	0	6.183430e-04
1.720000e+09	4.712247e+12	0.000000e+00	4.871794e-01	1.716639e+14	4.501971e+14	1.773408e+14	1.241069e+04	4.771569e+03	2.692301e+03	0	6.142810e-04
1.730000e+09	4.619470e+12	0.000000e+00	4.871794e-01	1.703467e+14	4.475169e+14	1.766737e+14	1.239620e+04	4.768953e+03	2.690825e+03	0	6.102228e-04
1.740000e+09	4.527991e+12	0.000000e+00	4.871794e-01	1.690472e+14	4.448677e+14	1.760107e+14	1.238183e+04	4.766355e+03	2.689359e+03	0	6.061679e-04
1.750000e+09	4.437786e+12	0.000000e+00	4.871794e-01	1.677649e+14	4.422488e+14	1.753518e+14	1.236756e+04	4.763775e+03	2.687903e+03	0	6.021155e-04
1.760000e+09	4.348829e+12	0.000000e+00	4.871794e-01	1.664996e+14	4.396597e+14	1.746971e+14	1.235340e+04	4.761212e+03	2.686457e+03	0	5.980651e-04
1.770000e+09	4.261096e+12	0.000000e+00	4.871794e-01	1.652509e+14	4.371000e+14	1.740463e+14	1.233935e+04	4.758666e+03	2.685021e+03	0	5.940161e-04
1.780000e+09	4.174566e+12	0.000000e+00	4.871794e-01	1.640185e+14	4.345690e+14	1.733996e+14	1.232540e+04	4.756137e+03	2.683594e+03	0	5.899676e-04
1.790000e+09	4.089214e+12	0.000000e+00	4.871794e-01	1.628021e+14	4.320665e+14	1.727569e+14	1.231156e+04	4.753624e+03	2.682176e+03	0	5.859191e-04
1.800000e+09	4.005019e+12	0.000000e+00	4.871794e-01	1.616015e+14	4.295917e+14	1.721182e+14	1.229781e+04	4.751129e+03	2.680768e+03	0	5.818700e-04
1.810000e+09	3.921960e+12	0.000000e+00	4.871794e-01	1.604162e+14	4.271444e+14	1.714834e+14	1.228417e+04	4.748649e+03	2.679369e+03	0	5.778194e-04
1.820000e+09	3.840015e+12	0.000000e+00	4.871794e-01	1.592462e+14	4.247240e+14	1.708526e+14	1.227063e+04	4.746186e+03	2.677979e+03	0	5.737667e-04
1.830000e+09	3.759163e+12	0.000000e+00	4.871794e-01	1.580910e+14	4.223300e+14	1.702256e+14	1.225719e+04	4.743739e+03	2.676598e+03	0	5.697112e-04
1.840000e+09	3.679385e+12	0.000000e+00	4.871794e-01	1.569504e+14	4.199621e+14	1.696025e+14	1.224385e+04	4.741307e+03	2.675227e+03	0	5.656522e-04
1.850000e+09	3.600661e+12	0.000000e+00	4.871794e-01	1.558242e+14	4.176199e+14	1.689832e+14	1.223060e+04	4.738891e+03	2.673863e+03	0	5.615888e-04
1.860000e+09	3.522972e+12	0.000000e+00	4.871794e-01	1.547121e+14	4.153028e+14	1.683677e+14	1.221744e+04	4.736491e+03	2.672509e+03	0	5.575204e-04
1.870000e+09	3.446299e+12	0.000000e+00	4.871794e-01	1.536138e+14	4.130105e+14	1.677559e+14	1.220438e+04	4.734105e+03	2.671163e+03	0	5.534461e-04
1.880000e+09	3.370623e+12	0.000000e+00	4.871794e-01	1.525291e+14	4.107426e+14	1.671479e+14	1.219142e+04	4.731734e+03	2.669825e+03	0	5.493652e-04
1.890000e+09	3.295928e+12	0.000000e+00	4.871794e-01	1.514578e+14	4.084987e+14	1.665436e+14	1.217854e+04	4.729379e+03	2.668496e+03	0	5.452767e-04
1.900000e+09	3.222195e+12	0.000000e+00	4.871794e-01	1.503996e+14	4.062785e+14	1.659430e+14	1.216575e+04	4.727038e+03	2.667175e+03	0	5.411799e-04
1.910000e+09	3.149408e+12	0.000000e+00	4.871794e-01	1.493543e+14	4.040815e+14	1.653461e+14	1.215306e+04	4.724711e+03	2.665862e+03	0	5.370739e-04
1.920000e+09	3.077550e+12	0.000000e+00	4.871794e-01	1.483216e+14	4.019073e+14	1.647528e+14	1.214045e+04	4.722398e+03	2.664557e+03	0	5.329577e-04
1.930000e+09	3.006604e+12	0.000000e+00	4.871794e-01	1.473015e+14	3.997557e+14	1.641631e+14	1.212792e+04	4.720100e+03	2.663260e+03	0	5.288305e-04
1.940000e+09	2.936555e+12	0.000000e+00	4.871794e-01	1.462935e+14	3.976262e+14	1.635770e+14	1.211549e+04	4.717815e+03	2.661971e+03	0	5.246912e-04
1.950000e+09	2.867387e+12	0.000000e+00	4.871794e-01	1.452976e+14	3.955186e+14	1.629944e+14	1.210314e+04	4.715545e+03	2.660690e+03	0	5.205389e-04
1.960000e+09	2.799085e+12	0.000000e+00	4.871794e-01	1.443136e+14	3.934324e+14	1.624153e+14	1.209087e+04	4.713288e+03	2.659417e+03	0	5.163725e-04
1.970000e+09	2.731634e+12	0.000000e+00	4.871794e-01	1.433412e+14	3.913674e+14	1.618398e+14	1.207868e+04	4.711044e+03	2.658151e+03	0	5.121909e-04
1.980000e+09	2.665019e+12	0.000000e+00	4.871794e-01	1.423802e+14	3.893233e+14	1.612677e+14	1.206658e+04	4.708814e+03	2.656892e+03	0	5.079931e-04
1.990000e+09	2.599226e+12	0.000000e+00	4.871794e-01	1.414304e+14	3.872996e+14	1.606991e+14	1.205456e+04	4.706597e+03	2.655641e+03	0	5.037779e-04
2.000000e+09	2.534242e+12	0.000000e+00	4.871794e-01	1.404917e+14	3.852962e+14	1.601339e+14	1.204262e+04	4.704392e+03	2.654398e+03	0	4.995440e-04
2.010000e+09	2.470052e+12	0.000000e+00	4.871794e-01	1.395639e+14	3.833127e+14	1.595721e+14	1.203076e+04	4.702201e+03	2.653161e+03	0	4.952902e-04
2.020000e+09	2.406644e+12	0.000000e+00	4.871794e-01	1.386468e+14	3.813488e+14	1.590137e+14	1.201897e+04	4.700022e+03	2.651932e+03	0	4.910153e-04
2.030000e+09	2.344004e+12	0.000000e+00	4.871794e-01	1.377402e+14	3.794042e+14	1.584586e+14	1.200726e+04	4.697856e+03	2.650710e+03	0	4.867177e-04
2.040000e+09	2.282119e+12	0.000000e+00	4.871794e-01	1.368440e+14	3.774786e+14	1.579068e+14	1.199563e+04	4.695703e+03	2.649495e+03	0	4.823961e-04
2.050000e+09	2.220977e+12	0.000000e+00	4.871794e-01	1.359580e+14	3.755718e+14	1.573584e+14	1.198408e+04	4.693562e+03	2.648286e+03	0	4.780490e-04
2.060000e+09	2.160566e+12	0.000000e+00	4.871794e-01	1.350819e+14	3.736835e+14	1.568132e+14	1.197260e+04	4.691432e+03	2.647085e+03	0	4.736748e-04
2.070000e+09	2.100874e+12	0.000000e+00	4.871794e-01	1.342158e+14	3.718133e+14	1.562713e+14	1.196119e+04	4.689315e+03	2.645891e+03	0	4.692717e-04
2.080000e+09	2.041889e+12	0.000000e+00	4.871794e-01	1.333593e+14	3.699612e+14	1.557326e+14	1.194986e+04	4.687210e+03	2.644703e+03	0	4.648381e-04
2.090000e+09	1.983599e+12	0.000000e+00	4.871794e-01	1.325124e+14	3.681267e+14	1.551971e+14	1.193860e+04	4.685117e+03	2.643521e+03	0	4.603721e-04
2.100000e+09	1.925994e+12	0.000000e+00	4.871794e-01	1.316749e+14	3.663096e+14	1.546648e+14	1.192740e+04	4.683035e+03	2.642347e+03	0	4.558718e-04
2.110000e+09	1.869062e+12	0.000000e+00	4.871794e-01	1.308466e+14	3.645097e+14	1.541356e+14	1.191629e+04	4.680964e+03	2.641179e+03	0	4.513349e-04
2.120000e+09	1.812792e+12	0.000000e+00	4.871794e-01	1.300274e+14	3.627268e+14	1.536096e+14	1.190524e+04	4.678905e+03	2.640017e+03	0	4.467595e-04
2.130000e+09	1.757175e+12	0.000000e+00	4.871794e-01	1.292172e+14	3.609606e+14	1.530867e+14	1.189425e+04	4.676858e+03	2.638862e+03	0	4.421430e-04
2.140000e+09	1.702199e+12	0.000000e+00	4.871794e-01	1.284158e+14	3.592108e+14	1.525669e+14	1.188334e+04	4.674821e+03	2.637712e+03	0	4.374830e-04
2.150000e+09	1.647855e+12	0.000000e+00	4.871794e-01	1.276232e+14	3.574773e+14	1.520502e+14	1.187250e+04	4.672796e+03	2.636570e+03	0	4.327769e-04
2.160000e+09	1.594132e+12	0.000000e+00	4.871794e-01	1.268390e+14	3.557598e+14	1.515365e+14	1.186172e+04	4.670781e+03	2.635433e+03	0	4.280217e-04
2.170000e+09	1.541021e+12	0.000000e+00	4.871794e-01	1.260633e+14	3.540581e+14	1.510258e+14	1.185101e+04	4.668777e+03	2.634302e+03	0	4.232145e-04
2.180000e+09	1.488512e+12	0.000000e+00	4.871794e-01	1.252959e+14	3.523719e+14	1.505182e+14	1.184036e+04	4.666784e+03	2.633178e+03	0	4.183520e-04
2.190000e+09	1.436597e+12	0.000000e+00	4.871794e-01	1.245366e+14	3.507012e+14	1.500135e+14	1.182978e+04	4.664802e+03	2.632059e+03	0	4.134307e-04
2.200000e+09	1.385265e+12	0.000000e+00	4.871794e-01	1.237854e+14	3.490455e+14	1.495118e+14	1.181926e+04	4.662830e+03	2.630947e+03	0	4.084466e-04
2.210000e+09	1.334507e+12	0.000000e+00	4.871794e-01	1.230421e+14	3.474048e+14	1.490130e+14	1.180880e+04	4.660868e+03	2.629840e+03	0	4.033958e-04
2.220000e+09	1.284316e+12	0.000000e+00	4.871794e-01	1.223066e+14	3.457789e+14	1.485171e+14	1.179841e+04	4.658917e+03	2.628739e+03	0	3.982738e-04
2.230000e+09	1.234682e+12	0.000000e+00	4.871794e-01	1.215788e+14	3.441675e+14	1.480241e+14	1.178808e+04	4.656976e+03	2.627643e+03	0	3.930757e-04
2.240000e+09	1.185598e+12	0.000000e+00	4.871794e-01	1.208586e+14	3.425705e+14	1.475340e+14	1.177781e+04	4.655045e+03	2.626554e+03	0	3.877961e-04
2.250000e+09	1.137053e+12	0.000000e+00	4.871794e-01	1.201458e+14	3.409876e+14	1.470468e+14	1.176760e+04	4.653124e+03	2.625470e+03	0	3.824294e-04
2.260000e+09	1.089041e+12	0.000000e+00	4.871794e-01	1.194404e+14	3.394187e+14	1.465624e+14	1.175746e+04	4.651212e+03	2.624391e+03	0	3.769692e-04
2.270000e+09	1.041554e+12	0.000000e+00	4.871794e-01	1.187422e+14	3.378636e+14	1.460808e+14	1.174737e+04	4.649311e+03	2.623319e+03	0	3.714083e-04
2.280000e+09	9.945832e+11	0.000000e+00	4.871794e-01	1.180512e+14	3.363221e+14	1.456020e+14	1.173734e+04	4.647419e+03	2.622251e+03	0	3.657391e-04
2.290000e+09	9.481214e+11	0.000000e+00	4.871794e-01	1.173672e+14	3.347940e+14	1.451259e+14	1.172737e+04	4.645537e+03	2.621189e+03	0	3.599529e-04
2.300000e+09	9.021611e+11	0.000000e+00	4.871794e-01	1.166901e+14	3.332792e+14	1.446527e+14	1.171745e+04	4.643664e+03	2.620132e+03	0	3.540401e-04
2.310000e+09	8.566948e+11	0.000000e+00	4.871794e-01	1.160199e+14	3.317774e+14	1.441821e+14	1.170760e+04	4.641801e+03	2.619081e+03	0	3.479897e-04
2.320000e+09	8.117153e+11	0.000000e+00	4.871794e-01	1.153564e+14	3.302886e+14	1.437143e+14	1.169780e+04	4.639946e+03	2.618035e+03	0	3.417897e-04
2.330000e+09	7.672154e+11	0.000000e+00	4.871794e-01	1.146996e+14	3.288125e+14	1.432491e+14	1.168805e+04	4.638102e+03	2.616994e+03	0	3.354261e-04
2.340000e+09	7.231883e+11	0.000000e+00	4.871794e-01	1.140493e+14	3.273491e+14	1.427867e+14	1.167836e+04	4.636266e+03	2.615958e+03	0	3.288831e-04
2.350000e+09	6.796270e+11	0.000000e+00	4.871794e-01	1.134054e+14	3.258980e+14	1.423269e+14	1.166873e+04	4.634439e+03	2.614927e+03	0	3.221424e-04
2.360000e+09	6.365248e+11	0.000000e+00	4.871794e-01	1.127679e+14	3.244592e+14	1.418697e+14	1.165915e+04	4.632621e+03	2.613902e+03	0	3.151830e-04
2.370000e+09	5.938751e+11	0.000000e+00	4.871794e-01	1.121367e+14	3.230326e+14	1.414152e+14	1.164962e+04	4.630813e+03	2.612881e+03	0	3.079802e-04
2.380000e+09	5.516714e+11	0.000000e+00	4.871794e-01	1.115117e+14	3.216179e+14	1.409632e+14	1.164015e+04	4.629012e+03	2.611865e+03	0	3.005047e-04
2.390000e+09	5.099074e+11	0.000000e+00	4.871794e-01	1.108927e+14	3.202150e+14	1.405139e+14	1.163073e+04	4.627221e+03	2.610855e+03	0	2.927216e-04
2.400000e+09	4.685769e+11	0.000000e+00	4.871794e-01	1.102798e+14	3.188238e+14	1.400671e+14	1.162136e+04	4.625438e+03	2.609849e+03	0	2.845889e-04
2.410000e+09	4.276736e+11	0.000000e+00	4.871794e-01	1.096728e+14	3.174441e+14	1.396228e+14	1.161204e+04	4.623664e+03	2.608848e+03	0	2.760547e-04
2.420000e+09	3.871915e+11	0.000000e+00	4.871794e-01	1.090717e+14	3.160758e+14	1.391811e+14	1.160278e+04	4.621898e+03	2.607851e+03	0	2.670544e-04
2.430000e+09	3.471249e+11	0.000000e+00	4.871794e-01	1.084763e+14	3.147187e+14	1.387419e+14	1.159356e+04	4.620141e+03	2.606860e+03	0	2.575054e-04
2.440000e+09	3.074677e+11	0.000000e+00	4.871794e-01	1.078866e+14	3.133728e+14	1.383052e+14	1.158440e+04	4.618392e+03	2.605873e+03	0	2.473001e-04
2.450000e+09	2.682145e+11	0.000000e+00	4.871794e-01	1.073026e+14	3.120378e+14	1.378709e+14	1.157529e+04	4.616651e+03	2.604891e+03	0	2.362935e-04
2.460000e+09	2.293594e+11	0.000000e+00	4.871794e-01	1.067241e+14	3.107136e+14	1.374391e+14	1.156622e+04	4.614919e+03	2.603913e+03	0	2.242831e-04
2.470000e+09	1.908971e+11	0.000000e+00	4.871794e-01	1.061510e+14	3.094002e+14	1.370098e+14	1.155720e+04	4.613194e+03	2.602940e+03	0	2.109717e-04
2.480000e+09	1.528221e+11	0.000000e+00	4.871794e-01	1.055833e+14	3.080973e+14	1.365828e+14	1.154824e+04	4.611478e+03	2.601972e+03	0	1.958934e-04
2.490000e+09	1.151292e+11	0.000000e+00	4.871794e-01	1.050210e+14	3.068049e+14	1.361583e+14	1.153932e+04	4.609769e+03	2.601008e+03	0	1.782459e-04
2.500000e+09	7.781303e+10	0.000000e+00	4.871794e-01	1.044638e+14	3.055228e+14	1.357362e+14	1.153044e+04	4.608068e+03	2.600048e+03	0	1.564258e-04
2.510000e+09	4.086856e+10	0.000000e+00	4.871794e-01	1.039119e+14	3.042510e+14	1.353164e+14	1.152162e+04	4.606376e+03	2.599093e+03	0	1.262082e-04
2.520000e+09	4.290720e+09	0.000000e+00	4.871794e-01	1.033651e+14	3.029892e+14	1.348990e+14	1.151284e+04	4.604690e+03	2.598142e+03	0	5.953894e-05
2.530000e+09	-3.192542e+10	0.000000e+00	4.871794e-01	1.028233e+14	3.017374e+14	1.344839e+14	1.150410e+04	4.603013e+03	2.597196e+03	0	nan
