#R=2.2705977911044308
#interptype='linear'
#name='planet'
#norm={'P': 1000000000000.0, 'R': 2.2705977911044308, 'M': 7.0, 'g': 13.346450227476403, 'rho': 1000.0}
#state=1
#composition
#layer0		Fe08FeS02		0.100000
#layer1		pv_fmw		0.900000
#layer2		ice_VII		0.500000
#Cols=
 #'ur		r		mr		rho		P		g		phi		T		composition'
#-end-
0.000000e+00	0.000000e+00	3.838621e-11	1.779364e+04	1.414690e+12	0.000000e+00	-4.094427e+08	5.000000e+03	0
5.025126e-03	1.141004e-02	4.785958e-06	1.779515e+04	1.415105e+12	-2.626201e-02	-4.094298e+08	5.000000e+03	0
1.005025e-02	2.282008e-02	3.821498e-05	1.779453e+04	1.414935e+12	3.170416e-01	-4.093901e+08	5.000000e+03	0
1.507538e-02	3.423012e-02	1.288510e-04	1.779221e+04	1.414297e+12	6.784998e-01	-4.093242e+08	5.000000e+03	0
2.010050e-02	4.564016e-02	3.052345e-04	1.778818e+04	1.413191e+12	1.041127e+00	-4.092326e+08	5.000000e+03	0
2.512563e-02	5.705020e-02	5.958659e-04	1.778245e+04	1.411619e+12	1.403798e+00	-4.091144e+08	5.000000e+03	0
3.015075e-02	6.846023e-02	1.029189e-03	1.777503e+04	1.409580e+12	1.766280e+00	-4.089699e+08	5.000000e+03	0
3.517588e-02	7.987027e-02	1.633576e-03	1.776590e+04	1.407078e+12	2.128469e+00	-4.087994e+08	5.000000e+03	0
4.020101e-02	9.128031e-02	2.437309e-03	1.775507e+04	1.404111e+12	2.490290e+00	-4.086027e+08	5.000000e+03	0
4.522613e-02	1.026904e-01	3.468565e-03	1.774254e+04	1.400683e+12	2.851676e+00	-4.083798e+08	5.000000e+03	0
5.025126e-02	1.141004e-01	4.755400e-03	1.772830e+04	1.396794e+12	3.212563e+00	-4.081306e+08	5.000000e+03	0
5.527638e-02	1.255104e-01	6.325729e-03	1.771237e+04	1.392446e+12	3.572888e+00	-4.078556e+08	5.000000e+03	0
6.030151e-02	1.369205e-01	8.207316e-03	1.769474e+04	1.387641e+12	3.932589e+00	-4.075544e+08	5.000000e+03	0
6.532663e-02	1.483305e-01	1.042775e-02	1.767540e+04	1.382382e+12	4.291604e+00	-4.072273e+08	5.000000e+03	0
7.035176e-02	1.597405e-01	1.301444e-02	1.765437e+04	1.376670e+12	4.649870e+00	-4.068742e+08	5.000000e+03	0
7.537688e-02	1.711506e-01	1.599458e-02	1.763163e+04	1.370509e+12	5.007325e+00	-4.064952e+08	5.000000e+03	0
8.040201e-02	1.825606e-01	1.939516e-02	1.760719e+04	1.363901e+12	5.363908e+00	-4.060904e+08	5.000000e+03	0
8.542714e-02	1.939707e-01	2.324291e-02	1.758105e+04	1.356850e+12	5.719556e+00	-4.056599e+08	5.000000e+03	0
9.045226e-02	2.053807e-01	2.756433e-02	1.755321e+04	1.349358e+12	6.074208e+00	-4.052036e+08	5.000000e+03	0
9.547739e-02	2.167907e-01	3.238564e-02	1.752366e+04	1.341430e+12	6.427800e+00	-4.047219e+08	5.000000e+03	0
1.005025e-01	2.282008e-01	3.773277e-02	1.749242e+04	1.333068e+12	6.780271e+00	-4.042145e+08	5.000000e+03	0
1.055276e-01	2.396108e-01	4.363135e-02	1.745947e+04	1.324276e+12	7.131559e+00	-4.036815e+08	5.000000e+03	0
1.105528e-01	2.510209e-01	5.010671e-02	1.742481e+04	1.315060e+12	7.481602e+00	-4.031238e+08	5.000000e+03	0
1.155779e-01	2.624309e-01	5.718381e-02	1.738846e+04	1.305422e+12	7.830337e+00	-4.025372e+08	5.000000e+03	0
1.206030e-01	2.738409e-01	6.488728e-02	1.735040e+04	1.295368e+12	8.177703e+00	-4.019351e+08	5.000000e+03	0
1.256281e-01	2.852510e-01	7.324139e-02	1.731063e+04	1.284901e+12	8.523636e+00	-4.012978e+08	5.000000e+03	0
1.306533e-01	2.966610e-01	8.227001e-02	1.726916e+04	1.274028e+12	8.868075e+00	-4.006424e+08	5.000000e+03	0
1.356784e-01	3.080711e-01	9.199660e-02	1.722598e+04	1.262753e+12	9.210958e+00	-3.999559e+08	5.000000e+03	0
1.407035e-01	3.194811e-01	1.024442e-01	1.718109e+04	1.251081e+12	9.552222e+00	-3.992472e+08	5.000000e+03	0
1.457286e-01	3.308911e-01	1.136355e-01	1.713449e+04	1.239017e+12	9.891804e+00	-3.985154e+08	5.000000e+03	0
1.507538e-01	3.423012e-01	1.255926e-01	1.708619e+04	1.226568e+12	1.022964e+01	-3.977585e+08	5.000000e+03	0
1.557789e-01	3.537112e-01	1.383372e-01	1.703617e+04	1.213738e+12	1.056567e+01	-3.969751e+08	5.000000e+03	0
1.608040e-01	3.651213e-01	1.518906e-01	1.698444e+04	1.200535e+12	1.089984e+01	-3.961705e+08	5.000000e+03	0
1.658291e-01	3.765313e-01	1.662733e-01	1.693100e+04	1.186964e+12	1.123207e+01	-3.953404e+08	5.000000e+03	0
1.708543e-01	3.879413e-01	1.815058e-01	1.687584e+04	1.173032e+12	1.156231e+01	-3.944866e+08	5.000000e+03	0
1.758794e-01	3.993514e-01	1.976075e-01	1.681897e+04	1.158744e+12	1.189049e+01	-3.936088e+08	5.000000e+03	0
1.809045e-01	4.107614e-01	2.145976e-01	1.676037e+04	1.144108e+12	1.221655e+01	-3.927074e+08	5.000000e+03	0
1.859296e-01	4.221714e-01	2.324947e-01	1.670006e+04	1.129131e+12	1.254043e+01	-3.917827e+08	5.000000e+03	0
1.909548e-01	4.335815e-01	2.513166e-01	1.663802e+04	1.113820e+12	1.286206e+01	-3.908347e+08	5.000000e+03	0
1.959799e-01	4.449915e-01	2.710808e-01	1.657425e+04	1.098182e+12	1.318138e+01	-3.899104e+08	5.000000e+03	0
2.010050e-01	4.564016e-01	2.918039e-01	1.650875e+04	1.082223e+12	1.349833e+01	-3.888691e+08	5.000000e+03	0
2.060302e-01	4.678116e-01	3.135021e-01	1.644152e+04	1.065953e+12	1.381285e+01	-3.878522e+08	5.000000e+03	0
2.110553e-01	4.792216e-01	3.361907e-01	1.637256e+04	1.049378e+12	1.412486e+01	-3.868124e+08	5.000000e+03	0
2.160804e-01	4.906317e-01	3.598844e-01	1.630186e+04	1.032507e+12	1.443432e+01	-3.857503e+08	5.000000e+03	0
2.211055e-01	5.020417e-01	3.845975e-01	1.622941e+04	1.015347e+12	1.474114e+01	-3.846659e+08	5.000000e+03	0
2.261307e-01	5.134518e-01	4.103431e-01	1.615521e+04	9.979066e+11	1.504527e+01	-3.835594e+08	5.000000e+03	0
2.311558e-01	5.248618e-01	4.371340e-01	1.607926e+04	9.801942e+11	1.534665e+01	-3.824310e+08	5.000000e+03	0
2.361809e-01	5.362718e-01	4.649819e-01	1.600156e+04	9.622184e+11	1.564520e+01	-3.812811e+08	5.000000e+03	0
2.412060e-01	5.476819e-01	4.938979e-01	1.592209e+04	9.439876e+11	1.594087e+01	-3.801091e+08	5.000000e+03	0
2.462312e-01	5.590919e-01	5.238925e-01	1.584085e+04	9.255106e+11	1.623359e+01	-3.789166e+08	5.000000e+03	0
2.512563e-01	5.705020e-01	5.549749e-01	1.575783e+04	9.067965e+11	1.652330e+01	-3.777030e+08	5.000000e+03	0
2.562814e-01	5.819120e-01	5.871541e-01	1.567304e+04	8.878543e+11	1.680992e+01	-3.764686e+08	5.000000e+03	0
2.613065e-01	5.933220e-01	6.204376e-01	1.558645e+04	8.686931e+11	1.709339e+01	-3.752138e+08	5.000000e+03	0
2.663317e-01	6.047321e-01	6.548326e-01	1.549807e+04	8.493224e+11	1.737365e+01	-3.739376e+08	5.000000e+03	0
2.713568e-01	6.161421e-01	6.903450e-01	1.540788e+04	8.297516e+11	1.765063e+01	-3.726423e+08	5.000000e+03	0
2.763819e-01	6.275522e-01	7.120124e-01	9.064505e+03	8.181876e+11	1.755066e+01	-3.713316e+08	5.000000e+03	0
2.814070e-01	6.389622e-01	7.343777e-01	9.022358e+03	8.067385e+11	1.746333e+01	-3.700236e+08	5.000000e+03	1
2.864322e-01	6.503722e-01	7.574483e-01	8.980343e+03	7.953957e+11	1.738767e+01	-3.687222e+08	5.000000e+03	1
2.914573e-01	6.617823e-01	7.812314e-01	8.938432e+03	7.841513e+11	1.732281e+01	-3.674267e+08	5.000000e+03	1
2.964824e-01	6.731923e-01	8.057338e-01	8.896600e+03	7.729980e+11	1.726795e+01	-3.661362e+08	5.000000e+03	1
3.015075e-01	6.846023e-01	8.309622e-01	8.854822e+03	7.619292e+11	1.722233e+01	-3.648499e+08	5.000000e+03	1
3.065327e-01	6.960124e-01	8.569229e-01	8.813077e+03	7.509388e+11	1.718529e+01	-3.635672e+08	5.000000e+03	1
3.115578e-01	7.074224e-01	8.836221e-01	8.771342e+03	7.400213e+11	1.715618e+01	-3.622875e+08	5.000000e+03	1
3.165829e-01	7.188325e-01	9.110658e-01	8.729599e+03	7.291718e+11	1.713444e+01	-3.610103e+08	5.000000e+03	1
3.216080e-01	7.302425e-01	9.392594e-01	8.687829e+03	7.183855e+11	1.711952e+01	-3.597349e+08	5.000000e+03	1
3.266332e-01	7.416525e-01	9.682083e-01	8.646014e+03	7.076584e+11	1.711092e+01	-3.584609e+08	5.000000e+03	1
3.316583e-01	7.530626e-01	9.979177e-01	8.604139e+03	6.969865e+11	1.710820e+01	-3.571878e+08	5.000000e+03	1
3.366834e-01	7.644726e-01	1.028392e+00	8.562188e+03	6.863665e+11	1.711091e+01	-3.559151e+08	5.000000e+03	1
3.417085e-01	7.758827e-01	1.059637e+00	8.520146e+03	6.757952e+11	1.711867e+01	-3.546426e+08	5.000000e+03	1
3.467337e-01	7.872927e-01	1.091655e+00	8.478000e+03	6.652698e+11	1.713110e+01	-3.533697e+08	5.000000e+03	1
3.517588e-01	7.987027e-01	1.124451e+00	8.435737e+03	6.547876e+11	1.714786e+01	-3.520962e+08	5.000000e+03	1
3.567839e-01	8.101128e-01	1.158029e+00	8.393345e+03	6.443466e+11	1.716863e+01	-3.508217e+08	5.000000e+03	1
3.618090e-01	8.215228e-01	1.192392e+00	8.350811e+03	6.339445e+11	1.719310e+01	-3.495459e+08	5.000000e+03	1
3.668342e-01	8.329329e-01	1.227543e+00	8.308126e+03	6.235795e+11	1.722100e+01	-3.482692e+08	5.000000e+03	1
3.718593e-01	8.443429e-01	1.263485e+00	8.265278e+03	6.132501e+11	1.725206e+01	-3.469898e+08	5.000000e+03	1
3.768844e-01	8.557529e-01	1.300220e+00	8.222258e+03	6.029548e+11	1.728604e+01	-3.457088e+08	5.000000e+03	1
3.819095e-01	8.671630e-01	1.337750e+00	8.179056e+03	5.926924e+11	1.732271e+01	-3.444257e+08	5.000000e+03	1
3.869347e-01	8.785730e-01	1.376078e+00	8.135663e+03	5.824618e+11	1.736184e+01	-3.431400e+08	5.000000e+03	1
3.919598e-01	8.899831e-01	1.415205e+00	8.092070e+03	5.722621e+11	1.740324e+01	-3.418518e+08	5.000000e+03	1
3.969849e-01	9.013931e-01	1.455132e+00	8.048269e+03	5.620926e+11	1.744671e+01	-3.405609e+08	5.000000e+03	1
4.020101e-01	9.128031e-01	1.495859e+00	8.004251e+03	5.519526e+11	1.749206e+01	-3.392670e+08	5.000000e+03	1
4.070352e-01	9.242132e-01	1.537388e+00	7.960009e+03	5.418417e+11	1.753913e+01	-3.379700e+08	5.000000e+03	1
4.120603e-01	9.356232e-01	1.579719e+00	7.915536e+03	5.317595e+11	1.758776e+01	-3.366699e+08	5.000000e+03	1
4.170854e-01	9.470332e-01	1.622850e+00	7.870824e+03	5.217057e+11	1.763779e+01	-3.353664e+08	5.000000e+03	1
4.221106e-01	9.584433e-01	1.666783e+00	7.825866e+03	5.116804e+11	1.768908e+01	-3.340596e+08	5.000000e+03	1
4.271357e-01	9.698533e-01	1.711516e+00	7.780656e+03	5.016833e+11	1.774148e+01	-3.327493e+08	5.000000e+03	1
4.321608e-01	9.812634e-01	1.757048e+00	7.735186e+03	4.917146e+11	1.779488e+01	-3.314354e+08	5.000000e+03	1
4.371859e-01	9.926734e-01	1.803377e+00	7.689450e+03	4.817745e+11	1.784913e+01	-3.301179e+08	5.000000e+03	1
4.422111e-01	1.004083e+00	1.850502e+00	7.643442e+03	4.718633e+11	1.790414e+01	-3.287966e+08	5.000000e+03	1
4.472362e-01	1.015493e+00	1.898420e+00	7.597156e+03	4.619812e+11	1.795978e+01	-3.274715e+08	5.000000e+03	1
4.522613e-01	1.026904e+00	1.947128e+00	7.550584e+03	4.521287e+11	1.801594e+01	-3.261427e+08	5.000000e+03	1
4.572864e-01	1.038314e+00	1.996623e+00	7.503722e+03	4.423063e+11	1.807253e+01	-3.248100e+08	5.000000e+03	1
4.623116e-01	1.049724e+00	2.046902e+00	7.456562e+03	4.325145e+11	1.812945e+01	-3.234733e+08	5.000000e+03	1
4.673367e-01	1.061134e+00	2.097961e+00	7.409100e+03	4.227539e+11	1.818660e+01	-3.221328e+08	5.000000e+03	1
4.723618e-01	1.072544e+00	2.149796e+00	7.361329e+03	4.130254e+11	1.824390e+01	-3.207881e+08	5.000000e+03	1
4.773869e-01	1.083954e+00	2.202402e+00	7.313242e+03	4.033295e+11	1.830126e+01	-3.194399e+08	5.000000e+03	1
4.824121e-01	1.095364e+00	2.255774e+00	7.264834e+03	3.936672e+11	1.835859e+01	-3.180877e+08	5.000000e+03	1
4.874372e-01	1.106774e+00	2.309906e+00	7.216099e+03	3.840393e+11	1.841582e+01	-3.167313e+08	5.000000e+03	1
4.924623e-01	1.118184e+00	2.364793e+00	7.167030e+03	3.744466e+11	1.847288e+01	-3.153708e+08	5.000000e+03	1
4.974874e-01	1.129594e+00	2.420427e+00	7.117621e+03	3.648903e+11	1.852968e+01	-3.140069e+08	5.000000e+03	1
5.025126e-01	1.141004e+00	2.476803e+00	7.067866e+03	3.553712e+11	1.858617e+01	-3.126388e+08	5.000000e+03	1
5.075377e-01	1.152414e+00	2.533913e+00	7.017758e+03	3.458904e+11	1.864226e+01	-3.112668e+08	5.000000e+03	1
5.125628e-01	1.163824e+00	2.591749e+00	6.967291e+03	3.364491e+11	1.869791e+01	-3.098909e+08	5.000000e+03	1
5.175879e-01	1.175234e+00	2.650303e+00	6.916458e+03	3.270484e+11	1.875303e+01	-3.085112e+08	5.000000e+03	1
5.226131e-01	1.186644e+00	2.709567e+00	6.865252e+03	3.176894e+11	1.880758e+01	-3.071277e+08	5.000000e+03	1
5.276382e-01	1.198054e+00	2.769530e+00	6.813665e+03	3.083735e+11	1.886148e+01	-3.057405e+08	5.000000e+03	1
5.326633e-01	1.209464e+00	2.830184e+00	6.761691e+03	2.991017e+11	1.891470e+01	-3.043505e+08	5.000000e+03	1
5.376884e-01	1.220874e+00	2.891518e+00	6.709320e+03	2.898755e+11	1.896715e+01	-3.029549e+08	5.000000e+03	1
5.427136e-01	1.232284e+00	2.953522e+00	6.656546e+03	2.806961e+11	1.901881e+01	-3.015567e+08	5.000000e+03	1
5.477387e-01	1.243694e+00	3.016183e+00	6.603360e+03	2.715649e+11	1.906960e+01	-3.001548e+08	5.000000e+03	1
5.527638e-01	1.255104e+00	3.079491e+00	6.549753e+03	2.624834e+11	1.911947e+01	-2.987497e+08	5.000000e+03	1
5.577889e-01	1.266514e+00	3.143433e+00	6.495717e+03	2.534528e+11	1.916839e+01	-2.973409e+08	5.000000e+03	1
5.628141e-01	1.277924e+00	3.207996e+00	6.441240e+03	2.444748e+11	1.921628e+01	-2.959289e+08	5.000000e+03	1
5.678392e-01	1.289334e+00	3.273166e+00	6.386314e+03	2.355506e+11	1.926312e+01	-2.945136e+08	5.000000e+03	1
5.728643e-01	1.300744e+00	3.338930e+00	6.330928e+03	2.266820e+11	1.930884e+01	-2.930951e+08	5.000000e+03	1
5.778894e-01	1.312155e+00	3.405272e+00	6.275071e+03	2.178703e+11	1.935340e+01	-2.916735e+08	5.000000e+03	1
5.829146e-01	1.323565e+00	3.472177e+00	6.218730e+03	2.091172e+11	1.939676e+01	-2.902489e+08	5.000000e+03	1
5.879397e-01	1.334975e+00	3.501247e+00	2.662936e+03	2.053912e+11	1.922716e+01	-2.888238e+08	5.000000e+03	1
5.929648e-01	1.346385e+00	3.530709e+00	2.653111e+03	2.017112e+11	1.906264e+01	-2.874088e+08	5.000000e+03	2
5.979899e-01	1.357795e+00	3.560565e+00	2.643374e+03	1.980757e+11	1.890302e+01	-2.860056e+08	5.000000e+03	2
6.030151e-01	1.369205e+00	3.590815e+00	2.633722e+03	1.944836e+11	1.874814e+01	-2.846144e+08	5.000000e+03	2
6.080402e-01	1.380615e+00	3.621461e+00	2.624151e+03	1.909335e+11	1.859784e+01	-2.832346e+08	5.000000e+03	2
6.130653e-01	1.392025e+00	3.652506e+00	2.614661e+03	1.874244e+11	1.845195e+01	-2.818659e+08	5.000000e+03	2
6.180905e-01	1.403435e+00	3.683950e+00	2.605248e+03	1.839551e+11	1.831034e+01	-2.805080e+08	5.000000e+03	2
6.231156e-01	1.414845e+00	3.715794e+00	2.595910e+03	1.805244e+11	1.817287e+01	-2.791592e+08	5.000000e+03	2
6.281407e-01	1.426255e+00	3.748040e+00	2.586645e+03	1.771315e+11	1.803938e+01	-2.778232e+08	5.000000e+03	2
6.331658e-01	1.437665e+00	3.780690e+00	2.577450e+03	1.737751e+11	1.790977e+01	-2.764957e+08	5.000000e+03	2
6.381910e-01	1.449075e+00	3.813744e+00	2.568324e+03	1.704545e+11	1.778389e+01	-2.751779e+08	5.000000e+03	2
6.432161e-01	1.460485e+00	3.847205e+00	2.559265e+03	1.671686e+11	1.766162e+01	-2.738693e+08	5.000000e+03	2
6.482412e-01	1.471895e+00	3.881073e+00	2.550269e+03	1.639165e+11	1.754286e+01	-2.725698e+08	5.000000e+03	2
6.532663e-01	1.483305e+00	3.915349e+00	2.541337e+03	1.606973e+11	1.742749e+01	-2.712790e+08	5.000000e+03	2
6.582915e-01	1.494715e+00	3.950034e+00	2.532465e+03	1.575103e+11	1.731540e+01	-2.699968e+08	5.000000e+03	2
6.633166e-01	1.506125e+00	3.985131e+00	2.523652e+03	1.543546e+11	1.720649e+01	-2.687229e+08	5.000000e+03	2
6.683417e-01	1.517535e+00	4.020640e+00	2.514896e+03	1.512295e+11	1.710066e+01	-2.674576e+08	5.000000e+03	2
6.733668e-01	1.528945e+00	4.056562e+00	2.506196e+03	1.481341e+11	1.699781e+01	-2.661992e+08	5.000000e+03	2
6.783920e-01	1.540355e+00	4.092898e+00	2.497549e+03	1.450677e+11	1.689784e+01	-2.649487e+08	5.000000e+03	2
6.834171e-01	1.551765e+00	4.129649e+00	2.488955e+03	1.420297e+11	1.680068e+01	-2.637059e+08	5.000000e+03	2
6.884422e-01	1.563175e+00	4.166816e+00	2.480411e+03	1.390193e+11	1.670624e+01	-2.624700e+08	5.000000e+03	2
6.934673e-01	1.574585e+00	4.204401e+00	2.471917e+03	1.360360e+11	1.661442e+01	-2.612413e+08	5.000000e+03	2
6.984925e-01	1.585995e+00	4.242404e+00	2.463471e+03	1.330790e+11	1.652515e+01	-2.600194e+08	5.000000e+03	2
7.035176e-01	1.597405e+00	4.280826e+00	2.455071e+03	1.301477e+11	1.643836e+01	-2.588041e+08	5.000000e+03	2
7.085427e-01	1.608816e+00	4.319668e+00	2.446716e+03	1.272416e+11	1.635397e+01	-2.575952e+08	5.000000e+03	2
7.135678e-01	1.620226e+00	4.358931e+00	2.438405e+03	1.243601e+11	1.627191e+01	-2.563926e+08	5.000000e+03	2
7.185930e-01	1.631636e+00	4.398616e+00	2.430136e+03	1.215026e+11	1.619211e+01	-2.551961e+08	5.000000e+03	2
7.236181e-01	1.643046e+00	4.438724e+00	2.421908e+03	1.186686e+11	1.611449e+01	-2.540056e+08	5.000000e+03	2
7.286432e-01	1.654456e+00	4.479254e+00	2.413721e+03	1.158575e+11	1.603901e+01	-2.528207e+08	5.000000e+03	2
7.336683e-01	1.665866e+00	4.520209e+00	2.405572e+03	1.130690e+11	1.596559e+01	-2.516412e+08	5.000000e+03	2
7.386935e-01	1.677276e+00	4.561589e+00	2.397461e+03	1.103024e+11	1.589417e+01	-2.504679e+08	5.000000e+03	2
7.437186e-01	1.688686e+00	4.603394e+00	2.389387e+03	1.075573e+11	1.582470e+01	-2.492995e+08	5.000000e+03	2
7.487437e-01	1.700096e+00	4.645625e+00	2.381348e+03	1.048333e+11	1.575711e+01	-2.481363e+08	5.000000e+03	2
7.537688e-01	1.711506e+00	4.688283e+00	2.373344e+03	1.021299e+11	1.569137e+01	-2.469781e+08	5.000000e+03	2
7.587940e-01	1.722916e+00	4.731368e+00	2.365373e+03	9.944675e+10	1.562740e+01	-2.458248e+08	5.000000e+03	2
7.638191e-01	1.734326e+00	4.774882e+00	2.357435e+03	9.678335e+10	1.556516e+01	-2.446761e+08	5.000000e+03	2
7.688442e-01	1.745736e+00	4.818823e+00	2.349528e+03	9.413933e+10	1.550461e+01	-2.435324e+08	5.000000e+03	2
7.738693e-01	1.757146e+00	4.863194e+00	2.341651e+03	9.151431e+10	1.544568e+01	-2.423931e+08	5.000000e+03	2
7.788945e-01	1.768556e+00	4.907993e+00	2.333805e+03	8.890791e+10	1.538835e+01	-2.412581e+08	5.000000e+03	2
7.839196e-01	1.779966e+00	4.953223e+00	2.325987e+03	8.631978e+10	1.533256e+01	-2.401275e+08	5.000000e+03	2
7.889447e-01	1.791376e+00	4.998883e+00	2.318197e+03	8.374956e+10	1.527826e+01	-2.390010e+08	5.000000e+03	2
7.939698e-01	1.802786e+00	5.044973e+00	2.310434e+03	8.119691e+10	1.522542e+01	-2.378785e+08	5.000000e+03	2
7.989950e-01	1.814196e+00	5.091494e+00	2.302697e+03	7.866150e+10	1.517400e+01	-2.367600e+08	5.000000e+03	2
8.040201e-01	1.825606e+00	5.138446e+00	2.294985e+03	7.614302e+10	1.512395e+01	-2.356454e+08	5.000000e+03	2
8.090452e-01	1.837016e+00	5.185829e+00	2.287299e+03	7.364116e+10	1.507524e+01	-2.345346e+08	5.000000e+03	2
8.140704e-01	1.848426e+00	5.233644e+00	2.279636e+03	7.115561e+10	1.502783e+01	-2.334273e+08	5.000000e+03	2
8.190955e-01	1.859836e+00	5.281891e+00	2.271996e+03	6.868609e+10	1.498168e+01	-2.323236e+08	5.000000e+03	2
8.241206e-01	1.871246e+00	5.330570e+00	2.264379e+03	6.623232e+10	1.493676e+01	-2.312234e+08	5.000000e+03	2
8.291457e-01	1.882656e+00	5.379541e+00	2.244018e+03	6.380092e+10	1.489265e+01	-2.301265e+08	5.000000e+03	2
8.341709e-01	1.894066e+00	5.428663e+00	2.223708e+03	6.139855e+10	1.484894e+01	-2.290331e+08	5.000000e+03	2
8.391960e-01	1.905477e+00	5.477929e+00	2.203448e+03	5.902496e+10	1.480561e+01	-2.279427e+08	5.000000e+03	2
8.442211e-01	1.916887e+00	5.527332e+00	2.183235e+03	5.667992e+10	1.476263e+01	-2.268558e+08	5.000000e+03	2
8.492462e-01	1.928297e+00	5.576867e+00	2.163066e+03	5.436319e+10	1.471999e+01	-2.257718e+08	5.000000e+03	2
8.542714e-01	1.939707e+00	5.626527e+00	2.142939e+03	5.207456e+10	1.467767e+01	-2.246918e+08	5.000000e+03	2
8.592965e-01	1.951117e+00	5.676305e+00	2.122851e+03	4.981380e+10	1.463564e+01	-2.236147e+08	5.000000e+03	2
8.643216e-01	1.962527e+00	5.726195e+00	2.102800e+03	4.758072e+10	1.459389e+01	-2.225406e+08	5.000000e+03	2
8.693467e-01	1.973937e+00	5.776190e+00	2.082783e+03	4.537511e+10	1.455240e+01	-2.214700e+08	5.000000e+03	2
8.743719e-01	1.985347e+00	5.826282e+00	2.062797e+03	4.319678e+10	1.451115e+01	-2.204019e+08	5.000000e+03	2
8.793970e-01	1.996757e+00	5.876466e+00	2.042840e+03	4.104555e+10	1.447013e+01	-2.193367e+08	5.000000e+03	2
8.844221e-01	2.008167e+00	5.926733e+00	2.022908e+03	3.892123e+10	1.442932e+01	-2.182759e+08	5.000000e+03	2
8.894472e-01	2.019577e+00	5.977077e+00	2.002998e+03	3.682365e+10	1.438869e+01	-2.172180e+08	5.000000e+03	2
8.944724e-01	2.030987e+00	6.027489e+00	1.983108e+03	3.475266e+10	1.434824e+01	-2.161620e+08	5.000000e+03	2
8.994975e-01	2.042397e+00	6.077962e+00	1.963235e+03	3.270808e+10	1.430795e+01	-2.151097e+08	5.000000e+03	2
9.045226e-01	2.053807e+00	6.128489e+00	1.943374e+03	3.068977e+10	1.426779e+01	-2.140604e+08	5.000000e+03	2
9.095477e-01	2.065217e+00	6.179061e+00	1.923523e+03	2.869758e+10	1.422777e+01	-2.130142e+08	5.000000e+03	2
9.145729e-01	2.076627e+00	6.229669e+00	1.903678e+03	2.673138e+10	1.418785e+01	-2.119710e+08	5.000000e+03	2
9.195980e-01	2.088037e+00	6.280306e+00	1.883835e+03	2.479103e+10	1.414803e+01	-2.109309e+08	5.000000e+03	2
9.246231e-01	2.099447e+00	6.330964e+00	1.863990e+03	2.287639e+10	1.410828e+01	-2.098937e+08	5.000000e+03	2
9.296482e-01	2.110857e+00	6.381632e+00	1.844140e+03	2.098736e+10	1.406860e+01	-2.088595e+08	5.000000e+03	2
9.346734e-01	2.122267e+00	6.432303e+00	1.824280e+03	1.912382e+10	1.402898e+01	-2.078284e+08	5.000000e+03	2
9.396985e-01	2.133677e+00	6.482967e+00	1.804406e+03	1.728566e+10	1.398938e+01	-2.068002e+08	5.000000e+03	2
9.447236e-01	2.145087e+00	6.533614e+00	1.784513e+03	1.547278e+10	1.394981e+01	-2.057750e+08	5.000000e+03	2
9.497487e-01	2.156497e+00	6.584235e+00	1.764596e+03	1.368509e+10	1.391024e+01	-2.047529e+08	5.000000e+03	2
9.547739e-01	2.167907e+00	6.634100e+00	1.694585e+03	1.194762e+10	1.386916e+01	-2.037337e+08	5.000000e+03	2
9.597990e-01	2.179317e+00	6.682436e+00	1.623442e+03	1.028612e+10	1.382502e+01	-2.027177e+08	5.000000e+03	2
9.648241e-01	2.190728e+00	6.729166e+00	1.550796e+03	8.701829e+09	1.377776e+01	-2.017052e+08	5.000000e+03	2
9.698492e-01	2.202138e+00	6.774195e+00	1.476133e+03	7.196347e+09	1.372730e+01	-2.006964e+08	5.000000e+03	2
9.748744e-01	2.213548e+00	6.817410e+00	1.398700e+03	5.771841e+09	1.367351e+01	-1.996914e+08	5.000000e+03	2
9.798995e-01	2.224958e+00	6.858664e+00	1.317331e+03	4.431335e+09	1.361622e+01	-1.986906e+08	5.000000e+03	2
9.849246e-01	2.236368e+00	6.897763e+00	1.230029e+03	3.179279e+09	1.355515e+01	-1.976942e+08	5.000000e+03	2
9.899497e-01	2.247778e+00	6.934418e+00	1.132814e+03	2.022783e+09	1.348986e+01	-1.967025e+08	5.000000e+03	2
9.949749e-01	2.259188e+00	6.968129e+00	1.014971e+03	9.751394e+08	1.341954e+01	-1.957159e+08	5.000000e+03	2
1.000000e+00	2.270598e+00	7.000000e+00	1.000000e+03	-5.960464e-07	1.334645e+01	-1.947347e+08	3.000000e+02	2
