#t		Qconv[W]	Ri[Rp]		R*[Rp]		Qc[W]		Qm[W]		Qr[W]		Tcmb[K]		Tl[K]		Tup[K]		RiFlag		Bs[T]
0.000000e+00	3.423083e+14	0.000000e+00	8.888885e-01	4.143382e+15	4.774083e+13	1.004557e+14	2.077828e+04	4.556312e+03	2.835635e+03	0	1.804951e-03
1.000000e+07	3.530556e+14	0.000000e+00	8.888885e-01	4.220848e+15	8.734821e+13	9.989912e+13	2.073808e+04	4.949625e+03	3.080414e+03	0	1.823646e-03
2.000000e+07	3.621568e+14	0.000000e+00	8.888885e-01	4.285924e+15	1.489919e+14	9.934668e+13	2.069713e+04	5.345460e+03	3.326763e+03	0	1.839184e-03
3.000000e+07	3.694551e+14	0.000000e+00	8.888885e-01	4.337445e+15	2.390618e+14	9.879838e+13	2.065554e+04	5.740276e+03	3.572478e+03	0	1.851456e-03
4.000000e+07	3.748502e+14	0.000000e+00	8.888885e-01	4.374669e+15	3.632744e+14	9.825416e+13	2.061346e+04	6.129843e+03	3.814926e+03	0	1.860425e-03
5.000000e+07	3.783165e+14	0.000000e+00	8.888885e-01	4.397415e+15	5.255462e+14	9.771401e+13	2.057102e+04	6.509399e+03	4.051144e+03	0	1.866142e-03
6.000000e+07	3.799149e+14	0.000000e+00	8.888885e-01	4.406149e+15	7.269065e+14	9.717788e+13	2.052836e+04	6.873925e+03	4.278008e+03	0	1.868766e-03
7.000000e+07	3.797937e+14	0.000000e+00	8.888885e-01	4.401993e+15	9.647548e+14	9.664574e+13	2.048561e+04	7.218517e+03	4.492466e+03	0	1.868568e-03
8.000000e+07	3.781760e+14	0.000000e+00	8.888885e-01	4.386628e+15	1.232748e+15	9.611757e+13	2.044291e+04	7.538800e+03	4.691795e+03	0	1.865911e-03
9.000000e+07	3.753361e+14	0.000000e+00	8.888885e-01	4.362117e+15	1.521430e+15	9.559332e+13	2.040035e+04	7.831305e+03	4.873837e+03	0	1.861228e-03
1.000000e+08	3.715691e+14	0.000000e+00	8.888885e-01	4.330679e+15	1.819490e+15	9.507296e+13	2.035803e+04	8.093750e+03	5.037170e+03	0	1.854981e-03
1.100000e+08	3.671616e+14	0.000000e+00	8.888885e-01	4.294464e+15	2.115319e+15	9.455646e+13	2.031601e+04	8.325148e+03	5.181181e+03	0	1.847617e-03
1.200000e+08	3.623670e+14	0.000000e+00	8.888885e-01	4.255377e+15	2.398463e+15	9.404379e+13	2.027435e+04	8.525766e+03	5.306037e+03	0	1.839540e-03
1.300000e+08	3.573922e+14	0.000000e+00	8.888885e-01	4.214967e+15	2.660658e+15	9.353492e+13	2.023306e+04	8.696936e+03	5.412564e+03	0	1.831083e-03
1.400000e+08	3.523923e+14	0.000000e+00	8.888885e-01	4.174400e+15	2.896323e+15	9.302981e+13	2.019217e+04	8.840787e+03	5.502090e+03	0	1.822504e-03
1.500000e+08	3.474740e+14	0.000000e+00	8.888885e-01	4.134474e+15	3.102520e+15	9.252844e+13	2.015167e+04	8.959959e+03	5.576258e+03	0	1.813985e-03
1.600000e+08	3.427032e+14	0.000000e+00	8.888885e-01	4.095682e+15	3.278585e+15	9.203077e+13	2.011156e+04	9.057335e+03	5.636860e+03	0	1.805645e-03
1.700000e+08	3.381140e+14	0.000000e+00	8.888885e-01	4.058279e+15	3.425563e+15	9.153677e+13	2.007182e+04	9.135817e+03	5.685704e+03	0	1.797548e-03
1.800000e+08	3.337183e+14	0.000000e+00	8.888885e-01	4.022355e+15	3.545640e+15	9.104642e+13	2.003244e+04	9.198181e+03	5.724516e+03	0	1.789725e-03
1.900000e+08	3.295135e+14	0.000000e+00	8.888885e-01	3.987886e+15	3.641632e+15	9.055968e+13	1.999341e+04	9.246967e+03	5.754878e+03	0	1.782176e-03
2.000000e+08	3.254883e+14	0.000000e+00	8.888885e-01	3.954788e+15	3.716599e+15	9.007651e+13	1.995472e+04	9.284438e+03	5.778198e+03	0	1.774890e-03
2.100000e+08	3.216268e+14	0.000000e+00	8.888885e-01	3.922941e+15	3.773570e+15	8.959691e+13	1.991635e+04	9.312558e+03	5.795698e+03	0	1.767843e-03
2.200000e+08	3.179120e+14	0.000000e+00	8.888885e-01	3.892217e+15	3.815380e+15	8.912082e+13	1.987828e+04	9.333004e+03	5.808423e+03	0	1.761010e-03
2.300000e+08	3.143271e+14	0.000000e+00	8.888885e-01	3.862489e+15	3.844578e+15	8.864823e+13	1.984051e+04	9.347188e+03	5.817251e+03	0	1.754366e-03
2.400000e+08	3.108563e+14	0.000000e+00	8.888885e-01	3.833637e+15	3.863385e+15	8.817910e+13	1.980304e+04	9.356284e+03	5.822912e+03	0	1.747885e-03
2.500000e+08	3.074857e+14	0.000000e+00	8.888885e-01	3.805557e+15	3.873702e+15	8.771341e+13	1.976584e+04	9.361261e+03	5.826009e+03	0	1.741544e-03
2.600000e+08	3.042032e+14	0.000000e+00	8.888885e-01	3.778158e+15	3.877134e+15	8.725112e+13	1.972891e+04	9.362915e+03	5.827038e+03	0	1.735325e-03
2.700000e+08	3.009984e+14	0.000000e+00	8.888885e-01	3.751362e+15	3.875010e+15	8.679222e+13	1.969224e+04	9.361892e+03	5.826402e+03	0	1.729210e-03
2.800000e+08	2.978628e+14	0.000000e+00	8.888885e-01	3.725103e+15	3.868430e+15	8.633667e+13	1.965584e+04	9.358719e+03	5.824427e+03	0	1.723184e-03
2.900000e+08	2.947889e+14	0.000000e+00	8.888885e-01	3.699326e+15	3.858293e+15	8.588444e+13	1.961969e+04	9.353825e+03	5.821381e+03	0	1.717236e-03
3.000000e+08	2.917707e+14	0.000000e+00	8.888885e-01	3.673986e+15	3.845329e+15	8.543551e+13	1.958379e+04	9.347553e+03	5.817478e+03	0	1.711355e-03
3.100000e+08	2.888034e+14	0.000000e+00	8.888885e-01	3.649045e+15	3.830137e+15	8.498985e+13	1.954814e+04	9.340181e+03	5.812890e+03	0	1.705534e-03
3.200000e+08	2.858826e+14	0.000000e+00	8.888885e-01	3.624471e+15	3.813189e+15	8.454743e+13	1.951273e+04	9.331936e+03	5.807759e+03	0	1.699765e-03
3.300000e+08	2.830050e+14	0.000000e+00	8.888885e-01	3.600239e+15	3.794877e+15	8.410823e+13	1.947755e+04	9.322997e+03	5.802196e+03	0	1.694042e-03
3.400000e+08	2.801678e+14	0.000000e+00	8.888885e-01	3.576327e+15	3.775512e+15	8.367222e+13	1.944261e+04	9.313511e+03	5.796292e+03	0	1.688362e-03
3.500000e+08	2.773686e+14	0.000000e+00	8.888885e-01	3.552718e+15	3.755346e+15	8.323937e+13	1.940790e+04	9.303595e+03	5.790121e+03	0	1.682720e-03
3.600000e+08	2.746053e+14	0.000000e+00	8.888885e-01	3.529395e+15	3.734575e+15	8.280966e+13	1.937342e+04	9.293343e+03	5.783740e+03	0	1.677114e-03
3.700000e+08	2.718764e+14	0.000000e+00	8.888885e-01	3.506347e+15	3.713364e+15	8.238307e+13	1.933917e+04	9.282832e+03	5.777199e+03	0	1.671540e-03
3.800000e+08	2.691805e+14	0.000000e+00	8.888885e-01	3.483563e+15	3.691842e+15	8.195956e+13	1.930514e+04	9.272123e+03	5.770534e+03	0	1.665996e-03
3.900000e+08	2.665162e+14	0.000000e+00	8.888885e-01	3.461033e+15	3.670111e+15	8.153911e+13	1.927133e+04	9.261266e+03	5.763777e+03	0	1.660482e-03
4.000000e+08	2.638826e+14	0.000000e+00	8.888885e-01	3.438749e+15	3.648255e+15	8.112169e+13	1.923774e+04	9.250300e+03	5.756952e+03	0	1.654994e-03
4.100000e+08	2.612788e+14	0.000000e+00	8.888885e-01	3.416705e+15	3.626341e+15	8.070729e+13	1.920436e+04	9.239257e+03	5.750079e+03	0	1.649533e-03
4.200000e+08	2.587040e+14	0.000000e+00	8.888885e-01	3.394894e+15	3.604418e+15	8.029588e+13	1.917120e+04	9.228163e+03	5.743175e+03	0	1.644096e-03
4.300000e+08	2.561574e+14	0.000000e+00	8.888885e-01	3.373311e+15	3.582531e+15	7.988742e+13	1.913825e+04	9.217039e+03	5.736252e+03	0	1.638684e-03
4.400000e+08	2.536384e+14	0.000000e+00	8.888885e-01	3.351951e+15	3.560713e+15	7.948191e+13	1.910551e+04	9.205902e+03	5.729321e+03	0	1.633295e-03
4.500000e+08	2.511465e+14	0.000000e+00	8.888885e-01	3.330809e+15	3.538988e+15	7.907931e+13	1.907298e+04	9.194766e+03	5.722390e+03	0	1.627928e-03
4.600000e+08	2.486811e+14	0.000000e+00	8.888885e-01	3.309881e+15	3.517381e+15	7.867960e+13	1.904065e+04	9.183641e+03	5.715467e+03	0	1.622584e-03
4.700000e+08	2.462417e+14	0.000000e+00	8.888885e-01	3.289164e+15	3.495908e+15	7.828276e+13	1.900852e+04	9.172535e+03	5.708555e+03	0	1.617261e-03
4.800000e+08	2.438279e+14	0.000000e+00	8.888885e-01	3.268653e+15	3.474576e+15	7.788876e+13	1.897659e+04	9.161457e+03	5.701661e+03	0	1.611959e-03
4.900000e+08	2.414392e+14	0.000000e+00	8.888885e-01	3.248345e+15	3.453400e+15	7.749758e+13	1.894486e+04	9.150411e+03	5.694786e+03	0	1.606678e-03
5.000000e+08	2.390752e+14	0.000000e+00	8.888885e-01	3.228238e+15	3.432387e+15	7.710919e+13	1.891333e+04	9.139403e+03	5.687935e+03	0	1.601417e-03
5.100000e+08	2.367356e+14	0.000000e+00	8.888885e-01	3.208328e+15	3.411541e+15	7.672359e+13	1.888200e+04	9.128435e+03	5.681109e+03	0	1.596176e-03
5.200000e+08	2.344199e+14	0.000000e+00	8.888885e-01	3.188613e+15	3.390868e+15	7.634073e+13	1.885085e+04	9.117510e+03	5.674310e+03	0	1.590954e-03
5.300000e+08	2.321278e+14	0.000000e+00	8.888885e-01	3.169088e+15	3.370369e+15	7.596061e+13	1.881990e+04	9.106631e+03	5.667539e+03	0	1.585752e-03
5.400000e+08	2.298591e+14	0.000000e+00	8.888885e-01	3.149753e+15	3.350048e+15	7.558319e+13	1.878914e+04	9.095799e+03	5.660798e+03	0	1.580569e-03
5.500000e+08	2.276132e+14	0.000000e+00	8.888885e-01	3.130603e+15	3.329905e+15	7.520846e+13	1.875856e+04	9.085016e+03	5.654087e+03	0	1.575404e-03
5.600000e+08	2.253900e+14	0.000000e+00	8.888885e-01	3.111637e+15	3.309940e+15	7.483639e+13	1.872817e+04	9.074283e+03	5.647408e+03	0	1.570258e-03
5.700000e+08	2.231891e+14	0.000000e+00	8.888885e-01	3.092852e+15	3.290152e+15	7.446697e+13	1.869796e+04	9.063600e+03	5.640759e+03	0	1.565130e-03
5.800000e+08	2.210102e+14	0.000000e+00	8.888885e-01	3.074246e+15	3.270542e+15	7.410016e+13	1.866794e+04	9.052968e+03	5.634142e+03	0	1.560021e-03
5.900000e+08	2.188530e+14	0.000000e+00	8.888885e-01	3.055817e+15	3.251110e+15	7.373596e+13	1.863809e+04	9.042388e+03	5.627557e+03	0	1.554928e-03
6.000000e+08	2.167172e+14	0.000000e+00	8.888885e-01	3.037561e+15	3.231854e+15	7.337433e+13	1.860843e+04	9.031859e+03	5.621005e+03	0	1.549854e-03
6.100000e+08	2.146026e+14	0.000000e+00	8.888885e-01	3.019477e+15	3.212773e+15	7.301526e+13	1.857894e+04	9.021382e+03	5.614484e+03	0	1.544796e-03
6.200000e+08	2.125088e+14	0.000000e+00	8.888885e-01	3.001563e+15	3.193866e+15	7.265873e+13	1.854963e+04	9.010956e+03	5.607996e+03	0	1.539756e-03
6.300000e+08	2.104356e+14	0.000000e+00	8.888885e-01	2.983816e+15	3.175131e+15	7.230472e+13	1.852049e+04	9.000582e+03	5.601539e+03	0	1.534732e-03
6.400000e+08	2.083827e+14	0.000000e+00	8.888885e-01	2.966234e+15	3.156567e+15	7.195320e+13	1.849152e+04	8.990259e+03	5.595115e+03	0	1.529725e-03
6.500000e+08	2.063498e+14	0.000000e+00	8.888885e-01	2.948815e+15	3.138171e+15	7.160416e+13	1.846272e+04	8.979988e+03	5.588723e+03	0	1.524735e-03
6.600000e+08	2.043368e+14	0.000000e+00	8.888885e-01	2.931558e+15	3.119944e+15	7.125757e+13	1.843409e+04	8.969768e+03	5.582362e+03	0	1.519760e-03
6.700000e+08	2.023433e+14	0.000000e+00	8.888885e-01	2.914460e+15	3.101880e+15	7.091343e+13	1.840563e+04	8.959598e+03	5.576033e+03	0	1.514802e-03
6.800000e+08	2.003690e+14	0.000000e+00	8.888885e-01	2.897518e+15	3.083980e+15	7.057169e+13	1.837733e+04	8.949479e+03	5.569735e+03	0	1.509859e-03
6.900000e+08	1.984139e+14	0.000000e+00	8.888885e-01	2.880732e+15	3.066243e+15	7.023236e+13	1.834920e+04	8.939410e+03	5.563469e+03	0	1.504932e-03
7.000000e+08	1.964775e+14	0.000000e+00	8.888885e-01	2.864100e+15	3.048667e+15	6.989540e+13	1.832123e+04	8.929391e+03	5.557234e+03	0	1.500020e-03
7.100000e+08	1.945597e+14	0.000000e+00	8.888885e-01	2.847618e+15	3.031246e+15	6.956081e+13	1.829342e+04	8.919422e+03	5.551029e+03	0	1.495124e-03
7.200000e+08	1.926603e+14	0.000000e+00	8.888885e-01	2.831287e+15	3.013985e+15	6.922855e+13	1.826578e+04	8.909502e+03	5.544856e+03	0	1.490243e-03
7.300000e+08	1.907789e+14	0.000000e+00	8.888885e-01	2.815102e+15	2.996876e+15	6.889862e+13	1.823829e+04	8.899631e+03	5.538712e+03	0	1.485376e-03
7.400000e+08	1.889155e+14	0.000000e+00	8.888885e-01	2.799064e+15	2.979921e+15	6.857099e+13	1.821095e+04	8.889808e+03	5.532599e+03	0	1.480524e-03
7.500000e+08	1.870697e+14	0.000000e+00	8.888885e-01	2.783170e+15	2.963117e+15	6.824564e+13	1.818377e+04	8.880034e+03	5.526516e+03	0	1.475686e-03
7.600000e+08	1.852413e+14	0.000000e+00	8.888885e-01	2.767418e+15	2.946462e+15	6.792256e+13	1.815675e+04	8.870307e+03	5.520462e+03	0	1.470863e-03
7.700000e+08	1.834302e+14	0.000000e+00	8.888885e-01	2.751807e+15	2.929955e+15	6.760172e+13	1.812988e+04	8.860628e+03	5.514439e+03	0	1.466053e-03
7.800000e+08	1.816360e+14	0.000000e+00	8.888885e-01	2.736335e+15	2.913593e+15	6.728312e+13	1.810316e+04	8.850996e+03	5.508444e+03	0	1.461258e-03
7.900000e+08	1.798587e+14	0.000000e+00	8.888885e-01	2.721000e+15	2.897376e+15	6.696673e+13	1.807659e+04	8.841411e+03	5.502479e+03	0	1.456476e-03
8.000000e+08	1.780980e+14	0.000000e+00	8.888885e-01	2.705801e+15	2.881302e+15	6.665253e+13	1.805017e+04	8.831872e+03	5.496542e+03	0	1.451708e-03
8.100000e+08	1.763537e+14	0.000000e+00	8.888885e-01	2.690736e+15	2.865368e+15	6.634051e+13	1.802390e+04	8.822379e+03	5.490634e+03	0	1.446953e-03
8.200000e+08	1.746256e+14	0.000000e+00	8.888885e-01	2.675803e+15	2.849573e+15	6.603065e+13	1.799777e+04	8.812932e+03	5.484755e+03	0	1.442211e-03
8.300000e+08	1.729134e+14	0.000000e+00	8.888885e-01	2.661002e+15	2.833916e+15	6.572294e+13	1.797179e+04	8.803530e+03	5.478904e+03	0	1.437482e-03
8.400000e+08	1.712171e+14	0.000000e+00	8.888885e-01	2.646329e+15	2.818394e+15	6.541735e+13	1.794595e+04	8.794174e+03	5.473081e+03	0	1.432766e-03
8.500000e+08	1.695364e+14	0.000000e+00	8.888885e-01	2.631785e+15	2.803007e+15	6.511386e+13	1.792025e+04	8.784862e+03	5.467285e+03	0	1.428063e-03
8.600000e+08	1.678712e+14	0.000000e+00	8.888885e-01	2.617366e+15	2.787753e+15	6.481247e+13	1.789469e+04	8.775594e+03	5.461518e+03	0	1.423372e-03
8.700000e+08	1.662212e+14	0.000000e+00	8.888885e-01	2.603073e+15	2.772632e+15	6.451315e+13	1.786928e+04	8.766371e+03	5.455777e+03	0	1.418693e-03
8.800000e+08	1.645862e+14	0.000000e+00	8.888885e-01	2.588903e+15	2.757638e+15	6.421590e+13	1.784400e+04	8.757191e+03	5.450064e+03	0	1.414026e-03
8.900000e+08	1.629661e+14	0.000000e+00	8.888885e-01	2.574855e+15	2.742774e+15	6.392068e+13	1.781886e+04	8.748054e+03	5.444378e+03	0	1.409371e-03
9.000000e+08	1.613608e+14	0.000000e+00	8.888885e-01	2.560927e+15	2.728035e+15	6.362749e+13	1.779385e+04	8.738961e+03	5.438719e+03	0	1.404728e-03
9.100000e+08	1.597700e+14	0.000000e+00	8.888885e-01	2.547119e+15	2.713423e+15	6.333631e+13	1.776898e+04	8.729910e+03	5.433086e+03	0	1.400096e-03
9.200000e+08	1.581935e+14	0.000000e+00	8.888885e-01	2.533428e+15	2.698935e+15	6.304713e+13	1.774425e+04	8.720901e+03	5.427479e+03	0	1.395476e-03
9.300000e+08	1.566312e+14	0.000000e+00	8.888885e-01	2.519854e+15	2.684568e+15	6.275992e+13	1.771964e+04	8.711934e+03	5.421899e+03	0	1.390867e-03
9.400000e+08	1.550830e+14	0.000000e+00	8.888885e-01	2.506395e+15	2.670322e+15	6.247468e+13	1.769517e+04	8.703010e+03	5.416344e+03	0	1.386269e-03
9.500000e+08	1.535486e+14	0.000000e+00	8.888885e-01	2.493050e+15	2.656197e+15	6.219138e+13	1.767083e+04	8.694126e+03	5.410816e+03	0	1.381682e-03
9.600000e+08	1.520279e+14	0.000000e+00	8.888885e-01	2.479817e+15	2.642190e+15	6.191001e+13	1.764662e+04	8.685284e+03	5.405313e+03	0	1.377106e-03
9.700000e+08	1.505208e+14	0.000000e+00	8.888885e-01	2.466696e+15	2.628301e+15	6.163056e+13	1.762254e+04	8.676482e+03	5.399835e+03	0	1.372540e-03
9.800000e+08	1.490271e+14	0.000000e+00	8.888885e-01	2.453684e+15	2.614527e+15	6.135302e+13	1.759858e+04	8.667721e+03	5.394382e+03	0	1.367985e-03
9.900000e+08	1.475465e+14	0.000000e+00	8.888885e-01	2.440781e+15	2.600867e+15	6.107735e+13	1.757475e+04	8.659000e+03	5.388955e+03	0	1.363440e-03
1.000000e+09	1.460791e+14	0.000000e+00	8.888885e-01	2.427985e+15	2.587320e+15	6.080356e+13	1.755105e+04	8.650319e+03	5.383552e+03	0	1.358904e-03
1.010000e+09	1.446246e+14	0.000000e+00	8.888885e-01	2.415296e+15	2.573885e+15	6.053163e+13	1.752747e+04	8.641678e+03	5.378174e+03	0	1.354379e-03
1.020000e+09	1.431828e+14	0.000000e+00	8.888885e-01	2.402712e+15	2.560561e+15	6.026154e+13	1.750401e+04	8.633075e+03	5.372821e+03	0	1.349864e-03
1.030000e+09	1.417537e+14	0.000000e+00	8.888885e-01	2.390232e+15	2.547347e+15	5.999328e+13	1.748067e+04	8.624512e+03	5.367491e+03	0	1.345358e-03
1.040000e+09	1.403371e+14	0.000000e+00	8.888885e-01	2.377855e+15	2.534240e+15	5.972683e+13	1.745746e+04	8.615988e+03	5.362186e+03	0	1.340861e-03
1.050000e+09	1.389328e+14	0.000000e+00	8.888885e-01	2.365579e+15	2.521240e+15	5.946217e+13	1.743436e+04	8.607502e+03	5.356905e+03	0	1.336374e-03
1.060000e+09	1.375408e+14	0.000000e+00	8.888885e-01	2.353403e+15	2.508346e+15	5.919931e+13	1.741139e+04	8.599054e+03	5.351647e+03	0	1.331895e-03
1.070000e+09	1.361608e+14	0.000000e+00	8.888885e-01	2.341327e+15	2.495558e+15	5.893821e+13	1.738853e+04	8.590644e+03	5.346413e+03	0	1.327426e-03
1.080000e+09	1.347927e+14	0.000000e+00	8.888885e-01	2.329350e+15	2.482872e+15	5.867888e+13	1.736579e+04	8.582271e+03	5.341202e+03	0	1.322965e-03
1.090000e+09	1.334364e+14	0.000000e+00	8.888885e-01	2.317469e+15	2.470289e+15	5.842128e+13	1.734317e+04	8.573936e+03	5.336015e+03	0	1.318513e-03
1.100000e+09	1.320918e+14	0.000000e+00	8.888885e-01	2.305685e+15	2.457807e+15	5.816541e+13	1.732066e+04	8.565638e+03	5.330851e+03	0	1.314069e-03
1.110000e+09	1.307588e+14	0.000000e+00	8.888885e-01	2.293996e+15	2.445426e+15	5.791127e+13	1.729826e+04	8.557376e+03	5.325709e+03	0	1.309634e-03
1.120000e+09	1.294371e+14	0.000000e+00	8.888885e-01	2.282400e+15	2.433144e+15	5.765882e+13	1.727598e+04	8.549152e+03	5.320590e+03	0	1.305206e-03
1.130000e+09	1.281267e+14	0.000000e+00	8.888885e-01	2.270898e+15	2.420959e+15	5.740806e+13	1.725381e+04	8.540963e+03	5.315494e+03	0	1.300787e-03
1.140000e+09	1.268274e+14	0.000000e+00	8.888885e-01	2.259488e+15	2.408871e+15	5.715898e+13	1.723176e+04	8.532810e+03	5.310420e+03	0	1.296375e-03
1.150000e+09	1.255392e+14	0.000000e+00	8.888885e-01	2.248169e+15	2.396880e+15	5.691156e+13	1.720981e+04	8.524694e+03	5.305369e+03	0	1.291971e-03
1.160000e+09	1.242619e+14	0.000000e+00	8.888885e-01	2.236940e+15	2.384984e+15	5.666580e+13	1.718797e+04	8.516612e+03	5.300339e+03	0	1.287574e-03
1.170000e+09	1.229954e+14	0.000000e+00	8.888885e-01	2.225800e+15	2.373181e+15	5.642167e+13	1.716624e+04	8.508566e+03	5.295332e+03	0	1.283185e-03
1.180000e+09	1.217395e+14	0.000000e+00	8.888885e-01	2.214748e+15	2.361471e+15	5.617916e+13	1.714462e+04	8.500555e+03	5.290346e+03	0	1.278802e-03
1.190000e+09	1.204942e+14	0.000000e+00	8.888885e-01	2.203784e+15	2.349853e+15	5.593827e+13	1.712311e+04	8.492578e+03	5.285382e+03	0	1.274427e-03
1.200000e+09	1.192594e+14	0.000000e+00	8.888885e-01	2.192905e+15	2.338325e+15	5.569897e+13	1.710170e+04	8.484636e+03	5.280439e+03	0	1.270059e-03
1.210000e+09	1.180348e+14	0.000000e+00	8.888885e-01	2.182112e+15	2.326889e+15	5.546126e+13	1.708040e+04	8.476728e+03	5.275518e+03	0	1.265697e-03
1.220000e+09	1.168205e+14	0.000000e+00	8.888885e-01	2.171404e+15	2.315541e+15	5.522513e+13	1.705921e+04	8.468855e+03	5.270617e+03	0	1.261341e-03
1.230000e+09	1.156163e+14	0.000000e+00	8.888885e-01	2.160779e+15	2.304281e+15	5.499056e+13	1.703811e+04	8.461015e+03	5.265738e+03	0	1.256992e-03
1.240000e+09	1.144220e+14	0.000000e+00	8.888885e-01	2.150236e+15	2.293108e+15	5.475754e+13	1.701712e+04	8.453208e+03	5.260880e+03	0	1.252649e-03
1.250000e+09	1.132376e+14	0.000000e+00	8.888885e-01	2.139776e+15	2.282022e+15	5.452606e+13	1.699624e+04	8.445435e+03	5.256042e+03	0	1.248312e-03
1.260000e+09	1.120630e+14	0.000000e+00	8.888885e-01	2.129396e+15	2.271021e+15	5.429610e+13	1.697545e+04	8.437695e+03	5.251225e+03	0	1.243981e-03
1.270000e+09	1.108981e+14	0.000000e+00	8.888885e-01	2.119097e+15	2.260105e+15	5.406766e+13	1.695477e+04	8.429987e+03	5.246428e+03	0	1.239655e-03
1.280000e+09	1.097428e+14	0.000000e+00	8.888885e-01	2.108876e+15	2.249271e+15	5.384072e+13	1.693418e+04	8.422313e+03	5.241652e+03	0	1.235335e-03
1.290000e+09	1.085969e+14	0.000000e+00	8.888885e-01	2.098735e+15	2.238521e+15	5.361528e+13	1.691369e+04	8.414670e+03	5.236896e+03	0	1.231021e-03
1.300000e+09	1.074603e+14	0.000000e+00	8.888885e-01	2.088670e+15	2.227853e+15	5.339131e+13	1.689331e+04	8.407060e+03	5.232159e+03	0	1.226711e-03
1.310000e+09	1.063331e+14	0.000000e+00	8.888885e-01	2.078683e+15	2.217265e+15	5.316881e+13	1.687302e+04	8.399482e+03	5.227443e+03	0	1.222407e-03
1.320000e+09	1.052150e+14	0.000000e+00	8.888885e-01	2.068772e+15	2.206758e+15	5.294777e+13	1.685282e+04	8.391935e+03	5.222746e+03	0	1.218107e-03
1.330000e+09	1.041059e+14	0.000000e+00	8.888885e-01	2.058936e+15	2.196330e+15	5.272817e+13	1.683273e+04	8.384420e+03	5.218069e+03	0	1.213812e-03
1.340000e+09	1.030059e+14	0.000000e+00	8.888885e-01	2.049174e+15	2.185981e+15	5.251001e+13	1.681272e+04	8.376936e+03	5.213412e+03	0	1.209521e-03
1.350000e+09	1.019147e+14	0.000000e+00	8.888885e-01	2.039486e+15	2.175709e+15	5.229327e+13	1.679282e+04	8.369484e+03	5.208774e+03	0	1.205235e-03
1.360000e+09	1.008323e+14	0.000000e+00	8.888885e-01	2.029871e+15	2.165515e+15	5.207795e+13	1.677300e+04	8.362062e+03	5.204155e+03	0	1.200953e-03
1.370000e+09	9.975858e+13	0.000000e+00	8.888885e-01	2.020328e+15	2.155396e+15	5.186403e+13	1.675328e+04	8.354671e+03	5.199555e+03	0	1.196675e-03
1.380000e+09	9.869348e+13	0.000000e+00	8.888885e-01	2.010857e+15	2.145354e+15	5.165149e+13	1.673366e+04	8.347310e+03	5.194974e+03	0	1.192401e-03
1.390000e+09	9.763689e+13	0.000000e+00	8.888885e-01	2.001457e+15	2.135385e+15	5.144034e+13	1.671412e+04	8.339980e+03	5.190412e+03	0	1.188131e-03
1.400000e+09	9.658872e+13	0.000000e+00	8.888885e-01	1.992126e+15	2.125491e+15	5.123056e+13	1.669468e+04	8.332679e+03	5.185868e+03	0	1.183864e-03
1.410000e+09	9.554889e+13	0.000000e+00	8.888885e-01	1.982865e+15	2.115670e+15	5.102214e+13	1.667532e+04	8.325409e+03	5.181343e+03	0	1.179600e-03
1.420000e+09	9.451731e+13	0.000000e+00	8.888885e-01	1.973672e+15	2.105922e+15	5.081507e+13	1.665606e+04	8.318168e+03	5.176837e+03	0	1.175340e-03
1.430000e+09	9.349389e+13	0.000000e+00	8.888885e-01	1.964548e+15	2.096245e+15	5.060933e+13	1.663689e+04	8.310956e+03	5.172349e+03	0	1.171082e-03
1.440000e+09	9.247856e+13	0.000000e+00	8.888885e-01	1.955491e+15	2.086639e+15	5.040492e+13	1.661780e+04	8.303774e+03	5.167879e+03	0	1.166827e-03
1.450000e+09	9.147123e+13	0.000000e+00	8.888885e-01	1.946500e+15	2.077104e+15	5.020184e+13	1.659880e+04	8.296621e+03	5.163427e+03	0	1.162575e-03
1.460000e+09	9.047181e+13	0.000000e+00	8.888885e-01	1.937575e+15	2.067638e+15	5.000006e+13	1.657989e+04	8.289496e+03	5.158993e+03	0	1.158326e-03
1.470000e+09	8.948023e+13	0.000000e+00	8.888885e-01	1.928716e+15	2.058240e+15	4.979957e+13	1.656107e+04	8.282401e+03	5.154577e+03	0	1.154078e-03
1.480000e+09	8.849640e+13	0.000000e+00	8.888885e-01	1.919921e+15	2.048912e+15	4.960038e+13	1.654233e+04	8.275333e+03	5.150179e+03	0	1.149833e-03
1.490000e+09	8.752025e+13	0.000000e+00	8.888885e-01	1.911190e+15	2.039651e+15	4.940247e+13	1.652367e+04	8.268294e+03	5.145798e+03	0	1.145590e-03
1.500000e+09	8.655170e+13	0.000000e+00	8.888885e-01	1.902523e+15	2.030457e+15	4.920582e+13	1.650510e+04	8.261284e+03	5.141435e+03	0	1.141348e-03
1.510000e+09	8.559067e+13	0.000000e+00	8.888885e-01	1.893918e+15	2.021329e+15	4.901043e+13	1.648662e+04	8.254301e+03	5.137089e+03	0	1.137108e-03
1.520000e+09	8.463708e+13	0.000000e+00	8.888885e-01	1.885376e+15	2.012267e+15	4.881629e+13	1.646822e+04	8.247346e+03	5.132761e+03	0	1.132869e-03
1.530000e+09	8.369087e+13	0.000000e+00	8.888885e-01	1.876895e+15	2.003269e+15	4.862340e+13	1.644990e+04	8.240418e+03	5.128449e+03	0	1.128632e-03
1.540000e+09	8.275196e+13	0.000000e+00	8.888885e-01	1.868474e+15	1.994336e+15	4.843173e+13	1.643167e+04	8.233518e+03	5.124155e+03	0	1.124395e-03
1.550000e+09	8.182027e+13	0.000000e+00	8.888885e-01	1.860115e+15	1.985467e+15	4.824128e+13	1.641351e+04	8.226645e+03	5.119877e+03	0	1.120160e-03
1.560000e+09	8.089573e+13	0.000000e+00	8.888885e-01	1.851815e+15	1.976660e+15	4.805205e+13	1.639544e+04	8.219799e+03	5.115617e+03	0	1.115924e-03
1.570000e+09	7.997827e+13	0.000000e+00	8.888885e-01	1.843574e+15	1.967917e+15	4.786402e+13	1.637745e+04	8.212980e+03	5.111373e+03	0	1.111690e-03
1.580000e+09	7.906782e+13	0.000000e+00	8.888885e-01	1.835392e+15	1.959235e+15	4.767718e+13	1.635953e+04	8.206188e+03	5.107146e+03	0	1.107455e-03
1.590000e+09	7.816431e+13	0.000000e+00	8.888885e-01	1.827267e+15	1.950615e+15	4.749153e+13	1.634170e+04	8.199422e+03	5.102935e+03	0	1.103221e-03
1.600000e+09	7.726768e+13	0.000000e+00	8.888885e-01	1.819201e+15	1.942055e+15	4.730705e+13	1.632395e+04	8.192682e+03	5.098741e+03	0	1.098986e-03
1.610000e+09	7.637785e+13	0.000000e+00	8.888885e-01	1.811191e+15	1.933555e+15	4.712375e+13	1.630627e+04	8.185969e+03	5.094563e+03	0	1.094751e-03
1.620000e+09	7.549475e+13	0.000000e+00	8.888885e-01	1.803237e+15	1.925116e+15	4.694159e+13	1.628867e+04	8.179282e+03	5.090401e+03	0	1.090515e-03
1.630000e+09	7.461833e+13	0.000000e+00	8.888885e-01	1.795340e+15	1.916735e+15	4.676059e+13	1.627115e+04	8.172620e+03	5.086255e+03	0	1.086279e-03
1.640000e+09	7.374851e+13	0.000000e+00	8.888885e-01	1.787497e+15	1.908412e+15	4.658073e+13	1.625371e+04	8.165985e+03	5.082125e+03	0	1.082042e-03
1.650000e+09	7.288523e+13	0.000000e+00	8.888885e-01	1.779710e+15	1.900148e+15	4.640200e+13	1.623634e+04	8.159374e+03	5.078011e+03	0	1.077803e-03
1.660000e+09	7.202843e+13	0.000000e+00	8.888885e-01	1.771977e+15	1.891940e+15	4.622440e+13	1.621904e+04	8.152790e+03	5.073913e+03	0	1.073563e-03
1.670000e+09	7.117804e+13	0.000000e+00	8.888885e-01	1.764297e+15	1.883790e+15	4.604791e+13	1.620183e+04	8.146230e+03	5.069831e+03	0	1.069321e-03
1.680000e+09	7.033400e+13	0.000000e+00	8.888885e-01	1.756671e+15	1.875696e+15	4.587252e+13	1.618468e+04	8.139695e+03	5.065764e+03	0	1.065078e-03
1.690000e+09	6.949626e+13	0.000000e+00	8.888885e-01	1.749097e+15	1.867658e+15	4.569824e+13	1.616761e+04	8.133186e+03	5.061713e+03	0	1.060832e-03
1.700000e+09	6.866474e+13	0.000000e+00	8.888885e-01	1.741576e+15	1.859674e+15	4.552505e+13	1.615062e+04	8.126701e+03	5.057677e+03	0	1.056584e-03
1.710000e+09	6.783939e+13	0.000000e+00	8.888885e-01	1.734107e+15	1.851746e+15	4.535293e+13	1.613369e+04	8.120240e+03	5.053656e+03	0	1.052334e-03
1.720000e+09	6.702015e+13	0.000000e+00	8.888885e-01	1.726688e+15	1.843871e+15	4.518190e+13	1.611684e+04	8.113804e+03	5.049651e+03	0	1.048081e-03
1.730000e+09	6.620696e+13	0.000000e+00	8.888885e-01	1.719321e+15	1.836051e+15	4.501192e+13	1.610007e+04	8.107392e+03	5.045660e+03	0	1.043824e-03
1.740000e+09	6.539977e+13	0.000000e+00	8.888885e-01	1.712004e+15	1.828284e+15	4.484301e+13	1.608336e+04	8.101005e+03	5.041685e+03	0	1.039565e-03
1.750000e+09	6.459850e+13	0.000000e+00	8.888885e-01	1.704737e+15	1.820569e+15	4.467515e+13	1.606672e+04	8.094641e+03	5.037725e+03	0	1.035302e-03
1.760000e+09	6.380312e+13	0.000000e+00	8.888885e-01	1.697519e+15	1.812907e+15	4.450832e+13	1.605016e+04	8.088302e+03	5.033779e+03	0	1.031035e-03
1.770000e+09	6.301356e+13	0.000000e+00	8.888885e-01	1.690350e+15	1.805297e+15	4.434254e+13	1.603366e+04	8.081986e+03	5.029848e+03	0	1.026765e-03
1.780000e+09	6.222977e+13	0.000000e+00	8.888885e-01	1.683230e+15	1.797737e+15	4.417778e+13	1.601724e+04	8.075693e+03	5.025932e+03	0	1.022490e-03
1.790000e+09	6.145170e+13	0.000000e+00	8.888885e-01	1.676157e+15	1.790229e+15	4.401404e+13	1.600088e+04	8.069424e+03	5.022030e+03	0	1.018210e-03
1.800000e+09	6.067928e+13	0.000000e+00	8.888885e-01	1.669133e+15	1.782771e+15	4.385131e+13	1.598459e+04	8.063178e+03	5.018143e+03	0	1.013926e-03
1.810000e+09	5.991246e+13	0.000000e+00	8.888885e-01	1.662155e+15	1.775362e+15	4.368958e+13	1.596837e+04	8.056955e+03	5.014271e+03	0	1.009637e-03
1.820000e+09	5.915120e+13	0.000000e+00	8.888885e-01	1.655224e+15	1.768004e+15	4.352885e+13	1.595222e+04	8.050756e+03	5.010412e+03	0	1.005343e-03
1.830000e+09	5.839544e+13	0.000000e+00	8.888885e-01	1.648340e+15	1.760694e+15	4.336911e+13	1.593613e+04	8.044579e+03	5.006568e+03	0	1.001043e-03
1.840000e+09	5.764513e+13	0.000000e+00	8.888885e-01	1.641501e+15	1.753433e+15	4.321035e+13	1.592012e+04	8.038424e+03	5.002738e+03	0	9.967367e-04
1.850000e+09	5.690022e+13	0.000000e+00	8.888885e-01	1.634708e+15	1.746220e+15	4.305257e+13	1.590416e+04	8.032293e+03	4.998922e+03	0	9.924247e-04
1.860000e+09	5.616066e+13	0.000000e+00	8.888885e-01	1.627960e+15	1.739054e+15	4.289576e+13	1.588828e+04	8.026184e+03	4.995120e+03	0	9.881062e-04
1.870000e+09	5.542639e+13	0.000000e+00	8.888885e-01	1.621257e+15	1.731937e+15	4.273990e+13	1.587246e+04	8.020097e+03	4.991331e+03	0	9.837810e-04
1.880000e+09	5.469737e+13	0.000000e+00	8.888885e-01	1.614598e+15	1.724865e+15	4.258500e+13	1.585670e+04	8.014032e+03	4.987557e+03	0	9.794488e-04
1.890000e+09	5.397356e+13	0.000000e+00	8.888885e-01	1.607983e+15	1.717840e+15	4.243104e+13	1.584101e+04	8.007989e+03	4.983796e+03	0	9.751092e-04
1.900000e+09	5.325489e+13	0.000000e+00	8.888885e-01	1.601411e+15	1.710862e+15	4.227802e+13	1.582538e+04	8.001968e+03	4.980049e+03	0	9.707619e-04
1.910000e+09	5.254133e+13	0.000000e+00	8.888885e-01	1.594882e+15	1.703928e+15	4.212594e+13	1.580982e+04	7.995969e+03	4.976316e+03	0	9.664067e-04
1.920000e+09	5.183283e+13	0.000000e+00	8.888885e-01	1.588397e+15	1.697040e+15	4.197478e+13	1.579432e+04	7.989992e+03	4.972596e+03	0	9.620432e-04
1.930000e+09	5.112934e+13	0.000000e+00	8.888885e-01	1.581953e+15	1.690197e+15	4.182454e+13	1.577889e+04	7.984036e+03	4.968889e+03	0	9.576709e-04
1.940000e+09	5.043082e+13	0.000000e+00	8.888885e-01	1.575551e+15	1.683398e+15	4.167521e+13	1.576351e+04	7.978101e+03	4.965195e+03	0	9.532897e-04
1.950000e+09	4.973721e+13	0.000000e+00	8.888885e-01	1.569191e+15	1.676643e+15	4.152678e+13	1.574820e+04	7.972188e+03	4.961515e+03	0	9.488991e-04
1.960000e+09	4.904849e+13	0.000000e+00	8.888885e-01	1.562873e+15	1.669932e+15	4.137926e+13	1.573295e+04	7.966296e+03	4.957848e+03	0	9.444989e-04
1.970000e+09	4.836459e+13	0.000000e+00	8.888885e-01	1.556595e+15	1.663264e+15	4.123262e+13	1.571776e+04	7.960425e+03	4.954194e+03	0	9.400885e-04
1.980000e+09	4.768548e+13	0.000000e+00	8.888885e-01	1.550357e+15	1.656639e+15	4.108687e+13	1.570263e+04	7.954574e+03	4.950553e+03	0	9.356676e-04
1.990000e+09	4.701111e+13	0.000000e+00	8.888885e-01	1.544160e+15	1.650056e+15	4.094200e+13	1.568757e+04	7.948745e+03	4.946925e+03	0	9.312359e-04
2.000000e+09	4.634144e+13	0.000000e+00	8.888885e-01	1.538002e+15	1.643516e+15	4.079800e+13	1.567256e+04	7.942936e+03	4.943310e+03	0	9.267930e-04
2.010000e+09	4.567643e+13	0.000000e+00	8.888885e-01	1.531884e+15	1.637017e+15	4.065487e+13	1.565761e+04	7.937148e+03	4.939708e+03	0	9.223384e-04
2.020000e+09	4.501604e+13	0.000000e+00	8.888885e-01	1.525805e+15	1.630560e+15	4.051260e+13	1.564272e+04	7.931380e+03	4.936118e+03	0	9.178717e-04
2.030000e+09	4.436022e+13	0.000000e+00	8.888885e-01	1.519765e+15	1.624143e+15	4.037118e+13	1.562790e+04	7.925632e+03	4.932541e+03	0	9.133926e-04
2.040000e+09	4.370894e+13	0.000000e+00	8.888885e-01	1.513763e+15	1.617768e+15	4.023061e+13	1.561313e+04	7.919905e+03	4.928977e+03	0	9.089005e-04
2.050000e+09	4.306215e+13	0.000000e+00	8.888885e-01	1.507800e+15	1.611433e+15	4.009088e+13	1.559841e+04	7.914197e+03	4.925425e+03	0	9.043950e-04
2.060000e+09	4.241981e+13	0.000000e+00	8.888885e-01	1.501874e+15	1.605137e+15	3.995198e+13	1.558376e+04	7.908510e+03	4.921885e+03	0	8.998756e-04
2.070000e+09	4.178189e+13	0.000000e+00	8.888885e-01	1.495985e+15	1.598882e+15	3.981391e+13	1.556916e+04	7.902842e+03	4.918358e+03	0	8.953419e-04
2.080000e+09	4.114834e+13	0.000000e+00	8.888885e-01	1.490134e+15	1.592665e+15	3.967667e+13	1.555462e+04	7.897194e+03	4.914843e+03	0	8.907934e-04
2.090000e+09	4.051913e+13	0.000000e+00	8.888885e-01	1.484319e+15	1.586488e+15	3.954024e+13	1.554014e+04	7.891566e+03	4.911340e+03	0	8.862296e-04
2.100000e+09	3.989421e+13	0.000000e+00	8.888885e-01	1.478541e+15	1.580349e+15	3.940462e+13	1.552571e+04	7.885957e+03	4.907849e+03	0	8.816500e-04
2.110000e+09	3.927355e+13	0.000000e+00	8.888885e-01	1.472799e+15	1.574249e+15	3.926981e+13	1.551134e+04	7.880367e+03	4.904370e+03	0	8.770539e-04
2.120000e+09	3.865712e+13	0.000000e+00	8.888885e-01	1.467093e+15	1.568186e+15	3.913579e+13	1.549703e+04	7.874797e+03	4.900904e+03	0	8.724410e-04
2.130000e+09	3.804487e+13	0.000000e+00	8.888885e-01	1.461422e+15	1.562161e+15	3.900257e+13	1.548277e+04	7.869246e+03	4.897449e+03	0	8.678105e-04
2.140000e+09	3.743676e+13	0.000000e+00	8.888885e-01	1.455787e+15	1.556174e+15	3.887014e+13	1.546857e+04	7.863714e+03	4.894006e+03	0	8.631620e-04
2.150000e+09	3.683277e+13	0.000000e+00	8.888885e-01	1.450187e+15	1.550223e+15	3.873849e+13	1.545442e+04	7.858201e+03	4.890575e+03	0	8.584949e-04
2.160000e+09	3.623285e+13	0.000000e+00	8.888885e-01	1.444621e+15	1.544309e+15	3.860761e+13	1.544032e+04	7.852707e+03	4.887156e+03	0	8.538084e-04
2.170000e+09	3.563698e+13	0.000000e+00	8.888885e-01	1.439090e+15	1.538432e+15	3.847751e+13	1.542628e+04	7.847231e+03	4.883748e+03	0	8.491020e-04
2.180000e+09	3.504511e+13	0.000000e+00	8.888885e-01	1.433593e+15	1.532591e+15	3.834817e+13	1.541229e+04	7.841774e+03	4.880352e+03	0	8.443750e-04
2.190000e+09	3.445721e+13	0.000000e+00	8.888885e-01	1.428129e+15	1.526786e+15	3.821958e+13	1.539836e+04	7.836336e+03	4.876967e+03	0	8.396267e-04
2.200000e+09	3.387324e+13	0.000000e+00	8.888885e-01	1.422700e+15	1.521016e+15	3.809176e+13	1.538448e+04	7.830916e+03	4.873594e+03	0	8.348565e-04
2.210000e+09	3.329318e+13	0.000000e+00	8.888885e-01	1.417303e+15	1.515281e+15	3.796468e+13	1.537065e+04	7.825514e+03	4.870233e+03	0	8.300635e-04
2.220000e+09	3.271698e+13	0.000000e+00	8.888885e-01	1.411939e+15	1.509582e+15	3.783834e+13	1.535688e+04	7.820131e+03	4.866882e+03	0	8.252470e-04
2.230000e+09	3.214462e+13	0.000000e+00	8.888885e-01	1.406608e+15	1.503917e+15	3.771275e+13	1.534315e+04	7.814766e+03	4.863543e+03	0	8.204063e-04
2.240000e+09	3.157606e+13	0.000000e+00	8.888885e-01	1.401310e+15	1.498286e+15	3.758788e+13	1.532948e+04	7.809418e+03	4.860215e+03	0	8.155405e-04
2.250000e+09	3.101127e+13	0.000000e+00	8.888885e-01	1.396043e+15	1.492689e+15	3.746374e+13	1.531586e+04	7.804089e+03	4.856898e+03	0	8.106488e-04
2.260000e+09	3.045022e+13	0.000000e+00	8.888885e-01	1.390809e+15	1.487126e+15	3.734033e+13	1.530229e+04	7.798777e+03	4.853593e+03	0	8.057303e-04
2.270000e+09	2.989287e+13	0.000000e+00	8.888885e-01	1.385606e+15	1.481597e+15	3.721763e+13	1.528877e+04	7.793483e+03	4.850298e+03	0	8.007841e-04
2.280000e+09	2.933919e+13	0.000000e+00	8.888885e-01	1.380434e+15	1.476100e+15	3.709564e+13	1.527530e+04	7.788207e+03	4.847014e+03	0	7.958092e-04
2.290000e+09	2.878916e+13	0.000000e+00	8.888885e-01	1.375294e+15	1.470637e+15	3.697436e+13	1.526189e+04	7.782949e+03	4.843742e+03	0	7.908047e-04
2.300000e+09	2.824274e+13	0.000000e+00	8.888885e-01	1.370184e+15	1.465207e+15	3.685378e+13	1.524852e+04	7.777707e+03	4.840480e+03	0	7.857695e-04
2.310000e+09	2.769990e+13	0.000000e+00	8.888885e-01	1.365105e+15	1.459808e+15	3.673390e+13	1.523520e+04	7.772483e+03	4.837229e+03	0	7.807026e-04
2.320000e+09	2.716060e+13	0.000000e+00	8.888885e-01	1.360057e+15	1.454443e+15	3.661471e+13	1.522193e+04	7.767277e+03	4.833988e+03	0	7.756028e-04
2.330000e+09	2.662483e+13	0.000000e+00	8.888885e-01	1.355038e+15	1.449108e+15	3.649621e+13	1.520871e+04	7.762087e+03	4.830758e+03	0	7.704691e-04
2.340000e+09	2.609255e+13	0.000000e+00	8.888885e-01	1.350049e+15	1.443806e+15	3.637838e+13	1.519554e+04	7.756915e+03	4.827539e+03	0	7.653001e-04
2.350000e+09	2.556373e+13	0.000000e+00	8.888885e-01	1.345090e+15	1.438535e+15	3.626124e+13	1.518242e+04	7.751759e+03	4.824331e+03	0	7.600946e-04
2.360000e+09	2.503835e+13	0.000000e+00	8.888885e-01	1.340160e+15	1.433295e+15	3.614476e+13	1.516934e+04	7.746620e+03	4.821133e+03	0	7.548514e-04
2.370000e+09	2.451637e+13	0.000000e+00	8.888885e-01	1.335260e+15	1.428086e+15	3.602896e+13	1.515631e+04	7.741498e+03	4.817945e+03	0	7.495690e-04
2.380000e+09	2.399776e+13	0.000000e+00	8.888885e-01	1.330388e+15	1.422908e+15	3.591381e+13	1.514334e+04	7.736393e+03	4.814768e+03	0	7.442459e-04
2.390000e+09	2.348250e+13	0.000000e+00	8.888885e-01	1.325545e+15	1.417760e+15	3.579933e+13	1.513040e+04	7.731305e+03	4.811601e+03	0	7.388807e-04
2.400000e+09	2.297055e+13	0.000000e+00	8.888885e-01	1.320731e+15	1.412642e+15	3.568549e+13	1.511752e+04	7.726233e+03	4.808444e+03	0	7.334718e-04
2.410000e+09	2.246190e+13	0.000000e+00	8.888885e-01	1.315944e+15	1.407554e+15	3.557231e+13	1.510468e+04	7.721177e+03	4.805298e+03	0	7.280174e-04
2.420000e+09	2.195652e+13	0.000000e+00	8.888885e-01	1.311186e+15	1.402496e+15	3.545977e+13	1.509189e+04	7.716137e+03	4.802162e+03	0	7.225159e-04
2.430000e+09	2.145437e+13	0.000000e+00	8.888885e-01	1.306455e+15	1.397467e+15	3.534787e+13	1.507914e+04	7.711114e+03	4.799035e+03	0	7.169653e-04
2.440000e+09	2.095543e+13	0.000000e+00	8.888885e-01	1.301752e+15	1.392467e+15	3.523660e+13	1.506644e+04	7.706107e+03	4.795919e+03	0	7.113638e-04
2.450000e+09	2.045968e+13	0.000000e+00	8.888885e-01	1.297076e+15	1.387497e+15	3.512597e+13	1.505379e+04	7.701117e+03	4.792813e+03	0	7.057093e-04
2.460000e+09	1.996708e+13	0.000000e+00	8.888885e-01	1.292428e+15	1.382555e+15	3.501596e+13	1.504118e+04	7.696142e+03	4.789717e+03	0	6.999996e-04
2.470000e+09	1.947762e+13	0.000000e+00	8.888885e-01	1.287806e+15	1.377642e+15	3.490657e+13	1.502862e+04	7.691183e+03	4.786631e+03	0	6.942324e-04
2.480000e+09	1.899126e+13	0.000000e+00	8.888885e-01	1.283211e+15	1.372757e+15	3.479780e+13	1.501610e+04	7.686240e+03	4.783555e+03	0	6.884053e-04
2.490000e+09	1.850799e+13	0.000000e+00	8.888885e-01	1.278642e+15	1.367900e+15	3.468964e+13	1.500362e+04	7.681312e+03	4.780488e+03	0	6.825157e-04
2.500000e+09	1.802776e+13	0.000000e+00	8.888885e-01	1.274100e+15	1.363071e+15	3.458209e+13	1.499120e+04	7.676401e+03	4.777431e+03	0	6.765609e-04
2.510000e+09	1.755058e+13	0.000000e+00	8.888885e-01	1.269584e+15	1.358269e+15	3.447515e+13	1.497881e+04	7.671504e+03	4.774384e+03	0	6.705379e-04
2.520000e+09	1.707639e+13	0.000000e+00	8.888885e-01	1.265094e+15	1.353495e+15	3.436880e+13	1.496647e+04	7.666624e+03	4.771346e+03	0	6.644438e-04
2.530000e+09	1.660519e+13	0.000000e+00	8.888885e-01	1.260629e+15	1.348748e+15	3.426305e+13	1.495417e+04	7.661758e+03	4.768319e+03	0	6.582753e-04
2.540000e+09	1.613695e+13	0.000000e+00	8.888885e-01	1.256189e+15	1.344028e+15	3.415790e+13	1.494192e+04	7.656909e+03	4.765300e+03	0	6.520287e-04
2.550000e+09	1.567164e+13	0.000000e+00	8.888885e-01	1.251775e+15	1.339335e+15	3.405332e+13	1.492970e+04	7.652074e+03	4.762291e+03	0	6.457004e-04
2.560000e+09	1.520924e+13	0.000000e+00	8.888885e-01	1.247386e+15	1.334668e+15	3.394934e+13	1.491753e+04	7.647254e+03	4.759292e+03	0	6.392863e-04
2.570000e+09	1.474973e+13	0.000000e+00	8.888885e-01	1.243022e+15	1.330029e+15	3.384593e+13	1.490541e+04	7.642450e+03	4.756302e+03	0	6.327822e-04
2.580000e+09	1.429308e+13	0.000000e+00	8.888885e-01	1.238683e+15	1.325415e+15	3.374310e+13	1.489333e+04	7.637661e+03	4.753321e+03	0	6.261833e-04
2.590000e+09	1.383927e+13	0.000000e+00	8.888885e-01	1.234368e+15	1.320827e+15	3.364084e+13	1.488128e+04	7.632886e+03	4.750350e+03	0	6.194848e-04
2.600000e+09	1.338828e+13	0.000000e+00	8.888885e-01	1.230077e+15	1.316265e+15	3.353914e+13	1.486928e+04	7.628127e+03	4.747388e+03	0	6.126811e-04
2.610000e+09	1.294009e+13	0.000000e+00	8.888885e-01	1.225811e+15	1.311728e+15	3.343801e+13	1.485733e+04	7.623382e+03	4.744435e+03	0	6.057665e-04
2.620000e+09	1.249466e+13	0.000000e+00	8.888885e-01	1.221568e+15	1.307217e+15	3.333744e+13	1.484541e+04	7.618652e+03	4.741491e+03	0	5.987347e-04
2.630000e+09	1.205199e+13	0.000000e+00	8.888885e-01	1.217349e+15	1.302730e+15	3.323742e+13	1.483353e+04	7.613936e+03	4.738556e+03	0	5.915787e-04
2.640000e+09	1.161205e+13	0.000000e+00	8.888885e-01	1.213154e+15	1.298270e+15	3.313796e+13	1.482170e+04	7.609235e+03	4.735631e+03	0	5.842911e-04
2.650000e+09	1.117482e+13	0.000000e+00	8.888885e-01	1.208982e+15	1.293833e+15	3.303904e+13	1.480991e+04	7.604549e+03	4.732714e+03	0	5.768635e-04
2.660000e+09	1.074027e+13	0.000000e+00	8.888885e-01	1.204833e+15	1.289422e+15	3.294067e+13	1.479815e+04	7.599877e+03	4.729807e+03	0	5.692871e-04
2.670000e+09	1.030839e+13	0.000000e+00	8.888885e-01	1.200708e+15	1.285034e+15	3.284284e+13	1.478644e+04	7.595219e+03	4.726908e+03	0	5.615518e-04
2.680000e+09	9.879152e+12	0.000000e+00	8.888885e-01	1.196605e+15	1.280672e+15	3.274554e+13	1.477477e+04	7.590576e+03	4.724018e+03	0	5.536468e-04
2.690000e+09	9.452537e+12	0.000000e+00	8.888885e-01	1.192525e+15	1.276332e+15	3.264878e+13	1.476313e+04	7.585947e+03	4.721137e+03	0	5.455598e-04
2.700000e+09	9.028525e+12	0.000000e+00	8.888885e-01	1.188467e+15	1.272018e+15	3.255255e+13	1.475154e+04	7.581332e+03	4.718265e+03	0	5.372773e-04
2.710000e+09	8.607094e+12	0.000000e+00	8.888885e-01	1.184432e+15	1.267726e+15	3.245684e+13	1.473999e+04	7.576731e+03	4.715401e+03	0	5.287841e-04
2.720000e+09	8.188226e+12	0.000000e+00	8.888885e-01	1.180419e+15	1.263458e+15	3.236165e+13	1.472847e+04	7.572144e+03	4.712547e+03	0	5.200633e-04
2.730000e+09	7.771900e+12	0.000000e+00	8.888885e-01	1.176427e+15	1.259214e+15	3.226698e+13	1.471700e+04	7.567571e+03	4.709701e+03	0	5.110954e-04
2.740000e+09	7.358096e+12	0.000000e+00	8.888885e-01	1.172458e+15	1.254993e+15	3.217283e+13	1.470556e+04	7.563012e+03	4.706863e+03	0	5.018586e-04
2.750000e+09	6.946795e+12	0.000000e+00	8.888885e-01	1.168511e+15	1.250795e+15	3.207919e+13	1.469416e+04	7.558466e+03	4.704034e+03	0	4.923278e-04
2.760000e+09	6.537977e+12	0.000000e+00	8.888885e-01	1.164584e+15	1.246619e+15	3.198605e+13	1.468280e+04	7.553934e+03	4.701214e+03	0	4.824741e-04
2.770000e+09	6.131623e+12	0.000000e+00	8.888885e-01	1.160680e+15	1.242466e+15	3.189342e+13	1.467148e+04	7.549416e+03	4.698402e+03	0	4.722639e-04
2.780000e+09	5.727713e+12	0.000000e+00	8.888885e-01	1.156796e+15	1.238336e+15	3.180129e+13	1.466019e+04	7.544912e+03	4.695599e+03	0	4.616576e-04
2.790000e+09	5.326230e+12	0.000000e+00	8.888885e-01	1.152934e+15	1.234228e+15	3.170965e+13	1.464895e+04	7.540421e+03	4.692804e+03	0	4.506087e-04
2.800000e+09	4.927154e+12	0.000000e+00	8.888885e-01	1.149092e+15	1.230142e+15	3.161851e+13	1.463774e+04	7.535943e+03	4.690017e+03	0	4.390611e-04
2.810000e+09	4.530466e+12	0.000000e+00	8.888885e-01	1.145271e+15	1.226079e+15	3.152787e+13	1.462657e+04	7.531479e+03	4.687239e+03	0	4.269469e-04
2.820000e+09	4.136149e+12	0.000000e+00	8.888885e-01	1.141471e+15	1.222037e+15	3.143770e+13	1.461543e+04	7.527028e+03	4.684469e+03	0	4.141824e-04
2.830000e+09	3.744184e+12	0.000000e+00	8.888885e-01	1.137691e+15	1.218017e+15	3.134802e+13	1.460434e+04	7.522590e+03	4.681707e+03	0	4.006624e-04
2.840000e+09	3.354554e+12	0.000000e+00	8.888885e-01	1.133931e+15	1.214018e+15	3.125883e+13	1.459327e+04	7.518166e+03	4.678953e+03	0	3.862524e-04
2.850000e+09	2.967240e+12	0.000000e+00	8.888885e-01	1.130192e+15	1.210040e+15	3.117011e+13	1.458225e+04	7.513754e+03	4.676208e+03	0	3.707750e-04
2.860000e+09	2.582224e+12	0.000000e+00	8.888885e-01	1.126472e+15	1.206084e+15	3.108186e+13	1.457126e+04	7.509356e+03	4.673471e+03	0	3.539899e-04
2.870000e+09	2.199490e+12	0.000000e+00	8.888885e-01	1.122773e+15	1.202149e+15	3.099408e+13	1.456031e+04	7.504971e+03	4.670741e+03	0	3.355575e-04
2.880000e+09	1.819020e+12	0.000000e+00	8.888885e-01	1.119093e+15	1.198235e+15	3.090677e+13	1.454939e+04	7.500598e+03	4.668020e+03	0	3.149721e-04
2.890000e+09	1.440797e+12	0.000000e+00	8.888885e-01	1.115432e+15	1.194342e+15	3.081993e+13	1.453851e+04	7.496239e+03	4.665307e+03	0	2.914252e-04
2.900000e+09	1.064803e+12	0.000000e+00	8.888885e-01	1.111791e+15	1.190469e+15	3.073355e+13	1.452767e+04	7.491892e+03	4.662602e+03	0	2.634810e-04
2.910000e+09	6.910222e+11	0.000000e+00	8.888885e-01	1.108170e+15	1.186617e+15	3.064762e+13	1.451686e+04	7.487558e+03	4.659904e+03	0	2.281166e-04
2.920000e+09	3.194378e+11	0.000000e+00	8.888885e-01	1.104567e+15	1.182784e+15	3.056215e+13	1.450609e+04	7.483236e+03	4.657215e+03	0	1.763823e-04
2.930000e+09	-4.996696e+10	0.000000e+00	8.888885e-01	1.100983e+15	1.178972e+15	3.047713e+13	1.449535e+04	7.478928e+03	4.654533e+03	0	nan
