#R=2.0051120968465348
#interptype='linear'
#name='planet'
#norm={'P': 1000000000000.0, 'R': 2.0051120968465348, 'M': 6.0, 'g': 14.669728946299832, 'rho': 1000.0}
#state=1
#composition
#layer0		Fe08FeS02		0.500000
#layer1		pv_fmw		0.500000
#layer2		ice_VII		0.400000
#Cols=
 #'ur		r		mr		rho		P		g		phi		T		composition'
#-end-
0.000000e+00	0.000000e+00	2.043924e-11	1.940792e+04	1.970920e+12	0.000000e+00	-4.220234e+08	5.000000e+03	0
5.025126e-03	1.007594e-02	1.220669e-05	1.941061e+04	1.971769e+12	-9.169375e-02	-4.220129e+08	5.000000e+03	0
1.005025e-02	2.015188e-02	3.588878e-05	1.941281e+04	1.972463e+12	-1.165093e-01	-4.219793e+08	5.000000e+03	0
1.507538e-02	3.022782e-02	1.209981e-04	1.941236e+04	1.972320e+12	2.166700e-01	-4.219231e+08	5.000000e+03	0
2.010050e-02	4.030376e-02	2.518914e-04	1.941110e+04	1.971925e+12	5.550592e-01	-4.218449e+08	5.000000e+03	0
2.512563e-02	5.037970e-02	4.824324e-04	1.940811e+04	1.970981e+12	9.047876e-01	-4.217446e+08	5.000000e+03	0
3.015075e-02	6.045564e-02	8.158327e-04	1.940391e+04	1.969659e+12	1.254925e+00	-4.216216e+08	5.000000e+03	0
3.517588e-02	7.053158e-02	1.264193e-03	1.939838e+04	1.967917e+12	1.605519e+00	-4.214756e+08	5.000000e+03	0
4.020101e-02	8.060752e-02	1.895123e-03	1.939126e+04	1.965673e+12	1.955962e+00	-4.213088e+08	5.000000e+03	0
4.522613e-02	9.068346e-02	2.633446e-03	1.938319e+04	1.963135e+12	2.306316e+00	-4.211221e+08	5.000000e+03	0
5.025126e-02	1.007594e-01	3.656483e-03	1.937313e+04	1.959973e+12	2.656246e+00	-4.209119e+08	5.000000e+03	0
5.527638e-02	1.108353e-01	4.756561e-03	1.936254e+04	1.956642e+12	3.006061e+00	-4.206726e+08	5.000000e+03	0
6.030151e-02	1.209113e-01	6.265670e-03	1.934955e+04	1.952567e+12	3.355192e+00	-4.204160e+08	5.000000e+03	0
6.532663e-02	1.309872e-01	7.850161e-03	1.933616e+04	1.948367e+12	3.704194e+00	-4.201373e+08	5.000000e+03	0
7.035176e-02	1.410632e-01	9.887202e-03	1.932050e+04	1.943464e+12	4.052402e+00	-4.198353e+08	5.000000e+03	0
7.537688e-02	1.511391e-01	1.207305e-02	1.930418e+04	1.938359e+12	4.400342e+00	-4.195133e+08	5.000000e+03	0
8.040201e-02	1.612150e-01	1.468408e-02	1.928599e+04	1.932678e+12	4.747515e+00	-4.191598e+08	5.000000e+03	0
8.542714e-02	1.712910e-01	1.756316e-02	1.926674e+04	1.926675e+12	5.094192e+00	-4.188015e+08	5.000000e+03	0
9.045226e-02	1.813669e-01	2.081752e-02	1.924602e+04	1.920223e+12	5.440178e+00	-4.184116e+08	5.000000e+03	0
9.547739e-02	1.914429e-01	2.448051e-02	1.922385e+04	1.913331e+12	5.785395e+00	-4.180005e+08	5.000000e+03	0
1.005025e-01	2.015188e-01	2.844667e-02	1.920059e+04	1.906115e+12	6.130043e+00	-4.175673e+08	5.000000e+03	0
1.055276e-01	2.115947e-01	3.298288e-02	1.917549e+04	1.898345e+12	6.473603e+00	-4.171122e+08	5.000000e+03	0
1.105528e-01	2.216707e-01	3.772835e-02	1.914971e+04	1.890373e+12	6.816764e+00	-4.166350e+08	5.000000e+03	0
1.155779e-01	2.317466e-01	4.322557e-02	1.912168e+04	1.881737e+12	7.158470e+00	-4.161371e+08	5.000000e+03	0
1.206030e-01	2.418226e-01	4.885893e-02	1.909326e+04	1.872985e+12	7.499911e+00	-4.156172e+08	5.000000e+03	0
1.256281e-01	2.518985e-01	5.536106e-02	1.906242e+04	1.863530e+12	7.839648e+00	-4.150715e+08	5.000000e+03	0
1.306533e-01	2.619744e-01	6.206178e-02	1.903107e+04	1.853927e+12	8.178991e+00	-4.145104e+08	5.000000e+03	0
1.356784e-01	2.720504e-01	6.953880e-02	1.899771e+04	1.843747e+12	8.516793e+00	-4.139255e+08	5.000000e+03	0
1.407035e-01	2.821263e-01	7.739045e-02	1.896343e+04	1.833310e+12	8.853840e+00	-4.133189e+08	5.000000e+03	0
1.457286e-01	2.922023e-01	8.590490e-02	1.892754e+04	1.822416e+12	9.189556e+00	-4.126908e+08	5.000000e+03	0
1.507538e-01	3.022782e-01	9.498894e-02	1.889034e+04	1.811159e+12	9.524112e+00	-4.120414e+08	5.000000e+03	0
1.557789e-01	3.123541e-01	1.046019e-01	1.885193e+04	1.799565e+12	9.857592e+00	-4.113708e+08	5.000000e+03	0
1.608040e-01	3.224301e-01	1.149975e-01	1.881180e+04	1.787507e+12	1.018946e+01	-4.106792e+08	5.000000e+03	0
1.658291e-01	3.325060e-01	1.257683e-01	1.877086e+04	1.775226e+12	1.052055e+01	-4.099677e+08	5.000000e+03	0
1.708543e-01	3.425820e-01	1.375522e-01	1.872781e+04	1.762384e+12	1.084954e+01	-4.092327e+08	5.000000e+03	0
1.758794e-01	3.526579e-01	1.495388e-01	1.868435e+04	1.749429e+12	1.117810e+01	-4.084778e+08	5.000000e+03	0
1.809045e-01	3.627338e-01	1.627851e-01	1.863837e+04	1.735823e+12	1.150400e+01	-4.077025e+08	5.000000e+03	0
1.859296e-01	3.728098e-01	1.762396e-01	1.859201e+04	1.722116e+12	1.182945e+01	-4.069070e+08	5.000000e+03	0
1.909548e-01	3.828857e-01	1.908233e-01	1.854348e+04	1.707863e+12	1.215249e+01	-4.060898e+08	5.000000e+03	0
1.959799e-01	3.929617e-01	2.058279e-01	1.849419e+04	1.693418e+12	1.247462e+01	-4.052523e+08	5.000000e+03	0
2.010050e-01	4.030376e-01	2.217891e-01	1.844314e+04	1.678539e+12	1.279468e+01	-4.043961e+08	5.000000e+03	0
2.060302e-01	4.131135e-01	2.384113e-01	1.839092e+04	1.663378e+12	1.311328e+01	-4.035174e+08	5.000000e+03	0
2.110553e-01	4.231895e-01	2.558000e-01	1.833734e+04	1.647892e+12	1.343021e+01	-4.026190e+08	5.000000e+03	0
2.160804e-01	4.332654e-01	2.741037e-01	1.828219e+04	1.632039e+12	1.374509e+01	-4.017007e+08	5.000000e+03	0
2.211055e-01	4.433414e-01	2.929675e-01	1.822608e+04	1.615963e+12	1.405873e+01	-4.007627e+08	5.000000e+03	0
2.261307e-01	4.534173e-01	3.130137e-01	1.816800e+04	1.599442e+12	1.436970e+01	-3.998045e+08	5.000000e+03	0
2.311558e-01	4.634932e-01	3.333978e-01	1.810936e+04	1.582795e+12	1.467990e+01	-3.988261e+08	5.000000e+03	0
2.361809e-01	4.735692e-01	3.552438e-01	1.804834e+04	1.565633e+12	1.498675e+01	-3.978296e+08	5.000000e+03	0
2.412060e-01	4.836451e-01	3.773395e-01	1.798693e+04	1.548385e+12	1.529303e+01	-3.968128e+08	5.000000e+03	0
2.462312e-01	4.937211e-01	4.008902e-01	1.792321e+04	1.530656e+12	1.559591e+01	-3.957767e+08	5.000000e+03	0
2.512563e-01	5.037970e-01	4.248512e-01	1.785885e+04	1.512799e+12	1.589782e+01	-3.947214e+08	5.000000e+03	0
2.562814e-01	5.138729e-01	4.500430e-01	1.779259e+04	1.494561e+12	1.619682e+01	-3.936471e+08	5.000000e+03	0
2.613065e-01	5.239489e-01	4.759176e-01	1.772529e+04	1.476123e+12	1.649417e+01	-3.925538e+08	5.000000e+03	0
2.663317e-01	5.340248e-01	5.027852e-01	1.765647e+04	1.457396e+12	1.678913e+01	-3.914416e+08	5.000000e+03	0
2.713568e-01	5.441008e-01	5.306176e-01	1.758621e+04	1.438405e+12	1.708172e+01	-3.903109e+08	5.000000e+03	0
2.763819e-01	5.541767e-01	5.591931e-01	1.751484e+04	1.419212e+12	1.737249e+01	-3.891616e+08	5.000000e+03	0
2.814070e-01	5.642527e-01	5.890230e-01	1.744162e+04	1.399699e+12	1.766012e+01	-3.879943e+08	5.000000e+03	0
2.864322e-01	5.743286e-01	6.193354e-01	1.736768e+04	1.380063e+12	1.794655e+01	-3.868083e+08	5.000000e+03	0
2.914573e-01	5.844045e-01	6.511982e-01	1.729149e+04	1.360058e+12	1.822902e+01	-3.856045e+08	5.000000e+03	0
2.964824e-01	5.944805e-01	6.833393e-01	1.721488e+04	1.339987e+12	1.851077e+01	-3.843828e+08	5.000000e+03	0
3.015075e-01	6.045564e-01	7.171996e-01	1.713579e+04	1.319536e+12	1.878805e+01	-3.831434e+08	5.000000e+03	0
3.065327e-01	6.146324e-01	7.514107e-01	1.705620e+04	1.299013e+12	1.906440e+01	-3.818864e+08	5.000000e+03	0
3.115578e-01	6.247083e-01	7.870754e-01	1.697451e+04	1.278191e+12	1.933687e+01	-3.806119e+08	5.000000e+03	0
3.165829e-01	6.347842e-01	8.233806e-01	1.689191e+04	1.257247e+12	1.960760e+01	-3.793205e+08	5.000000e+03	0
3.216080e-01	6.448602e-01	8.608656e-01	1.680762e+04	1.236080e+12	1.987512e+01	-3.780116e+08	5.000000e+03	0
3.266332e-01	6.549361e-01	8.992837e-01	1.672199e+04	1.214749e+12	2.014002e+01	-3.766860e+08	5.000000e+03	0
3.316583e-01	6.650121e-01	9.386011e-01	1.663507e+04	1.193262e+12	2.040242e+01	-3.753438e+08	5.000000e+03	0
3.366834e-01	6.750880e-01	9.791457e-01	1.654640e+04	1.171579e+12	2.066130e+01	-3.739851e+08	5.000000e+03	0
3.417085e-01	6.851639e-01	1.020304e+00	1.645684e+04	1.149798e+12	2.091842e+01	-3.726100e+08	5.000000e+03	0
3.467337e-01	6.952399e-01	1.062983e+00	1.636509e+04	1.127797e+12	2.117106e+01	-3.712202e+08	5.000000e+03	0
3.517588e-01	7.053158e-01	1.105987e+00	1.627287e+04	1.105749e+12	2.142274e+01	-3.698116e+08	5.000000e+03	0
3.567839e-01	7.153918e-01	1.150802e+00	1.617802e+04	1.083465e+12	2.166893e+01	-3.683888e+08	5.000000e+03	0
3.618090e-01	7.254677e-01	1.195907e+00	1.608274e+04	1.061148e+12	2.191422e+01	-3.669502e+08	5.000000e+03	0
3.668342e-01	7.355436e-01	1.242599e+00	1.598513e+04	1.038649e+12	2.215454e+01	-3.654963e+08	5.000000e+03	0
3.718593e-01	7.456196e-01	1.289835e+00	1.588670e+04	1.016095e+12	2.239311e+01	-3.640273e+08	5.000000e+03	0
3.768844e-01	7.556955e-01	1.338361e+00	1.578635e+04	9.934115e+11	2.262751e+01	-3.625434e+08	5.000000e+03	0
3.819095e-01	7.657715e-01	1.387714e+00	1.568474e+04	9.706577e+11	2.285914e+01	-3.610444e+08	5.000000e+03	0
3.869347e-01	7.758474e-01	1.438062e+00	1.558161e+04	9.478192e+11	2.308745e+01	-3.595314e+08	5.000000e+03	0
3.919598e-01	7.859233e-01	1.489513e+00	1.547677e+04	9.249035e+11	2.331192e+01	-3.580039e+08	5.000000e+03	0
3.969849e-01	7.959993e-01	1.541666e+00	1.537083e+04	9.019387e+11	2.353396e+01	-3.564620e+08	5.000000e+03	0
4.020101e-01	8.060752e-01	1.595189e+00	1.526270e+04	8.788996e+11	2.375104e+01	-3.549068e+08	5.000000e+03	0
4.070352e-01	8.161512e-01	1.649125e+00	1.515391e+04	8.558380e+11	2.396664e+01	-3.533375e+08	5.000000e+03	0
4.120603e-01	8.262271e-01	1.704686e+00	1.504243e+04	8.327144e+11	2.417611e+01	-3.517557e+08	5.000000e+03	0
4.170854e-01	8.363030e-01	1.760522e+00	1.493048e+04	8.095828e+11	2.438452e+01	-3.501595e+08	5.000000e+03	0
4.221106e-01	8.463790e-01	1.817937e+00	1.481583e+04	7.864174e+11	2.458669e+01	-3.485403e+08	5.000000e+03	0
4.271357e-01	8.564549e-01	1.875758e+00	1.470045e+04	7.632506e+11	2.478719e+01	-3.469292e+08	5.000000e+03	0
4.321608e-01	8.665309e-01	1.934860e+00	1.458278e+04	7.400790e+11	2.498238e+01	-3.452954e+08	5.000000e+03	0
4.371859e-01	8.766068e-01	1.994615e+00	1.446388e+04	7.169173e+11	2.517471e+01	-3.436491e+08	5.000000e+03	0
4.422111e-01	8.866827e-01	2.055359e+00	1.434311e+04	6.937705e+11	2.536272e+01	-3.419912e+08	5.000000e+03	0
4.472362e-01	8.967587e-01	2.116987e+00	1.422059e+04	6.706549e+11	2.554662e+01	-3.403216e+08	5.000000e+03	0
4.522613e-01	9.068346e-01	2.179324e+00	1.409665e+04	6.475643e+11	2.572725e+01	-3.386406e+08	5.000000e+03	0
4.572864e-01	9.169106e-01	2.242756e+00	1.397039e+04	6.245363e+11	2.590247e+01	-3.369495e+08	5.000000e+03	0
4.623116e-01	9.269865e-01	2.306630e+00	1.384319e+04	6.015335e+11	2.607552e+01	-3.352449e+08	5.000000e+03	0
4.673367e-01	9.370624e-01	2.371786e+00	1.371306e+04	5.786352e+11	2.624178e+01	-3.335309e+08	5.000000e+03	0
4.723618e-01	9.471384e-01	2.437173e+00	1.358239e+04	5.557566e+11	2.640680e+01	-3.318045e+08	5.000000e+03	0
4.773869e-01	9.572143e-01	2.503925e+00	1.344833e+04	5.330265e+11	2.656403e+01	-3.300719e+08	5.000000e+03	0
4.824121e-01	9.672903e-01	2.570923e+00	1.331360e+04	5.103306e+11	2.671972e+01	-3.283281e+08	5.000000e+03	0
4.874372e-01	9.773662e-01	2.639003e+00	1.317592e+04	4.877860e+11	2.686869e+01	-3.265742e+08	5.000000e+03	0
4.924623e-01	9.874421e-01	2.707508e+00	1.303694e+04	4.653164e+11	2.701475e+01	-3.248111e+08	5.000000e+03	0
4.974874e-01	9.975181e-01	2.776829e+00	1.289547e+04	4.429908e+11	2.715522e+01	-3.230406e+08	5.000000e+03	0
5.025126e-01	1.007594e+00	2.846724e+00	1.275201e+04	4.207918e+11	2.729132e+01	-3.212583e+08	5.000000e+03	0
5.075377e-01	1.017670e+00	2.917193e+00	1.260656e+04	3.987192e+11	2.742303e+01	-3.194695e+08	5.000000e+03	0
5.125628e-01	1.027746e+00	2.968493e+00	1.061527e+04	3.829610e+11	2.736824e+01	-3.176733e+08	5.000000e+03	0
5.175879e-01	1.037822e+00	3.009803e+00	7.662069e+03	3.704932e+11	2.721625e+01	-3.158756e+08	5.000000e+03	0
5.226131e-01	1.047898e+00	3.051764e+00	7.063052e+03	3.582919e+11	2.707122e+01	-3.140854e+08	5.000000e+03	1
5.276382e-01	1.057974e+00	3.093872e+00	6.999078e+03	3.461512e+11	2.692776e+01	-3.123047e+08	5.000000e+03	1
5.326633e-01	1.068050e+00	3.136734e+00	6.935088e+03	3.343180e+11	2.679181e+01	-3.105339e+08	5.000000e+03	1
5.376884e-01	1.078126e+00	3.179715e+00	6.871087e+03	3.225333e+11	2.665698e+01	-3.087718e+08	5.000000e+03	1
5.427136e-01	1.088202e+00	3.223348e+00	6.807020e+03	3.110155e+11	2.652823e+01	-3.070203e+08	5.000000e+03	1
5.477387e-01	1.098277e+00	3.267189e+00	6.742915e+03	2.995834e+11	2.640130e+01	-3.052769e+08	5.000000e+03	1
5.527638e-01	1.108353e+00	3.311545e+00	6.678714e+03	2.883638e+11	2.627886e+01	-3.035422e+08	5.000000e+03	1
5.577889e-01	1.118429e+00	3.356208e+00	6.614426e+03	2.772733e+11	2.615894e+01	-3.018157e+08	5.000000e+03	1
5.628141e-01	1.128505e+00	3.401256e+00	6.550029e+03	2.663442e+11	2.604217e+01	-3.000976e+08	5.000000e+03	1
5.678392e-01	1.138581e+00	3.446702e+00	6.485478e+03	2.555860e+11	2.592846e+01	-2.983875e+08	5.000000e+03	1
5.728643e-01	1.148657e+00	3.492411e+00	6.420825e+03	2.449408e+11	2.581678e+01	-2.966851e+08	5.000000e+03	1
5.778894e-01	1.158733e+00	3.538596e+00	6.355928e+03	2.345066e+11	2.570854e+01	-2.949903e+08	5.000000e+03	1
5.829146e-01	1.168809e+00	3.584931e+00	6.290955e+03	2.241394e+11	2.560140e+01	-2.933031e+08	5.000000e+03	1
5.879397e-01	1.178885e+00	3.607543e+00	4.503350e+03	2.192690e+11	2.532900e+01	-2.916239e+08	5.000000e+03	1
5.929648e-01	1.188961e+00	3.628035e+00	2.702328e+03	2.149074e+11	2.504265e+01	-2.899578e+08	5.000000e+03	2
5.979899e-01	1.199037e+00	3.648977e+00	2.691113e+03	2.106589e+11	2.476954e+01	-2.883096e+08	5.000000e+03	2
6.030151e-01	1.209113e+00	3.670033e+00	2.679952e+03	2.064371e+11	2.449955e+01	-2.866796e+08	5.000000e+03	2
6.080402e-01	1.219189e+00	3.691466e+00	2.668969e+03	2.023042e+11	2.423989e+01	-2.850673e+08	5.000000e+03	2
6.130653e-01	1.229265e+00	3.713090e+00	2.658073e+03	1.982139e+11	2.398515e+01	-2.834726e+08	5.000000e+03	2
6.180905e-01	1.239341e+00	3.735017e+00	2.647312e+03	1.941907e+11	2.373812e+01	-2.818943e+08	5.000000e+03	2
6.231156e-01	1.249417e+00	3.757215e+00	2.636665e+03	1.902244e+11	2.349759e+01	-2.803327e+08	5.000000e+03	2
6.281407e-01	1.259493e+00	3.779638e+00	2.626113e+03	1.863053e+11	2.326245e+01	-2.787871e+08	5.000000e+03	2
6.331658e-01	1.269568e+00	3.802414e+00	2.615702e+03	1.824559e+11	2.303519e+01	-2.772568e+08	5.000000e+03	2
6.381910e-01	1.279644e+00	3.825338e+00	2.605350e+03	1.786358e+11	2.281125e+01	-2.757418e+08	5.000000e+03	2
6.432161e-01	1.289720e+00	3.848695e+00	2.595160e+03	1.748967e+11	2.259639e+01	-2.742415e+08	5.000000e+03	2
6.482412e-01	1.299796e+00	3.872132e+00	2.585000e+03	1.711723e+11	2.238317e+01	-2.727556e+08	5.000000e+03	2
6.532663e-01	1.309872e+00	3.896066e+00	2.575017e+03	1.675358e+11	2.217972e+01	-2.712839e+08	5.000000e+03	2
6.582915e-01	1.319948e+00	3.920089e+00	2.565064e+03	1.639144e+11	2.197792e+01	-2.698253e+08	5.000000e+03	2
6.633166e-01	1.330024e+00	3.944533e+00	2.555252e+03	1.603632e+11	2.178386e+01	-2.683803e+08	5.000000e+03	2
6.683417e-01	1.340100e+00	3.969147e+00	2.545494e+03	1.568391e+11	2.159275e+01	-2.669484e+08	5.000000e+03	2
6.733668e-01	1.350176e+00	3.994102e+00	2.535845e+03	1.533693e+11	2.140755e+01	-2.655290e+08	5.000000e+03	2
6.783920e-01	1.360252e+00	4.019311e+00	2.526272e+03	1.499375e+11	2.122647e+01	-2.641219e+08	5.000000e+03	2
6.834171e-01	1.370328e+00	4.044781e+00	2.516778e+03	1.465452e+11	2.104965e+01	-2.627270e+08	5.000000e+03	2
6.884422e-01	1.380404e+00	4.070588e+00	2.507380e+03	1.432010e+11	2.087797e+01	-2.613437e+08	5.000000e+03	2
6.934673e-01	1.390480e+00	4.096576e+00	2.498033e+03	1.398827e+11	2.070907e+01	-2.599719e+08	5.000000e+03	2
6.984925e-01	1.400556e+00	4.122984e+00	2.488800e+03	1.366216e+11	2.054622e+01	-2.586113e+08	5.000000e+03	2
7.035176e-01	1.410632e+00	4.149492e+00	2.479594e+03	1.333741e+11	2.038483e+01	-2.572615e+08	5.000000e+03	2
7.085427e-01	1.420708e+00	4.176504e+00	2.470518e+03	1.301919e+11	2.023028e+01	-2.559225e+08	5.000000e+03	2
7.135678e-01	1.430784e+00	4.203598e+00	2.461462e+03	1.270199e+11	2.007680e+01	-2.545938e+08	5.000000e+03	2
7.185930e-01	1.440859e+00	4.231154e+00	2.452518e+03	1.239049e+11	1.992924e+01	-2.532752e+08	5.000000e+03	2
7.236181e-01	1.450935e+00	4.258857e+00	2.443608e+03	1.208071e+11	1.978345e+01	-2.519666e+08	5.000000e+03	2
7.286432e-01	1.461011e+00	4.286940e+00	2.434786e+03	1.177541e+11	1.964228e+01	-2.506676e+08	5.000000e+03	2
7.336683e-01	1.471087e+00	4.315254e+00	2.426015e+03	1.147270e+11	1.950373e+01	-2.493781e+08	5.000000e+03	2
7.386935e-01	1.481163e+00	4.343866e+00	2.417310e+03	1.117334e+11	1.936861e+01	-2.480980e+08	5.000000e+03	2
7.437186e-01	1.491239e+00	4.372794e+00	2.408670e+03	1.087736e+11	1.923689e+01	-2.468265e+08	5.000000e+03	2
7.487437e-01	1.501315e+00	4.401937e+00	2.400076e+03	1.058370e+11	1.910752e+01	-2.455640e+08	5.000000e+03	2
7.537688e-01	1.511391e+00	4.431481e+00	2.391561e+03	1.029414e+11	1.898223e+01	-2.443102e+08	5.000000e+03	2
7.587940e-01	1.521467e+00	4.461158e+00	2.383073e+03	1.000595e+11	1.885832e+01	-2.430647e+08	5.000000e+03	2
7.638191e-01	1.531543e+00	4.491320e+00	2.374676e+03	9.722520e+10	1.873911e+01	-2.418275e+08	5.000000e+03	2
7.688442e-01	1.541619e+00	4.521566e+00	2.366295e+03	9.439904e+10	1.862069e+01	-2.405981e+08	5.000000e+03	2
7.738693e-01	1.551695e+00	4.552315e+00	2.358005e+03	9.162006e+10	1.850689e+01	-2.393768e+08	5.000000e+03	2
7.788945e-01	1.561771e+00	4.583183e+00	2.349734e+03	8.885186e+10	1.839413e+01	-2.381631e+08	5.000000e+03	2
7.839196e-01	1.571847e+00	4.614469e+00	2.341536e+03	8.612138e+10	1.828502e+01	-2.369567e+08	5.000000e+03	2
7.889447e-01	1.581923e+00	4.645960e+00	2.333371e+03	8.340862e+10	1.817761e+01	-2.357580e+08	5.000000e+03	2
7.939698e-01	1.591999e+00	4.677786e+00	2.325261e+03	8.072481e+10	1.807296e+01	-2.345662e+08	5.000000e+03	2
7.989950e-01	1.602074e+00	4.709903e+00	2.317196e+03	7.806512e+10	1.797059e+01	-2.333815e+08	5.000000e+03	2
8.040201e-01	1.612150e+00	4.742269e+00	2.309170e+03	7.542623e+10	1.787019e+01	-2.322037e+08	5.000000e+03	2
8.090452e-01	1.622226e+00	4.775012e+00	2.301200e+03	7.281740e+10	1.777261e+01	-2.310325e+08	5.000000e+03	2
8.140704e-01	1.632302e+00	4.807921e+00	2.293255e+03	7.022180e+10	1.767625e+01	-2.298679e+08	5.000000e+03	2
8.190955e-01	1.642378e+00	4.841140e+00	2.274108e+03	6.767339e+10	1.758264e+01	-2.287097e+08	5.000000e+03	2
8.241206e-01	1.652454e+00	4.874414e+00	2.253016e+03	6.513380e+10	1.748952e+01	-2.275579e+08	5.000000e+03	2
8.291457e-01	1.662530e+00	4.907864e+00	2.232111e+03	6.266091e+10	1.739879e+01	-2.264122e+08	5.000000e+03	2
8.341709e-01	1.672606e+00	4.941341e+00	2.211235e+03	6.019893e+10	1.730843e+01	-2.252728e+08	5.000000e+03	2
8.391960e-01	1.682682e+00	4.974954e+00	2.190507e+03	5.779154e+10	1.721998e+01	-2.241417e+08	5.000000e+03	2
8.442211e-01	1.692758e+00	5.008617e+00	2.169833e+03	5.540483e+10	1.713222e+01	-2.230120e+08	5.000000e+03	2
8.492462e-01	1.702834e+00	5.042383e+00	2.149269e+03	5.306124e+10	1.704592e+01	-2.218905e+08	5.000000e+03	2
8.542714e-01	1.712910e+00	5.076215e+00	2.128780e+03	5.074759e+10	1.696059e+01	-2.207747e+08	5.000000e+03	2
8.592965e-01	1.722986e+00	5.110119e+00	2.108370e+03	4.846618e+10	1.687632e+01	-2.196648e+08	5.000000e+03	2
8.643216e-01	1.733062e+00	5.144102e+00	2.088050e+03	4.622353e+10	1.679327e+01	-2.185605e+08	5.000000e+03	2
8.693467e-01	1.743138e+00	5.178130e+00	2.067781e+03	4.400279e+10	1.671092e+01	-2.174617e+08	5.000000e+03	2
8.743719e-01	1.753214e+00	5.212246e+00	2.047614e+03	4.182920e+10	1.663000e+01	-2.163686e+08	5.000000e+03	2
8.793970e-01	1.763290e+00	5.246385e+00	2.027473e+03	3.966767e+10	1.654945e+01	-2.152808e+08	5.000000e+03	2
8.844221e-01	1.773365e+00	5.280614e+00	2.007443e+03	3.756133e+10	1.647052e+01	-2.141985e+08	5.000000e+03	2
8.894472e-01	1.783441e+00	5.314857e+00	1.987430e+03	3.546395e+10	1.639185e+01	-2.131216e+08	5.000000e+03	2
8.944724e-01	1.793517e+00	5.349172e+00	1.967509e+03	3.341687e+10	1.631461e+01	-2.120498e+08	5.000000e+03	2
8.994975e-01	1.803593e+00	5.383503e+00	1.947612e+03	3.138465e+10	1.623777e+01	-2.109835e+08	5.000000e+03	2
9.045226e-01	1.813669e+00	5.417881e+00	1.927781e+03	2.939293e+10	1.616203e+01	-2.099221e+08	5.000000e+03	2
9.095477e-01	1.823745e+00	5.452279e+00	1.907982e+03	2.742431e+10	1.608689e+01	-2.088658e+08	5.000000e+03	2
9.145729e-01	1.833821e+00	5.486705e+00	1.888226e+03	2.548683e+10	1.601257e+01	-2.078146e+08	5.000000e+03	2
9.195980e-01	1.843897e+00	5.521148e+00	1.868507e+03	2.358036e+10	1.593902e+01	-2.067685e+08	5.000000e+03	2
9.246231e-01	1.853973e+00	5.555603e+00	1.848814e+03	2.169604e+10	1.586602e+01	-2.057273e+08	5.000000e+03	2
9.296482e-01	1.864049e+00	5.590068e+00	1.829154e+03	1.985035e+10	1.579394e+01	-2.046910e+08	5.000000e+03	2
9.346734e-01	1.874125e+00	5.624535e+00	1.809507e+03	1.801819e+10	1.572218e+01	-2.036595e+08	5.000000e+03	2
9.396985e-01	1.884201e+00	5.658996e+00	1.789887e+03	1.623204e+10	1.565146e+01	-2.026329e+08	5.000000e+03	2
9.447236e-01	1.894277e+00	5.693404e+00	1.767515e+03	1.445640e+10	1.558078e+01	-2.016111e+08	5.000000e+03	2
9.497487e-01	1.904353e+00	5.726942e+00	1.698324e+03	1.277075e+10	1.550885e+01	-2.005940e+08	5.000000e+03	2
9.547739e-01	1.914429e+00	5.760068e+00	1.628645e+03	1.111520e+10	1.543609e+01	-1.995818e+08	5.000000e+03	2
9.597990e-01	1.924505e+00	5.791672e+00	1.557159e+03	9.570918e+09	1.536028e+01	-1.985746e+08	5.000000e+03	2
9.648241e-01	1.934581e+00	5.822481e+00	1.484159e+03	8.080459e+09	1.528293e+01	-1.975725e+08	5.000000e+03	2
9.698492e-01	1.944656e+00	5.851941e+00	1.408582e+03	6.681506e+09	1.520295e+01	-1.965780e+08	5.000000e+03	2
9.748744e-01	1.954732e+00	5.880099e+00	1.328795e+03	5.363662e+09	1.512049e+01	-1.955844e+08	5.000000e+03	2
9.798995e-01	1.964808e+00	5.907093e+00	1.245239e+03	4.118388e+09	1.503581e+01	-1.945986e+08	5.000000e+03	2
9.849246e-01	1.974884e+00	5.931982e+00	1.147290e+03	2.992209e+09	1.494707e+01	-1.936187e+08	5.000000e+03	2
9.899497e-01	1.984960e+00	5.955903e+00	1.042728e+03	1.920747e+09	1.485647e+01	-1.926449e+08	5.000000e+03	2
9.949749e-01	1.995036e+00	5.978112e+00	1.014257e+03	9.508839e+08	1.476333e+01	-1.916770e+08	5.000000e+03	2
1.000000e+00	2.005112e+00	6.000000e+00	1.000000e+03	-2.384186e-07	1.466973e+01	-1.907155e+08	3.000000e+02	2
