#t		Qconv[W]	Ri[Rp]		R*[Rp]		Qc[W]		Qm[W]		Qr[W]		Tcmb[K]		Tl[K]		Tup[K]		RiFlag		Bs[T]
0.000000e+00	5.754250e+12	0.000000e+00	5.376885e-01	1.285474e+14	2.850235e+15	2.552112e+14	6.959170e+03	4.468819e+03	2.303296e+03	0	6.033462e-04
1.000000e+07	5.672802e+12	0.000000e+00	5.376885e-01	1.272768e+14	2.549751e+15	2.537971e+14	6.948764e+03	4.372522e+03	2.253664e+03	0	6.004859e-04
2.000000e+07	5.573927e+12	0.000000e+00	5.376885e-01	1.257489e+14	2.301221e+15	2.523937e+14	6.938460e+03	4.287487e+03	2.209835e+03	0	5.969767e-04
3.000000e+07	5.464922e+12	0.000000e+00	5.376885e-01	1.240717e+14	2.093135e+15	2.510007e+14	6.928278e+03	4.211798e+03	2.170824e+03	0	5.930595e-04
4.000000e+07	5.350568e+12	0.000000e+00	5.376885e-01	1.223163e+14	1.916997e+15	2.496181e+14	6.918232e+03	4.143955e+03	2.135857e+03	0	5.888937e-04
5.000000e+07	5.234014e+12	0.000000e+00	5.376885e-01	1.205291e+14	1.766431e+15	2.482458e+14	6.908327e+03	4.082766e+03	2.104319e+03	0	5.845862e-04
6.000000e+07	5.117337e+12	0.000000e+00	5.376885e-01	1.187410e+14	1.636583e+15	2.468837e+14	6.898566e+03	4.027270e+03	2.075716e+03	0	5.802097e-04
7.000000e+07	5.001900e+12	0.000000e+00	5.376885e-01	1.169722e+14	1.523706e+15	2.455318e+14	6.888949e+03	3.976689e+03	2.049645e+03	0	5.758137e-04
8.000000e+07	4.888586e+12	0.000000e+00	5.376885e-01	1.152357e+14	1.424869e+15	2.441900e+14	6.879475e+03	3.930378e+03	2.025776e+03	0	5.714322e-04
9.000000e+07	4.777950e+12	0.000000e+00	5.376885e-01	1.135397e+14	1.337755e+15	2.428581e+14	6.870141e+03	3.887807e+03	2.003834e+03	0	5.670885e-04
1.000000e+08	4.670326e+12	0.000000e+00	5.376885e-01	1.118892e+14	1.260510e+15	2.415361e+14	6.860944e+03	3.848527e+03	1.983589e+03	0	5.627982e-04
1.100000e+08	4.565893e+12	0.000000e+00	5.376885e-01	1.102867e+14	1.191639e+15	2.402239e+14	6.851879e+03	3.812164e+03	1.964847e+03	0	5.585716e-04
1.200000e+08	4.464726e+12	0.000000e+00	5.376885e-01	1.087334e+14	1.129922e+15	2.389215e+14	6.842945e+03	3.778397e+03	1.947443e+03	0	5.544153e-04
1.300000e+08	4.366830e+12	0.000000e+00	5.376885e-01	1.072292e+14	1.074359e+15	2.376287e+14	6.834135e+03	3.746952e+03	1.931235e+03	0	5.503332e-04
1.400000e+08	4.272160e+12	0.000000e+00	5.376885e-01	1.057736e+14	1.024119e+15	2.363454e+14	6.825447e+03	3.717592e+03	1.916103e+03	0	5.463272e-04
1.500000e+08	4.180641e+12	0.000000e+00	5.376885e-01	1.043654e+14	9.785109e+14	2.350717e+14	6.816877e+03	3.690112e+03	1.901939e+03	0	5.423978e-04
1.600000e+08	4.092177e+12	0.000000e+00	5.376885e-01	1.030031e+14	9.369538e+14	2.338073e+14	6.808420e+03	3.664336e+03	1.888654e+03	0	5.385447e-04
1.700000e+08	4.006658e+12	0.000000e+00	5.376885e-01	1.016851e+14	8.989569e+14	2.325523e+14	6.800073e+03	3.640107e+03	1.876166e+03	0	5.347668e-04
1.800000e+08	3.923970e+12	0.000000e+00	5.376885e-01	1.004097e+14	8.641027e+14	2.313065e+14	6.791833e+03	3.617287e+03	1.864404e+03	0	5.310624e-04
1.900000e+08	3.843993e+12	0.000000e+00	5.376885e-01	9.917500e+13	8.320348e+14	2.300700e+14	6.783696e+03	3.595755e+03	1.853306e+03	0	5.274296e-04
2.000000e+08	3.766611e+12	0.000000e+00	5.376885e-01	9.797937e+13	8.024466e+14	2.288425e+14	6.775658e+03	3.575404e+03	1.842817e+03	0	5.238664e-04
2.100000e+08	3.691706e+12	0.000000e+00	5.376885e-01	9.682101e+13	7.750738e+14	2.276240e+14	6.767718e+03	3.556138e+03	1.832887e+03	0	5.203705e-04
2.200000e+08	3.619164e+12	0.000000e+00	5.376885e-01	9.569823e+13	7.496869e+14	2.264145e+14	6.759870e+03	3.537872e+03	1.823473e+03	0	5.169395e-04
2.300000e+08	3.548878e+12	0.000000e+00	5.376885e-01	9.460939e+13	7.260862e+14	2.252139e+14	6.752114e+03	3.520530e+03	1.814534e+03	0	5.135712e-04
2.400000e+08	3.480741e+12	0.000000e+00	5.376885e-01	9.355293e+13	7.040969e+14	2.240220e+14	6.744445e+03	3.504041e+03	1.806035e+03	0	5.102631e-04
2.500000e+08	3.414653e+12	0.000000e+00	5.376885e-01	9.252733e+13	6.835658e+14	2.228389e+14	6.736862e+03	3.488344e+03	1.797945e+03	0	5.070131e-04
2.600000e+08	3.350520e+12	0.000000e+00	5.376885e-01	9.153118e+13	6.643577e+14	2.216645e+14	6.729362e+03	3.473382e+03	1.790233e+03	0	5.038188e-04
2.700000e+08	3.288249e+12	0.000000e+00	5.376885e-01	9.056311e+13	6.463532e+14	2.204986e+14	6.721942e+03	3.459106e+03	1.782875e+03	0	5.006780e-04
2.800000e+08	3.227756e+12	0.000000e+00	5.376885e-01	8.962183e+13	6.294464e+14	2.193413e+14	6.714601e+03	3.445467e+03	1.775846e+03	0	4.975887e-04
2.900000e+08	3.168958e+12	0.000000e+00	5.376885e-01	8.870614e+13	6.135431e+14	2.181924e+14	6.707335e+03	3.432425e+03	1.769123e+03	0	4.945488e-04
3.000000e+08	3.111780e+12	0.000000e+00	5.376885e-01	8.781487e+13	5.985591e+14	2.170518e+14	6.700144e+03	3.419940e+03	1.762688e+03	0	4.915563e-04
3.100000e+08	3.056147e+12	0.000000e+00	5.376885e-01	8.694694e+13	5.844192e+14	2.159196e+14	6.693025e+03	3.407977e+03	1.756522e+03	0	4.886093e-04
3.200000e+08	3.001992e+12	0.000000e+00	5.376885e-01	8.610131e+13	5.710560e+14	2.147957e+14	6.685976e+03	3.396503e+03	1.750609e+03	0	4.857060e-04
3.300000e+08	2.949249e+12	0.000000e+00	5.376885e-01	8.527702e+13	5.584087e+14	2.136798e+14	6.678995e+03	3.385489e+03	1.744932e+03	0	4.828447e-04
3.400000e+08	2.897857e+12	0.000000e+00	5.376885e-01	8.447315e+13	5.464226e+14	2.125721e+14	6.672081e+03	3.374908e+03	1.739478e+03	0	4.800236e-04
3.500000e+08	2.847758e+12	0.000000e+00	5.376885e-01	8.368882e+13	5.350482e+14	2.114725e+14	6.665232e+03	3.364734e+03	1.734234e+03	0	4.772413e-04
3.600000e+08	2.798898e+12	0.000000e+00	5.376885e-01	8.292322e+13	5.242407e+14	2.103808e+14	6.658447e+03	3.354943e+03	1.729188e+03	0	4.744961e-04
3.700000e+08	2.751224e+12	0.000000e+00	5.376885e-01	8.217557e+13	5.139595e+14	2.092970e+14	6.651723e+03	3.345514e+03	1.724328e+03	0	4.717866e-04
3.800000e+08	2.704687e+12	0.000000e+00	5.376885e-01	8.144514e+13	5.041675e+14	2.082211e+14	6.645060e+03	3.336427e+03	1.719645e+03	0	4.691114e-04
3.900000e+08	2.659242e+12	0.000000e+00	5.376885e-01	8.073123e+13	4.948311e+14	2.071529e+14	6.638456e+03	3.327664e+03	1.715128e+03	0	4.664692e-04
4.000000e+08	2.614845e+12	0.000000e+00	5.376885e-01	8.003319e+13	4.859194e+14	2.060924e+14	6.631910e+03	3.319206e+03	1.710769e+03	0	4.638586e-04
4.100000e+08	2.571453e+12	0.000000e+00	5.376885e-01	7.935039e+13	4.774044e+14	2.050396e+14	6.625420e+03	3.311039e+03	1.706559e+03	0	4.612785e-04
4.200000e+08	2.529028e+12	0.000000e+00	5.376885e-01	7.868226e+13	4.692603e+14	2.039944e+14	6.618985e+03	3.303146e+03	1.702491e+03	0	4.587276e-04
4.300000e+08	2.487533e+12	0.000000e+00	5.376885e-01	7.802821e+13	4.614633e+14	2.029567e+14	6.612605e+03	3.295514e+03	1.698557e+03	0	4.562049e-04
4.400000e+08	2.446933e+12	0.000000e+00	5.376885e-01	7.738774e+13	4.539917e+14	2.019265e+14	6.606277e+03	3.288129e+03	1.694751e+03	0	4.537093e-04
4.500000e+08	2.407193e+12	0.000000e+00	5.376885e-01	7.676034e+13	4.468255e+14	2.009037e+14	6.600001e+03	3.280980e+03	1.691066e+03	0	4.512397e-04
4.600000e+08	2.368282e+12	0.000000e+00	5.376885e-01	7.614553e+13	4.399462e+14	1.998882e+14	6.593776e+03	3.274055e+03	1.687497e+03	0	4.487951e-04
4.700000e+08	2.330170e+12	0.000000e+00	5.376885e-01	7.554285e+13	4.333368e+14	1.988800e+14	6.587601e+03	3.267343e+03	1.684038e+03	0	4.463746e-04
4.800000e+08	2.292829e+12	0.000000e+00	5.376885e-01	7.495188e+13	4.269814e+14	1.978791e+14	6.581474e+03	3.260834e+03	1.680683e+03	0	4.439774e-04
4.900000e+08	2.256230e+12	0.000000e+00	5.376885e-01	7.437221e+13	4.208656e+14	1.968852e+14	6.575395e+03	3.254519e+03	1.677428e+03	0	4.416024e-04
5.000000e+08	2.220349e+12	0.000000e+00	5.376885e-01	7.380345e+13	4.149757e+14	1.958986e+14	6.569364e+03	3.248388e+03	1.674268e+03	0	4.392489e-04
5.100000e+08	2.185160e+12	0.000000e+00	5.376885e-01	7.324522e+13	4.092992e+14	1.949189e+14	6.563378e+03	3.242434e+03	1.671199e+03	0	4.369161e-04
5.200000e+08	2.150640e+12	0.000000e+00	5.376885e-01	7.269718e+13	4.038244e+14	1.939462e+14	6.557437e+03	3.236647e+03	1.668217e+03	0	4.346032e-04
5.300000e+08	2.116767e+12	0.000000e+00	5.376885e-01	7.215899e+13	3.985404e+14	1.929805e+14	6.551541e+03	3.231022e+03	1.665317e+03	0	4.323094e-04
5.400000e+08	2.083519e+12	0.000000e+00	5.376885e-01	7.163033e+13	3.934372e+14	1.920217e+14	6.545688e+03	3.225551e+03	1.662497e+03	0	4.300340e-04
5.500000e+08	2.050876e+12	0.000000e+00	5.376885e-01	7.111089e+13	3.885053e+14	1.910697e+14	6.539878e+03	3.220227e+03	1.659753e+03	0	4.277764e-04
5.600000e+08	2.018819e+12	0.000000e+00	5.376885e-01	7.060038e+13	3.837358e+14	1.901244e+14	6.534111e+03	3.215043e+03	1.657082e+03	0	4.255358e-04
5.700000e+08	1.987329e+12	0.000000e+00	5.376885e-01	7.009852e+13	3.791206e+14	1.891859e+14	6.528384e+03	3.209995e+03	1.654480e+03	0	4.233116e-04
5.800000e+08	1.956387e+12	0.000000e+00	5.376885e-01	6.960504e+13	3.746520e+14	1.882540e+14	6.522698e+03	3.205076e+03	1.651944e+03	0	4.211032e-04
5.900000e+08	1.925979e+12	0.000000e+00	5.376885e-01	6.911970e+13	3.703227e+14	1.873287e+14	6.517052e+03	3.200281e+03	1.649473e+03	0	4.189101e-04
6.000000e+08	1.896086e+12	0.000000e+00	5.376885e-01	6.864224e+13	3.661260e+14	1.864100e+14	6.511445e+03	3.195605e+03	1.647063e+03	0	4.167315e-04
6.100000e+08	1.866694e+12	0.000000e+00	5.376885e-01	6.817244e+13	3.620555e+14	1.854978e+14	6.505877e+03	3.191043e+03	1.644711e+03	0	4.145670e-04
6.200000e+08	1.837788e+12	0.000000e+00	5.376885e-01	6.771006e+13	3.581053e+14	1.845920e+14	6.500347e+03	3.186590e+03	1.642417e+03	0	4.124159e-04
6.300000e+08	1.809353e+12	0.000000e+00	5.376885e-01	6.725490e+13	3.542698e+14	1.836926e+14	6.494855e+03	3.182243e+03	1.640176e+03	0	4.102779e-04
6.400000e+08	1.781377e+12	0.000000e+00	5.376885e-01	6.680675e+13	3.505438e+14	1.827996e+14	6.489399e+03	3.177998e+03	1.637988e+03	0	4.081523e-04
6.500000e+08	1.753846e+12	0.000000e+00	5.376885e-01	6.636541e+13	3.469223e+14	1.819128e+14	6.483980e+03	3.173849e+03	1.635849e+03	0	4.060387e-04
6.600000e+08	1.726747e+12	0.000000e+00	5.376885e-01	6.593070e+13	3.434006e+14	1.810323e+14	6.478596e+03	3.169794e+03	1.633759e+03	0	4.039366e-04
6.700000e+08	1.700068e+12	0.000000e+00	5.376885e-01	6.550243e+13	3.399743e+14	1.801580e+14	6.473247e+03	3.165829e+03	1.631716e+03	0	4.018455e-04
6.800000e+08	1.673799e+12	0.000000e+00	5.376885e-01	6.508044e+13	3.366393e+14	1.792898e+14	6.467934e+03	3.161951e+03	1.629717e+03	0	3.997650e-04
6.900000e+08	1.647928e+12	0.000000e+00	5.376885e-01	6.466454e+13	3.333917e+14	1.784277e+14	6.462654e+03	3.158156e+03	1.627761e+03	0	3.976946e-04
7.000000e+08	1.622443e+12	0.000000e+00	5.376885e-01	6.425459e+13	3.302278e+14	1.775717e+14	6.457408e+03	3.154442e+03	1.625847e+03	0	3.956339e-04
7.100000e+08	1.597336e+12	0.000000e+00	5.376885e-01	6.385043e+13	3.271441e+14	1.767216e+14	6.452195e+03	3.150805e+03	1.623972e+03	0	3.935825e-04
7.200000e+08	1.572596e+12	0.000000e+00	5.376885e-01	6.345191e+13	3.241373e+14	1.758775e+14	6.447015e+03	3.147243e+03	1.622136e+03	0	3.915399e-04
7.300000e+08	1.548214e+12	0.000000e+00	5.376885e-01	6.305888e+13	3.212042e+14	1.750393e+14	6.441867e+03	3.143753e+03	1.620338e+03	0	3.895058e-04
7.400000e+08	1.524181e+12	0.000000e+00	5.376885e-01	6.267122e+13	3.183419e+14	1.742069e+14	6.436751e+03	3.140333e+03	1.618575e+03	0	3.874798e-04
7.500000e+08	1.500487e+12	0.000000e+00	5.376885e-01	6.228878e+13	3.155476e+14	1.733804e+14	6.431667e+03	3.136980e+03	1.616846e+03	0	3.854615e-04
7.600000e+08	1.477125e+12	0.000000e+00	5.376885e-01	6.191145e+13	3.128185e+14	1.725596e+14	6.426613e+03	3.133691e+03	1.615151e+03	0	3.834506e-04
7.700000e+08	1.454086e+12	0.000000e+00	5.376885e-01	6.153909e+13	3.101523e+14	1.717445e+14	6.421590e+03	3.130465e+03	1.613489e+03	0	3.814465e-04
7.800000e+08	1.431363e+12	0.000000e+00	5.376885e-01	6.117159e+13	3.075464e+14	1.709351e+14	6.416597e+03	3.127300e+03	1.611857e+03	0	3.794491e-04
7.900000e+08	1.408948e+12	0.000000e+00	5.376885e-01	6.080883e+13	3.049986e+14	1.701313e+14	6.411634e+03	3.124193e+03	1.610256e+03	0	3.774580e-04
8.000000e+08	1.386833e+12	0.000000e+00	5.376885e-01	6.045071e+13	3.025067e+14	1.693330e+14	6.406700e+03	3.121142e+03	1.608684e+03	0	3.754727e-04
8.100000e+08	1.365012e+12	0.000000e+00	5.376885e-01	6.009712e+13	3.000686e+14	1.685404e+14	6.401795e+03	3.118146e+03	1.607139e+03	0	3.734930e-04
8.200000e+08	1.343478e+12	0.000000e+00	5.376885e-01	5.974795e+13	2.976825e+14	1.677531e+14	6.396919e+03	3.115203e+03	1.605623e+03	0	3.715185e-04
8.300000e+08	1.322224e+12	0.000000e+00	5.376885e-01	5.940310e+13	2.953464e+14	1.669714e+14	6.392071e+03	3.112311e+03	1.604132e+03	0	3.695490e-04
8.400000e+08	1.301244e+12	0.000000e+00	5.376885e-01	5.906249e+13	2.930585e+14	1.661950e+14	6.387251e+03	3.109469e+03	1.602667e+03	0	3.675840e-04
8.500000e+08	1.280532e+12	0.000000e+00	5.376885e-01	5.872601e+13	2.908171e+14	1.654240e+14	6.382459e+03	3.106675e+03	1.601227e+03	0	3.656232e-04
8.600000e+08	1.260082e+12	0.000000e+00	5.376885e-01	5.839357e+13	2.886207e+14	1.646583e+14	6.377694e+03	3.103926e+03	1.599810e+03	0	3.636664e-04
8.700000e+08	1.239887e+12	0.000000e+00	5.376885e-01	5.806510e+13	2.864676e+14	1.638979e+14	6.372956e+03	3.101223e+03	1.598417e+03	0	3.617132e-04
8.800000e+08	1.219944e+12	0.000000e+00	5.376885e-01	5.774050e+13	2.843564e+14	1.631427e+14	6.368244e+03	3.098564e+03	1.597046e+03	0	3.597633e-04
8.900000e+08	1.200245e+12	0.000000e+00	5.376885e-01	5.741970e+13	2.822857e+14	1.623927e+14	6.363559e+03	3.095947e+03	1.595697e+03	0	3.578165e-04
9.000000e+08	1.180787e+12	0.000000e+00	5.376885e-01	5.710261e+13	2.802541e+14	1.616478e+14	6.358900e+03	3.093370e+03	1.594369e+03	0	3.558723e-04
9.100000e+08	1.161564e+12	0.000000e+00	5.376885e-01	5.678916e+13	2.782604e+14	1.609081e+14	6.354266e+03	3.090834e+03	1.593062e+03	0	3.539305e-04
9.200000e+08	1.142571e+12	0.000000e+00	5.376885e-01	5.647928e+13	2.763034e+14	1.601734e+14	6.349658e+03	3.088335e+03	1.591774e+03	0	3.519908e-04
9.300000e+08	1.123803e+12	0.000000e+00	5.376885e-01	5.617289e+13	2.743817e+14	1.594437e+14	6.345075e+03	3.085875e+03	1.590506e+03	0	3.500529e-04
9.400000e+08	1.105256e+12	0.000000e+00	5.376885e-01	5.586992e+13	2.724944e+14	1.587191e+14	6.340516e+03	3.083450e+03	1.589257e+03	0	3.481165e-04
9.500000e+08	1.086926e+12	0.000000e+00	5.376885e-01	5.557032e+13	2.706404e+14	1.579993e+14	6.335983e+03	3.081061e+03	1.588025e+03	0	3.461813e-04
9.600000e+08	1.068808e+12	0.000000e+00	5.376885e-01	5.527400e+13	2.688185e+14	1.572845e+14	6.331473e+03	3.078706e+03	1.586811e+03	0	3.442470e-04
9.700000e+08	1.050897e+12	0.000000e+00	5.376885e-01	5.498091e+13	2.670279e+14	1.565746e+14	6.326988e+03	3.076384e+03	1.585615e+03	0	3.423133e-04
9.800000e+08	1.033191e+12	0.000000e+00	5.376885e-01	5.469099e+13	2.652675e+14	1.558694e+14	6.322526e+03	3.074095e+03	1.584435e+03	0	3.403798e-04
9.900000e+08	1.015684e+12	0.000000e+00	5.376885e-01	5.440417e+13	2.635365e+14	1.551691e+14	6.318088e+03	3.071837e+03	1.583271e+03	0	3.384464e-04
1.000000e+09	9.983741e+11	0.000000e+00	5.376885e-01	5.412040e+13	2.618340e+14	1.544735e+14	6.313673e+03	3.069609e+03	1.582123e+03	0	3.365127e-04
1.010000e+09	9.812562e+11	0.000000e+00	5.376885e-01	5.383962e+13	2.601591e+14	1.537827e+14	6.309281e+03	3.067411e+03	1.580990e+03	0	3.345783e-04
1.020000e+09	9.643271e+11	0.000000e+00	5.376885e-01	5.356179e+13	2.585111e+14	1.530965e+14	6.304912e+03	3.065242e+03	1.579872e+03	0	3.326430e-04
1.030000e+09	9.475833e+11	0.000000e+00	5.376885e-01	5.328683e+13	2.568891e+14	1.524150e+14	6.300565e+03	3.063101e+03	1.578768e+03	0	3.307065e-04
1.040000e+09	9.310215e+11	0.000000e+00	5.376885e-01	5.301471e+13	2.552925e+14	1.517380e+14	6.296240e+03	3.060987e+03	1.577679e+03	0	3.287685e-04
1.050000e+09	9.146383e+11	0.000000e+00	5.376885e-01	5.274537e+13	2.537205e+14	1.510657e+14	6.291938e+03	3.058900e+03	1.576603e+03	0	3.268286e-04
1.060000e+09	8.984305e+11	0.000000e+00	5.376885e-01	5.247876e+13	2.521724e+14	1.503979e+14	6.287657e+03	3.056838e+03	1.575540e+03	0	3.248866e-04
1.070000e+09	8.823949e+11	0.000000e+00	5.376885e-01	5.221483e+13	2.506476e+14	1.497346e+14	6.283398e+03	3.054802e+03	1.574491e+03	0	3.229421e-04
1.080000e+09	8.665286e+11	0.000000e+00	5.376885e-01	5.195355e+13	2.491455e+14	1.490757e+14	6.279161e+03	3.052790e+03	1.573454e+03	0	3.209947e-04
1.090000e+09	8.508285e+11	0.000000e+00	5.376885e-01	5.169485e+13	2.476653e+14	1.484213e+14	6.274944e+03	3.050803e+03	1.572430e+03	0	3.190443e-04
1.100000e+09	8.352917e+11	0.000000e+00	5.376885e-01	5.143871e+13	2.462066e+14	1.477712e+14	6.270749e+03	3.048838e+03	1.571417e+03	0	3.170904e-04
1.110000e+09	8.199156e+11	0.000000e+00	5.376885e-01	5.118507e+13	2.447688e+14	1.471256e+14	6.266574e+03	3.046896e+03	1.570416e+03	0	3.151326e-04
1.120000e+09	8.046972e+11	0.000000e+00	5.376885e-01	5.093390e+13	2.433514e+14	1.464842e+14	6.262420e+03	3.044977e+03	1.569427e+03	0	3.131707e-04
1.130000e+09	7.896340e+11	0.000000e+00	5.376885e-01	5.068515e+13	2.419537e+14	1.458471e+14	6.258286e+03	3.043078e+03	1.568448e+03	0	3.112043e-04
1.140000e+09	7.747233e+11	0.000000e+00	5.376885e-01	5.043878e+13	2.405753e+14	1.452144e+14	6.254173e+03	3.041201e+03	1.567481e+03	0	3.092330e-04
1.150000e+09	7.599626e+11	0.000000e+00	5.376885e-01	5.019476e+13	2.392157e+14	1.445858e+14	6.250079e+03	3.039344e+03	1.566524e+03	0	3.072565e-04
1.160000e+09	7.453495e+11	0.000000e+00	5.376885e-01	4.995304e+13	2.378745e+14	1.439614e+14	6.246005e+03	3.037508e+03	1.565577e+03	0	3.052743e-04
1.170000e+09	7.308815e+11	0.000000e+00	5.376885e-01	4.971360e+13	2.365511e+14	1.433412e+14	6.241951e+03	3.035691e+03	1.564641e+03	0	3.032862e-04
1.180000e+09	7.165563e+11	0.000000e+00	5.376885e-01	4.947639e+13	2.352452e+14	1.427251e+14	6.237916e+03	3.033893e+03	1.563714e+03	0	3.012916e-04
1.190000e+09	7.023715e+11	0.000000e+00	5.376885e-01	4.924138e+13	2.339564e+14	1.421131e+14	6.233900e+03	3.032113e+03	1.562797e+03	0	2.992903e-04
1.200000e+09	6.883251e+11	0.000000e+00	5.376885e-01	4.900854e+13	2.326841e+14	1.415051e+14	6.229903e+03	3.030352e+03	1.561889e+03	0	2.972817e-04
1.210000e+09	6.744146e+11	0.000000e+00	5.376885e-01	4.877783e+13	2.314281e+14	1.409012e+14	6.225925e+03	3.028608e+03	1.560990e+03	0	2.952654e-04
1.220000e+09	6.606381e+11	0.000000e+00	5.376885e-01	4.854921e+13	2.301879e+14	1.403013e+14	6.221966e+03	3.026882e+03	1.560100e+03	0	2.932411e-04
1.230000e+09	6.469935e+11	0.000000e+00	5.376885e-01	4.832267e+13	2.289631e+14	1.397054e+14	6.218026e+03	3.025172e+03	1.559219e+03	0	2.912082e-04
1.240000e+09	6.334786e+11	0.000000e+00	5.376885e-01	4.809816e+13	2.277535e+14	1.391134e+14	6.214104e+03	3.023479e+03	1.558347e+03	0	2.891663e-04
1.250000e+09	6.200916e+11	0.000000e+00	5.376885e-01	4.787565e+13	2.265587e+14	1.385253e+14	6.210200e+03	3.021802e+03	1.557482e+03	0	2.871148e-04
1.260000e+09	6.068305e+11	0.000000e+00	5.376885e-01	4.765512e+13	2.253783e+14	1.379411e+14	6.206314e+03	3.020141e+03	1.556626e+03	0	2.850533e-04
1.270000e+09	5.936934e+11	0.000000e+00	5.376885e-01	4.743654e+13	2.242120e+14	1.373607e+14	6.202445e+03	3.018496e+03	1.555778e+03	0	2.829813e-04
1.280000e+09	5.806784e+11	0.000000e+00	5.376885e-01	4.721988e+13	2.230595e+14	1.367842e+14	6.198595e+03	3.016866e+03	1.554938e+03	0	2.808981e-04
1.290000e+09	5.677838e+11	0.000000e+00	5.376885e-01	4.700511e+13	2.219205e+14	1.362114e+14	6.194762e+03	3.015250e+03	1.554105e+03	0	2.788033e-04
1.300000e+09	5.550077e+11	0.000000e+00	5.376885e-01	4.679220e+13	2.207947e+14	1.356425e+14	6.190947e+03	3.013649e+03	1.553280e+03	0	2.766963e-04
1.310000e+09	5.423485e+11	0.000000e+00	5.376885e-01	4.658113e+13	2.196818e+14	1.350772e+14	6.187149e+03	3.012062e+03	1.552462e+03	0	2.745763e-04
1.320000e+09	5.298044e+11	0.000000e+00	5.376885e-01	4.637187e+13	2.185816e+14	1.345156e+14	6.183368e+03	3.010488e+03	1.551651e+03	0	2.724429e-04
1.330000e+09	5.173737e+11	0.000000e+00	5.376885e-01	4.616440e+13	2.174938e+14	1.339577e+14	6.179603e+03	3.008929e+03	1.550847e+03	0	2.702953e-04
1.340000e+09	5.050549e+11	0.000000e+00	5.376885e-01	4.595868e+13	2.164181e+14	1.334035e+14	6.175856e+03	3.007382e+03	1.550050e+03	0	2.681327e-04
1.350000e+09	4.928464e+11	0.000000e+00	5.376885e-01	4.575470e+13	2.153542e+14	1.328529e+14	6.172126e+03	3.005849e+03	1.549260e+03	0	2.659546e-04
1.360000e+09	4.807466e+11	0.000000e+00	5.376885e-01	4.555244e+13	2.143020e+14	1.323058e+14	6.168412e+03	3.004328e+03	1.548476e+03	0	2.637601e-04
1.370000e+09	4.687540e+11	0.000000e+00	5.376885e-01	4.535186e+13	2.132613e+14	1.317623e+14	6.164714e+03	3.002820e+03	1.547698e+03	0	2.615483e-04
1.380000e+09	4.568671e+11	0.000000e+00	5.376885e-01	4.515295e+13	2.122316e+14	1.312224e+14	6.161032e+03	3.001324e+03	1.546927e+03	0	2.593186e-04
1.390000e+09	4.450845e+11	0.000000e+00	5.376885e-01	4.495569e+13	2.112130e+14	1.306860e+14	6.157367e+03	2.999840e+03	1.546162e+03	0	2.570698e-04
1.400000e+09	4.334047e+11	0.000000e+00	5.376885e-01	4.476004e+13	2.102050e+14	1.301530e+14	6.153718e+03	2.998367e+03	1.545404e+03	0	2.548012e-04
1.410000e+09	4.218263e+11	0.000000e+00	5.376885e-01	4.456600e+13	2.092077e+14	1.296235e+14	6.150084e+03	2.996907e+03	1.544651e+03	0	2.525117e-04
1.420000e+09	4.103479e+11	0.000000e+00	5.376885e-01	4.437353e+13	2.082206e+14	1.290974e+14	6.146467e+03	2.995457e+03	1.543903e+03	0	2.502002e-04
1.430000e+09	3.989683e+11	0.000000e+00	5.376885e-01	4.418263e+13	2.072436e+14	1.285747e+14	6.142864e+03	2.994018e+03	1.543162e+03	0	2.478657e-04
1.440000e+09	3.876860e+11	0.000000e+00	5.376885e-01	4.399326e+13	2.062766e+14	1.280554e+14	6.139278e+03	2.992591e+03	1.542426e+03	0	2.455069e-04
1.450000e+09	3.764999e+11	0.000000e+00	5.376885e-01	4.380541e+13	2.053194e+14	1.275395e+14	6.135707e+03	2.991174e+03	1.541696e+03	0	2.431226e-04
1.460000e+09	3.654086e+11	0.000000e+00	5.376885e-01	4.361906e+13	2.043717e+14	1.270269e+14	6.132150e+03	2.989767e+03	1.540971e+03	0	2.407113e-04
1.470000e+09	3.544109e+11	0.000000e+00	5.376885e-01	4.343419e+13	2.034334e+14	1.265175e+14	6.128610e+03	2.988370e+03	1.540251e+03	0	2.382718e-04
1.480000e+09	3.435056e+11	0.000000e+00	5.376885e-01	4.325078e+13	2.025044e+14	1.260115e+14	6.125084e+03	2.986984e+03	1.539536e+03	0	2.358024e-04
1.490000e+09	3.326915e+11	0.000000e+00	5.376885e-01	4.306881e+13	2.015844e+14	1.255087e+14	6.121572e+03	2.985608e+03	1.538827e+03	0	2.333015e-04
1.500000e+09	3.219674e+11	0.000000e+00	5.376885e-01	4.288827e+13	2.006733e+14	1.250091e+14	6.118076e+03	2.984241e+03	1.538123e+03	0	2.307673e-04
1.510000e+09	3.113322e+11	0.000000e+00	5.376885e-01	4.270913e+13	1.997710e+14	1.245127e+14	6.114594e+03	2.982884e+03	1.537423e+03	0	2.281979e-04
1.520000e+09	3.007847e+11	0.000000e+00	5.376885e-01	4.253138e+13	1.988772e+14	1.240195e+14	6.111127e+03	2.981536e+03	1.536728e+03	0	2.255912e-04
1.530000e+09	2.903238e+11	0.000000e+00	5.376885e-01	4.235501e+13	1.979919e+14	1.235294e+14	6.107674e+03	2.980197e+03	1.536038e+03	0	2.229451e-04
1.540000e+09	2.799486e+11	0.000000e+00	5.376885e-01	4.217999e+13	1.971149e+14	1.230425e+14	6.104236e+03	2.978867e+03	1.535353e+03	0	2.202570e-04
1.550000e+09	2.696578e+11	0.000000e+00	5.376885e-01	4.200631e+13	1.962461e+14	1.225586e+14	6.100812e+03	2.977546e+03	1.534672e+03	0	2.175244e-04
1.560000e+09	2.594505e+11	0.000000e+00	5.376885e-01	4.183396e+13	1.953853e+14	1.220779e+14	6.097401e+03	2.976234e+03	1.533996e+03	0	2.147444e-04
1.570000e+09	2.493255e+11	0.000000e+00	5.376885e-01	4.166291e+13	1.945323e+14	1.216002e+14	6.094005e+03	2.974930e+03	1.533324e+03	0	2.119138e-04
1.580000e+09	2.392821e+11	0.000000e+00	5.376885e-01	4.149315e+13	1.936872e+14	1.211255e+14	6.090623e+03	2.973635e+03	1.532656e+03	0	2.090292e-04
1.590000e+09	2.293190e+11	0.000000e+00	5.376885e-01	4.132467e+13	1.928496e+14	1.206539e+14	6.087254e+03	2.972348e+03	1.531993e+03	0	2.060869e-04
1.600000e+09	2.194354e+11	0.000000e+00	5.376885e-01	4.115745e+13	1.920196e+14	1.201852e+14	6.083899e+03	2.971069e+03	1.531334e+03	0	2.030825e-04
1.610000e+09	2.096303e+11	0.000000e+00	5.376885e-01	4.099148e+13	1.911969e+14	1.197195e+14	6.080558e+03	2.969798e+03	1.530679e+03	0	2.000115e-04
1.620000e+09	1.999027e+11	0.000000e+00	5.376885e-01	4.082674e+13	1.903816e+14	1.192567e+14	6.077230e+03	2.968535e+03	1.530028e+03	0	1.968686e-04
1.630000e+09	1.902518e+11	0.000000e+00	5.376885e-01	4.066321e+13	1.895733e+14	1.187969e+14	6.073915e+03	2.967280e+03	1.529381e+03	0	1.936481e-04
1.640000e+09	1.806766e+11	0.000000e+00	5.376885e-01	4.050089e+13	1.887721e+14	1.183399e+14	6.070614e+03	2.966032e+03	1.528738e+03	0	1.903433e-04
1.650000e+09	1.711763e+11	0.000000e+00	5.376885e-01	4.033976e+13	1.879779e+14	1.178859e+14	6.067326e+03	2.964792e+03	1.528099e+03	0	1.869468e-04
1.660000e+09	1.617499e+11	0.000000e+00	5.376885e-01	4.017981e+13	1.871905e+14	1.174347e+14	6.064051e+03	2.963560e+03	1.527463e+03	0	1.834502e-04
1.670000e+09	1.523966e+11	0.000000e+00	5.376885e-01	4.002102e+13	1.864098e+14	1.169863e+14	6.060788e+03	2.962334e+03	1.526832e+03	0	1.798438e-04
1.680000e+09	1.431156e+11	0.000000e+00	5.376885e-01	3.986338e+13	1.856357e+14	1.165407e+14	6.057539e+03	2.961116e+03	1.526204e+03	0	1.761162e-04
1.690000e+09	1.339061e+11	0.000000e+00	5.376885e-01	3.970688e+13	1.848681e+14	1.160979e+14	6.054303e+03	2.959905e+03	1.525579e+03	0	1.722544e-04
1.700000e+09	1.247671e+11	0.000000e+00	5.376885e-01	3.955150e+13	1.841070e+14	1.156579e+14	6.051079e+03	2.958700e+03	1.524959e+03	0	1.682430e-04
1.710000e+09	1.156979e+11	0.000000e+00	5.376885e-01	3.939723e+13	1.833522e+14	1.152207e+14	6.047868e+03	2.957503e+03	1.524341e+03	0	1.640636e-04
1.720000e+09	1.066978e+11	0.000000e+00	5.376885e-01	3.924407e+13	1.826036e+14	1.147862e+14	6.044669e+03	2.956312e+03	1.523728e+03	0	1.596941e-04
1.730000e+09	9.776593e+10	0.000000e+00	5.376885e-01	3.909199e+13	1.818612e+14	1.143543e+14	6.041483e+03	2.955128e+03	1.523117e+03	0	1.551075e-04
1.740000e+09	8.890152e+10	0.000000e+00	5.376885e-01	3.894098e+13	1.811249e+14	1.139252e+14	6.038309e+03	2.953950e+03	1.522510e+03	0	1.502704e-04
1.750000e+09	8.010383e+10	0.000000e+00	5.376885e-01	3.879104e+13	1.803945e+14	1.134987e+14	6.035147e+03	2.952779e+03	1.521907e+03	0	1.451403e-04
1.760000e+09	7.137213e+10	0.000000e+00	5.376885e-01	3.864216e+13	1.796700e+14	1.130749e+14	6.031998e+03	2.951614e+03	1.521306e+03	0	1.396625e-04
1.770000e+09	6.270567e+10	0.000000e+00	5.376885e-01	3.849431e+13	1.789514e+14	1.126537e+14	6.028860e+03	2.950456e+03	1.520709e+03	0	1.337640e-04
1.780000e+09	5.410376e+10	0.000000e+00	5.376885e-01	3.834750e+13	1.782384e+14	1.122352e+14	6.025735e+03	2.949303e+03	1.520115e+03	0	1.273443e-04
1.790000e+09	4.556567e+10	0.000000e+00	5.376885e-01	3.820170e+13	1.775311e+14	1.118192e+14	6.022621e+03	2.948157e+03	1.519524e+03	0	1.202586e-04
1.800000e+09	3.709071e+10	0.000000e+00	5.376885e-01	3.805691e+13	1.768294e+14	1.114057e+14	6.019519e+03	2.947017e+03	1.518937e+03	0	1.122859e-04
1.810000e+09	2.867821e+10	0.000000e+00	5.376885e-01	3.791312e+13	1.761332e+14	1.109949e+14	6.016429e+03	2.945882e+03	1.518352e+03	0	1.030594e-04
1.820000e+09	2.032748e+10	0.000000e+00	5.376885e-01	3.777032e+13	1.754424e+14	1.105865e+14	6.013351e+03	2.944754e+03	1.517770e+03	0	9.188927e-05
1.830000e+09	1.203787e+10	0.000000e+00	5.376885e-01	3.762849e+13	1.747569e+14	1.101807e+14	6.010284e+03	2.943631e+03	1.517192e+03	0	7.716496e-05
1.840000e+09	3.808711e+09	0.000000e+00	5.376885e-01	3.748763e+13	1.740767e+14	1.097774e+14	6.007229e+03	2.942514e+03	1.516616e+03	0	5.258110e-05
1.850000e+09	-4.360627e+09	0.000000e+00	5.376885e-01	3.734773e+13	1.734018e+14	1.093765e+14	6.004185e+03	2.941403e+03	1.516043e+03	0	nan
