#R=1.6455994040949515
#interptype='linear'
#name='planet'
#norm={'P': 1000000000000.0, 'R': 1.6455994040949515, 'M': 2.2999999999999998, 'g': 8.3488709168298829, 'rho': 1000.0}
#state=1
#composition
#layer0		Fe08FeS02		0.200000
#layer1		pv_fmw		0.800000
#layer2		ice_VII		0.500000
#Cols=
 #'ur		r		mr		rho		P		g		phi		T		composition'
#-end-
0.000000e+00	0.000000e+00	1.253160e-11	1.347411e+04	5.486785e+11	0.000000e+00	-1.868796e+08	5.000000e+03	0
5.025126e-03	8.269344e-03	2.428211e-06	1.347520e+04	5.488649e+11	-3.747587e-02	-1.868744e+08	5.000000e+03	0
1.005025e-02	1.653869e-02	1.463365e-05	1.347538e+04	5.488944e+11	7.751629e-02	-1.868583e+08	5.000000e+03	0
1.507538e-02	2.480803e-02	4.163218e-05	1.347472e+04	5.487830e+11	2.698638e-01	-1.868325e+08	5.000000e+03	0
2.010050e-02	3.307737e-02	8.843939e-05	1.347332e+04	5.485453e+11	4.686043e-01	-1.867960e+08	5.000000e+03	0
2.512563e-02	4.134672e-02	1.778229e-04	1.347084e+04	5.481246e+11	6.679465e-01	-1.867490e+08	5.000000e+03	0
3.015075e-02	4.961606e-02	3.073357e-04	1.346760e+04	5.475747e+11	8.672938e-01	-1.866915e+08	5.000000e+03	0
3.517588e-02	5.788541e-02	4.811007e-04	1.346362e+04	5.468995e+11	1.066599e+00	-1.866235e+08	5.000000e+03	0
4.020101e-02	6.615475e-02	7.041089e-04	1.345890e+04	5.460990e+11	1.265820e+00	-1.865457e+08	5.000000e+03	0
4.522613e-02	7.442409e-02	1.010292e-03	1.345312e+04	5.451204e+11	1.464866e+00	-1.864566e+08	5.000000e+03	0
5.025126e-02	8.269344e-02	1.388487e-03	1.344656e+04	5.440097e+11	1.663751e+00	-1.863575e+08	5.000000e+03	0
5.527638e-02	9.096278e-02	1.840166e-03	1.343926e+04	5.427746e+11	1.862468e+00	-1.862479e+08	5.000000e+03	0
6.030151e-02	9.923212e-02	2.370263e-03	1.343121e+04	5.414153e+11	2.061002e+00	-1.861281e+08	5.000000e+03	0
6.532663e-02	1.075015e-01	3.021979e-03	1.342213e+04	5.398833e+11	2.259247e+00	-1.859977e+08	5.000000e+03	0
7.035176e-02	1.157708e-01	3.778916e-03	1.341224e+04	5.382171e+11	2.457239e+00	-1.858570e+08	5.000000e+03	0
7.537688e-02	1.240402e-01	4.638162e-03	1.340161e+04	5.364281e+11	2.654982e+00	-1.857059e+08	5.000000e+03	0
8.040201e-02	1.323095e-01	5.604569e-03	1.339023e+04	5.345165e+11	2.852463e+00	-1.855446e+08	5.000000e+03	0
8.542714e-02	1.405788e-01	6.728674e-03	1.337784e+04	5.324384e+11	3.049554e+00	-1.853728e+08	5.000000e+03	0
9.045226e-02	1.488482e-01	7.992311e-03	1.336461e+04	5.302246e+11	3.246297e+00	-1.851910e+08	5.000000e+03	0
9.547739e-02	1.571175e-01	9.386503e-03	1.335064e+04	5.278902e+11	3.442712e+00	-1.849986e+08	5.000000e+03	0
1.005025e-01	1.653869e-01	1.091598e-02	1.333593e+04	5.254355e+11	3.638785e+00	-1.847960e+08	5.000000e+03	0
1.055276e-01	1.736562e-01	1.263669e-02	1.332022e+04	5.228210e+11	3.834373e+00	-1.845832e+08	5.000000e+03	0
1.105528e-01	1.819256e-01	1.453210e-02	1.330365e+04	5.200703e+11	4.029513e+00	-1.843601e+08	5.000000e+03	0
1.155779e-01	1.901949e-01	1.658555e-02	1.328633e+04	5.172017e+11	4.224246e+00	-1.841269e+08	5.000000e+03	0
1.206030e-01	1.984642e-01	1.880162e-02	1.326827e+04	5.142156e+11	4.418558e+00	-1.838835e+08	5.000000e+03	0
1.256281e-01	2.067336e-01	2.123973e-02	1.324922e+04	5.110771e+11	4.612292e+00	-1.836299e+08	5.000000e+03	0
1.306533e-01	2.150029e-01	2.388829e-02	1.322929e+04	5.078026e+11	4.805473e+00	-1.833662e+08	5.000000e+03	0
1.356784e-01	2.232723e-01	2.672144e-02	1.320861e+04	5.044134e+11	4.998168e+00	-1.830925e+08	5.000000e+03	0
1.407035e-01	2.315416e-01	2.974358e-02	1.318718e+04	5.009103e+11	5.190362e+00	-1.828086e+08	5.000000e+03	0
1.457286e-01	2.398110e-01	3.301569e-02	1.316479e+04	4.972627e+11	5.381890e+00	-1.825147e+08	5.000000e+03	0
1.507538e-01	2.480803e-01	3.653431e-02	1.314148e+04	4.934801e+11	5.572756e+00	-1.822108e+08	5.000000e+03	0
1.557789e-01	2.563497e-01	4.026293e-02	1.311742e+04	4.895867e+11	5.763055e+00	-1.818970e+08	5.000000e+03	0
1.608040e-01	2.646190e-01	4.420576e-02	1.309261e+04	4.855833e+11	5.952773e+00	-1.815732e+08	5.000000e+03	0
1.658291e-01	2.728883e-01	4.842349e-02	1.306684e+04	4.814439e+11	6.141740e+00	-1.812395e+08	5.000000e+03	0
1.708543e-01	2.811577e-01	5.292376e-02	1.304014e+04	4.771715e+11	6.329930e+00	-1.808959e+08	5.000000e+03	0
1.758794e-01	2.894270e-01	5.765815e-02	1.301268e+04	4.727928e+11	6.517472e+00	-1.805425e+08	5.000000e+03	0
1.809045e-01	2.976964e-01	6.263062e-02	1.298445e+04	4.683085e+11	6.704352e+00	-1.801794e+08	5.000000e+03	0
1.859296e-01	3.059657e-01	6.789980e-02	1.295529e+04	4.636971e+11	6.890402e+00	-1.798063e+08	5.000000e+03	0
1.909548e-01	3.142351e-01	7.348718e-02	1.292517e+04	4.589556e+11	7.075553e+00	-1.794238e+08	5.000000e+03	0
1.959799e-01	3.225044e-01	7.933131e-02	1.289427e+04	4.541128e+11	7.259975e+00	-1.790316e+08	5.000000e+03	0
2.010050e-01	3.307737e-01	8.543586e-02	1.286261e+04	4.491694e+11	7.443652e+00	-1.786296e+08	5.000000e+03	0
2.060302e-01	3.390431e-01	9.185572e-02	1.283002e+04	4.441083e+11	7.626422e+00	-1.782145e+08	5.000000e+03	0
2.110553e-01	3.473124e-01	9.862872e-02	1.279644e+04	4.389208e+11	7.808168e+00	-1.777973e+08	5.000000e+03	0
2.160804e-01	3.555818e-01	1.056794e-01	1.276208e+04	4.336375e+11	7.989100e+00	-1.773671e+08	5.000000e+03	0
2.211055e-01	3.638511e-01	1.130111e-01	1.272694e+04	4.282594e+11	8.169206e+00	-1.769264e+08	5.000000e+03	0
2.261307e-01	3.721205e-01	1.206734e-01	1.269089e+04	4.227729e+11	8.348332e+00	-1.764776e+08	5.000000e+03	0
2.311558e-01	3.803898e-01	1.287227e-01	1.265381e+04	4.171650e+11	8.526299e+00	-1.760185e+08	5.000000e+03	0
2.361809e-01	3.886592e-01	1.370686e-01	1.261594e+04	4.114673e+11	8.703369e+00	-1.755505e+08	5.000000e+03	0
2.412060e-01	3.969285e-01	1.457143e-01	1.257728e+04	4.056809e+11	8.879529e+00	-1.750732e+08	5.000000e+03	0
2.462312e-01	4.051978e-01	1.547025e-01	1.253773e+04	3.997960e+11	9.054639e+00	-1.745868e+08	5.000000e+03	0
2.512563e-01	4.134672e-01	1.641099e-01	1.249710e+04	3.937955e+11	9.228451e+00	-1.740914e+08	5.000000e+03	0
2.562814e-01	4.217365e-01	1.738310e-01	1.245568e+04	3.877118e+11	9.401280e+00	-1.735868e+08	5.000000e+03	0
2.613065e-01	4.300059e-01	1.838684e-01	1.241345e+04	3.815461e+11	9.573113e+00	-1.730720e+08	5.000000e+03	0
2.663317e-01	4.382752e-01	1.942567e-01	1.237033e+04	3.752917e+11	9.743830e+00	-1.725507e+08	5.000000e+03	0
2.713568e-01	4.465446e-01	2.050945e-01	1.232610e+04	3.689288e+11	9.913101e+00	-1.720193e+08	5.000000e+03	0
2.763819e-01	4.548139e-01	2.162605e-01	1.228105e+04	3.624897e+11	1.008130e+01	-1.714791e+08	5.000000e+03	0
2.814070e-01	4.630832e-01	2.277571e-01	1.223519e+04	3.559758e+11	1.024842e+01	-1.709301e+08	5.000000e+03	0
2.864322e-01	4.713526e-01	2.396097e-01	1.218845e+04	3.493832e+11	1.041436e+01	-1.703725e+08	5.000000e+03	0
2.914573e-01	4.796219e-01	2.519394e-01	1.214054e+04	3.426902e+11	1.057870e+01	-1.698062e+08	5.000000e+03	0
2.964824e-01	4.878913e-01	2.646094e-01	1.209179e+04	3.359286e+11	1.074188e+01	-1.692314e+08	5.000000e+03	0
3.015075e-01	4.961606e-01	2.776215e-01	1.204222e+04	3.290997e+11	1.090388e+01	-1.686412e+08	5.000000e+03	0
3.065327e-01	5.044300e-01	2.909912e-01	1.199177e+04	3.222024e+11	1.106465e+01	-1.680561e+08	5.000000e+03	0
3.115578e-01	5.126993e-01	3.048626e-01	1.194009e+04	3.152137e+11	1.122364e+01	-1.674561e+08	5.000000e+03	0
3.165829e-01	5.209687e-01	3.190836e-01	1.188757e+04	3.081645e+11	1.138139e+01	-1.668466e+08	5.000000e+03	0
3.216080e-01	5.292380e-01	3.336554e-01	1.183418e+04	3.010562e+11	1.153787e+01	-1.662306e+08	5.000000e+03	0
3.266332e-01	5.375073e-01	3.485829e-01	1.177993e+04	2.938895e+11	1.169306e+01	-1.656084e+08	5.000000e+03	0
3.316583e-01	5.457767e-01	3.640329e-01	1.172438e+04	2.866419e+11	1.184630e+01	-1.649737e+08	5.000000e+03	0
3.366834e-01	5.540460e-01	3.798387e-01	1.166796e+04	2.793422e+11	1.199820e+01	-1.643321e+08	5.000000e+03	0
3.417085e-01	5.623154e-01	3.960010e-01	1.161065e+04	2.719919e+11	1.214874e+01	-1.636842e+08	5.000000e+03	0
3.467337e-01	5.705847e-01	4.125205e-01	1.155245e+04	2.645926e+11	1.229789e+01	-1.630277e+08	5.000000e+03	0
3.517588e-01	5.788541e-01	4.295647e-01	1.149293e+04	2.571256e+11	1.244498e+01	-1.623636e+08	5.000000e+03	0
3.567839e-01	5.871234e-01	4.469747e-01	1.143247e+04	2.496146e+11	1.259059e+01	-1.616918e+08	5.000000e+03	0
3.618090e-01	5.953927e-01	4.618857e-01	1.002732e+04	2.432770e+11	1.265758e+01	-1.610126e+08	5.000000e+03	0
3.668342e-01	6.036621e-01	4.720680e-01	6.357974e+03	2.390631e+11	1.258624e+01	-1.603292e+08	5.000000e+03	1
3.718593e-01	6.119314e-01	4.825589e-01	6.331857e+03	2.349003e+11	1.252197e+01	-1.596485e+08	5.000000e+03	1
3.768844e-01	6.202008e-01	4.932775e-01	6.305789e+03	2.307723e+11	1.246249e+01	-1.589714e+08	5.000000e+03	1
3.819095e-01	6.284701e-01	5.042139e-01	6.279760e+03	2.266764e+11	1.240736e+01	-1.582976e+08	5.000000e+03	1
3.869347e-01	6.367395e-01	5.153692e-01	6.253764e+03	2.226114e+11	1.235641e+01	-1.576270e+08	5.000000e+03	1
3.919598e-01	6.450088e-01	5.268344e-01	6.227799e+03	2.185874e+11	1.231094e+01	-1.569591e+08	5.000000e+03	1
3.969849e-01	6.532782e-01	5.385393e-01	6.201846e+03	2.145929e+11	1.226936e+01	-1.562939e+08	5.000000e+03	1
4.020101e-01	6.615475e-01	5.504672e-01	6.175897e+03	2.106247e+11	1.223122e+01	-1.556311e+08	5.000000e+03	1
4.070352e-01	6.698168e-01	5.626189e-01	6.149948e+03	2.066822e+11	1.219639e+01	-1.549709e+08	5.000000e+03	1
4.120603e-01	6.780862e-01	5.750803e-01	6.123985e+03	2.027730e+11	1.216581e+01	-1.543118e+08	5.000000e+03	1
4.170854e-01	6.863555e-01	5.877927e-01	6.098002e+03	1.988892e+11	1.213840e+01	-1.536549e+08	5.000000e+03	1
4.221106e-01	6.946249e-01	6.007323e-01	6.071995e+03	1.950276e+11	1.211372e+01	-1.529997e+08	5.000000e+03	1
4.271357e-01	7.028942e-01	6.138996e-01	6.045959e+03	1.911874e+11	1.209167e+01	-1.523459e+08	5.000000e+03	1
4.321608e-01	7.111636e-01	6.273750e-01	6.019874e+03	1.873749e+11	1.207292e+01	-1.516934e+08	5.000000e+03	1
4.371859e-01	7.194329e-01	6.411120e-01	5.993738e+03	1.835846e+11	1.205676e+01	-1.510421e+08	5.000000e+03	1
4.422111e-01	7.277022e-01	6.550793e-01	5.967553e+03	1.798133e+11	1.204277e+01	-1.503918e+08	5.000000e+03	1
4.472362e-01	7.359716e-01	6.692774e-01	5.941315e+03	1.760604e+11	1.203086e+01	-1.497424e+08	5.000000e+03	1
4.522613e-01	7.442409e-01	6.837802e-01	5.914998e+03	1.723309e+11	1.202152e+01	-1.490938e+08	5.000000e+03	1
4.572864e-01	7.525103e-01	6.985543e-01	5.888602e+03	1.686213e+11	1.201429e+01	-1.484458e+08	5.000000e+03	1
4.623116e-01	7.607796e-01	7.135608e-01	5.862135e+03	1.649282e+11	1.200876e+01	-1.477983e+08	5.000000e+03	1
4.673367e-01	7.690490e-01	7.288001e-01	5.835593e+03	1.612514e+11	1.200489e+01	-1.471513e+08	5.000000e+03	1
4.723618e-01	7.773183e-01	7.443394e-01	5.808946e+03	1.575949e+11	1.200299e+01	-1.465047e+08	5.000000e+03	1
4.773869e-01	7.855877e-01	7.601583e-01	5.782195e+03	1.539565e+11	1.200280e+01	-1.458582e+08	5.000000e+03	1
4.824121e-01	7.938570e-01	7.762108e-01	5.755352e+03	1.503331e+11	1.200396e+01	-1.452120e+08	5.000000e+03	1
4.874372e-01	8.021263e-01	7.924969e-01	5.728414e+03	1.467243e+11	1.200640e+01	-1.445658e+08	5.000000e+03	1
4.924623e-01	8.103957e-01	8.090767e-01	5.701350e+03	1.431335e+11	1.201036e+01	-1.439196e+08	5.000000e+03	1
4.974874e-01	8.186650e-01	8.259433e-01	5.674156e+03	1.395598e+11	1.201569e+01	-1.432734e+08	5.000000e+03	1
5.025126e-01	8.269344e-01	8.430433e-01	5.646851e+03	1.359999e+11	1.202205e+01	-1.426270e+08	5.000000e+03	1
5.075377e-01	8.352037e-01	8.603765e-01	5.619432e+03	1.324535e+11	1.202941e+01	-1.419804e+08	5.000000e+03	1
5.125628e-01	8.434731e-01	8.779957e-01	5.591868e+03	1.289236e+11	1.203791e+01	-1.413335e+08	5.000000e+03	1
5.175879e-01	8.517424e-01	8.959073e-01	5.564147e+03	1.254103e+11	1.204748e+01	-1.406863e+08	5.000000e+03	1
5.226131e-01	8.600117e-01	9.140509e-01	5.536298e+03	1.219100e+11	1.205783e+01	-1.400388e+08	5.000000e+03	1
5.276382e-01	8.682811e-01	9.324260e-01	5.508316e+03	1.184227e+11	1.206894e+01	-1.393908e+08	5.000000e+03	1
5.326633e-01	8.765504e-01	9.510780e-01	5.480172e+03	1.149507e+11	1.208088e+01	-1.387424e+08	5.000000e+03	1
5.376884e-01	8.848198e-01	9.700261e-01	5.451844e+03	1.114953e+11	1.209363e+01	-1.380935e+08	5.000000e+03	1
5.427136e-01	8.930891e-01	9.892034e-01	5.423370e+03	1.080525e+11	1.210695e+01	-1.374440e+08	5.000000e+03	1
5.477387e-01	9.013585e-01	1.008609e+00	5.394746e+03	1.046225e+11	1.212082e+01	-1.367939e+08	5.000000e+03	1
5.527638e-01	9.096278e-01	1.028281e+00	5.365941e+03	1.012073e+11	1.213527e+01	-1.361432e+08	5.000000e+03	1
5.577889e-01	9.178972e-01	1.048251e+00	5.336926e+03	9.780887e+10	1.215030e+01	-1.354919e+08	5.000000e+03	1
5.628141e-01	9.261665e-01	1.068446e+00	5.307745e+03	9.442314e+10	1.216573e+01	-1.348399e+08	5.000000e+03	1
5.678392e-01	9.344358e-01	1.088865e+00	5.278395e+03	9.105017e+10	1.218152e+01	-1.341872e+08	5.000000e+03	1
5.728643e-01	9.427052e-01	1.109538e+00	5.248849e+03	8.769179e+10	1.219768e+01	-1.335339e+08	5.000000e+03	1
5.778894e-01	9.509745e-01	1.130509e+00	5.219060e+03	8.435080e+10	1.221422e+01	-1.328797e+08	5.000000e+03	1
5.829146e-01	9.592439e-01	1.144863e+00	3.943519e+03	8.209268e+10	1.215891e+01	-1.322250e+08	5.000000e+03	1
5.879397e-01	9.675132e-01	1.154454e+00	2.316441e+03	8.062265e+10	1.205267e+01	-1.315724e+08	5.000000e+03	2
5.929648e-01	9.757826e-01	1.164190e+00	2.312018e+03	7.916803e+10	1.194980e+01	-1.309252e+08	5.000000e+03	2
5.979899e-01	9.840519e-01	1.174107e+00	2.307640e+03	7.773177e+10	1.185090e+01	-1.302836e+08	5.000000e+03	2
6.030151e-01	9.923212e-01	1.184158e+00	2.303294e+03	7.630837e+10	1.175478e+01	-1.296473e+08	5.000000e+03	2
6.080402e-01	1.000591e+00	1.194343e+00	2.298980e+03	7.489756e+10	1.166137e+01	-1.290162e+08	5.000000e+03	2
6.130653e-01	1.008860e+00	1.204672e+00	2.294698e+03	7.350004e+10	1.157081e+01	-1.283901e+08	5.000000e+03	2
6.180905e-01	1.017129e+00	1.215192e+00	2.290457e+03	7.211911e+10	1.148381e+01	-1.277690e+08	5.000000e+03	2
6.231156e-01	1.025399e+00	1.225848e+00	2.286243e+03	7.074958e+10	1.139923e+01	-1.271513e+08	5.000000e+03	2
6.281407e-01	1.033668e+00	1.236641e+00	2.282057e+03	6.939121e+10	1.131702e+01	-1.265407e+08	5.000000e+03	2
6.331658e-01	1.041937e+00	1.247578e+00	2.277899e+03	6.804429e+10	1.123724e+01	-1.259334e+08	5.000000e+03	2
6.381910e-01	1.050207e+00	1.258714e+00	2.273778e+03	6.671243e+10	1.116065e+01	-1.253303e+08	5.000000e+03	2
6.432161e-01	1.058476e+00	1.269975e+00	2.265289e+03	6.539237e+10	1.108605e+01	-1.247314e+08	5.000000e+03	2
6.482412e-01	1.066745e+00	1.281353e+00	2.254371e+03	6.408483e+10	1.101335e+01	-1.241365e+08	5.000000e+03	2
6.532663e-01	1.075015e+00	1.292843e+00	2.243516e+03	6.279080e+10	1.094245e+01	-1.235456e+08	5.000000e+03	2
6.582915e-01	1.083284e+00	1.304493e+00	2.232748e+03	6.151556e+10	1.087404e+01	-1.229586e+08	5.000000e+03	2
6.633166e-01	1.091553e+00	1.316252e+00	2.222037e+03	6.025277e+10	1.080725e+01	-1.223753e+08	5.000000e+03	2
6.683417e-01	1.099823e+00	1.328119e+00	2.211382e+03	5.900224e+10	1.074205e+01	-1.217956e+08	5.000000e+03	2
6.733668e-01	1.108092e+00	1.340097e+00	2.200781e+03	5.776376e+10	1.067841e+01	-1.212195e+08	5.000000e+03	2
6.783920e-01	1.116361e+00	1.352235e+00	2.190258e+03	5.654256e+10	1.061697e+01	-1.206467e+08	5.000000e+03	2
6.834171e-01	1.124631e+00	1.364483e+00	2.179785e+03	5.533283e+10	1.055696e+01	-1.200775e+08	5.000000e+03	2
6.884422e-01	1.132900e+00	1.376840e+00	2.169361e+03	5.413430e+10	1.049835e+01	-1.195115e+08	5.000000e+03	2
6.934673e-01	1.141169e+00	1.389305e+00	2.158985e+03	5.294680e+10	1.044111e+01	-1.189487e+08	5.000000e+03	2
6.984925e-01	1.149439e+00	1.401928e+00	2.148675e+03	5.177481e+10	1.038576e+01	-1.183890e+08	5.000000e+03	2
7.035176e-01	1.157708e+00	1.414664e+00	2.138411e+03	5.061368e+10	1.033171e+01	-1.178323e+08	5.000000e+03	2
7.085427e-01	1.165977e+00	1.427509e+00	2.128190e+03	4.946283e+10	1.027889e+01	-1.172786e+08	5.000000e+03	2
7.135678e-01	1.174247e+00	1.440461e+00	2.118010e+03	4.832212e+10	1.022728e+01	-1.167277e+08	5.000000e+03	2
7.185930e-01	1.182516e+00	1.453567e+00	2.107888e+03	4.719541e+10	1.017729e+01	-1.161797e+08	5.000000e+03	2
7.236181e-01	1.190785e+00	1.466788e+00	2.097806e+03	4.607900e+10	1.012849e+01	-1.156344e+08	5.000000e+03	2
7.286432e-01	1.199055e+00	1.480118e+00	2.087763e+03	4.497208e+10	1.008077e+01	-1.150918e+08	5.000000e+03	2
7.336683e-01	1.207324e+00	1.493554e+00	2.077755e+03	4.387452e+10	1.003411e+01	-1.145518e+08	5.000000e+03	2
7.386935e-01	1.215594e+00	1.507140e+00	2.067796e+03	4.278965e+10	9.988861e+00	-1.140144e+08	5.000000e+03	2
7.437186e-01	1.223863e+00	1.520843e+00	2.057874e+03	4.171460e+10	9.944687e+00	-1.134794e+08	5.000000e+03	2
7.487437e-01	1.232132e+00	1.534653e+00	2.047985e+03	4.064834e+10	9.901466e+00	-1.129469e+08	5.000000e+03	2
7.537688e-01	1.240402e+00	1.548570e+00	2.038127e+03	3.959078e+10	9.859178e+00	-1.124167e+08	5.000000e+03	2
7.587940e-01	1.248671e+00	1.562631e+00	2.028310e+03	3.854476e+10	9.818112e+00	-1.118889e+08	5.000000e+03	2
7.638191e-01	1.256940e+00	1.576811e+00	2.018526e+03	3.750814e+10	9.778021e+00	-1.113633e+08	5.000000e+03	2
7.688442e-01	1.265210e+00	1.591098e+00	2.008769e+03	3.647971e+10	9.738773e+00	-1.108399e+08	5.000000e+03	2
7.738693e-01	1.273479e+00	1.605489e+00	1.999040e+03	3.545939e+10	9.700348e+00	-1.103187e+08	5.000000e+03	2
7.788945e-01	1.281748e+00	1.620020e+00	1.989346e+03	3.444962e+10	9.662980e+00	-1.097996e+08	5.000000e+03	2
7.839196e-01	1.290018e+00	1.634673e+00	1.979680e+03	3.344887e+10	9.626498e+00	-1.092825e+08	5.000000e+03	2
7.889447e-01	1.298287e+00	1.649429e+00	1.970038e+03	3.245579e+10	9.590759e+00	-1.087675e+08	5.000000e+03	2
7.939698e-01	1.306556e+00	1.664290e+00	1.960419e+03	3.147031e+10	9.555749e+00	-1.082543e+08	5.000000e+03	2
7.989950e-01	1.314826e+00	1.679285e+00	1.950829e+03	3.049451e+10	9.521652e+00	-1.077432e+08	5.000000e+03	2
8.040201e-01	1.323095e+00	1.694402e+00	1.941263e+03	2.952741e+10	9.488359e+00	-1.072339e+08	5.000000e+03	2
8.090452e-01	1.331364e+00	1.709622e+00	1.931717e+03	2.856753e+10	9.455724e+00	-1.067265e+08	5.000000e+03	2
8.140704e-01	1.339634e+00	1.724944e+00	1.922191e+03	2.761479e+10	9.423731e+00	-1.062204e+08	5.000000e+03	2
8.190955e-01	1.347903e+00	1.740395e+00	1.912688e+03	2.667098e+10	9.392529e+00	-1.057166e+08	5.000000e+03	2
8.241206e-01	1.356172e+00	1.755969e+00	1.903205e+03	2.573558e+10	9.362055e+00	-1.052147e+08	5.000000e+03	2
8.291457e-01	1.364442e+00	1.771644e+00	1.893739e+03	2.480701e+10	9.332162e+00	-1.047143e+08	5.000000e+03	2
8.341709e-01	1.372711e+00	1.787419e+00	1.884289e+03	2.388519e+10	9.302837e+00	-1.042155e+08	5.000000e+03	2
8.391960e-01	1.380980e+00	1.803317e+00	1.874857e+03	2.297163e+10	9.274194e+00	-1.037183e+08	5.000000e+03	2
8.442211e-01	1.389250e+00	1.819339e+00	1.865442e+03	2.206624e+10	9.246210e+00	-1.032227e+08	5.000000e+03	2
8.492462e-01	1.397519e+00	1.835459e+00	1.856040e+03	2.116733e+10	9.218739e+00	-1.027286e+08	5.000000e+03	2
8.542714e-01	1.405788e+00	1.851677e+00	1.846650e+03	2.027484e+10	9.191768e+00	-1.022361e+08	5.000000e+03	2
8.592965e-01	1.414058e+00	1.868013e+00	1.837274e+03	1.939002e+10	9.165386e+00	-1.017450e+08	5.000000e+03	2
8.643216e-01	1.422327e+00	1.884472e+00	1.827911e+03	1.851317e+10	9.139599e+00	-1.012554e+08	5.000000e+03	2
8.693467e-01	1.430596e+00	1.901027e+00	1.818558e+03	1.764249e+10	9.114264e+00	-1.007673e+08	5.000000e+03	2
8.743719e-01	1.438866e+00	1.917677e+00	1.809213e+03	1.677793e+10	9.089370e+00	-1.002805e+08	5.000000e+03	2
8.793970e-01	1.447135e+00	1.934438e+00	1.799878e+03	1.592052e+10	9.064982e+00	-9.979516e+07	5.000000e+03	2
8.844221e-01	1.455404e+00	1.951322e+00	1.790553e+03	1.507093e+10	9.041130e+00	-9.931115e+07	5.000000e+03	2
8.894472e-01	1.463674e+00	1.968299e+00	1.781233e+03	1.422724e+10	9.017674e+00	-9.882845e+07	5.000000e+03	2
8.944724e-01	1.471943e+00	1.985334e+00	1.766642e+03	1.339106e+10	8.994454e+00	-9.834708e+07	5.000000e+03	2
8.994975e-01	1.480213e+00	2.002359e+00	1.734053e+03	1.256720e+10	8.971146e+00	-9.786698e+07	5.000000e+03	2
9.045226e-01	1.488482e+00	2.019227e+00	1.701259e+03	1.176422e+10	8.947113e+00	-9.738823e+07	5.000000e+03	2
9.095477e-01	1.496751e+00	2.035970e+00	1.668282e+03	1.097692e+10	8.922526e+00	-9.691079e+07	5.000000e+03	2
9.145729e-01	1.505021e+00	2.052583e+00	1.635104e+03	1.020536e+10	8.897378e+00	-9.643479e+07	5.000000e+03	2
9.195980e-01	1.513290e+00	2.069043e+00	1.601671e+03	9.451468e+09	8.871593e+00	-9.596015e+07	5.000000e+03	2
9.246231e-01	1.521559e+00	2.085302e+00	1.567860e+03	8.719300e+09	8.845005e+00	-9.548714e+07	5.000000e+03	2
9.296482e-01	1.529829e+00	2.101402e+00	1.533719e+03	8.003160e+09	8.817812e+00	-9.501539e+07	5.000000e+03	2
9.346734e-01	1.538098e+00	2.117337e+00	1.499212e+03	7.303132e+09	8.790003e+00	-9.454530e+07	5.000000e+03	2
9.396985e-01	1.546367e+00	2.133083e+00	1.464255e+03	6.620771e+09	8.761508e+00	-9.407668e+07	5.000000e+03	2
9.447236e-01	1.554637e+00	2.148568e+00	1.428589e+03	5.961363e+09	8.732093e+00	-9.360971e+07	5.000000e+03	2
9.497487e-01	1.562906e+00	2.163849e+00	1.392299e+03	5.318654e+09	8.701989e+00	-9.314439e+07	5.000000e+03	2
9.547739e-01	1.571175e+00	2.178918e+00	1.355300e+03	4.692823e+09	8.671175e+00	-9.268071e+07	5.000000e+03	2
9.597990e-01	1.579445e+00	2.193749e+00	1.317448e+03	4.085094e+09	8.639583e+00	-9.221879e+07	5.000000e+03	2
9.648241e-01	1.587714e+00	2.208228e+00	1.278101e+03	3.502402e+09	8.606868e+00	-9.175842e+07	5.000000e+03	2
9.698492e-01	1.595983e+00	2.222434e+00	1.237366e+03	2.937874e+09	8.573301e+00	-9.130022e+07	5.000000e+03	2
9.748744e-01	1.604253e+00	2.236348e+00	1.194958e+03	2.391955e+09	8.538833e+00	-9.084375e+07	5.000000e+03	2
9.798995e-01	1.612522e+00	2.249942e+00	1.150499e+03	1.865702e+09	8.503384e+00	-9.038913e+07	5.000000e+03	2
9.849246e-01	1.620791e+00	2.263011e+00	1.101612e+03	1.369197e+09	8.466348e+00	-8.993649e+07	5.000000e+03	2
9.899497e-01	1.629061e+00	2.275647e+00	1.047426e+03	8.952972e+08	8.427998e+00	-8.948597e+07	5.000000e+03	2
9.949749e-01	1.637330e+00	2.287943e+00	1.006845e+03	4.402488e+08	8.388706e+00	-8.903752e+07	5.000000e+03	2
1.000000e+00	1.645599e+00	2.300000e+00	1.000000e+03	0.000000e+00	8.348871e+00	-8.859132e+07	3.000000e+02	2
