#t		Qconv[W]	Ri[Rp]		R*[Rp]		Qc[W]		Qm[W]		Qr[W]		Tcmb[K]		Tl[K]		Tup[K]		RiFlag		Bs[T]
0.000000e+00	1.362403e+14	0.000000e+00	6.228069e-01	1.664547e+15	1.401927e+15	2.428565e+14	1.689482e+04	4.206676e+03	2.843431e+03	0	1.653936e-03
1.000000e+07	1.331006e+14	0.000000e+00	6.228069e-01	1.629656e+15	1.434279e+15	2.415109e+14	1.680939e+04	4.225433e+03	2.856110e+03	0	1.641132e-03
2.000000e+07	1.300194e+14	0.000000e+00	6.228069e-01	1.595415e+15	1.461248e+15	2.401754e+14	1.672573e+04	4.241634e+03	2.867061e+03	0	1.628369e-03
3.000000e+07	1.270000e+14	0.000000e+00	6.228069e-01	1.561864e+15	1.483170e+15	2.388498e+14	1.664382e+04	4.255506e+03	2.876438e+03	0	1.615666e-03
4.000000e+07	1.240456e+14	0.000000e+00	6.228069e-01	1.529033e+15	1.500415e+15	2.375342e+14	1.656362e+04	4.267268e+03	2.884388e+03	0	1.603038e-03
5.000000e+07	1.211581e+14	0.000000e+00	6.228069e-01	1.496945e+15	1.513368e+15	2.362283e+14	1.648509e+04	4.277121e+03	2.891048e+03	0	1.590502e-03
6.000000e+07	1.183392e+14	0.000000e+00	6.228069e-01	1.465616e+15	1.522417e+15	2.349322e+14	1.640820e+04	4.285255e+03	2.896546e+03	0	1.578071e-03
7.000000e+07	1.155899e+14	0.000000e+00	6.228069e-01	1.435056e+15	1.527947e+15	2.336457e+14	1.633290e+04	4.291842e+03	2.900999e+03	0	1.565754e-03
8.000000e+07	1.129106e+14	0.000000e+00	6.228069e-01	1.405272e+15	1.530325e+15	2.323688e+14	1.625916e+04	4.297045e+03	2.904515e+03	0	1.553561e-03
9.000000e+07	1.103014e+14	0.000000e+00	6.228069e-01	1.376262e+15	1.529902e+15	2.311014e+14	1.618694e+04	4.301008e+03	2.907194e+03	0	1.541501e-03
1.000000e+08	1.077622e+14	0.000000e+00	6.228069e-01	1.348024e+15	1.527004e+15	2.298434e+14	1.611620e+04	4.303864e+03	2.909124e+03	0	1.529580e-03
1.100000e+08	1.052921e+14	0.000000e+00	6.228069e-01	1.320550e+15	1.521934e+15	2.285948e+14	1.604690e+04	4.305735e+03	2.910389e+03	0	1.517803e-03
1.200000e+08	1.028905e+14	0.000000e+00	6.228069e-01	1.293832e+15	1.514972e+15	2.273554e+14	1.597900e+04	4.306728e+03	2.911060e+03	0	1.506174e-03
1.300000e+08	1.005562e+14	0.000000e+00	6.228069e-01	1.267856e+15	1.506370e+15	2.261252e+14	1.591247e+04	4.306943e+03	2.911206e+03	0	1.494697e-03
1.400000e+08	9.828797e+13	0.000000e+00	6.228069e-01	1.242609e+15	1.496358e+15	2.249040e+14	1.584726e+04	4.306468e+03	2.910885e+03	0	1.483373e-03
1.500000e+08	9.608446e+13	0.000000e+00	6.228069e-01	1.218076e+15	1.485143e+15	2.236919e+14	1.578335e+04	4.305382e+03	2.910151e+03	0	1.472204e-03
1.600000e+08	9.394416e+13	0.000000e+00	6.228069e-01	1.194240e+15	1.472908e+15	2.224888e+14	1.572068e+04	4.303757e+03	2.909052e+03	0	1.461190e-03
1.700000e+08	9.186550e+13	0.000000e+00	6.228069e-01	1.171084e+15	1.459820e+15	2.212945e+14	1.565924e+04	4.301655e+03	2.907631e+03	0	1.450333e-03
1.800000e+08	8.984687e+13	0.000000e+00	6.228069e-01	1.148590e+15	1.446023e+15	2.201091e+14	1.559897e+04	4.299134e+03	2.905927e+03	0	1.439631e-03
1.900000e+08	8.788658e+13	0.000000e+00	6.228069e-01	1.126739e+15	1.431647e+15	2.189324e+14	1.553986e+04	4.296245e+03	2.903974e+03	0	1.429084e-03
2.000000e+08	8.598296e+13	0.000000e+00	6.228069e-01	1.105513e+15	1.416807e+15	2.177643e+14	1.548187e+04	4.293034e+03	2.901804e+03	0	1.418690e-03
2.100000e+08	8.413431e+13	0.000000e+00	6.228069e-01	1.084894e+15	1.401602e+15	2.166048e+14	1.542496e+04	4.289540e+03	2.899442e+03	0	1.408449e-03
2.200000e+08	8.233895e+13	0.000000e+00	6.228069e-01	1.064862e+15	1.386120e+15	2.154539e+14	1.536910e+04	4.285801e+03	2.896915e+03	0	1.398359e-03
2.300000e+08	8.059520e+13	0.000000e+00	6.228069e-01	1.045399e+15	1.370439e+15	2.143113e+14	1.531427e+04	4.281848e+03	2.894243e+03	0	1.388417e-03
2.400000e+08	7.890141e+13	0.000000e+00	6.228069e-01	1.026488e+15	1.354625e+15	2.131772e+14	1.526044e+04	4.277710e+03	2.891446e+03	0	1.378622e-03
2.500000e+08	7.725595e+13	0.000000e+00	6.228069e-01	1.008109e+15	1.338735e+15	2.120514e+14	1.520757e+04	4.273413e+03	2.888541e+03	0	1.368971e-03
2.600000e+08	7.565722e+13	0.000000e+00	6.228069e-01	9.902461e+14	1.322821e+15	2.109338e+14	1.515565e+04	4.268980e+03	2.885545e+03	0	1.359462e-03
2.700000e+08	7.410368e+13	0.000000e+00	6.228069e-01	9.728817e+14	1.306926e+15	2.098244e+14	1.510463e+04	4.264431e+03	2.882470e+03	0	1.350092e-03
2.800000e+08	7.259381e+13	0.000000e+00	6.228069e-01	9.559992e+14	1.291087e+15	2.087230e+14	1.505451e+04	4.259784e+03	2.879329e+03	0	1.340860e-03
2.900000e+08	7.112613e+13	0.000000e+00	6.228069e-01	9.395824e+14	1.275335e+15	2.076298e+14	1.500526e+04	4.255055e+03	2.876133e+03	0	1.331762e-03
3.000000e+08	6.969921e+13	0.000000e+00	6.228069e-01	9.236154e+14	1.259698e+15	2.065444e+14	1.495684e+04	4.250259e+03	2.872891e+03	0	1.322796e-03
3.100000e+08	6.831166e+13	0.000000e+00	6.228069e-01	9.080831e+14	1.244200e+15	2.054670e+14	1.490924e+04	4.245409e+03	2.869613e+03	0	1.313959e-03
3.200000e+08	6.696214e+13	0.000000e+00	6.228069e-01	8.929707e+14	1.228858e+15	2.043975e+14	1.486244e+04	4.240515e+03	2.866305e+03	0	1.305249e-03
3.300000e+08	6.564934e+13	0.000000e+00	6.228069e-01	8.782639e+14	1.213690e+15	2.033357e+14	1.481641e+04	4.235588e+03	2.862975e+03	0	1.296663e-03
3.400000e+08	6.437202e+13	0.000000e+00	6.228069e-01	8.639489e+14	1.198709e+15	2.022816e+14	1.477114e+04	4.230637e+03	2.859628e+03	0	1.288198e-03
3.500000e+08	6.312897e+13	0.000000e+00	6.228069e-01	8.500124e+14	1.183926e+15	2.012352e+14	1.472660e+04	4.225670e+03	2.856271e+03	0	1.279852e-03
3.600000e+08	6.191901e+13	0.000000e+00	6.228069e-01	8.364416e+14	1.169349e+15	2.001963e+14	1.468278e+04	4.220694e+03	2.852907e+03	0	1.271622e-03
3.700000e+08	6.074102e+13	0.000000e+00	6.228069e-01	8.232240e+14	1.154985e+15	1.991650e+14	1.463965e+04	4.215715e+03	2.849541e+03	0	1.263507e-03
3.800000e+08	5.959391e+13	0.000000e+00	6.228069e-01	8.103479e+14	1.140840e+15	1.981412e+14	1.459720e+04	4.210738e+03	2.846178e+03	0	1.255502e-03
3.900000e+08	5.847664e+13	0.000000e+00	6.228069e-01	7.978016e+14	1.126918e+15	1.971247e+14	1.455541e+04	4.205769e+03	2.842819e+03	0	1.247607e-03
4.000000e+08	5.738820e+13	0.000000e+00	6.228069e-01	7.855741e+14	1.113221e+15	1.961156e+14	1.451426e+04	4.200812e+03	2.839468e+03	0	1.239817e-03
4.100000e+08	5.632763e+13	0.000000e+00	6.228069e-01	7.736548e+14	1.099751e+15	1.951137e+14	1.447374e+04	4.195871e+03	2.836128e+03	0	1.232132e-03
4.200000e+08	5.529400e+13	0.000000e+00	6.228069e-01	7.620335e+14	1.086509e+15	1.941191e+14	1.443383e+04	4.190948e+03	2.832801e+03	0	1.224549e-03
4.300000e+08	5.428640e+13	0.000000e+00	6.228069e-01	7.507002e+14	1.073494e+15	1.931317e+14	1.439452e+04	4.186048e+03	2.829489e+03	0	1.217065e-03
4.400000e+08	5.330399e+13	0.000000e+00	6.228069e-01	7.396456e+14	1.060705e+15	1.921513e+14	1.435579e+04	4.181172e+03	2.826193e+03	0	1.209679e-03
4.500000e+08	5.234591e+13	0.000000e+00	6.228069e-01	7.288605e+14	1.048142e+15	1.911780e+14	1.431763e+04	4.176323e+03	2.822915e+03	0	1.202387e-03
4.600000e+08	5.141140e+13	0.000000e+00	6.228069e-01	7.183361e+14	1.035803e+15	1.902117e+14	1.428002e+04	4.171503e+03	2.819657e+03	0	1.195189e-03
4.700000e+08	5.049966e+13	0.000000e+00	6.228069e-01	7.080640e+14	1.023686e+15	1.892523e+14	1.424295e+04	4.166714e+03	2.816420e+03	0	1.188082e-03
4.800000e+08	4.960997e+13	0.000000e+00	6.228069e-01	6.980361e+14	1.011787e+15	1.882998e+14	1.420641e+04	4.161956e+03	2.813204e+03	0	1.181063e-03
4.900000e+08	4.874162e+13	0.000000e+00	6.228069e-01	6.882445e+14	1.000104e+15	1.873541e+14	1.417039e+04	4.157231e+03	2.810010e+03	0	1.174132e-03
5.000000e+08	4.789393e+13	0.000000e+00	6.228069e-01	6.786819e+14	9.886343e+14	1.864152e+14	1.413487e+04	4.152541e+03	2.806840e+03	0	1.167285e-03
5.100000e+08	4.706623e+13	0.000000e+00	6.228069e-01	6.693409e+14	9.773743e+14	1.854830e+14	1.409984e+04	4.147886e+03	2.803694e+03	0	1.160522e-03
5.200000e+08	4.625791e+13	0.000000e+00	6.228069e-01	6.602146e+14	9.663205e+14	1.845574e+14	1.406529e+04	4.143267e+03	2.800571e+03	0	1.153840e-03
5.300000e+08	4.546834e+13	0.000000e+00	6.228069e-01	6.512963e+14	9.554695e+14	1.836384e+14	1.403120e+04	4.138684e+03	2.797474e+03	0	1.147237e-03
5.400000e+08	4.469695e+13	0.000000e+00	6.228069e-01	6.425796e+14	9.448176e+14	1.827260e+14	1.399758e+04	4.134138e+03	2.794401e+03	0	1.140712e-03
5.500000e+08	4.394318e+13	0.000000e+00	6.228069e-01	6.340583e+14	9.343610e+14	1.818201e+14	1.396440e+04	4.129630e+03	2.791354e+03	0	1.134264e-03
5.600000e+08	4.320648e+13	0.000000e+00	6.228069e-01	6.257264e+14	9.240961e+14	1.809206e+14	1.393167e+04	4.125159e+03	2.788332e+03	0	1.127889e-03
5.700000e+08	4.248633e+13	0.000000e+00	6.228069e-01	6.175783e+14	9.140190e+14	1.800275e+14	1.389936e+04	4.120726e+03	2.785335e+03	0	1.121588e-03
5.800000e+08	4.178223e+13	0.000000e+00	6.228069e-01	6.096083e+14	9.041259e+14	1.791407e+14	1.386747e+04	4.116331e+03	2.782365e+03	0	1.115357e-03
5.900000e+08	4.109370e+13	0.000000e+00	6.228069e-01	6.018111e+14	8.944132e+14	1.782602e+14	1.383599e+04	4.111974e+03	2.779420e+03	0	1.109197e-03
6.000000e+08	4.042027e+13	0.000000e+00	6.228069e-01	5.941816e+14	8.848769e+14	1.773860e+14	1.380491e+04	4.107655e+03	2.776500e+03	0	1.103104e-03
6.100000e+08	3.976150e+13	0.000000e+00	6.228069e-01	5.867150e+14	8.755133e+14	1.765179e+14	1.377422e+04	4.103374e+03	2.773607e+03	0	1.097079e-03
6.200000e+08	3.911694e+13	0.000000e+00	6.228069e-01	5.794063e+14	8.663188e+14	1.756560e+14	1.374392e+04	4.099131e+03	2.770738e+03	0	1.091118e-03
6.300000e+08	3.848620e+13	0.000000e+00	6.228069e-01	5.722511e+14	8.572896e+14	1.748001e+14	1.371399e+04	4.094926e+03	2.767896e+03	0	1.085222e-03
6.400000e+08	3.786885e+13	0.000000e+00	6.228069e-01	5.652448e+14	8.484221e+14	1.739503e+14	1.368443e+04	4.090758e+03	2.765079e+03	0	1.079388e-03
6.500000e+08	3.726452e+13	0.000000e+00	6.228069e-01	5.583833e+14	8.397128e+14	1.731065e+14	1.365523e+04	4.086627e+03	2.762287e+03	0	1.073615e-03
6.600000e+08	3.667284e+13	0.000000e+00	6.228069e-01	5.516624e+14	8.311581e+14	1.722686e+14	1.362639e+04	4.082533e+03	2.759520e+03	0	1.067903e-03
6.700000e+08	3.609344e+13	0.000000e+00	6.228069e-01	5.450782e+14	8.227545e+14	1.714366e+14	1.359789e+04	4.078476e+03	2.756777e+03	0	1.062249e-03
6.800000e+08	3.552598e+13	0.000000e+00	6.228069e-01	5.386268e+14	8.144988e+14	1.706105e+14	1.356972e+04	4.074456e+03	2.754060e+03	0	1.056653e-03
6.900000e+08	3.497012e+13	0.000000e+00	6.228069e-01	5.323045e+14	8.063875e+14	1.697901e+14	1.354189e+04	4.070472e+03	2.751367e+03	0	1.051113e-03
7.000000e+08	3.442554e+13	0.000000e+00	6.228069e-01	5.261077e+14	7.984174e+14	1.689755e+14	1.351439e+04	4.066523e+03	2.748698e+03	0	1.045628e-03
7.100000e+08	3.389193e+13	0.000000e+00	6.228069e-01	5.200331e+14	7.905852e+14	1.681666e+14	1.348721e+04	4.062610e+03	2.746053e+03	0	1.040197e-03
7.200000e+08	3.336898e+13	0.000000e+00	6.228069e-01	5.140772e+14	7.828880e+14	1.673633e+14	1.346033e+04	4.058732e+03	2.743432e+03	0	1.034819e-03
7.300000e+08	3.285641e+13	0.000000e+00	6.228069e-01	5.082370e+14	7.753225e+14	1.665657e+14	1.343377e+04	4.054889e+03	2.740834e+03	0	1.029493e-03
7.400000e+08	3.235393e+13	0.000000e+00	6.228069e-01	5.025091e+14	7.678859e+14	1.657736e+14	1.340750e+04	4.051081e+03	2.738260e+03	0	1.024218e-03
7.500000e+08	3.186127e+13	0.000000e+00	6.228069e-01	4.968908e+14	7.605751e+14	1.649871e+14	1.338153e+04	4.047306e+03	2.735708e+03	0	1.018993e-03
7.600000e+08	3.137817e+13	0.000000e+00	6.228069e-01	4.913790e+14	7.533875e+14	1.642060e+14	1.335585e+04	4.043565e+03	2.733179e+03	0	1.013817e-03
7.700000e+08	3.090438e+13	0.000000e+00	6.228069e-01	4.859710e+14	7.463201e+14	1.634304e+14	1.333045e+04	4.039857e+03	2.730673e+03	0	1.008688e-03
7.800000e+08	3.043964e+13	0.000000e+00	6.228069e-01	4.806640e+14	7.393702e+14	1.626602e+14	1.330534e+04	4.036182e+03	2.728189e+03	0	1.003606e-03
7.900000e+08	2.998373e+13	0.000000e+00	6.228069e-01	4.754555e+14	7.325353e+14	1.618953e+14	1.328049e+04	4.032539e+03	2.725727e+03	0	9.985705e-04
8.000000e+08	2.953642e+13	0.000000e+00	6.228069e-01	4.703429e+14	7.258126e+14	1.611357e+14	1.325591e+04	4.028928e+03	2.723286e+03	0	9.935799e-04
8.100000e+08	2.909748e+13	0.000000e+00	6.228069e-01	4.653237e+14	7.191998e+14	1.603814e+14	1.323160e+04	4.025349e+03	2.720867e+03	0	9.886334e-04
8.200000e+08	2.866669e+13	0.000000e+00	6.228069e-01	4.603956e+14	7.126944e+14	1.596323e+14	1.320754e+04	4.021801e+03	2.718469e+03	0	9.837303e-04
8.300000e+08	2.824386e+13	0.000000e+00	6.228069e-01	4.555563e+14	7.062938e+14	1.588884e+14	1.318374e+04	4.018284e+03	2.716091e+03	0	9.788696e-04
8.400000e+08	2.782877e+13	0.000000e+00	6.228069e-01	4.508035e+14	6.999960e+14	1.581496e+14	1.316019e+04	4.014797e+03	2.713734e+03	0	9.740506e-04
8.500000e+08	2.742124e+13	0.000000e+00	6.228069e-01	4.461351e+14	6.937984e+14	1.574159e+14	1.313688e+04	4.011341e+03	2.711398e+03	0	9.692724e-04
8.600000e+08	2.702107e+13	0.000000e+00	6.228069e-01	4.415491e+14	6.876990e+14	1.566873e+14	1.311382e+04	4.007913e+03	2.709082e+03	0	9.645343e-04
8.700000e+08	2.662809e+13	0.000000e+00	6.228069e-01	4.370433e+14	6.816956e+14	1.559636e+14	1.309099e+04	4.004516e+03	2.706785e+03	0	9.598356e-04
8.800000e+08	2.624211e+13	0.000000e+00	6.228069e-01	4.326159e+14	6.757860e+14	1.552450e+14	1.306839e+04	4.001147e+03	2.704508e+03	0	9.551753e-04
8.900000e+08	2.586297e+13	0.000000e+00	6.228069e-01	4.282649e+14	6.699683e+14	1.545313e+14	1.304602e+04	3.997806e+03	2.702250e+03	0	9.505529e-04
9.000000e+08	2.549049e+13	0.000000e+00	6.228069e-01	4.239884e+14	6.642404e+14	1.538225e+14	1.302387e+04	3.994494e+03	2.700011e+03	0	9.459676e-04
9.100000e+08	2.512452e+13	0.000000e+00	6.228069e-01	4.197848e+14	6.586004e+14	1.531186e+14	1.300195e+04	3.991209e+03	2.697790e+03	0	9.414186e-04
9.200000e+08	2.476491e+13	0.000000e+00	6.228069e-01	4.156523e+14	6.530464e+14	1.524195e+14	1.298024e+04	3.987951e+03	2.695589e+03	0	9.369054e-04
9.300000e+08	2.441149e+13	0.000000e+00	6.228069e-01	4.115892e+14	6.475766e+14	1.517251e+14	1.295874e+04	3.984721e+03	2.693405e+03	0	9.324272e-04
9.400000e+08	2.406413e+13	0.000000e+00	6.228069e-01	4.075939e+14	6.421891e+14	1.510355e+14	1.293746e+04	3.981517e+03	2.691239e+03	0	9.279834e-04
9.500000e+08	2.372268e+13	0.000000e+00	6.228069e-01	4.036647e+14	6.368822e+14	1.503506e+14	1.291638e+04	3.978339e+03	2.689091e+03	0	9.235734e-04
9.600000e+08	2.338700e+13	0.000000e+00	6.228069e-01	3.998003e+14	6.316543e+14	1.496704e+14	1.289550e+04	3.975188e+03	2.686961e+03	0	9.191964e-04
9.700000e+08	2.305695e+13	0.000000e+00	6.228069e-01	3.959990e+14	6.265035e+14	1.489948e+14	1.287482e+04	3.972061e+03	2.684848e+03	0	9.148520e-04
9.800000e+08	2.273242e+13	0.000000e+00	6.228069e-01	3.922594e+14	6.214284e+14	1.483239e+14	1.285434e+04	3.968960e+03	2.682752e+03	0	9.105394e-04
9.900000e+08	2.241327e+13	0.000000e+00	6.228069e-01	3.885802e+14	6.164274e+14	1.476574e+14	1.283405e+04	3.965884e+03	2.680673e+03	0	9.062581e-04
1.000000e+09	2.209938e+13	0.000000e+00	6.228069e-01	3.849600e+14	6.114989e+14	1.469955e+14	1.281395e+04	3.962833e+03	2.678610e+03	0	9.020076e-04
1.010000e+09	2.179062e+13	0.000000e+00	6.228069e-01	3.813974e+14	6.066414e+14	1.463381e+14	1.279403e+04	3.959805e+03	2.676563e+03	0	8.977872e-04
1.020000e+09	2.148689e+13	0.000000e+00	6.228069e-01	3.778912e+14	6.018535e+14	1.456852e+14	1.277430e+04	3.956801e+03	2.674533e+03	0	8.935963e-04
1.030000e+09	2.118808e+13	0.000000e+00	6.228069e-01	3.744401e+14	5.971337e+14	1.450366e+14	1.275476e+04	3.953821e+03	2.672519e+03	0	8.894346e-04
1.040000e+09	2.089406e+13	0.000000e+00	6.228069e-01	3.710429e+14	5.924807e+14	1.443925e+14	1.273538e+04	3.950864e+03	2.670520e+03	0	8.853014e-04
1.050000e+09	2.060474e+13	0.000000e+00	6.228069e-01	3.676985e+14	5.878931e+14	1.437527e+14	1.271619e+04	3.947930e+03	2.668537e+03	0	8.811961e-04
1.060000e+09	2.032002e+13	0.000000e+00	6.228069e-01	3.644056e+14	5.833696e+14	1.431172e+14	1.269717e+04	3.945019e+03	2.666569e+03	0	8.771184e-04
1.070000e+09	2.003978e+13	0.000000e+00	6.228069e-01	3.611633e+14	5.789089e+14	1.424860e+14	1.267831e+04	3.942130e+03	2.664616e+03	0	8.730676e-04
1.080000e+09	1.976395e+13	0.000000e+00	6.228069e-01	3.579703e+14	5.745098e+14	1.418590e+14	1.265963e+04	3.939263e+03	2.662678e+03	0	8.690433e-04
1.090000e+09	1.949241e+13	0.000000e+00	6.228069e-01	3.548256e+14	5.701710e+14	1.412362e+14	1.264111e+04	3.936418e+03	2.660755e+03	0	8.650450e-04
1.100000e+09	1.922508e+13	0.000000e+00	6.228069e-01	3.517282e+14	5.658914e+14	1.406177e+14	1.262275e+04	3.933594e+03	2.658846e+03	0	8.610722e-04
1.110000e+09	1.896187e+13	0.000000e+00	6.228069e-01	3.486772e+14	5.616699e+14	1.400033e+14	1.260455e+04	3.930791e+03	2.656952e+03	0	8.571245e-04
1.120000e+09	1.870269e+13	0.000000e+00	6.228069e-01	3.456715e+14	5.575051e+14	1.393930e+14	1.258650e+04	3.928009e+03	2.655071e+03	0	8.532014e-04
1.130000e+09	1.844746e+13	0.000000e+00	6.228069e-01	3.427102e+14	5.533962e+14	1.387867e+14	1.256862e+04	3.925247e+03	2.653205e+03	0	8.493024e-04
1.140000e+09	1.819609e+13	0.000000e+00	6.228069e-01	3.397924e+14	5.493420e+14	1.381846e+14	1.255088e+04	3.922506e+03	2.651352e+03	0	8.454271e-04
1.150000e+09	1.794850e+13	0.000000e+00	6.228069e-01	3.369171e+14	5.453414e+14	1.375864e+14	1.253330e+04	3.919785e+03	2.649513e+03	0	8.415751e-04
1.160000e+09	1.770462e+13	0.000000e+00	6.228069e-01	3.340836e+14	5.413935e+14	1.369923e+14	1.251587e+04	3.917084e+03	2.647687e+03	0	8.377460e-04
1.170000e+09	1.746436e+13	0.000000e+00	6.228069e-01	3.312910e+14	5.374972e+14	1.364021e+14	1.249858e+04	3.914403e+03	2.645874e+03	0	8.339393e-04
1.180000e+09	1.722766e+13	0.000000e+00	6.228069e-01	3.285383e+14	5.336515e+14	1.358158e+14	1.248143e+04	3.911740e+03	2.644075e+03	0	8.301546e-04
1.190000e+09	1.699445e+13	0.000000e+00	6.228069e-01	3.258249e+14	5.298556e+14	1.352334e+14	1.246443e+04	3.909097e+03	2.642288e+03	0	8.263915e-04
1.200000e+09	1.676464e+13	0.000000e+00	6.228069e-01	3.231500e+14	5.261084e+14	1.346549e+14	1.244757e+04	3.906472e+03	2.640514e+03	0	8.226496e-04
1.210000e+09	1.653817e+13	0.000000e+00	6.228069e-01	3.205127e+14	5.224092e+14	1.340803e+14	1.243084e+04	3.903866e+03	2.638753e+03	0	8.189286e-04
1.220000e+09	1.631498e+13	0.000000e+00	6.228069e-01	3.179124e+14	5.187569e+14	1.335094e+14	1.241425e+04	3.901279e+03	2.637003e+03	0	8.152279e-04
1.230000e+09	1.609500e+13	0.000000e+00	6.228069e-01	3.153483e+14	5.151508e+14	1.329423e+14	1.239780e+04	3.898709e+03	2.635267e+03	0	8.115474e-04
1.240000e+09	1.587817e+13	0.000000e+00	6.228069e-01	3.128197e+14	5.115899e+14	1.323790e+14	1.238148e+04	3.896157e+03	2.633542e+03	0	8.078865e-04
1.250000e+09	1.566442e+13	0.000000e+00	6.228069e-01	3.103258e+14	5.080735e+14	1.318194e+14	1.236528e+04	3.893623e+03	2.631829e+03	0	8.042449e-04
1.260000e+09	1.545370e+13	0.000000e+00	6.228069e-01	3.078662e+14	5.046008e+14	1.312634e+14	1.234922e+04	3.891107e+03	2.630128e+03	0	8.006223e-04
1.270000e+09	1.524594e+13	0.000000e+00	6.228069e-01	3.054400e+14	5.011710e+14	1.307112e+14	1.233329e+04	3.888607e+03	2.628438e+03	0	7.970182e-04
1.280000e+09	1.504109e+13	0.000000e+00	6.228069e-01	3.030467e+14	4.977833e+14	1.301625e+14	1.231748e+04	3.886125e+03	2.626760e+03	0	7.934325e-04
1.290000e+09	1.483909e+13	0.000000e+00	6.228069e-01	3.006856e+14	4.944370e+14	1.296175e+14	1.230179e+04	3.883659e+03	2.625094e+03	0	7.898646e-04
1.300000e+09	1.463989e+13	0.000000e+00	6.228069e-01	2.983561e+14	4.911313e+14	1.290761e+14	1.228622e+04	3.881210e+03	2.623438e+03	0	7.863143e-04
1.310000e+09	1.444344e+13	0.000000e+00	6.228069e-01	2.960576e+14	4.878655e+14	1.285382e+14	1.227078e+04	3.878777e+03	2.621794e+03	0	7.827811e-04
1.320000e+09	1.424967e+13	0.000000e+00	6.228069e-01	2.937895e+14	4.846390e+14	1.280038e+14	1.225545e+04	3.876360e+03	2.620160e+03	0	7.792649e-04
1.330000e+09	1.405855e+13	0.000000e+00	6.228069e-01	2.915513e+14	4.814510e+14	1.274729e+14	1.224024e+04	3.873960e+03	2.618538e+03	0	7.757653e-04
1.340000e+09	1.387002e+13	0.000000e+00	6.228069e-01	2.893424e+14	4.783009e+14	1.269455e+14	1.222515e+04	3.871575e+03	2.616926e+03	0	7.722819e-04
1.350000e+09	1.368403e+13	0.000000e+00	6.228069e-01	2.871623e+14	4.751880e+14	1.264215e+14	1.221017e+04	3.869206e+03	2.615324e+03	0	7.688144e-04
1.360000e+09	1.350054e+13	0.000000e+00	6.228069e-01	2.850105e+14	4.721117e+14	1.259009e+14	1.219530e+04	3.866852e+03	2.613733e+03	0	7.653625e-04
1.370000e+09	1.331949e+13	0.000000e+00	6.228069e-01	2.828864e+14	4.690713e+14	1.253838e+14	1.218055e+04	3.864513e+03	2.612153e+03	0	7.619259e-04
1.380000e+09	1.314086e+13	0.000000e+00	6.228069e-01	2.807895e+14	4.660663e+14	1.248700e+14	1.216590e+04	3.862190e+03	2.610582e+03	0	7.585043e-04
1.390000e+09	1.296458e+13	0.000000e+00	6.228069e-01	2.787193e+14	4.630961e+14	1.243595e+14	1.215136e+04	3.859881e+03	2.609021e+03	0	7.550974e-04
1.400000e+09	1.279062e+13	0.000000e+00	6.228069e-01	2.766755e+14	4.601601e+14	1.238523e+14	1.213693e+04	3.857587e+03	2.607471e+03	0	7.517049e-04
1.410000e+09	1.261894e+13	0.000000e+00	6.228069e-01	2.746574e+14	4.572576e+14	1.233485e+14	1.212261e+04	3.855307e+03	2.605930e+03	0	7.483265e-04
1.420000e+09	1.244949e+13	0.000000e+00	6.228069e-01	2.726646e+14	4.543882e+14	1.228479e+14	1.210839e+04	3.853042e+03	2.604399e+03	0	7.449619e-04
1.430000e+09	1.228224e+13	0.000000e+00	6.228069e-01	2.706967e+14	4.515513e+14	1.223505e+14	1.209427e+04	3.850791e+03	2.602877e+03	0	7.416107e-04
1.440000e+09	1.211714e+13	0.000000e+00	6.228069e-01	2.687533e+14	4.487464e+14	1.218563e+14	1.208025e+04	3.848554e+03	2.601365e+03	0	7.382729e-04
1.450000e+09	1.195416e+13	0.000000e+00	6.228069e-01	2.668339e+14	4.459730e+14	1.213653e+14	1.206634e+04	3.846331e+03	2.599863e+03	0	7.349479e-04
1.460000e+09	1.179326e+13	0.000000e+00	6.228069e-01	2.649381e+14	4.432304e+14	1.208775e+14	1.205252e+04	3.844122e+03	2.598369e+03	0	7.316356e-04
1.470000e+09	1.163441e+13	0.000000e+00	6.228069e-01	2.630655e+14	4.405183e+14	1.203929e+14	1.203880e+04	3.841926e+03	2.596885e+03	0	7.283358e-04
1.480000e+09	1.147756e+13	0.000000e+00	6.228069e-01	2.612157e+14	4.378362e+14	1.199113e+14	1.202518e+04	3.839744e+03	2.595410e+03	0	7.250480e-04
1.490000e+09	1.132269e+13	0.000000e+00	6.228069e-01	2.593883e+14	4.351835e+14	1.194328e+14	1.201165e+04	3.837575e+03	2.593944e+03	0	7.217720e-04
1.500000e+09	1.116976e+13	0.000000e+00	6.228069e-01	2.575830e+14	4.325598e+14	1.189574e+14	1.199822e+04	3.835419e+03	2.592487e+03	0	7.185077e-04
1.510000e+09	1.101873e+13	0.000000e+00	6.228069e-01	2.557992e+14	4.299646e+14	1.184851e+14	1.198488e+04	3.833276e+03	2.591038e+03	0	7.152546e-04
1.520000e+09	1.086957e+13	0.000000e+00	6.228069e-01	2.540368e+14	4.273976e+14	1.180157e+14	1.197163e+04	3.831145e+03	2.589598e+03	0	7.120126e-04
1.530000e+09	1.072226e+13	0.000000e+00	6.228069e-01	2.522953e+14	4.248581e+14	1.175494e+14	1.195848e+04	3.829028e+03	2.588167e+03	0	7.087813e-04
1.540000e+09	1.057675e+13	0.000000e+00	6.228069e-01	2.505744e+14	4.223459e+14	1.170860e+14	1.194541e+04	3.826923e+03	2.586744e+03	0	7.055605e-04
1.550000e+09	1.043303e+13	0.000000e+00	6.228069e-01	2.488737e+14	4.198605e+14	1.166256e+14	1.193244e+04	3.824830e+03	2.585329e+03	0	7.023500e-04
1.560000e+09	1.029105e+13	0.000000e+00	6.228069e-01	2.471929e+14	4.174015e+14	1.161681e+14	1.191955e+04	3.822749e+03	2.583923e+03	0	6.991495e-04
1.570000e+09	1.015079e+13	0.000000e+00	6.228069e-01	2.455316e+14	4.149684e+14	1.157136e+14	1.190674e+04	3.820681e+03	2.582525e+03	0	6.959588e-04
1.580000e+09	1.001223e+13	0.000000e+00	6.228069e-01	2.438897e+14	4.125609e+14	1.152619e+14	1.189403e+04	3.818625e+03	2.581135e+03	0	6.927775e-04
1.590000e+09	9.875327e+12	0.000000e+00	6.228069e-01	2.422666e+14	4.101786e+14	1.148131e+14	1.188140e+04	3.816580e+03	2.579753e+03	0	6.896054e-04
1.600000e+09	9.740061e+12	0.000000e+00	6.228069e-01	2.406622e+14	4.078211e+14	1.143671e+14	1.186885e+04	3.814548e+03	2.578379e+03	0	6.864424e-04
1.610000e+09	9.606405e+12	0.000000e+00	6.228069e-01	2.390761e+14	4.054880e+14	1.139239e+14	1.185638e+04	3.812527e+03	2.577013e+03	0	6.832880e-04
1.620000e+09	9.474331e+12	0.000000e+00	6.228069e-01	2.375081e+14	4.031790e+14	1.134836e+14	1.184400e+04	3.810517e+03	2.575655e+03	0	6.801421e-04
1.630000e+09	9.343813e+12	0.000000e+00	6.228069e-01	2.359578e+14	4.008937e+14	1.130460e+14	1.183170e+04	3.808519e+03	2.574304e+03	0	6.770045e-04
1.640000e+09	9.214828e+12	0.000000e+00	6.228069e-01	2.344249e+14	3.986317e+14	1.126112e+14	1.181948e+04	3.806532e+03	2.572961e+03	0	6.738749e-04
1.650000e+09	9.087350e+12	0.000000e+00	6.228069e-01	2.329093e+14	3.963927e+14	1.121791e+14	1.180734e+04	3.804556e+03	2.571626e+03	0	6.707529e-04
1.660000e+09	8.961354e+12	0.000000e+00	6.228069e-01	2.314105e+14	3.941764e+14	1.117497e+14	1.179527e+04	3.802591e+03	2.570297e+03	0	6.676385e-04
1.670000e+09	8.836818e+12	0.000000e+00	6.228069e-01	2.299284e+14	3.919825e+14	1.113230e+14	1.178328e+04	3.800637e+03	2.568977e+03	0	6.645313e-04
1.680000e+09	8.713717e+12	0.000000e+00	6.228069e-01	2.284627e+14	3.898105e+14	1.108990e+14	1.177137e+04	3.798694e+03	2.567663e+03	0	6.614312e-04
1.690000e+09	8.592030e+12	0.000000e+00	6.228069e-01	2.270131e+14	3.876602e+14	1.104777e+14	1.175954e+04	3.796762e+03	2.566357e+03	0	6.583378e-04
1.700000e+09	8.471733e+12	0.000000e+00	6.228069e-01	2.255794e+14	3.855313e+14	1.100590e+14	1.174778e+04	3.794840e+03	2.565058e+03	0	6.552509e-04
1.710000e+09	8.352806e+12	0.000000e+00	6.228069e-01	2.241613e+14	3.834235e+14	1.096429e+14	1.173610e+04	3.792929e+03	2.563766e+03	0	6.521702e-04
1.720000e+09	8.235226e+12	0.000000e+00	6.228069e-01	2.227587e+14	3.813364e+14	1.092294e+14	1.172448e+04	3.791028e+03	2.562481e+03	0	6.490956e-04
1.730000e+09	8.118973e+12	0.000000e+00	6.228069e-01	2.213711e+14	3.792698e+14	1.088185e+14	1.171294e+04	3.789137e+03	2.561203e+03	0	6.460268e-04
1.740000e+09	8.004026e+12	0.000000e+00	6.228069e-01	2.199986e+14	3.772234e+14	1.084101e+14	1.170148e+04	3.787257e+03	2.559932e+03	0	6.429635e-04
1.750000e+09	7.890366e+12	0.000000e+00	6.228069e-01	2.186407e+14	3.751968e+14	1.080043e+14	1.169008e+04	3.785386e+03	2.558668e+03	0	6.399056e-04
1.760000e+09	7.777971e+12	0.000000e+00	6.228069e-01	2.172973e+14	3.731899e+14	1.076010e+14	1.167875e+04	3.783526e+03	2.557410e+03	0	6.368526e-04
1.770000e+09	7.666823e+12	0.000000e+00	6.228069e-01	2.159681e+14	3.712023e+14	1.072002e+14	1.166750e+04	3.781675e+03	2.556159e+03	0	6.338045e-04
1.780000e+09	7.556903e+12	0.000000e+00	6.228069e-01	2.146530e+14	3.692338e+14	1.068019e+14	1.165631e+04	3.779834e+03	2.554915e+03	0	6.307609e-04
1.790000e+09	7.448192e+12	0.000000e+00	6.228069e-01	2.133517e+14	3.672841e+14	1.064060e+14	1.164519e+04	3.778003e+03	2.553677e+03	0	6.277217e-04
1.800000e+09	7.340673e+12	0.000000e+00	6.228069e-01	2.120641e+14	3.653529e+14	1.060126e+14	1.163414e+04	3.776181e+03	2.552446e+03	0	6.246865e-04
1.810000e+09	7.234326e+12	0.000000e+00	6.228069e-01	2.107899e+14	3.634400e+14	1.056217e+14	1.162315e+04	3.774369e+03	2.551221e+03	0	6.216551e-04
1.820000e+09	7.129135e+12	0.000000e+00	6.228069e-01	2.095290e+14	3.615452e+14	1.052331e+14	1.161223e+04	3.772566e+03	2.550002e+03	0	6.186274e-04
1.830000e+09	7.025082e+12	0.000000e+00	6.228069e-01	2.082811e+14	3.596681e+14	1.048469e+14	1.160137e+04	3.770773e+03	2.548790e+03	0	6.156029e-04
1.840000e+09	6.922151e+12	0.000000e+00	6.228069e-01	2.070460e+14	3.578086e+14	1.044631e+14	1.159058e+04	3.768988e+03	2.547584e+03	0	6.125815e-04
1.850000e+09	6.820324e+12	0.000000e+00	6.228069e-01	2.058236e+14	3.559664e+14	1.040817e+14	1.157985e+04	3.767213e+03	2.546384e+03	0	6.095629e-04
1.860000e+09	6.719586e+12	0.000000e+00	6.228069e-01	2.046137e+14	3.541413e+14	1.037025e+14	1.156919e+04	3.765447e+03	2.545191e+03	0	6.065468e-04
1.870000e+09	6.619921e+12	0.000000e+00	6.228069e-01	2.034160e+14	3.523330e+14	1.033258e+14	1.155859e+04	3.763690e+03	2.544003e+03	0	6.035331e-04
1.880000e+09	6.521312e+12	0.000000e+00	6.228069e-01	2.022305e+14	3.505414e+14	1.029513e+14	1.154805e+04	3.761942e+03	2.542821e+03	0	6.005214e-04
1.890000e+09	6.423745e+12	0.000000e+00	6.228069e-01	2.010570e+14	3.487661e+14	1.025791e+14	1.153757e+04	3.760202e+03	2.541645e+03	0	5.975115e-04
1.900000e+09	6.327205e+12	0.000000e+00	6.228069e-01	1.998952e+14	3.470071e+14	1.022092e+14	1.152715e+04	3.758472e+03	2.540476e+03	0	5.945031e-04
1.910000e+09	6.231676e+12	0.000000e+00	6.228069e-01	1.987451e+14	3.452640e+14	1.018415e+14	1.151680e+04	3.756750e+03	2.539312e+03	0	5.914960e-04
1.920000e+09	6.137144e+12	0.000000e+00	6.228069e-01	1.976064e+14	3.435367e+14	1.014760e+14	1.150650e+04	3.755036e+03	2.538153e+03	0	5.884898e-04
1.930000e+09	6.043596e+12	0.000000e+00	6.228069e-01	1.964789e+14	3.418250e+14	1.011128e+14	1.149626e+04	3.753331e+03	2.537001e+03	0	5.854844e-04
1.940000e+09	5.951016e+12	0.000000e+00	6.228069e-01	1.953627e+14	3.401286e+14	1.007518e+14	1.148608e+04	3.751634e+03	2.535854e+03	0	5.824794e-04
1.950000e+09	5.859391e+12	0.000000e+00	6.228069e-01	1.942574e+14	3.384474e+14	1.003930e+14	1.147596e+04	3.749946e+03	2.534713e+03	0	5.794745e-04
1.960000e+09	5.768708e+12	0.000000e+00	6.228069e-01	1.931629e+14	3.367811e+14	1.000363e+14	1.146589e+04	3.748266e+03	2.533577e+03	0	5.764695e-04
1.970000e+09	5.678953e+12	0.000000e+00	6.228069e-01	1.920791e+14	3.351296e+14	9.968184e+13	1.145588e+04	3.746594e+03	2.532447e+03	0	5.734641e-04
1.980000e+09	5.590113e+12	0.000000e+00	6.228069e-01	1.910058e+14	3.334927e+14	9.932949e+13	1.144593e+04	3.744930e+03	2.531322e+03	0	5.704581e-04
1.990000e+09	5.502176e+12	0.000000e+00	6.228069e-01	1.899429e+14	3.318702e+14	9.897926e+13	1.143603e+04	3.743274e+03	2.530203e+03	0	5.674510e-04
2.000000e+09	5.415129e+12	0.000000e+00	6.228069e-01	1.888902e+14	3.302619e+14	9.863113e+13	1.142619e+04	3.741626e+03	2.529089e+03	0	5.644426e-04
2.010000e+09	5.328960e+12	0.000000e+00	6.228069e-01	1.878477e+14	3.286676e+14	9.828510e+13	1.141640e+04	3.739986e+03	2.527981e+03	0	5.614327e-04
2.020000e+09	5.243656e+12	0.000000e+00	6.228069e-01	1.868151e+14	3.270872e+14	9.794115e+13	1.140667e+04	3.738354e+03	2.526877e+03	0	5.584208e-04
2.030000e+09	5.159206e+12	0.000000e+00	6.228069e-01	1.857924e+14	3.255205e+14	9.759927e+13	1.139699e+04	3.736730e+03	2.525779e+03	0	5.554067e-04
2.040000e+09	5.075598e+12	0.000000e+00	6.228069e-01	1.847793e+14	3.239673e+14	9.725943e+13	1.138736e+04	3.735113e+03	2.524687e+03	0	5.523901e-04
2.050000e+09	4.992820e+12	0.000000e+00	6.228069e-01	1.837758e+14	3.224275e+14	9.692162e+13	1.137778e+04	3.733504e+03	2.523599e+03	0	5.493707e-04
2.060000e+09	4.910861e+12	0.000000e+00	6.228069e-01	1.827818e+14	3.209008e+14	9.658583e+13	1.136826e+04	3.731902e+03	2.522516e+03	0	5.463481e-04
2.070000e+09	4.829711e+12	0.000000e+00	6.228069e-01	1.817970e+14	3.193872e+14	9.625204e+13	1.135879e+04	3.730308e+03	2.521439e+03	0	5.433219e-04
2.080000e+09	4.749357e+12	0.000000e+00	6.228069e-01	1.808215e+14	3.178864e+14	9.592024e+13	1.134937e+04	3.728722e+03	2.520366e+03	0	5.402919e-04
2.090000e+09	4.669790e+12	0.000000e+00	6.228069e-01	1.798550e+14	3.163983e+14	9.559042e+13	1.133999e+04	3.727142e+03	2.519299e+03	0	5.372577e-04
2.100000e+09	4.590999e+12	0.000000e+00	6.228069e-01	1.788975e+14	3.149227e+14	9.526256e+13	1.133067e+04	3.725570e+03	2.518236e+03	0	5.342189e-04
2.110000e+09	4.512974e+12	0.000000e+00	6.228069e-01	1.779488e+14	3.134596e+14	9.493664e+13	1.132140e+04	3.724005e+03	2.517179e+03	0	5.311752e-04
2.120000e+09	4.435703e+12	0.000000e+00	6.228069e-01	1.770089e+14	3.120087e+14	9.461266e+13	1.131218e+04	3.722448e+03	2.516126e+03	0	5.281262e-04
2.130000e+09	4.359179e+12	0.000000e+00	6.228069e-01	1.760775e+14	3.105699e+14	9.429059e+13	1.130301e+04	3.720897e+03	2.515078e+03	0	5.250714e-04
2.140000e+09	4.283389e+12	0.000000e+00	6.228069e-01	1.751547e+14	3.091430e+14	9.397042e+13	1.129388e+04	3.719354e+03	2.514035e+03	0	5.220106e-04
2.150000e+09	4.208326e+12	0.000000e+00	6.228069e-01	1.742402e+14	3.077280e+14	9.365215e+13	1.128480e+04	3.717817e+03	2.512996e+03	0	5.189434e-04
2.160000e+09	4.133979e+12	0.000000e+00	6.228069e-01	1.733340e+14	3.063246e+14	9.333575e+13	1.127577e+04	3.716288e+03	2.511962e+03	0	5.158692e-04
2.170000e+09	4.060339e+12	0.000000e+00	6.228069e-01	1.724360e+14	3.049328e+14	9.302122e+13	1.126679e+04	3.714765e+03	2.510933e+03	0	5.127877e-04
2.180000e+09	3.987396e+12	0.000000e+00	6.228069e-01	1.715460e+14	3.035523e+14	9.270853e+13	1.125785e+04	3.713249e+03	2.509908e+03	0	5.096985e-04
2.190000e+09	3.915143e+12	0.000000e+00	6.228069e-01	1.706640e+14	3.021832e+14	9.239768e+13	1.124896e+04	3.711740e+03	2.508888e+03	0	5.066010e-04
2.200000e+09	3.843569e+12	0.000000e+00	6.228069e-01	1.697899e+14	3.008251e+14	9.208865e+13	1.124012e+04	3.710238e+03	2.507873e+03	0	5.034949e-04
2.210000e+09	3.772667e+12	0.000000e+00	6.228069e-01	1.689236e+14	2.994781e+14	9.178143e+13	1.123132e+04	3.708742e+03	2.506862e+03	0	5.003797e-04
2.220000e+09	3.702427e+12	0.000000e+00	6.228069e-01	1.680649e+14	2.981419e+14	9.147601e+13	1.122256e+04	3.707253e+03	2.505855e+03	0	4.972548e-04
2.230000e+09	3.632842e+12	0.000000e+00	6.228069e-01	1.672138e+14	2.968164e+14	9.117238e+13	1.121385e+04	3.705771e+03	2.504853e+03	0	4.941199e-04
2.240000e+09	3.563902e+12	0.000000e+00	6.228069e-01	1.663701e+14	2.955016e+14	9.087051e+13	1.120518e+04	3.704295e+03	2.503855e+03	0	4.909743e-04
2.250000e+09	3.495599e+12	0.000000e+00	6.228069e-01	1.655339e+14	2.941973e+14	9.057040e+13	1.119656e+04	3.702825e+03	2.502862e+03	0	4.878175e-04
2.260000e+09	3.427926e+12	0.000000e+00	6.228069e-01	1.647049e+14	2.929034e+14	9.027204e+13	1.118798e+04	3.701362e+03	2.501873e+03	0	4.846490e-04
2.270000e+09	3.360875e+12	0.000000e+00	6.228069e-01	1.638832e+14	2.916197e+14	8.997541e+13	1.117944e+04	3.699905e+03	2.500888e+03	0	4.814682e-04
2.280000e+09	3.294438e+12	0.000000e+00	6.228069e-01	1.630686e+14	2.903462e+14	8.968050e+13	1.117095e+04	3.698454e+03	2.499908e+03	0	4.782746e-04
2.290000e+09	3.228606e+12	0.000000e+00	6.228069e-01	1.622610e+14	2.890827e+14	8.938729e+13	1.116250e+04	3.697010e+03	2.498932e+03	0	4.750674e-04
2.300000e+09	3.163374e+12	0.000000e+00	6.228069e-01	1.614603e+14	2.878291e+14	8.909579e+13	1.115409e+04	3.695572e+03	2.497960e+03	0	4.718461e-04
2.310000e+09	3.098732e+12	0.000000e+00	6.228069e-01	1.606665e+14	2.865853e+14	8.880597e+13	1.114572e+04	3.694140e+03	2.496992e+03	0	4.686100e-04
2.320000e+09	3.034675e+12	0.000000e+00	6.228069e-01	1.598795e+14	2.853512e+14	8.851782e+13	1.113739e+04	3.692714e+03	2.496028e+03	0	4.653584e-04
2.330000e+09	2.971194e+12	0.000000e+00	6.228069e-01	1.590991e+14	2.841267e+14	8.823133e+13	1.112910e+04	3.691294e+03	2.495068e+03	0	4.620906e-04
2.340000e+09	2.908282e+12	0.000000e+00	6.228069e-01	1.583254e+14	2.829117e+14	8.794649e+13	1.112085e+04	3.689881e+03	2.494113e+03	0	4.588059e-04
2.350000e+09	2.845933e+12	0.000000e+00	6.228069e-01	1.575582e+14	2.817061e+14	8.766328e+13	1.111265e+04	3.688473e+03	2.493161e+03	0	4.555035e-04
2.360000e+09	2.784140e+12	0.000000e+00	6.228069e-01	1.567975e+14	2.805097e+14	8.738170e+13	1.110448e+04	3.687071e+03	2.492213e+03	0	4.521826e-04
2.370000e+09	2.722896e+12	0.000000e+00	6.228069e-01	1.560432e+14	2.793225e+14	8.710173e+13	1.109635e+04	3.685675e+03	2.491270e+03	0	4.488424e-04
2.380000e+09	2.662194e+12	0.000000e+00	6.228069e-01	1.552951e+14	2.781444e+14	8.682337e+13	1.108826e+04	3.684285e+03	2.490330e+03	0	4.454819e-04
2.390000e+09	2.602028e+12	0.000000e+00	6.228069e-01	1.545533e+14	2.769752e+14	8.654659e+13	1.108021e+04	3.682900e+03	2.489394e+03	0	4.421003e-04
2.400000e+09	2.542392e+12	0.000000e+00	6.228069e-01	1.538176e+14	2.758149e+14	8.627140e+13	1.107220e+04	3.681521e+03	2.488462e+03	0	4.386967e-04
2.410000e+09	2.483278e+12	0.000000e+00	6.228069e-01	1.530881e+14	2.746634e+14	8.599777e+13	1.106423e+04	3.680148e+03	2.487534e+03	0	4.352699e-04
2.420000e+09	2.424681e+12	0.000000e+00	6.228069e-01	1.523645e+14	2.735206e+14	8.572570e+13	1.105629e+04	3.678781e+03	2.486610e+03	0	4.318190e-04
2.430000e+09	2.366595e+12	0.000000e+00	6.228069e-01	1.516469e+14	2.723863e+14	8.545517e+13	1.104839e+04	3.677419e+03	2.485690e+03	0	4.283428e-04
2.440000e+09	2.309013e+12	0.000000e+00	6.228069e-01	1.509351e+14	2.712606e+14	8.518618e+13	1.104053e+04	3.676063e+03	2.484773e+03	0	4.248402e-04
2.450000e+09	2.251930e+12	0.000000e+00	6.228069e-01	1.502292e+14	2.701432e+14	8.491871e+13	1.103271e+04	3.674713e+03	2.483860e+03	0	4.213100e-04
2.460000e+09	2.195339e+12	0.000000e+00	6.228069e-01	1.495290e+14	2.690342e+14	8.465276e+13	1.102492e+04	3.673367e+03	2.482951e+03	0	4.177509e-04
2.470000e+09	2.139235e+12	0.000000e+00	6.228069e-01	1.488345e+14	2.679333e+14	8.438831e+13	1.101717e+04	3.672028e+03	2.482045e+03	0	4.141615e-04
2.480000e+09	2.083613e+12	0.000000e+00	6.228069e-01	1.481456e+14	2.668407e+14	8.412535e+13	1.100945e+04	3.670693e+03	2.481143e+03	0	4.105403e-04
2.490000e+09	2.028465e+12	0.000000e+00	6.228069e-01	1.474622e+14	2.657560e+14	8.386387e+13	1.100177e+04	3.669365e+03	2.480245e+03	0	4.068860e-04
2.500000e+09	1.973788e+12	0.000000e+00	6.228069e-01	1.467843e+14	2.646794e+14	8.360387e+13	1.099413e+04	3.668041e+03	2.479350e+03	0	4.031968e-04
2.510000e+09	1.919576e+12	0.000000e+00	6.228069e-01	1.461118e+14	2.636106e+14	8.334532e+13	1.098652e+04	3.666723e+03	2.478459e+03	0	3.994710e-04
2.520000e+09	1.865823e+12	0.000000e+00	6.228069e-01	1.454447e+14	2.625496e+14	8.308823e+13	1.097894e+04	3.665410e+03	2.477572e+03	0	3.957069e-04
2.530000e+09	1.812523e+12	0.000000e+00	6.228069e-01	1.447829e+14	2.614964e+14	8.283257e+13	1.097140e+04	3.664102e+03	2.476688e+03	0	3.919025e-04
2.540000e+09	1.759672e+12	0.000000e+00	6.228069e-01	1.441263e+14	2.604508e+14	8.257835e+13	1.096390e+04	3.662799e+03	2.475807e+03	0	3.880557e-04
2.550000e+09	1.707265e+12	0.000000e+00	6.228069e-01	1.434749e+14	2.594127e+14	8.232555e+13	1.095643e+04	3.661502e+03	2.474930e+03	0	3.841645e-04
2.560000e+09	1.655297e+12	0.000000e+00	6.228069e-01	1.428286e+14	2.583822e+14	8.207415e+13	1.094899e+04	3.660209e+03	2.474057e+03	0	3.802263e-04
2.570000e+09	1.603761e+12	0.000000e+00	6.228069e-01	1.421874e+14	2.573590e+14	8.182416e+13	1.094158e+04	3.658922e+03	2.473187e+03	0	3.762387e-04
2.580000e+09	1.552655e+12	0.000000e+00	6.228069e-01	1.415512e+14	2.563432e+14	8.157556e+13	1.093421e+04	3.657640e+03	2.472320e+03	0	3.721989e-04
2.590000e+09	1.501972e+12	0.000000e+00	6.228069e-01	1.409199e+14	2.553346e+14	8.132834e+13	1.092687e+04	3.656362e+03	2.471457e+03	0	3.681042e-04
2.600000e+09	1.451707e+12	0.000000e+00	6.228069e-01	1.402936e+14	2.543332e+14	8.108249e+13	1.091957e+04	3.655090e+03	2.470597e+03	0	3.639512e-04
2.610000e+09	1.401858e+12	0.000000e+00	6.228069e-01	1.396721e+14	2.533389e+14	8.083800e+13	1.091229e+04	3.653823e+03	2.469740e+03	0	3.597368e-04
2.620000e+09	1.352417e+12	0.000000e+00	6.228069e-01	1.390554e+14	2.523517e+14	8.059486e+13	1.090505e+04	3.652560e+03	2.468886e+03	0	3.554570e-04
2.630000e+09	1.303382e+12	0.000000e+00	6.228069e-01	1.384434e+14	2.513714e+14	8.035307e+13	1.089784e+04	3.651303e+03	2.468036e+03	0	3.511080e-04
2.640000e+09	1.254747e+12	0.000000e+00	6.228069e-01	1.378361e+14	2.503980e+14	8.011261e+13	1.089066e+04	3.650050e+03	2.467190e+03	0	3.466854e-04
2.650000e+09	1.206509e+12	0.000000e+00	6.228069e-01	1.372334e+14	2.494314e+14	7.987347e+13	1.088352e+04	3.648802e+03	2.466346e+03	0	3.421845e-04
2.660000e+09	1.158662e+12	0.000000e+00	6.228069e-01	1.366354e+14	2.484716e+14	7.963565e+13	1.087640e+04	3.647559e+03	2.465506e+03	0	3.376000e-04
2.670000e+09	1.111202e+12	0.000000e+00	6.228069e-01	1.360418e+14	2.475185e+14	7.939914e+13	1.086932e+04	3.646320e+03	2.464669e+03	0	3.329261e-04
2.680000e+09	1.064125e+12	0.000000e+00	6.228069e-01	1.354528e+14	2.465720e+14	7.916392e+13	1.086227e+04	3.645086e+03	2.463835e+03	0	3.281566e-04
2.690000e+09	1.017428e+12	0.000000e+00	6.228069e-01	1.348682e+14	2.456321e+14	7.892999e+13	1.085524e+04	3.643857e+03	2.463004e+03	0	3.232844e-04
2.700000e+09	9.711048e+11	0.000000e+00	6.228069e-01	1.342880e+14	2.446987e+14	7.869734e+13	1.084825e+04	3.642633e+03	2.462176e+03	0	3.183016e-04
2.710000e+09	9.251525e+11	0.000000e+00	6.228069e-01	1.337121e+14	2.437717e+14	7.846596e+13	1.084129e+04	3.641413e+03	2.461352e+03	0	3.131997e-04
2.720000e+09	8.795668e+11	0.000000e+00	6.228069e-01	1.331406e+14	2.428510e+14	7.823584e+13	1.083435e+04	3.640197e+03	2.460530e+03	0	3.079686e-04
2.730000e+09	8.343439e+11	0.000000e+00	6.228069e-01	1.325733e+14	2.419367e+14	7.800698e+13	1.082745e+04	3.638987e+03	2.459712e+03	0	3.025974e-04
2.740000e+09	7.894796e+11	0.000000e+00	6.228069e-01	1.320102e+14	2.410286e+14	7.777936e+13	1.082058e+04	3.637780e+03	2.458896e+03	0	2.970734e-04
2.750000e+09	7.449703e+11	0.000000e+00	6.228069e-01	1.314512e+14	2.401267e+14	7.755297e+13	1.081373e+04	3.636579e+03	2.458084e+03	0	2.913823e-04
2.760000e+09	7.008121e+11	0.000000e+00	6.228069e-01	1.308964e+14	2.392309e+14	7.732781e+13	1.080692e+04	3.635381e+03	2.457275e+03	0	2.855074e-04
2.770000e+09	6.570011e+11	0.000000e+00	6.228069e-01	1.303457e+14	2.383412e+14	7.710387e+13	1.080013e+04	3.634188e+03	2.456468e+03	0	2.794295e-04
2.780000e+09	6.135338e+11	0.000000e+00	6.228069e-01	1.297990e+14	2.374575e+14	7.688114e+13	1.079337e+04	3.633000e+03	2.455665e+03	0	2.731260e-04
2.790000e+09	5.704064e+11	0.000000e+00	6.228069e-01	1.292563e+14	2.365797e+14	7.665961e+13	1.078664e+04	3.631816e+03	2.454865e+03	0	2.665702e-04
2.800000e+09	5.276154e+11	0.000000e+00	6.228069e-01	1.287176e+14	2.357078e+14	7.643928e+13	1.077994e+04	3.630636e+03	2.454067e+03	0	2.597303e-04
2.810000e+09	4.851572e+11	0.000000e+00	6.228069e-01	1.281828e+14	2.348418e+14	7.622013e+13	1.077326e+04	3.629460e+03	2.453273e+03	0	2.525676e-04
2.820000e+09	4.430283e+11	0.000000e+00	6.228069e-01	1.276518e+14	2.339815e+14	7.600216e+13	1.076662e+04	3.628289e+03	2.452481e+03	0	2.450345e-04
2.830000e+09	4.012252e+11	0.000000e+00	6.228069e-01	1.271247e+14	2.331269e+14	7.578535e+13	1.076000e+04	3.627122e+03	2.451692e+03	0	2.370716e-04
2.840000e+09	3.597445e+11	0.000000e+00	6.228069e-01	1.266014e+14	2.322781e+14	7.556971e+13	1.075341e+04	3.625960e+03	2.450906e+03	0	2.286028e-04
2.850000e+09	3.185828e+11	0.000000e+00	6.228069e-01	1.260818e+14	2.314348e+14	7.535523e+13	1.074684e+04	3.624801e+03	2.450123e+03	0	2.195285e-04
2.860000e+09	2.777368e+11	0.000000e+00	6.228069e-01	1.255660e+14	2.305971e+14	7.514189e+13	1.074030e+04	3.623647e+03	2.449343e+03	0	2.097143e-04
2.870000e+09	2.372033e+11	0.000000e+00	6.228069e-01	1.250538e+14	2.297649e+14	7.492968e+13	1.073379e+04	3.622497e+03	2.448565e+03	0	1.989713e-04
2.880000e+09	1.969790e+11	0.000000e+00	6.228069e-01	1.245453e+14	2.289382e+14	7.471861e+13	1.072731e+04	3.621351e+03	2.447791e+03	0	1.870209e-04
2.890000e+09	1.570607e+11	0.000000e+00	6.228069e-01	1.240404e+14	2.281169e+14	7.450866e+13	1.072085e+04	3.620209e+03	2.447019e+03	0	1.734227e-04
2.900000e+09	1.174452e+11	0.000000e+00	6.228069e-01	1.235390e+14	2.273009e+14	7.429982e+13	1.071442e+04	3.619071e+03	2.446250e+03	0	1.574086e-04
2.910000e+09	7.812945e+10	0.000000e+00	6.228069e-01	1.230412e+14	2.264903e+14	7.409209e+13	1.070801e+04	3.617937e+03	2.445483e+03	0	1.374111e-04
2.920000e+09	3.911036e+10	0.000000e+00	6.228069e-01	1.225469e+14	2.256849e+14	7.388546e+13	1.070163e+04	3.616807e+03	2.444720e+03	0	1.091057e-04
2.930000e+09	3.849105e+08	0.000000e+00	6.228069e-01	1.220560e+14	2.248847e+14	7.367992e+13	1.069528e+04	3.615681e+03	2.443959e+03	0	2.338138e-05
2.940000e+09	-3.804990e+10	0.000000e+00	6.228069e-01	1.215686e+14	2.240897e+14	7.347547e+13	1.068895e+04	3.614559e+03	2.443200e+03	0	nan
