#R=2.2028767262303144
#interptype='linear'
#name='planet'
#norm={'P': 1000000000000.0, 'R': 2.2028767262303144, 'M': 6.5, 'g': 13.166826739049297, 'rho': 1000.0}
#state=1
#composition
#layer0		Fe08FeS02		0.200000
#layer1		pv_fmw		0.800000
#layer2		ice_VII		0.500000
#Cols=
 #'ur		r		mr		rho		P		g		phi		T		composition'
#-end-
0.000000e+00	0.000000e+00	4.049332e-11	1.823959e+04	1.565444e+12	0.000000e+00	-4.059862e+08	5.000000e+03	0
5.025126e-03	1.106973e-02	7.885235e-06	1.824159e+04	1.566017e+12	-4.479814e-02	-4.059735e+08	5.000000e+03	0
1.005025e-02	2.213946e-02	4.752022e-05	1.824179e+04	1.566075e+12	1.711325e-01	-4.059355e+08	5.000000e+03	0
1.507538e-02	3.320920e-02	1.351906e-04	1.824037e+04	1.565670e+12	5.196791e-01	-4.058714e+08	5.000000e+03	0
2.010050e-02	4.427893e-02	2.871807e-04	1.823750e+04	1.564850e+12	8.797880e-01	-4.057829e+08	5.000000e+03	0
2.512563e-02	5.534866e-02	5.773964e-04	1.823253e+04	1.563430e+12	1.240923e+00	-4.056692e+08	5.000000e+03	0
3.015075e-02	6.641839e-02	9.978589e-04	1.822608e+04	1.561586e+12	1.602000e+00	-4.055301e+08	5.000000e+03	0
3.517588e-02	7.748813e-02	1.561920e-03	1.821818e+04	1.559331e+12	1.962925e+00	-4.053653e+08	5.000000e+03	0
4.020101e-02	8.855786e-02	2.285746e-03	1.820883e+04	1.556665e+12	2.323610e+00	-4.051756e+08	5.000000e+03	0
4.522613e-02	9.962759e-02	3.279314e-03	1.819743e+04	1.553416e+12	2.683827e+00	-4.049605e+08	5.000000e+03	0
5.025126e-02	1.106973e-01	4.506292e-03	1.818449e+04	1.549735e+12	3.043617e+00	-4.047200e+08	5.000000e+03	0
5.527638e-02	1.217671e-01	5.971355e-03	1.817012e+04	1.545648e+12	3.402963e+00	-4.044545e+08	5.000000e+03	0
6.030151e-02	1.328368e-01	7.690414e-03	1.815430e+04	1.541155e+12	3.761828e+00	-4.041638e+08	5.000000e+03	0
6.532663e-02	1.439065e-01	9.803120e-03	1.813646e+04	1.536099e+12	4.119936e+00	-4.038479e+08	5.000000e+03	0
7.035176e-02	1.549763e-01	1.225611e-02	1.811705e+04	1.530607e+12	4.477378e+00	-4.035070e+08	5.000000e+03	0
7.537688e-02	1.660460e-01	1.503978e-02	1.809620e+04	1.524715e+12	4.834168e+00	-4.031413e+08	5.000000e+03	0
8.040201e-02	1.771157e-01	1.816963e-02	1.807391e+04	1.518427e+12	5.190271e+00	-4.027502e+08	5.000000e+03	0
8.542714e-02	1.881854e-01	2.180846e-02	1.804964e+04	1.511598e+12	5.545353e+00	-4.023344e+08	5.000000e+03	0
9.045226e-02	1.992552e-01	2.589712e-02	1.802376e+04	1.504332e+12	5.899524e+00	-4.018939e+08	5.000000e+03	0
9.547739e-02	2.103249e-01	3.040633e-02	1.799643e+04	1.496678e+12	6.252838e+00	-4.014284e+08	5.000000e+03	0
1.005025e-01	2.213946e-01	3.535104e-02	1.796766e+04	1.488636e+12	6.605260e+00	-4.009383e+08	5.000000e+03	0
1.055276e-01	2.324644e-01	4.091062e-02	1.793696e+04	1.480081e+12	6.956411e+00	-4.004234e+08	5.000000e+03	0
1.105528e-01	2.435341e-01	4.703110e-02	1.790460e+04	1.471092e+12	7.306394e+00	-3.998842e+08	5.000000e+03	0
1.155779e-01	2.546038e-01	5.365845e-02	1.787080e+04	1.461726e+12	7.655314e+00	-3.993203e+08	5.000000e+03	0
1.206030e-01	2.656736e-01	6.080695e-02	1.783555e+04	1.451986e+12	8.003137e+00	-3.987325e+08	5.000000e+03	0
1.256281e-01	2.767433e-01	6.866599e-02	1.779842e+04	1.441764e+12	8.349452e+00	-3.981202e+08	5.000000e+03	0
1.306533e-01	2.878130e-01	7.719728e-02	1.775958e+04	1.431112e+12	8.694328e+00	-3.974833e+08	5.000000e+03	0
1.356784e-01	2.988828e-01	8.631740e-02	1.771929e+04	1.420100e+12	9.037937e+00	-3.968209e+08	5.000000e+03	0
1.407035e-01	3.099525e-01	9.603979e-02	1.767756e+04	1.408730e+12	9.380242e+00	-3.961367e+08	5.000000e+03	0
1.457286e-01	3.210222e-01	1.065575e-01	1.763398e+04	1.396909e+12	9.720813e+00	-3.954282e+08	5.000000e+03	0
1.507538e-01	3.320920e-01	1.178577e-01	1.758866e+04	1.384669e+12	1.005966e+01	-3.946958e+08	5.000000e+03	0
1.557789e-01	3.431617e-01	1.298236e-01	1.754188e+04	1.372086e+12	1.039704e+01	-3.939400e+08	5.000000e+03	0
1.608040e-01	3.542314e-01	1.424675e-01	1.749366e+04	1.359164e+12	1.073291e+01	-3.931603e+08	5.000000e+03	0
1.658291e-01	3.653012e-01	1.559800e-01	1.744363e+04	1.345825e+12	1.106683e+01	-3.923571e+08	5.000000e+03	0
1.708543e-01	3.763709e-01	1.703828e-01	1.739181e+04	1.332081e+12	1.139873e+01	-3.915343e+08	5.000000e+03	0
1.758794e-01	3.874406e-01	1.855220e-01	1.733853e+04	1.318014e+12	1.172896e+01	-3.906810e+08	5.000000e+03	0
1.809045e-01	3.985104e-01	2.014088e-01	1.728380e+04	1.303630e+12	1.205747e+01	-3.898092e+08	5.000000e+03	0
1.859296e-01	4.095801e-01	2.182255e-01	1.722731e+04	1.288864e+12	1.238382e+01	-3.889124e+08	5.000000e+03	0
1.909548e-01	4.206498e-01	2.360364e-01	1.716896e+04	1.273711e+12	1.270786e+01	-3.879955e+08	5.000000e+03	0
1.959799e-01	4.317196e-01	2.546474e-01	1.710916e+04	1.258259e+12	1.303000e+01	-3.870532e+08	5.000000e+03	0
2.010050e-01	4.427893e-01	2.740686e-01	1.704791e+04	1.242512e+12	1.335023e+01	-3.860896e+08	5.000000e+03	0
2.060302e-01	4.538590e-01	2.944686e-01	1.698492e+04	1.226421e+12	1.366811e+01	-3.851063e+08	5.000000e+03	0
2.110553e-01	4.649288e-01	3.159609e-01	1.692003e+04	1.209965e+12	1.398334e+01	-3.840961e+08	5.000000e+03	0
2.160804e-01	4.759985e-01	3.383094e-01	1.685368e+04	1.193235e+12	1.429648e+01	-3.830655e+08	5.000000e+03	0
2.211055e-01	4.870682e-01	3.615229e-01	1.678586e+04	1.176236e+12	1.460749e+01	-3.820141e+08	5.000000e+03	0
2.261307e-01	4.981380e-01	3.857512e-01	1.671634e+04	1.158931e+12	1.491597e+01	-3.809398e+08	5.000000e+03	0
2.311558e-01	5.092077e-01	4.111624e-01	1.664487e+04	1.141288e+12	1.522147e+01	-3.798456e+08	5.000000e+03	0
2.361809e-01	5.202774e-01	4.374775e-01	1.657192e+04	1.123398e+12	1.552467e+01	-3.787295e+08	5.000000e+03	0
2.412060e-01	5.313472e-01	4.647034e-01	1.649749e+04	1.105266e+12	1.582552e+01	-3.775921e+08	5.000000e+03	0
2.462312e-01	5.424169e-01	4.929672e-01	1.642139e+04	1.086867e+12	1.612368e+01	-3.764339e+08	5.000000e+03	0
2.512563e-01	5.534866e-01	5.224951e-01	1.634328e+04	1.068162e+12	1.641851e+01	-3.752549e+08	5.000000e+03	0
2.562814e-01	5.645563e-01	5.529649e-01	1.626367e+04	1.049239e+12	1.671081e+01	-3.740553e+08	5.000000e+03	0
2.613065e-01	5.756261e-01	5.843818e-01	1.618257e+04	1.030103e+12	1.700056e+01	-3.728355e+08	5.000000e+03	0
2.663317e-01	5.866958e-01	6.168465e-01	1.609982e+04	1.010740e+12	1.728746e+01	-3.715956e+08	5.000000e+03	0
2.713568e-01	5.977655e-01	6.506451e-01	1.601499e+04	9.911059e+11	1.757065e+01	-3.703355e+08	5.000000e+03	0
2.763819e-01	6.088353e-01	6.854131e-01	1.592864e+04	9.712848e+11	1.785111e+01	-3.690562e+08	5.000000e+03	0
2.814070e-01	6.199050e-01	7.211539e-01	1.584078e+04	9.512825e+11	1.812879e+01	-3.677566e+08	5.000000e+03	0
2.864322e-01	6.309747e-01	7.579389e-01	1.575129e+04	9.310931e+11	1.840347e+01	-3.664382e+08	5.000000e+03	0
2.914573e-01	6.420445e-01	7.961139e-01	1.565964e+04	9.106713e+11	1.867405e+01	-3.651008e+08	5.000000e+03	0
2.964824e-01	6.531142e-01	8.352743e-01	1.556644e+04	8.900958e+11	1.894169e+01	-3.637444e+08	5.000000e+03	0
3.015075e-01	6.641839e-01	8.754215e-01	1.547170e+04	8.693721e+11	1.920632e+01	-3.623885e+08	5.000000e+03	0
3.065327e-01	6.752537e-01	9.165960e-01	1.537534e+04	8.485010e+11	1.946781e+01	-3.609773e+08	5.000000e+03	0
3.115578e-01	6.863234e-01	9.592003e-01	1.527672e+04	8.274412e+11	1.972479e+01	-3.595652e+08	5.000000e+03	0
3.165829e-01	6.973931e-01	1.002794e+00	1.517652e+04	8.062621e+11	1.997860e+01	-3.581364e+08	5.000000e+03	0
3.216080e-01	7.084629e-01	1.047375e+00	1.507473e+04	7.849697e+11	2.022918e+01	-3.566890e+08	5.000000e+03	0
3.266332e-01	7.195326e-01	1.092953e+00	1.497134e+04	7.635690e+11	2.047646e+01	-3.552256e+08	5.000000e+03	0
3.316583e-01	7.306023e-01	1.139981e+00	1.486557e+04	7.420276e+11	2.071882e+01	-3.537438e+08	5.000000e+03	0
3.366834e-01	7.416721e-01	1.187989e+00	1.475817e+04	7.204029e+11	2.095776e+01	-3.522457e+08	5.000000e+03	0
3.417085e-01	7.527418e-01	1.236971e+00	1.464913e+04	6.987011e+11	2.119324e+01	-3.507316e+08	5.000000e+03	0
3.467337e-01	7.638115e-01	1.286642e+00	1.447878e+04	6.770507e+11	2.142063e+01	-3.492003e+08	5.000000e+03	0
3.517588e-01	7.748813e-01	1.316781e+00	9.891184e+03	6.643618e+11	2.130296e+01	-3.476571e+08	5.000000e+03	0
3.567839e-01	7.859510e-01	1.347545e+00	8.418919e+03	6.518022e+11	2.119342e+01	-3.461153e+08	5.000000e+03	1
3.618090e-01	7.970207e-01	1.378924e+00	8.368268e+03	6.393653e+11	2.109152e+01	-3.445809e+08	5.000000e+03	1
3.668342e-01	8.080905e-01	1.410919e+00	8.317722e+03	6.270478e+11	2.099690e+01	-3.430556e+08	5.000000e+03	1
3.718593e-01	8.191602e-01	1.443801e+00	8.267295e+03	6.148927e+11	2.091192e+01	-3.415366e+08	5.000000e+03	1
3.768844e-01	8.302299e-01	1.477333e+00	8.216930e+03	6.028502e+11	2.083340e+01	-3.400244e+08	5.000000e+03	1
3.819095e-01	8.412997e-01	1.511486e+00	8.166614e+03	5.909121e+11	2.076076e+01	-3.385179e+08	5.000000e+03	1
3.869347e-01	8.523694e-01	1.546261e+00	8.116335e+03	5.790758e+11	2.069374e+01	-3.370170e+08	5.000000e+03	1
3.919598e-01	8.634391e-01	1.581911e+00	8.066082e+03	5.673763e+11	2.063400e+01	-3.355212e+08	5.000000e+03	1
3.969849e-01	8.745089e-01	1.618232e+00	8.015830e+03	5.557774e+11	2.057939e+01	-3.340301e+08	5.000000e+03	1
4.020101e-01	8.855786e-01	1.655177e+00	7.965568e+03	5.442693e+11	2.052931e+01	-3.325433e+08	5.000000e+03	1
4.070352e-01	8.966483e-01	1.692745e+00	7.915286e+03	5.328502e+11	2.048354e+01	-3.310604e+08	5.000000e+03	1
4.120603e-01	9.077180e-01	1.731169e+00	7.864957e+03	5.215492e+11	2.044326e+01	-3.295811e+08	5.000000e+03	1
4.170854e-01	9.187878e-01	1.770283e+00	7.814572e+03	5.103402e+11	2.040704e+01	-3.281051e+08	5.000000e+03	1
4.221106e-01	9.298575e-01	1.810018e+00	7.764127e+03	4.992122e+11	2.037428e+01	-3.266320e+08	5.000000e+03	1
4.271357e-01	9.409272e-01	1.850373e+00	7.713615e+03	4.881640e+11	2.034482e+01	-3.251616e+08	5.000000e+03	1
4.321608e-01	9.519970e-01	1.891561e+00	7.662994e+03	4.772205e+11	2.031947e+01	-3.236936e+08	5.000000e+03	1
4.371859e-01	9.630667e-01	1.933450e+00	7.612267e+03	4.663630e+11	2.029728e+01	-3.222278e+08	5.000000e+03	1
4.422111e-01	9.741364e-01	1.975954e+00	7.561436e+03	4.555798e+11	2.027771e+01	-3.207640e+08	5.000000e+03	1
4.472362e-01	9.852062e-01	2.019071e+00	7.510495e+03	4.448701e+11	2.026062e+01	-3.193019e+08	5.000000e+03	1
4.522613e-01	9.962759e-01	2.062992e+00	7.459395e+03	4.342553e+11	2.024656e+01	-3.178413e+08	5.000000e+03	1
4.572864e-01	1.007346e+00	2.107620e+00	7.408139e+03	4.237231e+11	2.023491e+01	-3.163821e+08	5.000000e+03	1
4.623116e-01	1.018415e+00	2.152852e+00	7.356741e+03	4.132607e+11	2.022521e+01	-3.149240e+08	5.000000e+03	1
4.673367e-01	1.029485e+00	2.198685e+00	7.305194e+03	4.028676e+11	2.021733e+01	-3.134670e+08	5.000000e+03	1
4.723618e-01	1.040555e+00	2.245286e+00	7.253443e+03	3.925627e+11	2.021161e+01	-3.120109e+08	5.000000e+03	1
4.773869e-01	1.051625e+00	2.292595e+00	7.201489e+03	3.823389e+11	2.020768e+01	-3.105555e+08	5.000000e+03	1
4.824121e-01	1.062694e+00	2.340490e+00	7.149356e+03	3.721823e+11	2.020513e+01	-3.091008e+08	5.000000e+03	1
4.874372e-01	1.073764e+00	2.388970e+00	7.097039e+03	3.620926e+11	2.020387e+01	-3.076465e+08	5.000000e+03	1
4.924623e-01	1.084834e+00	2.438176e+00	7.044477e+03	3.520867e+11	2.020408e+01	-3.061927e+08	5.000000e+03	1
4.974874e-01	1.095903e+00	2.488084e+00	6.991663e+03	3.421620e+11	2.020554e+01	-3.047391e+08	5.000000e+03	1
5.025126e-01	1.106973e+00	2.538556e+00	6.938635e+03	3.323033e+11	2.020791e+01	-3.032858e+08	5.000000e+03	1
5.075377e-01	1.118043e+00	2.589589e+00	6.885386e+03	3.225107e+11	2.021112e+01	-3.018326e+08	5.000000e+03	1
5.125628e-01	1.129113e+00	2.641303e+00	6.831856e+03	3.127990e+11	2.021523e+01	-3.003795e+08	5.000000e+03	1
5.175879e-01	1.140182e+00	2.693702e+00	6.778022e+03	3.031702e+11	2.022012e+01	-2.989264e+08	5.000000e+03	1
5.226131e-01	1.151252e+00	2.746639e+00	6.723938e+03	2.936076e+11	2.022553e+01	-2.974733e+08	5.000000e+03	1
5.276382e-01	1.162322e+00	2.800107e+00	6.669596e+03	2.841112e+11	2.023139e+01	-2.960201e+08	5.000000e+03	1
5.326633e-01	1.173392e+00	2.854203e+00	6.614935e+03	2.746943e+11	2.023771e+01	-2.945669e+08	5.000000e+03	1
5.376884e-01	1.184461e+00	2.908960e+00	6.559914e+03	2.653634e+11	2.024437e+01	-2.931134e+08	5.000000e+03	1
5.427136e-01	1.195531e+00	2.964220e+00	6.504604e+03	2.560997e+11	2.025121e+01	-2.916598e+08	5.000000e+03	1
5.477387e-01	1.206601e+00	3.019976e+00	6.448996e+03	2.469034e+11	2.025818e+01	-2.902060e+08	5.000000e+03	1
5.527638e-01	1.217671e+00	3.076302e+00	6.393030e+03	2.377863e+11	2.026522e+01	-2.887520e+08	5.000000e+03	1
5.577889e-01	1.228740e+00	3.133253e+00	6.336640e+03	2.287594e+11	2.027221e+01	-2.872978e+08	5.000000e+03	1
5.628141e-01	1.239810e+00	3.190665e+00	6.279917e+03	2.198016e+11	2.027908e+01	-2.858434e+08	5.000000e+03	1
5.678392e-01	1.250880e+00	3.240798e+00	5.609451e+03	2.120862e+11	2.023815e+01	-2.843892e+08	5.000000e+03	1
5.728643e-01	1.261949e+00	3.266028e+00	2.923125e+03	2.083044e+11	2.004038e+01	-2.829368e+08	5.000000e+03	1
5.778894e-01	1.273019e+00	3.291681e+00	2.663432e+03	2.045831e+11	1.984972e+01	-2.814981e+08	5.000000e+03	2
5.829146e-01	1.284089e+00	3.317650e+00	2.653613e+03	2.009051e+11	1.966413e+01	-2.800720e+08	5.000000e+03	2
5.879397e-01	1.295159e+00	3.343935e+00	2.643880e+03	1.972697e+11	1.948347e+01	-2.786596e+08	5.000000e+03	2
5.929648e-01	1.306228e+00	3.370572e+00	2.634240e+03	1.936802e+11	1.930815e+01	-2.772602e+08	5.000000e+03	2
5.979899e-01	1.317298e+00	3.397648e+00	2.624709e+03	1.901457e+11	1.913913e+01	-2.758735e+08	5.000000e+03	2
6.030151e-01	1.328368e+00	3.425046e+00	2.615255e+03	1.866497e+11	1.897452e+01	-2.744990e+08	5.000000e+03	2
6.080402e-01	1.339438e+00	3.452764e+00	2.605877e+03	1.831916e+11	1.881420e+01	-2.731366e+08	5.000000e+03	2
6.130653e-01	1.350507e+00	3.480832e+00	2.596578e+03	1.797733e+11	1.865840e+01	-2.717854e+08	5.000000e+03	2
6.180905e-01	1.361577e+00	3.509355e+00	2.587378e+03	1.764051e+11	1.850823e+01	-2.704457e+08	5.000000e+03	2
6.231156e-01	1.372647e+00	3.538203e+00	2.578247e+03	1.730714e+11	1.836189e+01	-2.691162e+08	5.000000e+03	2
6.281407e-01	1.383717e+00	3.567379e+00	2.569182e+03	1.697714e+11	1.821931e+01	-2.677986e+08	5.000000e+03	2
6.331658e-01	1.394786e+00	3.596898e+00	2.560186e+03	1.665061e+11	1.808057e+01	-2.664906e+08	5.000000e+03	2
6.381910e-01	1.405856e+00	3.626889e+00	2.551280e+03	1.632867e+11	1.794687e+01	-2.651927e+08	5.000000e+03	2
6.432161e-01	1.416926e+00	3.657210e+00	2.542434e+03	1.600982e+11	1.781652e+01	-2.639044e+08	5.000000e+03	2
6.482412e-01	1.427995e+00	3.687863e+00	2.533648e+03	1.569400e+11	1.768947e+01	-2.626257e+08	5.000000e+03	2
6.532663e-01	1.439065e+00	3.718854e+00	2.524921e+03	1.538121e+11	1.756570e+01	-2.613560e+08	5.000000e+03	2
6.582915e-01	1.450135e+00	3.750333e+00	2.516275e+03	1.507263e+11	1.744643e+01	-2.600955e+08	5.000000e+03	2
6.633166e-01	1.461205e+00	3.782147e+00	2.507683e+03	1.476683e+11	1.733013e+01	-2.588436e+08	5.000000e+03	2
6.683417e-01	1.472274e+00	3.814296e+00	2.499144e+03	1.446377e+11	1.721671e+01	-2.576002e+08	5.000000e+03	2
6.733668e-01	1.483344e+00	3.846782e+00	2.490656e+03	1.416338e+11	1.710613e+01	-2.563649e+08	5.000000e+03	2
6.783920e-01	1.494414e+00	3.879764e+00	2.482241e+03	1.386683e+11	1.699956e+01	-2.551376e+08	5.000000e+03	2
6.834171e-01	1.505484e+00	3.913089e+00	2.473874e+03	1.357282e+11	1.689561e+01	-2.539182e+08	5.000000e+03	2
6.884422e-01	1.516553e+00	3.946752e+00	2.465554e+03	1.328127e+11	1.679422e+01	-2.527063e+08	5.000000e+03	2
6.934673e-01	1.527623e+00	3.980755e+00	2.457280e+03	1.299216e+11	1.669533e+01	-2.515017e+08	5.000000e+03	2
6.984925e-01	1.538693e+00	4.015251e+00	2.449070e+03	1.270645e+11	1.659990e+01	-2.503032e+08	5.000000e+03	2
7.035176e-01	1.549763e+00	4.050102e+00	2.440904e+03	1.242312e+11	1.650688e+01	-2.491139e+08	5.000000e+03	2
7.085427e-01	1.560832e+00	4.085296e+00	2.432779e+03	1.214203e+11	1.641611e+01	-2.479304e+08	5.000000e+03	2
7.135678e-01	1.571902e+00	4.120832e+00	2.424695e+03	1.186314e+11	1.632756e+01	-2.467533e+08	5.000000e+03	2
7.185930e-01	1.582972e+00	4.156856e+00	2.416667e+03	1.158730e+11	1.624202e+01	-2.455827e+08	5.000000e+03	2
7.236181e-01	1.594041e+00	4.193249e+00	2.408680e+03	1.131367e+11	1.615867e+01	-2.444184e+08	5.000000e+03	2
7.286432e-01	1.605111e+00	4.229987e+00	2.400729e+03	1.104210e+11	1.607732e+01	-2.432601e+08	5.000000e+03	2
7.336683e-01	1.616181e+00	4.267071e+00	2.392814e+03	1.077254e+11	1.599793e+01	-2.421078e+08	5.000000e+03	2
7.386935e-01	1.627251e+00	4.304636e+00	2.384948e+03	1.050569e+11	1.592116e+01	-2.409613e+08	5.000000e+03	2
7.437186e-01	1.638320e+00	4.342583e+00	2.377119e+03	1.024094e+11	1.584640e+01	-2.398204e+08	5.000000e+03	2
7.487437e-01	1.649390e+00	4.380878e+00	2.369323e+03	9.978063e+10	1.577341e+01	-2.386849e+08	5.000000e+03	2
7.537688e-01	1.660460e+00	4.419522e+00	2.361560e+03	9.717027e+10	1.570217e+01	-2.375548e+08	5.000000e+03	2
7.587940e-01	1.671530e+00	4.458639e+00	2.353838e+03	9.458431e+10	1.563321e+01	-2.364299e+08	5.000000e+03	2
7.638191e-01	1.682599e+00	4.498152e+00	2.346150e+03	9.201810e+10	1.556609e+01	-2.353100e+08	5.000000e+03	2
7.688442e-01	1.693669e+00	4.538015e+00	2.338492e+03	8.946908e+10	1.550055e+01	-2.341951e+08	5.000000e+03	2
7.738693e-01	1.704739e+00	4.578229e+00	2.330862e+03	8.693700e+10	1.543657e+01	-2.330849e+08	5.000000e+03	2
7.788945e-01	1.715809e+00	4.618909e+00	2.323270e+03	8.442690e+10	1.537458e+01	-2.319795e+08	5.000000e+03	2
7.839196e-01	1.726878e+00	4.659996e+00	2.315708e+03	8.193548e+10	1.531427e+01	-2.308786e+08	5.000000e+03	2
7.889447e-01	1.737948e+00	4.701436e+00	2.308171e+03	7.945991e+10	1.525537e+01	-2.297821e+08	5.000000e+03	2
7.939698e-01	1.749018e+00	4.743229e+00	2.300661e+03	7.699996e+10	1.519786e+01	-2.286899e+08	5.000000e+03	2
7.989950e-01	1.760087e+00	4.785479e+00	2.293182e+03	7.455988e+10	1.514209e+01	-2.276019e+08	5.000000e+03	2
8.040201e-01	1.771157e+00	4.828149e+00	2.285732e+03	7.213752e+10	1.508787e+01	-2.265181e+08	5.000000e+03	2
8.090452e-01	1.782227e+00	4.871173e+00	2.278304e+03	6.972982e+10	1.503490e+01	-2.254382e+08	5.000000e+03	2
8.140704e-01	1.793297e+00	4.914528e+00	2.269081e+03	6.733787e+10	1.498311e+01	-2.243623e+08	5.000000e+03	2
8.190955e-01	1.804366e+00	4.958195e+00	2.249305e+03	6.497129e+10	1.493243e+01	-2.232901e+08	5.000000e+03	2
8.241206e-01	1.815436e+00	5.002027e+00	2.229593e+03	6.263576e+10	1.488239e+01	-2.222217e+08	5.000000e+03	2
8.291457e-01	1.826506e+00	5.045991e+00	2.209932e+03	6.032548e+10	1.483285e+01	-2.211571e+08	5.000000e+03	2
8.341709e-01	1.837576e+00	5.090082e+00	2.190319e+03	5.804028e+10	1.478379e+01	-2.200961e+08	5.000000e+03	2
8.391960e-01	1.848645e+00	5.134327e+00	2.170765e+03	5.578581e+10	1.473531e+01	-2.190387e+08	5.000000e+03	2
8.442211e-01	1.859715e+00	5.178717e+00	2.151265e+03	5.356193e+10	1.468738e+01	-2.179850e+08	5.000000e+03	2
8.492462e-01	1.870785e+00	5.223220e+00	2.131807e+03	5.136234e+10	1.463986e+01	-2.169394e+08	5.000000e+03	2
8.542714e-01	1.881854e+00	5.267832e+00	2.112388e+03	4.918690e+10	1.459274e+01	-2.158880e+08	5.000000e+03	2
8.592965e-01	1.892924e+00	5.312569e+00	2.093015e+03	4.704038e+10	1.454609e+01	-2.148448e+08	5.000000e+03	2
8.643216e-01	1.903994e+00	5.357431e+00	2.073686e+03	4.492409e+10	1.449991e+01	-2.138051e+08	5.000000e+03	2
8.693467e-01	1.915064e+00	5.402384e+00	2.054389e+03	4.283126e+10	1.445406e+01	-2.127687e+08	5.000000e+03	2
8.743719e-01	1.926133e+00	5.447425e+00	2.035123e+03	4.076176e+10	1.440854e+01	-2.117358e+08	5.000000e+03	2
8.793970e-01	1.937203e+00	5.492565e+00	2.015889e+03	3.871954e+10	1.436339e+01	-2.107062e+08	5.000000e+03	2
8.844221e-01	1.948273e+00	5.537803e+00	1.996687e+03	3.670729e+10	1.431863e+01	-2.096801e+08	5.000000e+03	2
8.894472e-01	1.959343e+00	5.583111e+00	1.977507e+03	3.471778e+10	1.427413e+01	-2.086571e+08	5.000000e+03	2
8.944724e-01	1.970412e+00	5.628485e+00	1.958347e+03	3.275090e+10	1.422990e+01	-2.076376e+08	5.000000e+03	2
8.994975e-01	1.981482e+00	5.673928e+00	1.939206e+03	3.080984e+10	1.418595e+01	-2.066210e+08	5.000000e+03	2
9.045226e-01	1.992552e+00	5.719442e+00	1.920084e+03	2.889856e+10	1.414230e+01	-2.056082e+08	5.000000e+03	2
9.095477e-01	2.003622e+00	5.765000e+00	1.900972e+03	2.700940e+10	1.409886e+01	-2.045980e+08	5.000000e+03	2
9.145729e-01	2.014691e+00	5.810600e+00	1.881868e+03	2.514227e+10	1.405562e+01	-2.035918e+08	5.000000e+03	2
9.195980e-01	2.025761e+00	5.856241e+00	1.862770e+03	2.329965e+10	1.401259e+01	-2.025884e+08	5.000000e+03	2
9.246231e-01	2.036831e+00	5.901918e+00	1.843673e+03	2.148672e+10	1.396979e+01	-2.015882e+08	5.000000e+03	2
9.296482e-01	2.047900e+00	5.947614e+00	1.824573e+03	1.969539e+10	1.392714e+01	-2.005911e+08	5.000000e+03	2
9.346734e-01	2.058970e+00	5.993324e+00	1.805467e+03	1.792558e+10	1.388463e+01	-1.995973e+08	5.000000e+03	2
9.396985e-01	2.070040e+00	6.039044e+00	1.786351e+03	1.617911e+10	1.384225e+01	-1.986065e+08	5.000000e+03	2
9.447236e-01	2.081110e+00	6.084763e+00	1.767217e+03	1.446235e+10	1.380004e+01	-1.976189e+08	5.000000e+03	2
9.497487e-01	2.092179e+00	6.129959e+00	1.718478e+03	1.278563e+10	1.375677e+01	-1.966345e+08	5.000000e+03	2
9.547739e-01	2.103249e+00	6.174320e+00	1.650647e+03	1.115990e+10	1.371179e+01	-1.956532e+08	5.000000e+03	2
9.597990e-01	2.114319e+00	6.217422e+00	1.581746e+03	9.601196e+09	1.366420e+01	-1.946764e+08	5.000000e+03	2
9.648241e-01	2.125389e+00	6.258708e+00	1.510753e+03	8.134670e+09	1.361300e+01	-1.937013e+08	5.000000e+03	2
9.698492e-01	2.136458e+00	6.298616e+00	1.437617e+03	6.734711e+09	1.355915e+01	-1.927309e+08	5.000000e+03	2
9.748744e-01	2.147528e+00	6.337075e+00	1.361721e+03	5.402872e+09	1.350257e+01	-1.917627e+08	5.000000e+03	2
9.798995e-01	2.158598e+00	6.373958e+00	1.282275e+03	4.142940e+09	1.344305e+01	-1.908077e+08	5.000000e+03	2
9.849246e-01	2.169668e+00	6.408294e+00	1.194010e+03	2.992357e+09	1.337890e+01	-1.898450e+08	5.000000e+03	2
9.899497e-01	2.180737e+00	6.440498e+00	1.092202e+03	1.927236e+09	1.331092e+01	-1.888922e+08	5.000000e+03	2
9.949749e-01	2.191807e+00	6.470934e+00	1.014229e+03	9.345165e+08	1.323993e+01	-1.879446e+08	5.000000e+03	2
1.000000e+00	2.202877e+00	6.500000e+00	1.000000e+03	0.000000e+00	1.316683e+01	-1.870023e+08	3.000000e+02	2
