#R=1.4642289878286616
#interptype='linear'
#name='planet'
#norm={'P': 1000000000000.0, 'R': 1.4642289878286616, 'M': 5.0, 'g': 22.924515015041941, 'rho': 4000.0}
#state=1
#composition
#layer0		Fe08FeS02		0.600000
#layer1		pv_fmw		0.400000
#Cols=
 #'ur		r		mr		rho		P		g		phi		T		composition'
#-end-
0.000000e+00	0.000000e+00	1.515006e-11	1.954304e+04	2.006110e+12	0.000000e+00	-3.930351e+08	5.000000e+03	0
5.025126e-03	7.357935e-03	5.696103e-06	1.954503e+04	2.006746e+12	-1.423944e-01	-3.930290e+08	5.000000e+03	0
1.005025e-02	1.471587e-02	1.139219e-05	1.954703e+04	2.007382e+12	-2.847888e-01	-3.930110e+08	5.000000e+03	0
1.507538e-02	2.207380e-02	5.075072e-05	1.954721e+04	2.007440e+12	-4.335534e-02	-3.929810e+08	5.000000e+03	0
2.010050e-02	2.943174e-02	9.045274e-05	1.954737e+04	2.007493e+12	2.019947e-01	-3.929390e+08	5.000000e+03	0
2.512563e-02	3.678967e-02	1.966191e-04	1.954608e+04	2.007081e+12	4.591968e-01	-3.928850e+08	5.000000e+03	0
3.015075e-02	4.414761e-02	3.041560e-04	1.954476e+04	2.006660e+12	7.166432e-01	-3.928191e+08	5.000000e+03	0
3.517588e-02	5.150554e-02	5.102397e-04	1.954200e+04	2.005782e+12	9.747847e-01	-3.927411e+08	5.000000e+03	0
4.020101e-02	5.886348e-02	7.194030e-04	1.953920e+04	2.004890e+12	1.232948e+00	-3.926512e+08	5.000000e+03	0
4.522613e-02	6.622141e-02	1.058448e-03	1.953498e+04	2.003546e+12	1.491067e+00	-3.925492e+08	5.000000e+03	0
5.025126e-02	7.357935e-02	1.402962e-03	1.953071e+04	2.002184e+12	1.749184e+00	-3.924352e+08	5.000000e+03	0
5.527638e-02	8.093728e-02	1.907917e-03	1.952502e+04	2.000376e+12	2.007089e+00	-3.923093e+08	5.000000e+03	0
6.030151e-02	8.829522e-02	2.421406e-03	1.951927e+04	1.998544e+12	2.264983e+00	-3.921714e+08	5.000000e+03	0
6.532663e-02	9.565315e-02	3.125095e-03	1.951212e+04	1.996273e+12	2.522579e+00	-3.920216e+08	5.000000e+03	0
7.035176e-02	1.030111e-01	3.841055e-03	1.950488e+04	1.993974e+12	2.780157e+00	-3.918598e+08	5.000000e+03	0
7.537688e-02	1.103690e-01	4.776148e-03	1.949628e+04	1.991241e+12	3.037368e+00	-3.916860e+08	5.000000e+03	0
8.040201e-02	1.177270e-01	5.727914e-03	1.948756e+04	1.988475e+12	3.294552e+00	-3.915003e+08	5.000000e+03	0
8.542714e-02	1.250849e-01	6.926896e-03	1.947749e+04	1.985283e+12	3.551308e+00	-3.913027e+08	5.000000e+03	0
9.045226e-02	1.324428e-01	8.147612e-03	1.946730e+04	1.982054e+12	3.808027e+00	-3.910932e+08	5.000000e+03	0
9.547739e-02	1.398008e-01	9.642756e-03	1.945577e+04	1.978404e+12	4.064259e+00	-3.908719e+08	5.000000e+03	0
1.005025e-01	1.471587e-01	1.116534e-02	1.944410e+04	1.974713e+12	4.320442e+00	-3.906383e+08	5.000000e+03	0
1.055276e-01	1.545166e-01	1.298868e-02	1.943111e+04	1.970609e+12	4.576081e+00	-3.903931e+08	5.000000e+03	0
1.105528e-01	1.618746e-01	1.484581e-02	1.941796e+04	1.966458e+12	4.831659e+00	-3.901362e+08	5.000000e+03	0
1.155779e-01	1.692325e-01	1.702909e-02	1.940350e+04	1.961903e+12	5.086637e+00	-3.898673e+08	5.000000e+03	0
1.206030e-01	1.765904e-01	1.925314e-02	1.938888e+04	1.957296e+12	5.341540e+00	-3.895866e+08	5.000000e+03	0
1.256281e-01	1.839484e-01	2.182783e-02	1.937297e+04	1.952292e+12	5.595789e+00	-3.892941e+08	5.000000e+03	0
1.306533e-01	1.913063e-01	2.445088e-02	1.935687e+04	1.947234e+12	5.849947e+00	-3.889897e+08	5.000000e+03	0
1.356784e-01	1.986642e-01	2.744809e-02	1.933949e+04	1.941785e+12	6.103399e+00	-3.886736e+08	5.000000e+03	0
1.407035e-01	2.060222e-01	3.050186e-02	1.932192e+04	1.936277e+12	6.356743e+00	-3.883457e+08	5.000000e+03	0
1.457286e-01	2.133801e-01	3.395235e-02	1.930308e+04	1.930388e+12	6.609329e+00	-3.880061e+08	5.000000e+03	0
1.507538e-01	2.207380e-01	3.746820e-02	1.928403e+04	1.924435e+12	6.861790e+00	-3.876547e+08	5.000000e+03	0
1.557789e-01	2.280960e-01	4.140235e-02	1.926373e+04	1.918109e+12	7.113443e+00	-3.872917e+08	5.000000e+03	0
1.608040e-01	2.354539e-01	4.541121e-02	1.924321e+04	1.911716e+12	7.364951e+00	-3.869170e+08	5.000000e+03	0
1.658291e-01	2.428118e-01	4.985897e-02	1.922145e+04	1.904958e+12	7.615601e+00	-3.865307e+08	5.000000e+03	0
1.708543e-01	2.501698e-01	5.439135e-02	1.919945e+04	1.898129e+12	7.866087e+00	-3.861327e+08	5.000000e+03	0
1.758794e-01	2.575277e-01	5.938222e-02	1.917623e+04	1.890944e+12	8.115667e+00	-3.857231e+08	5.000000e+03	0
1.809045e-01	2.648856e-01	6.446815e-02	1.915276e+04	1.883685e+12	8.365061e+00	-3.853020e+08	5.000000e+03	0
1.859296e-01	2.722436e-01	7.003116e-02	1.912808e+04	1.876078e+12	8.613503e+00	-3.848692e+08	5.000000e+03	0
1.909548e-01	2.796015e-01	7.570019e-02	1.910314e+04	1.868393e+12	8.861735e+00	-3.844250e+08	5.000000e+03	0
1.959799e-01	2.869594e-01	8.186385e-02	1.907700e+04	1.860369e+12	9.108971e+00	-3.839693e+08	5.000000e+03	0
2.010050e-01	2.943174e-01	8.814498e-02	1.905058e+04	1.852265e+12	9.355972e+00	-3.835022e+08	5.000000e+03	0
2.060302e-01	3.016753e-01	9.493725e-02	1.902298e+04	1.843830e+12	9.601934e+00	-3.830236e+08	5.000000e+03	0
2.110553e-01	3.090333e-01	1.018589e-01	1.899509e+04	1.835312e+12	9.847633e+00	-3.825336e+08	5.000000e+03	0
2.160804e-01	3.163912e-01	1.093072e-01	1.896603e+04	1.826473e+12	1.009225e+01	-3.820322e+08	5.000000e+03	0
2.211055e-01	3.237491e-01	1.168973e-01	1.893667e+04	1.817547e+12	1.033658e+01	-3.815195e+08	5.000000e+03	0
2.261307e-01	3.311071e-01	1.250285e-01	1.890615e+04	1.808309e+12	1.057979e+01	-3.809954e+08	5.000000e+03	0
2.311558e-01	3.384650e-01	1.333142e-01	1.887531e+04	1.798983e+12	1.082268e+01	-3.804601e+08	5.000000e+03	0
2.361809e-01	3.458229e-01	1.421544e-01	1.884334e+04	1.789354e+12	1.106441e+01	-3.799136e+08	5.000000e+03	0
2.412060e-01	3.531809e-01	1.511624e-01	1.881103e+04	1.779633e+12	1.130579e+01	-3.793559e+08	5.000000e+03	0
2.462312e-01	3.605388e-01	1.607371e-01	1.877760e+04	1.769619e+12	1.154598e+01	-3.787870e+08	5.000000e+03	0
2.512563e-01	3.678967e-01	1.704932e-01	1.874381e+04	1.759511e+12	1.178578e+01	-3.782069e+08	5.000000e+03	0
2.562814e-01	3.752547e-01	1.808273e-01	1.870892e+04	1.749120e+12	1.202435e+01	-3.776158e+08	5.000000e+03	0
2.613065e-01	3.826126e-01	1.913567e-01	1.867366e+04	1.738633e+12	1.226250e+01	-3.770141e+08	5.000000e+03	0
2.663317e-01	3.899705e-01	2.024744e-01	1.863731e+04	1.727872e+12	1.249939e+01	-3.764005e+08	5.000000e+03	0
2.713568e-01	3.973285e-01	2.138015e-01	1.860058e+04	1.717013e+12	1.273582e+01	-3.757770e+08	5.000000e+03	0
2.763819e-01	4.046864e-01	2.257261e-01	1.856277e+04	1.705890e+12	1.297096e+01	-3.751412e+08	5.000000e+03	0
2.814070e-01	4.120443e-01	2.378746e-01	1.852456e+04	1.694668e+12	1.320560e+01	-3.744953e+08	5.000000e+03	0
2.864322e-01	4.194023e-01	2.506287e-01	1.848529e+04	1.683190e+12	1.343892e+01	-3.738385e+08	5.000000e+03	0
2.914573e-01	4.267602e-01	2.636215e-01	1.844560e+04	1.671612e+12	1.367171e+01	-3.731709e+08	5.000000e+03	0
2.964824e-01	4.341181e-01	2.772269e-01	1.840488e+04	1.659789e+12	1.390314e+01	-3.724925e+08	5.000000e+03	0
3.015075e-01	4.414761e-01	2.910860e-01	1.836371e+04	1.647865e+12	1.413400e+01	-3.718034e+08	5.000000e+03	0
3.065327e-01	4.488340e-01	3.055637e-01	1.832152e+04	1.635705e+12	1.436347e+01	-3.711037e+08	5.000000e+03	0
3.115578e-01	4.561919e-01	3.203102e-01	1.827889e+04	1.623442e+12	1.459234e+01	-3.703933e+08	5.000000e+03	0
3.165829e-01	4.635499e-01	3.356803e-01	1.823523e+04	1.610954e+12	1.481979e+01	-3.696724e+08	5.000000e+03	0
3.216080e-01	4.709078e-01	3.513345e-01	1.819112e+04	1.598362e+12	1.504659e+01	-3.689409e+08	5.000000e+03	0
3.266332e-01	4.782657e-01	3.676161e-01	1.814600e+04	1.585555e+12	1.527194e+01	-3.681990e+08	5.000000e+03	0
3.316583e-01	4.856237e-01	3.841973e-01	1.810040e+04	1.572644e+12	1.549660e+01	-3.674466e+08	5.000000e+03	0
3.366834e-01	4.929816e-01	4.014088e-01	1.805382e+04	1.559527e+12	1.571980e+01	-3.666839e+08	5.000000e+03	0
3.417085e-01	5.003396e-01	4.189354e-01	1.800674e+04	1.546306e+12	1.594225e+01	-3.659108e+08	5.000000e+03	0
3.467337e-01	5.076975e-01	4.370940e-01	1.795869e+04	1.532889e+12	1.616321e+01	-3.651275e+08	5.000000e+03	0
3.517588e-01	5.150554e-01	4.555833e-01	1.791013e+04	1.519368e+12	1.638339e+01	-3.643340e+08	5.000000e+03	0
3.567839e-01	5.224134e-01	4.747054e-01	1.786061e+04	1.505660e+12	1.660206e+01	-3.635303e+08	5.000000e+03	0
3.618090e-01	5.297713e-01	4.941737e-01	1.781056e+04	1.491850e+12	1.681989e+01	-3.627166e+08	5.000000e+03	0
3.668342e-01	5.371292e-01	5.142747e-01	1.775957e+04	1.477862e+12	1.703619e+01	-3.618927e+08	5.000000e+03	0
3.718593e-01	5.444872e-01	5.347372e-01	1.770803e+04	1.463772e+12	1.725160e+01	-3.610588e+08	5.000000e+03	0
3.768844e-01	5.518451e-01	5.558313e-01	1.765557e+04	1.449514e+12	1.746546e+01	-3.602150e+08	5.000000e+03	0
3.819095e-01	5.592030e-01	5.773022e-01	1.760254e+04	1.435156e+12	1.767839e+01	-3.593613e+08	5.000000e+03	0
3.869347e-01	5.665610e-01	5.994025e-01	1.754859e+04	1.420638e+12	1.788974e+01	-3.584979e+08	5.000000e+03	0
3.919598e-01	5.739189e-01	6.218949e-01	1.749407e+04	1.406021e+12	1.810010e+01	-3.576246e+08	5.000000e+03	0
3.969849e-01	5.812768e-01	6.450136e-01	1.743864e+04	1.391255e+12	1.830888e+01	-3.567426e+08	5.000000e+03	0
4.020101e-01	5.886348e-01	6.685393e-01	1.738262e+04	1.376392e+12	1.851662e+01	-3.558492e+08	5.000000e+03	0
4.070352e-01	5.959927e-01	6.926871e-01	1.732570e+04	1.361388e+12	1.872275e+01	-3.549471e+08	5.000000e+03	0
4.120603e-01	6.033506e-01	7.172568e-01	1.726818e+04	1.346288e+12	1.892778e+01	-3.540355e+08	5.000000e+03	0
4.170854e-01	6.107086e-01	7.424437e-01	1.720977e+04	1.331058e+12	1.913119e+01	-3.531144e+08	5.000000e+03	0
4.221106e-01	6.180665e-01	7.680668e-01	1.715074e+04	1.315734e+12	1.933346e+01	-3.521712e+08	5.000000e+03	0
4.271357e-01	6.254244e-01	7.943011e-01	1.709083e+04	1.300288e+12	1.953408e+01	-3.512441e+08	5.000000e+03	0
4.321608e-01	6.327824e-01	8.209858e-01	1.703029e+04	1.284753e+12	1.973350e+01	-3.502951e+08	5.000000e+03	0
4.371859e-01	6.401403e-01	8.482748e-01	1.696888e+04	1.269103e+12	1.993127e+01	-3.493370e+08	5.000000e+03	0
4.422111e-01	6.474982e-01	8.760280e-01	1.690681e+04	1.253366e+12	2.012777e+01	-3.483696e+08	5.000000e+03	0
4.472362e-01	6.548562e-01	9.043777e-01	1.684390e+04	1.237525e+12	2.032261e+01	-3.473932e+08	5.000000e+03	0
4.522613e-01	6.622141e-01	9.332048e-01	1.678030e+04	1.221600e+12	2.051612e+01	-3.464079e+08	5.000000e+03	0
4.572864e-01	6.695720e-01	9.626199e-01	1.671587e+04	1.205579e+12	2.070796e+01	-3.454136e+08	5.000000e+03	0
4.623116e-01	6.769300e-01	9.925250e-01	1.665074e+04	1.189477e+12	2.089841e+01	-3.444105e+08	5.000000e+03	0
4.673367e-01	6.842879e-01	1.023009e+00	1.658478e+04	1.173288e+12	2.108717e+01	-3.433987e+08	5.000000e+03	0
4.723618e-01	6.916459e-01	1.053995e+00	1.651810e+04	1.157023e+12	2.127448e+01	-3.423782e+08	5.000000e+03	0
4.773869e-01	6.990038e-01	1.085549e+00	1.645061e+04	1.140678e+12	2.146010e+01	-3.413491e+08	5.000000e+03	0
4.824121e-01	7.063617e-01	1.117617e+00	1.638238e+04	1.124262e+12	2.164420e+01	-3.403115e+08	5.000000e+03	0
4.874372e-01	7.137197e-01	1.150242e+00	1.631334e+04	1.107774e+12	2.182660e+01	-3.392653e+08	5.000000e+03	0
4.924623e-01	7.210776e-01	1.183392e+00	1.624355e+04	1.091220e+12	2.200741e+01	-3.382108e+08	5.000000e+03	0
4.974874e-01	7.284355e-01	1.217087e+00	1.617296e+04	1.074602e+12	2.218652e+01	-3.371480e+08	5.000000e+03	0
5.025126e-01	7.357935e-01	1.251317e+00	1.610159e+04	1.057922e+12	2.236397e+01	-3.360770e+08	5.000000e+03	0
5.075377e-01	7.431514e-01	1.286079e+00	1.602943e+04	1.041186e+12	2.253971e+01	-3.349978e+08	5.000000e+03	0
5.125628e-01	7.505093e-01	1.321385e+00	1.595646e+04	1.024394e+12	2.271372e+01	-3.339106e+08	5.000000e+03	0
5.175879e-01	7.578673e-01	1.357211e+00	1.588272e+04	1.007554e+12	2.288602e+01	-3.328154e+08	5.000000e+03	0
5.226131e-01	7.652252e-01	1.393589e+00	1.580816e+04	9.906627e+11	2.305651e+01	-3.317123e+08	5.000000e+03	0
5.276382e-01	7.725831e-01	1.430472e+00	1.573282e+04	9.737311e+11	2.322529e+01	-3.306013e+08	5.000000e+03	0
5.326633e-01	7.799411e-01	1.467914e+00	1.565663e+04	9.567546e+11	2.339218e+01	-3.294827e+08	5.000000e+03	0
5.376884e-01	7.872990e-01	1.505848e+00	1.557968e+04	9.397447e+11	2.355737e+01	-3.283563e+08	5.000000e+03	0
5.427136e-01	7.946569e-01	1.544346e+00	1.550186e+04	9.226965e+11	2.372058e+01	-3.272224e+08	5.000000e+03	0
5.477387e-01	8.020149e-01	1.583320e+00	1.542328e+04	9.056219e+11	2.388209e+01	-3.260811e+08	5.000000e+03	0
5.527638e-01	8.093728e-01	1.622865e+00	1.534379e+04	8.885157e+11	2.404155e+01	-3.249323e+08	5.000000e+03	0
5.577889e-01	8.167307e-01	1.662869e+00	1.526356e+04	8.713898e+11	2.419931e+01	-3.237763e+08	5.000000e+03	0
5.628141e-01	8.240887e-01	1.703447e+00	1.518239e+04	8.542396e+11	2.435493e+01	-3.226130e+08	5.000000e+03	0
5.678392e-01	8.314466e-01	1.744469e+00	1.510049e+04	8.370763e+11	2.450885e+01	-3.214426e+08	5.000000e+03	0
5.728643e-01	8.388045e-01	1.786067e+00	1.501762e+04	8.198960e+11	2.466055e+01	-3.202652e+08	5.000000e+03	0
5.778894e-01	8.461625e-01	1.828091e+00	1.493402e+04	8.027091e+11	2.481055e+01	-3.190809e+08	5.000000e+03	0
5.829146e-01	8.535204e-01	1.870692e+00	1.484941e+04	7.855131e+11	2.495825e+01	-3.178897e+08	5.000000e+03	0
5.879397e-01	8.608783e-01	1.913702e+00	1.476409e+04	7.683165e+11	2.510425e+01	-3.166917e+08	5.000000e+03	0
5.929648e-01	8.682363e-01	1.957290e+00	1.467773e+04	7.511191e+11	2.524785e+01	-3.154872e+08	5.000000e+03	0
5.979899e-01	8.755942e-01	2.001267e+00	1.459064e+04	7.339271e+11	2.538976e+01	-3.142761e+08	5.000000e+03	0
6.030151e-01	8.829522e-01	2.045819e+00	1.450249e+04	7.167428e+11	2.552917e+01	-3.130584e+08	5.000000e+03	0
6.080402e-01	8.903101e-01	2.090743e+00	1.441361e+04	6.995694e+11	2.566691e+01	-3.118345e+08	5.000000e+03	0
6.130653e-01	8.976680e-01	2.136238e+00	1.432363e+04	6.824129e+11	2.580205e+01	-3.106043e+08	5.000000e+03	0
6.180905e-01	9.050260e-01	2.182086e+00	1.423293e+04	6.652727e+11	2.593551e+01	-3.093679e+08	5.000000e+03	0
6.231156e-01	9.123839e-01	2.228499e+00	1.414108e+04	6.481587e+11	2.606629e+01	-3.081255e+08	5.000000e+03	0
6.281407e-01	9.197418e-01	2.275245e+00	1.404852e+04	6.310662e+11	2.619539e+01	-3.068772e+08	5.000000e+03	0
6.331658e-01	9.270998e-01	2.322549e+00	1.395476e+04	6.140097e+11	2.632170e+01	-3.056229e+08	5.000000e+03	0
6.381910e-01	9.344577e-01	2.370165e+00	1.386028e+04	5.969795e+11	2.644635e+01	-3.043630e+08	5.000000e+03	0
6.432161e-01	9.418156e-01	2.418330e+00	1.376456e+04	5.799955e+11	2.656810e+01	-3.030974e+08	5.000000e+03	0
6.482412e-01	9.491736e-01	2.466788e+00	1.366812e+04	5.630426e+11	2.668819e+01	-3.018263e+08	5.000000e+03	0
6.532663e-01	9.565315e-01	2.515781e+00	1.357038e+04	5.461463e+11	2.680527e+01	-3.005497e+08	5.000000e+03	0
6.582915e-01	9.638894e-01	2.565047e+00	1.347192e+04	5.292855e+11	2.692071e+01	-2.992679e+08	5.000000e+03	0
6.633166e-01	9.712474e-01	2.614833e+00	1.337210e+04	5.124925e+11	2.703302e+01	-2.979808e+08	5.000000e+03	0
6.683417e-01	9.786053e-01	2.664872e+00	1.327157e+04	4.957390e+11	2.714369e+01	-2.966888e+08	5.000000e+03	0
6.733668e-01	9.859632e-01	2.715414e+00	1.316960e+04	4.790647e+11	2.725111e+01	-2.953917e+08	5.000000e+03	0
6.783920e-01	9.933212e-01	2.766187e+00	1.306692e+04	4.624338e+11	2.735692e+01	-2.940897e+08	5.000000e+03	0
6.834171e-01	1.000679e+00	2.817443e+00	1.296272e+04	4.458939e+11	2.745934e+01	-2.927829e+08	5.000000e+03	0
6.884422e-01	1.008037e+00	2.868909e+00	1.285781e+04	4.294011e+11	2.756016e+01	-2.914718e+08	5.000000e+03	0
6.934673e-01	1.015395e+00	2.920835e+00	1.275131e+04	4.130116e+11	2.765746e+01	-2.901559e+08	5.000000e+03	0
6.984925e-01	1.022753e+00	2.966036e+00	1.183091e+04	3.988279e+11	2.768977e+01	-2.888358e+08	5.000000e+03	0
7.035176e-01	1.030111e+00	2.995771e+00	9.038525e+03	3.897178e+11	2.757261e+01	-2.875132e+08	5.000000e+03	0
7.085427e-01	1.037469e+00	3.025639e+00	7.050233e+03	3.806653e+11	2.745698e+01	-2.861927e+08	5.000000e+03	1
7.135678e-01	1.044827e+00	3.055826e+00	7.002846e+03	3.717522e+11	2.734502e+01	-2.848777e+08	5.000000e+03	1
7.185930e-01	1.052185e+00	3.086137e+00	6.955460e+03	3.628932e+11	2.723443e+01	-2.835684e+08	5.000000e+03	1
7.236181e-01	1.059543e+00	3.116765e+00	6.908076e+03	3.541718e+11	2.712730e+01	-2.822644e+08	5.000000e+03	1
7.286432e-01	1.066901e+00	3.147510e+00	6.860685e+03	3.455013e+11	2.702138e+01	-2.809658e+08	5.000000e+03	1
7.336683e-01	1.074258e+00	3.178567e+00	6.813274e+03	3.369666e+11	2.691869e+01	-2.796724e+08	5.000000e+03	1
7.386935e-01	1.081616e+00	3.209733e+00	6.765849e+03	3.284799e+11	2.681709e+01	-2.783842e+08	5.000000e+03	1
7.437186e-01	1.088974e+00	3.241207e+00	6.718384e+03	3.201276e+11	2.671851e+01	-2.771010e+08	5.000000e+03	1
7.487437e-01	1.096332e+00	3.272783e+00	6.670897e+03	3.118204e+11	2.662090e+01	-2.758229e+08	5.000000e+03	1
7.537688e-01	1.103690e+00	3.304660e+00	6.623347e+03	3.036465e+11	2.652611e+01	-2.745494e+08	5.000000e+03	1
7.587940e-01	1.111048e+00	3.336631e+00	6.575770e+03	2.955149e+11	2.643217e+01	-2.732807e+08	5.000000e+03	1
7.638191e-01	1.118406e+00	3.368897e+00	6.528106e+03	2.875155e+11	2.634087e+01	-2.720168e+08	5.000000e+03	1
7.688442e-01	1.125764e+00	3.401251e+00	6.480409e+03	2.795560e+11	2.625031e+01	-2.707574e+08	5.000000e+03	1
7.738693e-01	1.133122e+00	3.433891e+00	6.432602e+03	2.717279e+11	2.616220e+01	-2.695025e+08	5.000000e+03	1
7.788945e-01	1.140480e+00	3.466612e+00	6.384755e+03	2.639373e+11	2.607474e+01	-2.682520e+08	5.000000e+03	1
7.839196e-01	1.147838e+00	3.499611e+00	6.336772e+03	2.562774e+11	2.598956e+01	-2.670059e+08	5.000000e+03	1
7.889447e-01	1.155196e+00	3.532682e+00	6.288746e+03	2.486527e+11	2.590495e+01	-2.657640e+08	5.000000e+03	1
7.939698e-01	1.162554e+00	3.566023e+00	6.240555e+03	2.411584e+11	2.582244e+01	-2.645264e+08	5.000000e+03	1
7.989950e-01	1.169912e+00	3.599428e+00	6.192316e+03	2.336971e+11	2.574042e+01	-2.632929e+08	5.000000e+03	1
8.040201e-01	1.177270e+00	3.633092e+00	6.143885e+03	2.263658e+11	2.566033e+01	-2.620635e+08	5.000000e+03	1
8.090452e-01	1.184627e+00	3.666815e+00	6.095400e+03	2.190655e+11	2.558066e+01	-2.608381e+08	5.000000e+03	1
8.140704e-01	1.191985e+00	3.700783e+00	6.046692e+03	2.118952e+11	2.550277e+01	-2.596167e+08	5.000000e+03	1
8.190955e-01	1.199343e+00	3.734804e+00	5.997927e+03	2.047538e+11	2.542523e+01	-2.583993e+08	5.000000e+03	1
8.241206e-01	1.206701e+00	3.769057e+00	5.948905e+03	1.977425e+11	2.534931e+01	-2.571857e+08	5.000000e+03	1
8.291457e-01	1.214059e+00	3.803355e+00	5.899822e+03	1.907582e+11	2.527368e+01	-2.559759e+08	5.000000e+03	1
8.341709e-01	1.221417e+00	3.837871e+00	5.850446e+03	1.839043e+11	2.519951e+01	-2.547699e+08	5.000000e+03	1
8.391960e-01	1.228775e+00	3.872426e+00	5.801005e+03	1.770756e+11	2.512560e+01	-2.535676e+08	5.000000e+03	1
8.442211e-01	1.236133e+00	3.907182e+00	5.751232e+03	1.703776e+11	2.505298e+01	-2.523690e+08	5.000000e+03	1
8.492462e-01	1.243491e+00	3.941971e+00	5.701391e+03	1.637031e+11	2.498057e+01	-2.511741e+08	5.000000e+03	1
8.542714e-01	1.250849e+00	3.976944e+00	5.651173e+03	1.571600e+11	2.490931e+01	-2.499829e+08	5.000000e+03	1
8.592965e-01	1.258207e+00	4.011944e+00	5.600886e+03	1.506387e+11	2.483822e+01	-2.487951e+08	5.000000e+03	1
8.643216e-01	1.265565e+00	4.047107e+00	5.550173e+03	1.442495e+11	2.476813e+01	-2.476110e+08	5.000000e+03	1
8.693467e-01	1.272923e+00	4.082292e+00	5.499388e+03	1.378804e+11	2.469817e+01	-2.464304e+08	5.000000e+03	1
8.743719e-01	1.280281e+00	4.117619e+00	5.448125e+03	1.316444e+11	2.462906e+01	-2.452533e+08	5.000000e+03	1
8.793970e-01	1.287639e+00	4.152963e+00	5.396787e+03	1.254270e+11	2.456004e+01	-2.440796e+08	5.000000e+03	1
8.844221e-01	1.294996e+00	4.188424e+00	5.344910e+03	1.193438e+11	2.449173e+01	-2.429095e+08	5.000000e+03	1
8.894472e-01	1.302354e+00	4.223898e+00	5.292957e+03	1.132776e+11	2.442349e+01	-2.417427e+08	5.000000e+03	1
8.944724e-01	1.309712e+00	4.259463e+00	5.240396e+03	1.073470e+11	2.435581e+01	-2.405794e+08	5.000000e+03	1
8.994975e-01	1.317070e+00	4.295035e+00	5.187758e+03	1.014318e+11	2.428817e+01	-2.394195e+08	5.000000e+03	1
9.045226e-01	1.324428e+00	4.330671e+00	5.134434e+03	9.565376e+10	2.422093e+01	-2.382630e+08	5.000000e+03	1
9.095477e-01	1.331786e+00	4.366310e+00	5.081033e+03	8.988967e+10	2.415372e+01	-2.371098e+08	5.000000e+03	1
9.145729e-01	1.339144e+00	4.401980e+00	5.026854e+03	8.426460e+10	2.408676e+01	-2.359600e+08	5.000000e+03	1
9.195980e-01	1.346502e+00	4.437650e+00	4.972599e+03	7.865194e+10	2.401981e+01	-2.348136e+08	5.000000e+03	1
9.246231e-01	1.353860e+00	4.473317e+00	4.917460e+03	7.318038e+10	2.395295e+01	-2.336705e+08	5.000000e+03	1
9.296482e-01	1.361218e+00	4.508981e+00	4.862246e+03	6.771974e+10	2.388609e+01	-2.325308e+08	5.000000e+03	1
9.346734e-01	1.368576e+00	4.544603e+00	4.806023e+03	6.240259e+10	2.381916e+01	-2.313944e+08	5.000000e+03	1
9.396985e-01	1.375934e+00	4.580220e+00	4.749725e+03	5.709486e+10	2.375222e+01	-2.302614e+08	5.000000e+03	1
9.447236e-01	1.383292e+00	4.615752e+00	4.692270e+03	5.193334e+10	2.368504e+01	-2.291317e+08	5.000000e+03	1
9.497487e-01	1.390650e+00	4.651277e+00	4.634743e+03	4.677975e+10	2.361783e+01	-2.280055e+08	5.000000e+03	1
9.547739e-01	1.398008e+00	4.686669e+00	4.575873e+03	4.177548e+10	2.355021e+01	-2.268825e+08	5.000000e+03	1
9.597990e-01	1.405366e+00	4.722054e+00	4.516938e+03	3.677764e+10	2.348257e+01	-2.257630e+08	5.000000e+03	1
9.648241e-01	1.412723e+00	4.757253e+00	4.456431e+03	3.193268e+10	2.341431e+01	-2.246468e+08	5.000000e+03	1
9.698492e-01	1.420081e+00	4.792443e+00	4.395865e+03	2.709264e+10	2.334603e+01	-2.235340e+08	5.000000e+03	1
9.748744e-01	1.427439e+00	4.827387e+00	4.333434e+03	2.240964e+10	2.327694e+01	-2.224247e+08	5.000000e+03	1
9.798995e-01	1.434797e+00	4.862325e+00	4.270957e+03	1.772999e+10	2.320782e+01	-2.213188e+08	5.000000e+03	1
9.849246e-01	1.442155e+00	4.896946e+00	4.206228e+03	1.321228e+10	2.313766e+01	-2.202163e+08	5.000000e+03	1
9.899497e-01	1.449513e+00	4.931563e+00	4.141438e+03	8.696278e+09	2.306749e+01	-2.191174e+08	5.000000e+03	1
9.949749e-01	1.456871e+00	4.965781e+00	4.070719e+03	4.348139e+09	2.299600e+01	-2.180220e+08	5.000000e+03	1
1.000000e+00	1.464229e+00	5.000000e+00	4.000000e+03	0.000000e+00	2.292452e+01	-2.169300e+08	3.000000e+02	1
