#R=1.4856154918451214
#interptype='linear'
#name='planet'
#norm={'P': 1000000000000.0, 'R': 1.4856154918451214, 'M': 5.2999999999999998, 'g': 23.605390200027042, 'rho': 4000.0}
#state=1
#composition
#layer0		Fe08FeS02		0.600000
#layer1		pv_fmw		0.400000
#Cols=
 #'ur		r		mr		rho		P		g		phi		T		composition'
#-end-
0.000000e+00	0.000000e+00	3.748807e-11	1.997290e+04	2.142282e+12	0.000000e+00	-4.113199e+08	5.000000e+03	0
5.025126e-03	7.465404e-03	6.080254e-06	1.997496e+04	2.142964e+12	-1.467979e-01	-4.113135e+08	5.000000e+03	0
1.005025e-02	1.493081e-02	1.216047e-05	1.997703e+04	2.143646e+12	-2.935957e-01	-4.112946e+08	5.000000e+03	0
1.507538e-02	2.239621e-02	5.417325e-05	1.997722e+04	2.143707e+12	-4.323885e-02	-4.112631e+08	5.000000e+03	0
2.010050e-02	2.986162e-02	9.655268e-05	1.997738e+04	2.143761e+12	2.111706e-01	-4.112188e+08	5.000000e+03	0
2.512563e-02	3.732702e-02	2.098785e-04	1.997603e+04	2.143317e+12	4.778691e-01	-4.111621e+08	5.000000e+03	0
3.015075e-02	4.479243e-02	3.246672e-04	1.997466e+04	2.142863e+12	7.448210e-01	-4.110927e+08	5.000000e+03	0
3.517588e-02	5.225783e-02	5.446475e-04	1.997179e+04	2.141917e+12	1.012491e+00	-4.110107e+08	5.000000e+03	0
4.020101e-02	5.972324e-02	7.679150e-04	1.996887e+04	2.140956e+12	1.280184e+00	-4.109160e+08	5.000000e+03	0
4.522613e-02	6.718864e-02	1.129820e-03	1.996448e+04	2.139510e+12	1.547828e+00	-4.108088e+08	5.000000e+03	0
5.025126e-02	7.465404e-02	1.497562e-03	1.996002e+04	2.138044e+12	1.815469e+00	-4.106889e+08	5.000000e+03	0
5.527638e-02	8.211945e-02	2.036558e-03	1.995411e+04	2.136098e+12	2.082886e+00	-4.105564e+08	5.000000e+03	0
6.030151e-02	8.958485e-02	2.584664e-03	1.994812e+04	2.134127e+12	2.350292e+00	-4.104113e+08	5.000000e+03	0
6.532663e-02	9.705026e-02	3.335782e-03	1.994068e+04	2.131684e+12	2.617383e+00	-4.102537e+08	5.000000e+03	0
7.035176e-02	1.045157e-01	4.099999e-03	1.993315e+04	2.129210e+12	2.884454e+00	-4.100835e+08	5.000000e+03	0
7.537688e-02	1.119811e-01	5.098103e-03	1.992420e+04	2.126270e+12	3.151139e+00	-4.099007e+08	5.000000e+03	0
8.040201e-02	1.194465e-01	6.114004e-03	1.991513e+04	2.123295e+12	3.417794e+00	-4.097053e+08	5.000000e+03	0
8.542714e-02	1.269119e-01	7.393759e-03	1.990465e+04	2.119862e+12	3.683998e+00	-4.094974e+08	5.000000e+03	0
9.045226e-02	1.343773e-01	8.696709e-03	1.989405e+04	2.116388e+12	3.950163e+00	-4.092770e+08	5.000000e+03	0
9.547739e-02	1.418427e-01	1.029255e-02	1.988206e+04	2.112463e+12	4.215814e+00	-4.090442e+08	5.000000e+03	0
1.005025e-01	1.493081e-01	1.191767e-02	1.986992e+04	2.108493e+12	4.481414e+00	-4.087986e+08	5.000000e+03	0
1.055276e-01	1.567735e-01	1.386376e-02	1.985640e+04	2.104079e+12	4.746439e+00	-4.085405e+08	5.000000e+03	0
1.105528e-01	1.642389e-01	1.584591e-02	1.984273e+04	2.099616e+12	5.011400e+00	-4.082702e+08	5.000000e+03	0
1.155779e-01	1.717043e-01	1.817611e-02	1.982770e+04	2.094717e+12	5.275728e+00	-4.079874e+08	5.000000e+03	0
1.206030e-01	1.791697e-01	2.054983e-02	1.981249e+04	2.089764e+12	5.539976e+00	-4.076921e+08	5.000000e+03	0
1.256281e-01	1.866351e-01	2.329770e-02	1.979593e+04	2.084383e+12	5.803535e+00	-4.073843e+08	5.000000e+03	0
1.306533e-01	1.941005e-01	2.609719e-02	1.977919e+04	2.078944e+12	6.066998e+00	-4.070641e+08	5.000000e+03	0
1.356784e-01	2.015659e-01	2.929591e-02	1.976112e+04	2.073086e+12	6.329715e+00	-4.067316e+08	5.000000e+03	0
1.407035e-01	2.090313e-01	3.255498e-02	1.974285e+04	2.067164e+12	6.592320e+00	-4.063867e+08	5.000000e+03	0
1.457286e-01	2.164967e-01	3.623734e-02	1.972326e+04	2.060832e+12	6.854124e+00	-4.060294e+08	5.000000e+03	0
1.507538e-01	2.239621e-01	3.998943e-02	1.970345e+04	2.054433e+12	7.115796e+00	-4.056598e+08	5.000000e+03	0
1.557789e-01	2.314275e-01	4.418780e-02	1.968234e+04	2.047632e+12	7.376615e+00	-4.052779e+08	5.000000e+03	0
1.608040e-01	2.388929e-01	4.846587e-02	1.966100e+04	2.040760e+12	7.637282e+00	-4.048838e+08	5.000000e+03	0
1.658291e-01	2.463583e-01	5.321216e-02	1.963837e+04	2.033495e+12	7.897044e+00	-4.044774e+08	5.000000e+03	0
1.708543e-01	2.538238e-01	5.804871e-02	1.961550e+04	2.026155e+12	8.156633e+00	-4.040588e+08	5.000000e+03	0
1.758794e-01	2.612892e-01	6.337435e-02	1.959136e+04	2.018432e+12	8.415266e+00	-4.036279e+08	5.000000e+03	0
1.809045e-01	2.687546e-01	6.880138e-02	1.956695e+04	2.010630e+12	8.673702e+00	-4.031849e+08	5.000000e+03	0
1.859296e-01	2.762200e-01	7.473726e-02	1.954130e+04	2.002454e+12	8.931136e+00	-4.027298e+08	5.000000e+03	0
1.909548e-01	2.836854e-01	8.078622e-02	1.951536e+04	1.994194e+12	9.188347e+00	-4.022625e+08	5.000000e+03	0
1.959799e-01	2.911508e-01	8.736270e-02	1.948819e+04	1.985572e+12	9.444508e+00	-4.017832e+08	5.000000e+03	0
2.010050e-01	2.986162e-01	9.406447e-02	1.946072e+04	1.976862e+12	9.700420e+00	-4.012919e+08	5.000000e+03	0
2.060302e-01	3.060816e-01	1.013113e-01	1.943204e+04	1.967799e+12	9.955238e+00	-4.007885e+08	5.000000e+03	0
2.110553e-01	3.135470e-01	1.086962e-01	1.940304e+04	1.958645e+12	1.020978e+01	-4.002731e+08	5.000000e+03	0
2.160804e-01	3.210124e-01	1.166425e-01	1.937284e+04	1.949148e+12	1.046318e+01	-3.997458e+08	5.000000e+03	0
2.211055e-01	3.284778e-01	1.247401e-01	1.934231e+04	1.939558e+12	1.071628e+01	-3.992065e+08	5.000000e+03	0
2.261307e-01	3.359432e-01	1.334144e-01	1.931059e+04	1.929633e+12	1.096819e+01	-3.986554e+08	5.000000e+03	0
2.311558e-01	3.434086e-01	1.422536e-01	1.927854e+04	1.919613e+12	1.121977e+01	-3.980924e+08	5.000000e+03	0
2.361809e-01	3.508740e-01	1.516839e-01	1.924531e+04	1.909269e+12	1.147012e+01	-3.975177e+08	5.000000e+03	0
2.412060e-01	3.583394e-01	1.612930e-01	1.921172e+04	1.898827e+12	1.172011e+01	-3.969311e+08	5.000000e+03	0
2.462312e-01	3.658048e-01	1.715062e-01	1.917698e+04	1.888071e+12	1.196883e+01	-3.963329e+08	5.000000e+03	0
2.512563e-01	3.732702e-01	1.819127e-01	1.914186e+04	1.877214e+12	1.221715e+01	-3.957229e+08	5.000000e+03	0
2.562814e-01	3.807356e-01	1.929352e-01	1.910560e+04	1.866053e+12	1.246418e+01	-3.951012e+08	5.000000e+03	0
2.613065e-01	3.882010e-01	2.041658e-01	1.906896e+04	1.854790e+12	1.271076e+01	-3.944680e+08	5.000000e+03	0
2.663317e-01	3.956664e-01	2.160233e-01	1.903119e+04	1.843234e+12	1.295601e+01	-3.938232e+08	5.000000e+03	0
2.713568e-01	4.031318e-01	2.281040e-01	1.899301e+04	1.831573e+12	1.320078e+01	-3.931671e+08	5.000000e+03	0
2.763819e-01	4.105972e-01	2.408211e-01	1.895373e+04	1.819629e+12	1.344418e+01	-3.924991e+08	5.000000e+03	0
2.814070e-01	4.180627e-01	2.537769e-01	1.891402e+04	1.807578e+12	1.368707e+01	-3.918198e+08	5.000000e+03	0
2.864322e-01	4.255281e-01	2.673777e-01	1.887322e+04	1.795256e+12	1.392855e+01	-3.911292e+08	5.000000e+03	0
2.914573e-01	4.329935e-01	2.812329e-01	1.883199e+04	1.782826e+12	1.416948e+01	-3.904273e+08	5.000000e+03	0
2.964824e-01	4.404589e-01	2.957404e-01	1.878968e+04	1.770133e+12	1.440898e+01	-3.897140e+08	5.000000e+03	0
3.015075e-01	4.479243e-01	3.105182e-01	1.874691e+04	1.757332e+12	1.464788e+01	-3.889895e+08	5.000000e+03	0
3.065327e-01	4.553897e-01	3.259546e-01	1.870308e+04	1.744280e+12	1.488531e+01	-3.882538e+08	5.000000e+03	0
3.115578e-01	4.628551e-01	3.416774e-01	1.865879e+04	1.731118e+12	1.512211e+01	-3.875069e+08	5.000000e+03	0
3.165829e-01	4.703205e-01	3.580639e-01	1.861344e+04	1.717715e+12	1.535741e+01	-3.867490e+08	5.000000e+03	0
3.216080e-01	4.777859e-01	3.747530e-01	1.856762e+04	1.704202e+12	1.559202e+01	-3.859800e+08	5.000000e+03	0
3.266332e-01	4.852513e-01	3.921100e-01	1.852075e+04	1.690458e+12	1.582512e+01	-3.852000e+08	5.000000e+03	0
3.316583e-01	4.927167e-01	4.097858e-01	1.847340e+04	1.676604e+12	1.605748e+01	-3.844091e+08	5.000000e+03	0
3.366834e-01	5.001821e-01	4.281324e-01	1.842501e+04	1.662530e+12	1.628830e+01	-3.836073e+08	5.000000e+03	0
3.417085e-01	5.076475e-01	4.468143e-01	1.837612e+04	1.648346e+12	1.651834e+01	-3.827946e+08	5.000000e+03	0
3.467337e-01	5.151129e-01	4.661687e-01	1.832622e+04	1.633952e+12	1.674681e+01	-3.819712e+08	5.000000e+03	0
3.517588e-01	5.225783e-01	4.858749e-01	1.827579e+04	1.619448e+12	1.697445e+01	-3.811371e+08	5.000000e+03	0
3.567839e-01	5.300437e-01	5.062543e-01	1.822436e+04	1.604745e+12	1.720050e+01	-3.802923e+08	5.000000e+03	0
3.618090e-01	5.375091e-01	5.270019e-01	1.817239e+04	1.589933e+12	1.742567e+01	-3.794371e+08	5.000000e+03	0
3.668342e-01	5.449745e-01	5.484224e-01	1.811944e+04	1.574931e+12	1.764922e+01	-3.785711e+08	5.000000e+03	0
3.718593e-01	5.524399e-01	5.702273e-01	1.806594e+04	1.559822e+12	1.787185e+01	-3.776946e+08	5.000000e+03	0
3.768844e-01	5.599053e-01	5.927038e-01	1.801146e+04	1.544533e+12	1.809283e+01	-3.768077e+08	5.000000e+03	0
3.819095e-01	5.673707e-01	6.155809e-01	1.795641e+04	1.529138e+12	1.831284e+01	-3.759106e+08	5.000000e+03	0
3.869347e-01	5.748361e-01	6.391270e-01	1.790040e+04	1.513574e+12	1.853118e+01	-3.750032e+08	5.000000e+03	0
3.919598e-01	5.823015e-01	6.630899e-01	1.784380e+04	1.497904e+12	1.874849e+01	-3.740856e+08	5.000000e+03	0
3.969849e-01	5.897670e-01	6.877183e-01	1.778626e+04	1.482076e+12	1.896412e+01	-3.731586e+08	5.000000e+03	0
4.020101e-01	5.972324e-01	7.127792e-01	1.772811e+04	1.466145e+12	1.917867e+01	-3.722198e+08	5.000000e+03	0
4.070352e-01	6.046978e-01	7.385011e-01	1.766903e+04	1.450065e+12	1.939151e+01	-3.712718e+08	5.000000e+03	0
4.120603e-01	6.121632e-01	7.646710e-01	1.760933e+04	1.433884e+12	1.960321e+01	-3.703139e+08	5.000000e+03	0
4.170854e-01	6.196286e-01	7.914964e-01	1.754871e+04	1.417565e+12	1.981320e+01	-3.693461e+08	5.000000e+03	0
4.221106e-01	6.270940e-01	8.187851e-01	1.748744e+04	1.401147e+12	2.002197e+01	-3.683552e+08	5.000000e+03	0
4.271357e-01	6.345594e-01	8.467227e-01	1.742527e+04	1.384600e+12	2.022903e+01	-3.673810e+08	5.000000e+03	0
4.321608e-01	6.420248e-01	8.751384e-01	1.736244e+04	1.367957e+12	2.043481e+01	-3.663839e+08	5.000000e+03	0
4.371859e-01	6.494902e-01	9.041956e-01	1.729872e+04	1.351195e+12	2.063886e+01	-3.653772e+08	5.000000e+03	0
4.422111e-01	6.569556e-01	9.337452e-01	1.723432e+04	1.334341e+12	2.084157e+01	-3.643610e+08	5.000000e+03	0
4.472362e-01	6.644210e-01	9.639279e-01	1.716904e+04	1.317377e+12	2.104254e+01	-3.633353e+08	5.000000e+03	0
4.522613e-01	6.718864e-01	9.946169e-01	1.710306e+04	1.300325e+12	2.124210e+01	-3.623002e+08	5.000000e+03	0
4.572864e-01	6.793518e-01	1.025930e+00	1.703622e+04	1.283172e+12	2.143991e+01	-3.612558e+08	5.000000e+03	0
4.623116e-01	6.868172e-01	1.057762e+00	1.696865e+04	1.265934e+12	2.163625e+01	-3.602022e+08	5.000000e+03	0
4.673367e-01	6.942826e-01	1.090208e+00	1.690023e+04	1.248605e+12	2.183083e+01	-3.591394e+08	5.000000e+03	0
4.723618e-01	7.017480e-01	1.123186e+00	1.683107e+04	1.231196e+12	2.202387e+01	-3.580675e+08	5.000000e+03	0
4.773869e-01	7.092134e-01	1.156766e+00	1.676106e+04	1.213705e+12	2.221513e+01	-3.569867e+08	5.000000e+03	0
4.824121e-01	7.166788e-01	1.190890e+00	1.669029e+04	1.196138e+12	2.240480e+01	-3.558969e+08	5.000000e+03	0
4.874372e-01	7.241442e-01	1.225605e+00	1.661869e+04	1.178497e+12	2.259268e+01	-3.547982e+08	5.000000e+03	0
4.924623e-01	7.316096e-01	1.260876e+00	1.654631e+04	1.160787e+12	2.277888e+01	-3.536909e+08	5.000000e+03	0
4.974874e-01	7.390750e-01	1.296723e+00	1.647311e+04	1.143011e+12	2.296330e+01	-3.525748e+08	5.000000e+03	0
5.025126e-01	7.465404e-01	1.333137e+00	1.639910e+04	1.125171e+12	2.314597e+01	-3.514501e+08	5.000000e+03	0
5.075377e-01	7.540059e-01	1.370114e+00	1.632428e+04	1.107274e+12	2.332685e+01	-3.503170e+08	5.000000e+03	0
5.125628e-01	7.614713e-01	1.407667e+00	1.624863e+04	1.089318e+12	2.350590e+01	-3.491754e+08	5.000000e+03	0
5.175879e-01	7.689367e-01	1.445769e+00	1.617217e+04	1.071313e+12	2.368316e+01	-3.480255e+08	5.000000e+03	0
5.226131e-01	7.764021e-01	1.484455e+00	1.609487e+04	1.053257e+12	2.385851e+01	-3.468673e+08	5.000000e+03	0
5.276382e-01	7.838675e-01	1.523675e+00	1.601677e+04	1.035159e+12	2.403207e+01	-3.457010e+08	5.000000e+03	0
5.326633e-01	7.913329e-01	1.563486e+00	1.593779e+04	1.017016e+12	2.420365e+01	-3.445266e+08	5.000000e+03	0
5.376884e-01	7.987983e-01	1.603815e+00	1.585803e+04	9.988391e+11	2.437343e+01	-3.433443e+08	5.000000e+03	0
5.427136e-01	8.062637e-01	1.644742e+00	1.577736e+04	9.806243e+11	2.454114e+01	-3.421540e+08	5.000000e+03	0
5.477387e-01	8.137291e-01	1.686171e+00	1.569592e+04	9.623837e+11	2.470705e+01	-3.409560e+08	5.000000e+03	0
5.527638e-01	8.211945e-01	1.728201e+00	1.561354e+04	9.441121e+11	2.487081e+01	-3.397502e+08	5.000000e+03	0
5.577889e-01	8.286599e-01	1.770717e+00	1.553039e+04	9.258220e+11	2.503279e+01	-3.385369e+08	5.000000e+03	0
5.628141e-01	8.361253e-01	1.813838e+00	1.544628e+04	9.075087e+11	2.519251e+01	-3.373160e+08	5.000000e+03	0
5.678392e-01	8.435907e-01	1.857426e+00	1.536141e+04	8.891840e+11	2.535045e+01	-3.360878e+08	5.000000e+03	0
5.728643e-01	8.510561e-01	1.901621e+00	1.527555e+04	8.708443e+11	2.550606e+01	-3.348522e+08	5.000000e+03	0
5.778894e-01	8.585215e-01	1.946265e+00	1.518892e+04	8.524999e+11	2.565989e+01	-3.336094e+08	5.000000e+03	0
5.829146e-01	8.659869e-01	1.991518e+00	1.510127e+04	8.341492e+11	2.581128e+01	-3.323596e+08	5.000000e+03	0
5.879397e-01	8.734523e-01	2.037200e+00	1.501287e+04	8.158003e+11	2.596090e+01	-3.311026e+08	5.000000e+03	0
5.929648e-01	8.809177e-01	2.083489e+00	1.492341e+04	7.974540e+11	2.610800e+01	-3.298388e+08	5.000000e+03	0
5.979899e-01	8.883831e-01	2.130188e+00	1.483320e+04	7.791159e+11	2.625332e+01	-3.285682e+08	5.000000e+03	0
6.030151e-01	8.958485e-01	2.177492e+00	1.474189e+04	7.607897e+11	2.639603e+01	-3.272908e+08	5.000000e+03	0
6.080402e-01	9.033139e-01	2.225185e+00	1.464984e+04	7.424777e+11	2.653696e+01	-3.260069e+08	5.000000e+03	0
6.130653e-01	9.107793e-01	2.273478e+00	1.455664e+04	7.241876e+11	2.667518e+01	-3.247165e+08	5.000000e+03	0
6.180905e-01	9.182448e-01	2.322141e+00	1.446271e+04	7.059173e+11	2.681163e+01	-3.234197e+08	5.000000e+03	0
6.231156e-01	9.257102e-01	2.371396e+00	1.436759e+04	6.876790e+11	2.694526e+01	-3.221166e+08	5.000000e+03	0
6.281407e-01	9.331756e-01	2.421000e+00	1.427173e+04	6.694662e+11	2.707714e+01	-3.208073e+08	5.000000e+03	0
6.331658e-01	9.406410e-01	2.471188e+00	1.417464e+04	6.512960e+11	2.720608e+01	-3.194920e+08	5.000000e+03	0
6.381910e-01	9.481064e-01	2.521703e+00	1.407681e+04	6.331564e+11	2.733328e+01	-3.181708e+08	5.000000e+03	0
6.432161e-01	9.555718e-01	2.572791e+00	1.397770e+04	6.150705e+11	2.745743e+01	-3.168437e+08	5.000000e+03	0
6.482412e-01	9.630372e-01	2.624184e+00	1.387785e+04	5.970201e+11	2.757984e+01	-3.155109e+08	5.000000e+03	0
6.532663e-01	9.705026e-01	2.676136e+00	1.377666e+04	5.790349e+11	2.769909e+01	-3.141725e+08	5.000000e+03	0
6.582915e-01	9.779680e-01	2.728372e+00	1.367473e+04	5.610900e+11	2.781662e+01	-3.128286e+08	5.000000e+03	0
6.633166e-01	9.854334e-01	2.781149e+00	1.357139e+04	5.432221e+11	2.793086e+01	-3.114793e+08	5.000000e+03	0
6.683417e-01	9.928988e-01	2.834189e+00	1.346732e+04	5.253989e+11	2.804339e+01	-3.101249e+08	5.000000e+03	0
6.733668e-01	1.000364e+00	2.887751e+00	1.336177e+04	5.076650e+11	2.815251e+01	-3.087653e+08	5.000000e+03	0
6.783920e-01	1.007830e+00	2.941552e+00	1.325548e+04	4.899800e+11	2.825992e+01	-3.074007e+08	5.000000e+03	0
6.834171e-01	1.015295e+00	2.995854e+00	1.314763e+04	4.723972e+11	2.836379e+01	-3.060311e+08	5.000000e+03	0
6.884422e-01	1.022760e+00	3.050372e+00	1.303904e+04	4.548671e+11	2.846597e+01	-3.046570e+08	5.000000e+03	0
6.934673e-01	1.030226e+00	3.105364e+00	1.292881e+04	4.374525e+11	2.856446e+01	-3.032782e+08	5.000000e+03	0
6.984925e-01	1.037691e+00	3.153261e+00	1.199709e+04	4.223740e+11	2.859634e+01	-3.018949e+08	5.000000e+03	0
7.035176e-01	1.045157e+00	3.184837e+00	9.175946e+03	4.126686e+11	2.847503e+01	-3.005091e+08	5.000000e+03	0
7.085427e-01	1.052622e+00	3.216552e+00	7.166784e+03	4.030256e+11	2.835527e+01	-2.991256e+08	5.000000e+03	1
7.135678e-01	1.060087e+00	3.248598e+00	7.117592e+03	3.935331e+11	2.823927e+01	-2.977479e+08	5.000000e+03	1
7.185930e-01	1.067553e+00	3.280775e+00	7.068402e+03	3.840991e+11	2.812466e+01	-2.963760e+08	5.000000e+03	1
7.236181e-01	1.075018e+00	3.313281e+00	7.019217e+03	3.748137e+11	2.801356e+01	-2.950098e+08	5.000000e+03	1
7.286432e-01	1.082484e+00	3.345908e+00	6.970027e+03	3.655834e+11	2.790371e+01	-2.936493e+08	5.000000e+03	1
7.336683e-01	1.089949e+00	3.378859e+00	6.920820e+03	3.565000e+11	2.779715e+01	-2.922943e+08	5.000000e+03	1
7.386935e-01	1.097414e+00	3.411923e+00	6.871600e+03	3.474683e+11	2.769169e+01	-2.909447e+08	5.000000e+03	1
7.437186e-01	1.104880e+00	3.445306e+00	6.822342e+03	3.385821e+11	2.758932e+01	-2.896004e+08	5.000000e+03	1
7.487437e-01	1.112345e+00	3.478795e+00	6.773063e+03	3.297445e+11	2.748791e+01	-2.882614e+08	5.000000e+03	1
7.537688e-01	1.119811e+00	3.512595e+00	6.723722e+03	3.210511e+11	2.738939e+01	-2.869274e+08	5.000000e+03	1
7.587940e-01	1.127276e+00	3.546493e+00	6.674354e+03	3.124035e+11	2.729173e+01	-2.855984e+08	5.000000e+03	1
7.638191e-01	1.134741e+00	3.580695e+00	6.624899e+03	3.038990e+11	2.719674e+01	-2.842743e+08	5.000000e+03	1
7.688442e-01	1.142207e+00	3.614986e+00	6.575412e+03	2.954375e+11	2.710252e+01	-2.829551e+08	5.000000e+03	1
7.738693e-01	1.149672e+00	3.649573e+00	6.525813e+03	2.871183e+11	2.701078e+01	-2.816406e+08	5.000000e+03	1
7.788945e-01	1.157138e+00	3.684242e+00	6.476174e+03	2.788396e+11	2.691970e+01	-2.803309e+08	5.000000e+03	1
7.839196e-01	1.164603e+00	3.719197e+00	6.426398e+03	2.707024e+11	2.683093e+01	-2.790256e+08	5.000000e+03	1
7.889447e-01	1.172069e+00	3.754226e+00	6.376577e+03	2.626033e+11	2.674273e+01	-2.777250e+08	5.000000e+03	1
7.939698e-01	1.179534e+00	3.789530e+00	6.326590e+03	2.546453e+11	2.665665e+01	-2.764287e+08	5.000000e+03	1
7.989950e-01	1.186999e+00	3.824901e+00	6.276553e+03	2.467230e+11	2.657108e+01	-2.751369e+08	5.000000e+03	1
8.040201e-01	1.194465e+00	3.860535e+00	6.226319e+03	2.389415e+11	2.648746e+01	-2.738494e+08	5.000000e+03	1
8.090452e-01	1.201930e+00	3.896228e+00	6.176031e+03	2.311935e+11	2.640426e+01	-2.725661e+08	5.000000e+03	1
8.140704e-01	1.209396e+00	3.932170e+00	6.125513e+03	2.235863e+11	2.632285e+01	-2.712871e+08	5.000000e+03	1
8.190955e-01	1.216861e+00	3.968165e+00	6.074937e+03	2.160105e+11	2.624180e+01	-2.700122e+08	5.000000e+03	1
8.241206e-01	1.224326e+00	4.004394e+00	6.024097e+03	2.085755e+11	2.616237e+01	-2.687414e+08	5.000000e+03	1
8.291457e-01	1.231792e+00	4.040669e+00	5.973194e+03	2.011697e+11	2.608324e+01	-2.674747e+08	5.000000e+03	1
8.341709e-01	1.239257e+00	4.077162e+00	5.921988e+03	1.939052e+11	2.600557e+01	-2.662119e+08	5.000000e+03	1
8.391960e-01	1.246723e+00	4.113693e+00	5.870716e+03	1.866680e+11	2.592816e+01	-2.649532e+08	5.000000e+03	1
8.442211e-01	1.254188e+00	4.150424e+00	5.819100e+03	1.795724e+11	2.585204e+01	-2.636983e+08	5.000000e+03	1
8.492462e-01	1.261653e+00	4.187188e+00	5.767415e+03	1.725023e+11	2.577613e+01	-2.624474e+08	5.000000e+03	1
8.542714e-01	1.269119e+00	4.224132e+00	5.715339e+03	1.655744e+11	2.570136e+01	-2.612003e+08	5.000000e+03	1
8.592965e-01	1.276584e+00	4.261101e+00	5.663191e+03	1.586702e+11	2.562676e+01	-2.599570e+08	5.000000e+03	1
8.643216e-01	1.284050e+00	4.298229e+00	5.610602e+03	1.519091e+11	2.555315e+01	-2.587175e+08	5.000000e+03	1
8.693467e-01	1.291515e+00	4.335378e+00	5.557938e+03	1.451699e+11	2.547966e+01	-2.574818e+08	5.000000e+03	1
8.743719e-01	1.298980e+00	4.372660e+00	5.504776e+03	1.385748e+11	2.540701e+01	-2.562498e+08	5.000000e+03	1
8.793970e-01	1.306446e+00	4.409958e+00	5.451536e+03	1.319999e+11	2.533445e+01	-2.550214e+08	5.000000e+03	1
8.844221e-01	1.313911e+00	4.447363e+00	5.397735e+03	1.255704e+11	2.526257e+01	-2.537968e+08	5.000000e+03	1
8.894472e-01	1.321377e+00	4.484778e+00	5.343854e+03	1.191593e+11	2.519076e+01	-2.525759e+08	5.000000e+03	1
8.944724e-01	1.328842e+00	4.522273e+00	5.289339e+03	1.128952e+11	2.511947e+01	-2.513585e+08	5.000000e+03	1
8.994975e-01	1.336307e+00	4.559773e+00	5.234743e+03	1.066478e+11	2.504823e+01	-2.501449e+08	5.000000e+03	1
9.045226e-01	1.343773e+00	4.597320e+00	5.179430e+03	1.005492e+11	2.497735e+01	-2.489348e+08	5.000000e+03	1
9.095477e-01	1.351238e+00	4.634869e+00	5.124035e+03	9.446556e+10	2.490650e+01	-2.477283e+08	5.000000e+03	1
9.145729e-01	1.358704e+00	4.672430e+00	5.067825e+03	8.853267e+10	2.483585e+01	-2.465255e+08	5.000000e+03	1
9.195980e-01	1.366169e+00	4.709989e+00	5.011534e+03	8.261324e+10	2.476521e+01	-2.453262e+08	5.000000e+03	1
9.246231e-01	1.373634e+00	4.747521e+00	4.954315e+03	7.684679e+10	2.469461e+01	-2.441305e+08	5.000000e+03	1
9.296482e-01	1.381100e+00	4.785049e+00	4.897015e+03	7.109218e+10	2.462400e+01	-2.429385e+08	5.000000e+03	1
9.346734e-01	1.388565e+00	4.822509e+00	4.838653e+03	6.549316e+10	2.455327e+01	-2.417500e+08	5.000000e+03	1
9.396985e-01	1.396031e+00	4.859960e+00	4.780211e+03	5.990437e+10	2.448251e+01	-2.405650e+08	5.000000e+03	1
9.447236e-01	1.403496e+00	4.897297e+00	4.720546e+03	5.447415e+10	2.441146e+01	-2.393837e+08	5.000000e+03	1
9.497487e-01	1.410961e+00	4.934624e+00	4.660805e+03	4.905255e+10	2.434037e+01	-2.382060e+08	5.000000e+03	1
9.547739e-01	1.418427e+00	4.971783e+00	4.599640e+03	4.379293e+10	2.426880e+01	-2.370319e+08	5.000000e+03	1
9.597990e-01	1.425892e+00	5.008932e+00	4.538405e+03	3.854030e+10	2.419720e+01	-2.358613e+08	5.000000e+03	1
9.648241e-01	1.433358e+00	5.045854e+00	4.475496e+03	3.345360e+10	2.412490e+01	-2.346945e+08	5.000000e+03	1
9.698492e-01	1.440823e+00	5.082766e+00	4.412525e+03	2.837224e+10	2.405257e+01	-2.335313e+08	5.000000e+03	1
9.748744e-01	1.448288e+00	5.119384e+00	4.347559e+03	2.346140e+10	2.397933e+01	-2.323718e+08	5.000000e+03	1
9.798995e-01	1.455754e+00	5.155993e+00	4.282544e+03	1.855419e+10	2.390606e+01	-2.312159e+08	5.000000e+03	1
9.849246e-01	1.463219e+00	5.192230e+00	4.215106e+03	1.382296e+10	2.383163e+01	-2.300638e+08	5.000000e+03	1
9.899497e-01	1.470685e+00	5.228462e+00	4.147605e+03	9.093583e+09	2.375718e+01	-2.289155e+08	5.000000e+03	1
9.949749e-01	1.478150e+00	5.264231e+00	4.073802e+03	4.546791e+09	2.368129e+01	-2.277709e+08	5.000000e+03	1
1.000000e+00	1.485615e+00	5.300000e+00	4.000000e+03	0.000000e+00	2.360539e+01	-2.266301e+08	3.000000e+02	1
