#R=1.4111044233126873
#interptype='linear'
#name='planet'
#norm={'P': 1000000000000.0, 'R': 1.4111044233126873, 'M': 1.7, 'g': 8.3922568681081362, 'rho': 1000.0}
#state=1
#composition
#layer0		Fe08FeS02		0.500000
#layer1		pv_fmw		0.500000
#layer2		ice_VII		0.400000
#Cols=
 #'ur		r		mr		rho		P		g		phi		T		composition'
#-end-
0.000000e+00	0.000000e+00	1.693333e-11	1.317132e+04	5.392398e+11	0.000000e+00	-1.636888e+08	5.000000e+03	0
5.025126e-03	7.090977e-03	3.367752e-06	1.317270e+04	5.394660e+11	-5.871613e-02	-1.636852e+08	5.000000e+03	0
1.005025e-02	1.418195e-02	6.936547e-06	1.317407e+04	5.396897e+11	-1.152518e-01	-1.636739e+08	5.000000e+03	0
1.507538e-02	2.127293e-02	3.041034e-05	1.317396e+04	5.396719e+11	4.407381e-02	-1.636551e+08	5.000000e+03	0
2.010050e-02	2.836391e-02	5.468624e-05	1.317383e+04	5.396501e+11	2.035565e-01	-1.636287e+08	5.000000e+03	0
2.512563e-02	3.545489e-02	1.182655e-04	1.317251e+04	5.394347e+11	3.707336e-01	-1.635949e+08	5.000000e+03	0
3.015075e-02	4.254586e-02	1.836470e-04	1.317115e+04	5.392134e+11	5.379239e-01	-1.635536e+08	5.000000e+03	0
3.517588e-02	4.963684e-02	3.073025e-04	1.316862e+04	5.388014e+11	7.055434e-01	-1.635048e+08	5.000000e+03	0
4.020101e-02	5.672782e-02	4.341579e-04	1.316604e+04	5.383814e+11	8.731604e-01	-1.634485e+08	5.000000e+03	0
4.522613e-02	6.381879e-02	6.378101e-04	1.316229e+04	5.377732e+11	1.040717e+00	-1.633847e+08	5.000000e+03	0
5.025126e-02	7.090977e-02	8.464545e-04	1.315849e+04	5.371551e+11	1.208264e+00	-1.633134e+08	5.000000e+03	0
5.527638e-02	7.800075e-02	1.149951e-03	1.315354e+04	5.363511e+11	1.375633e+00	-1.632346e+08	5.000000e+03	0
6.030151e-02	8.509172e-02	1.460624e-03	1.314852e+04	5.355354e+11	1.542987e+00	-1.631484e+08	5.000000e+03	0
6.532663e-02	9.218270e-02	1.883720e-03	1.314236e+04	5.345365e+11	1.710098e+00	-1.630546e+08	5.000000e+03	0
7.035176e-02	9.927368e-02	2.316561e-03	1.313611e+04	5.335240e+11	1.877188e+00	-1.629536e+08	5.000000e+03	0
7.537688e-02	1.063647e-01	2.878893e-03	1.312874e+04	5.323311e+11	2.043983e+00	-1.628446e+08	5.000000e+03	0
8.040201e-02	1.134556e-01	3.453923e-03	1.312127e+04	5.311227e+11	2.210749e+00	-1.627292e+08	5.000000e+03	0
8.542714e-02	1.205466e-01	4.174989e-03	1.311269e+04	5.297367e+11	2.377172e+00	-1.626048e+08	5.000000e+03	0
9.045226e-02	1.276376e-01	4.912082e-03	1.310399e+04	5.283335e+11	2.543556e+00	-1.624738e+08	5.000000e+03	0
9.547739e-02	1.347286e-01	5.811222e-03	1.309419e+04	5.267558e+11	2.709552e+00	-1.623353e+08	5.000000e+03	0
1.005025e-01	1.418195e-01	6.730085e-03	1.308428e+04	5.251590e+11	2.875499e+00	-1.621893e+08	5.000000e+03	0
1.055276e-01	1.489105e-01	7.826454e-03	1.307326e+04	5.233909e+11	3.041013e+00	-1.620360e+08	5.000000e+03	0
1.105528e-01	1.560015e-01	8.946604e-03	1.306212e+04	5.216020e+11	3.206467e+00	-1.618753e+08	5.000000e+03	0
1.155779e-01	1.630925e-01	1.025915e-02	1.304989e+04	5.196451e+11	3.371443e+00	-1.617071e+08	5.000000e+03	0
1.206030e-01	1.701834e-01	1.159989e-02	1.303751e+04	5.176657e+11	3.536348e+00	-1.615317e+08	5.000000e+03	0
1.256281e-01	1.772744e-01	1.314735e-02	1.302407e+04	5.155218e+11	3.700733e+00	-1.613488e+08	5.000000e+03	0
1.306533e-01	1.843654e-01	1.472774e-02	1.301046e+04	5.133537e+11	3.865033e+00	-1.611586e+08	5.000000e+03	0
1.356784e-01	1.914564e-01	1.652858e-02	1.299579e+04	5.110245e+11	4.028771e+00	-1.609610e+08	5.000000e+03	0
1.407035e-01	1.985474e-01	1.836744e-02	1.298095e+04	5.086697e+11	4.192410e+00	-1.607564e+08	5.000000e+03	0
1.457286e-01	2.056383e-01	2.043986e-02	1.296506e+04	5.061574e+11	4.355446e+00	-1.605440e+08	5.000000e+03	0
1.507538e-01	2.127293e-01	2.255570e-02	1.294898e+04	5.036180e+11	4.518368e+00	-1.603250e+08	5.000000e+03	0
1.557789e-01	2.198203e-01	2.491761e-02	1.293187e+04	5.009249e+11	4.680646e+00	-1.600979e+08	5.000000e+03	0
1.608040e-01	2.269113e-01	2.732865e-02	1.291455e+04	4.982032e+11	4.842794e+00	-1.598638e+08	5.000000e+03	0
1.658291e-01	2.340022e-01	2.999764e-02	1.289621e+04	4.953315e+11	5.004260e+00	-1.596226e+08	5.000000e+03	0
1.708543e-01	2.410932e-01	3.272177e-02	1.287765e+04	4.924300e+11	5.165578e+00	-1.593742e+08	5.000000e+03	0
1.758794e-01	2.481842e-01	3.571509e-02	1.285807e+04	4.893824e+11	5.326175e+00	-1.591185e+08	5.000000e+03	0
1.809045e-01	2.552752e-01	3.876984e-02	1.283827e+04	4.863037e+11	5.486606e+00	-1.588557e+08	5.000000e+03	0
1.859296e-01	2.623661e-01	4.210438e-02	1.281746e+04	4.830829e+11	5.646280e+00	-1.585858e+08	5.000000e+03	0
1.909548e-01	2.694571e-01	4.550689e-02	1.279641e+04	4.798298e+11	5.805767e+00	-1.583087e+08	5.000000e+03	0
1.959799e-01	2.765481e-01	4.919915e-02	1.277435e+04	4.764387e+11	5.964460e+00	-1.580243e+08	5.000000e+03	0
2.010050e-01	2.836391e-01	5.296617e-02	1.275205e+04	4.730141e+11	6.122946e+00	-1.577332e+08	5.000000e+03	0
2.060302e-01	2.907301e-01	5.703224e-02	1.272875e+04	4.694557e+11	6.280603e+00	-1.574348e+08	5.000000e+03	0
2.110553e-01	2.978210e-01	6.118010e-02	1.270519e+04	4.658629e+11	6.438030e+00	-1.571294e+08	5.000000e+03	0
2.160804e-01	3.049120e-01	6.563564e-02	1.268065e+04	4.621405e+11	6.594594e+00	-1.568170e+08	5.000000e+03	0
2.211055e-01	3.120030e-01	7.018020e-02	1.265582e+04	4.583826e+11	6.750905e+00	-1.564976e+08	5.000000e+03	0
2.261307e-01	3.190940e-01	7.504040e-02	1.263002e+04	4.544995e+11	6.906320e+00	-1.561712e+08	5.000000e+03	0
2.311558e-01	3.261849e-01	7.999705e-02	1.260393e+04	4.505801e+11	7.061457e+00	-1.558379e+08	5.000000e+03	0
2.361809e-01	3.332759e-01	8.527663e-02	1.257687e+04	4.465397e+11	7.215664e+00	-1.554976e+08	5.000000e+03	0
2.412060e-01	3.403669e-01	9.066027e-02	1.254951e+04	4.424625e+11	7.369568e+00	-1.551505e+08	5.000000e+03	0
2.462312e-01	3.474579e-01	9.637344e-02	1.252118e+04	4.382686e+11	7.522512e+00	-1.547965e+08	5.000000e+03	0
2.512563e-01	3.545489e-01	1.021984e-01	1.249254e+04	4.340372e+11	7.675125e+00	-1.544358e+08	5.000000e+03	0
2.562814e-01	3.616398e-01	1.083588e-01	1.246294e+04	4.296936e+11	7.826746e+00	-1.540682e+08	5.000000e+03	0
2.613065e-01	3.687308e-01	1.146390e-01	1.243301e+04	4.253120e+11	7.978009e+00	-1.536938e+08	5.000000e+03	0
2.663317e-01	3.758218e-01	1.212598e-01	1.240213e+04	4.208226e+11	8.128251e+00	-1.533127e+08	5.000000e+03	0
2.713568e-01	3.829128e-01	1.280083e-01	1.237091e+04	4.162950e+11	8.278104e+00	-1.529249e+08	5.000000e+03	0
2.763819e-01	3.900037e-01	1.351020e-01	1.233874e+04	4.116640e+11	8.426906e+00	-1.525305e+08	5.000000e+03	0
2.814070e-01	3.970947e-01	1.423315e-01	1.230621e+04	4.069945e+11	8.575290e+00	-1.521294e+08	5.000000e+03	0
2.864322e-01	4.041857e-01	1.499101e-01	1.227275e+04	4.022261e+11	8.722595e+00	-1.517216e+08	5.000000e+03	0
2.914573e-01	4.112767e-01	1.576325e-01	1.223891e+04	3.974192e+11	8.869448e+00	-1.513074e+08	5.000000e+03	0
2.964824e-01	4.183676e-01	1.657072e-01	1.220415e+04	3.925179e+11	9.015196e+00	-1.508867e+08	5.000000e+03	0
3.015075e-01	4.254586e-01	1.739340e-01	1.216899e+04	3.875781e+11	9.160459e+00	-1.504593e+08	5.000000e+03	0
3.065327e-01	4.325496e-01	1.825154e-01	1.213290e+04	3.825484e+11	9.304590e+00	-1.500255e+08	5.000000e+03	0
3.115578e-01	4.396406e-01	1.912571e-01	1.209641e+04	3.774804e+11	9.448200e+00	-1.495854e+08	5.000000e+03	0
3.165829e-01	4.467316e-01	2.003552e-01	1.205901e+04	3.723271e+11	9.590653e+00	-1.491389e+08	5.000000e+03	0
3.216080e-01	4.538225e-01	2.096216e-01	1.202117e+04	3.671357e+11	9.732549e+00	-1.486860e+08	5.000000e+03	0
3.266332e-01	4.609135e-01	2.192457e-01	1.198243e+04	3.618636e+11	9.873262e+00	-1.482267e+08	5.000000e+03	0
3.316583e-01	4.680045e-01	2.290461e-01	1.194324e+04	3.565539e+11	1.001338e+01	-1.477613e+08	5.000000e+03	0
3.366834e-01	4.750955e-01	2.392044e-01	1.190314e+04	3.511680e+11	1.015229e+01	-1.472896e+08	5.000000e+03	0
3.417085e-01	4.821864e-01	2.495471e-01	1.186258e+04	3.457451e+11	1.029057e+01	-1.468116e+08	5.000000e+03	0
3.467337e-01	4.892774e-01	2.602475e-01	1.182112e+04	3.402505e+11	1.042762e+01	-1.463275e+08	5.000000e+03	0
3.517588e-01	4.963684e-01	2.711400e-01	1.177918e+04	3.347197e+11	1.056399e+01	-1.458375e+08	5.000000e+03	0
3.567839e-01	5.034594e-01	2.823893e-01	1.173634e+04	3.291217e+11	1.069911e+01	-1.453414e+08	5.000000e+03	0
3.618090e-01	5.105503e-01	2.938384e-01	1.169300e+04	3.234885e+11	1.083352e+01	-1.448392e+08	5.000000e+03	0
3.668342e-01	5.176413e-01	3.056425e-01	1.164876e+04	3.177925e+11	1.096664e+01	-1.443311e+08	5.000000e+03	0
3.718593e-01	5.247323e-01	3.176539e-01	1.160400e+04	3.120623e+11	1.109901e+01	-1.438170e+08	5.000000e+03	0
3.768844e-01	5.318233e-01	3.300181e-01	1.155835e+04	3.062740e+11	1.123008e+01	-1.432970e+08	5.000000e+03	0
3.819095e-01	5.389143e-01	3.425966e-01	1.151216e+04	3.004526e+11	1.136034e+01	-1.427712e+08	5.000000e+03	0
3.869347e-01	5.460052e-01	3.555250e-01	1.146507e+04	2.945775e+11	1.148929e+01	-1.422397e+08	5.000000e+03	0
3.919598e-01	5.530962e-01	3.686747e-01	1.141742e+04	2.886708e+11	1.161738e+01	-1.417022e+08	5.000000e+03	0
3.969849e-01	5.601872e-01	3.821705e-01	1.136888e+04	2.827148e+11	1.174413e+01	-1.411586e+08	5.000000e+03	0
4.020101e-01	5.672782e-01	3.958942e-01	1.131974e+04	2.767288e+11	1.186998e+01	-1.406110e+08	5.000000e+03	0
4.070352e-01	5.743691e-01	4.099597e-01	1.126972e+04	2.706978e+11	1.199447e+01	-1.400568e+08	5.000000e+03	0
4.120603e-01	5.814601e-01	4.242592e-01	1.121909e+04	2.646386e+11	1.211801e+01	-1.394969e+08	5.000000e+03	0
4.170854e-01	5.885511e-01	4.388956e-01	1.116756e+04	2.585388e+11	1.224017e+01	-1.389320e+08	5.000000e+03	0
4.221106e-01	5.956421e-01	4.537718e-01	1.111539e+04	2.524127e+11	1.236132e+01	-1.383615e+08	5.000000e+03	0
4.271357e-01	6.027330e-01	4.689791e-01	1.106233e+04	2.462503e+11	1.248108e+01	-1.377854e+08	5.000000e+03	0
4.321608e-01	6.098240e-01	4.844315e-01	1.100860e+04	2.400637e+11	1.259977e+01	-1.372045e+08	5.000000e+03	0
4.371859e-01	6.169150e-01	5.002088e-01	1.095397e+04	2.338450e+11	1.271704e+01	-1.366179e+08	5.000000e+03	0
4.422111e-01	6.240060e-01	5.162360e-01	1.089864e+04	2.276045e+11	1.283320e+01	-1.360274e+08	5.000000e+03	0
4.472362e-01	6.310970e-01	5.325810e-01	1.084241e+04	2.213361e+11	1.294792e+01	-1.354299e+08	5.000000e+03	0
4.522613e-01	6.381879e-01	5.491799e-01	1.078545e+04	2.150483e+11	1.306146e+01	-1.348277e+08	5.000000e+03	0
4.572864e-01	6.452789e-01	5.660892e-01	1.072758e+04	2.087369e+11	1.317355e+01	-1.342208e+08	5.000000e+03	0
4.623116e-01	6.523699e-01	5.832558e-01	1.066894e+04	2.024088e+11	1.328439e+01	-1.336089e+08	5.000000e+03	0
4.673367e-01	6.594609e-01	6.007246e-01	1.060939e+04	1.960610e+11	1.339377e+01	-1.329923e+08	5.000000e+03	0
4.723618e-01	6.665518e-01	6.184534e-01	1.054903e+04	1.896995e+11	1.350184e+01	-1.323708e+08	5.000000e+03	0
4.773869e-01	6.736428e-01	6.364754e-01	1.048775e+04	1.833224e+11	1.360842e+01	-1.317445e+08	5.000000e+03	0
4.824121e-01	6.807338e-01	6.547594e-01	1.042562e+04	1.769347e+11	1.371362e+01	-1.311134e+08	5.000000e+03	0
4.874372e-01	6.878248e-01	6.733271e-01	1.036256e+04	1.705354e+11	1.381732e+01	-1.304777e+08	5.000000e+03	0
4.924623e-01	6.949157e-01	6.921577e-01	1.029859e+04	1.641287e+11	1.391956e+01	-1.298376e+08	5.000000e+03	0
4.974874e-01	7.020067e-01	7.112620e-01	1.023369e+04	1.577144e+11	1.402029e+01	-1.291929e+08	5.000000e+03	0
5.025126e-01	7.090977e-01	7.306291e-01	1.016783e+04	1.512963e+11	1.411948e+01	-1.285438e+08	5.000000e+03	0
5.075377e-01	7.161887e-01	7.502591e-01	1.010102e+04	1.448744e+11	1.421715e+01	-1.278904e+08	5.000000e+03	0
5.125628e-01	7.232797e-01	7.701509e-01	1.003319e+04	1.384524e+11	1.431319e+01	-1.272325e+08	5.000000e+03	0
5.175879e-01	7.303706e-01	7.902941e-01	9.964396e+03	1.320305e+11	1.440769e+01	-1.265706e+08	5.000000e+03	0
5.226131e-01	7.374616e-01	8.106968e-01	9.894520e+03	1.256126e+11	1.450049e+01	-1.259043e+08	5.000000e+03	0
5.276382e-01	7.445526e-01	8.313389e-01	9.823649e+03	1.191984e+11	1.459172e+01	-1.252341e+08	5.000000e+03	0
5.326633e-01	7.516436e-01	8.473093e-01	8.624231e+03	1.143053e+11	1.459775e+01	-1.245600e+08	5.000000e+03	0
5.376884e-01	7.587345e-01	8.591370e-01	6.424027e+03	1.107612e+11	1.452821e+01	-1.238839e+08	5.000000e+03	0
5.427136e-01	7.658255e-01	8.711347e-01	5.396115e+03	1.072549e+11	1.446157e+01	-1.232094e+08	5.000000e+03	1
5.477387e-01	7.729165e-01	8.832772e-01	5.366824e+03	1.037807e+11	1.439740e+01	-1.225380e+08	5.000000e+03	1
5.527638e-01	7.800075e-01	8.955919e-01	5.337508e+03	1.003433e+11	1.433592e+01	-1.218698e+08	5.000000e+03	1
5.577889e-01	7.870984e-01	9.080475e-01	5.308171e+03	9.693608e+10	1.427664e+01	-1.212045e+08	5.000000e+03	1
5.628141e-01	7.941894e-01	9.206774e-01	5.278794e+03	9.356472e+10	1.421988e+01	-1.205422e+08	5.000000e+03	1
5.678392e-01	8.012804e-01	9.334442e-01	5.249384e+03	9.022157e+10	1.416508e+01	-1.198826e+08	5.000000e+03	1
5.728643e-01	8.083714e-01	9.463870e-01	5.219919e+03	8.691356e+10	1.411261e+01	-1.192257e+08	5.000000e+03	1
5.778894e-01	8.154624e-01	9.594625e-01	5.190411e+03	8.363206e+10	1.406191e+01	-1.185713e+08	5.000000e+03	1
5.829146e-01	8.225533e-01	9.727153e-01	5.160831e+03	8.038504e+10	1.401336e+01	-1.179195e+08	5.000000e+03	1
5.879397e-01	8.296443e-01	9.860966e-01	5.131199e+03	7.716299e+10	1.396639e+01	-1.172700e+08	5.000000e+03	1
5.929648e-01	8.367353e-01	9.996563e-01	5.101477e+03	7.397486e+10	1.392142e+01	-1.166229e+08	5.000000e+03	1
5.979899e-01	8.438263e-01	1.013340e+00	5.071693e+03	7.081030e+10	1.387785e+01	-1.159808e+08	5.000000e+03	1
6.030151e-01	8.509172e-01	1.022598e+00	4.217053e+03	6.870927e+10	1.377504e+01	-1.153352e+08	5.000000e+03	1
6.080402e-01	8.580082e-01	1.028905e+00	2.812509e+03	6.731727e+10	1.363274e+01	-1.146962e+08	5.000000e+03	1
6.130653e-01	8.650992e-01	1.035314e+00	2.257814e+03	6.594803e+10	1.349511e+01	-1.140624e+08	5.000000e+03	2
6.180905e-01	8.721902e-01	1.041786e+00	2.246466e+03	6.459335e+10	1.336045e+01	-1.134353e+08	5.000000e+03	2
6.231156e-01	8.792811e-01	1.048350e+00	2.235251e+03	6.326315e+10	1.323007e+01	-1.128145e+08	5.000000e+03	2
6.281407e-01	8.863721e-01	1.054968e+00	2.224118e+03	6.194796e+10	1.310230e+01	-1.121998e+08	5.000000e+03	2
6.331658e-01	8.934631e-01	1.061679e+00	2.213112e+03	6.065634e+10	1.297860e+01	-1.115911e+08	5.000000e+03	2
6.381910e-01	9.005541e-01	1.068444e+00	2.202182e+03	5.937856e+10	1.285729e+01	-1.109882e+08	5.000000e+03	2
6.432161e-01	9.076451e-01	1.075302e+00	2.191375e+03	5.812351e+10	1.273985e+01	-1.103911e+08	5.000000e+03	2
6.482412e-01	9.147360e-01	1.082214e+00	2.180637e+03	5.688123e+10	1.262458e+01	-1.097994e+08	5.000000e+03	2
6.532663e-01	9.218270e-01	1.089221e+00	2.170016e+03	5.566086e+10	1.251301e+01	-1.092132e+08	5.000000e+03	2
6.582915e-01	9.289180e-01	1.096279e+00	2.159459e+03	5.445228e+10	1.240342e+01	-1.086322e+08	5.000000e+03	2
6.633166e-01	9.360090e-01	1.103434e+00	2.149015e+03	5.326485e+10	1.229735e+01	-1.080564e+08	5.000000e+03	2
6.683417e-01	9.430999e-01	1.110640e+00	2.138629e+03	5.208831e+10	1.219308e+01	-1.074855e+08	5.000000e+03	2
6.733668e-01	9.501909e-01	1.117944e+00	2.128350e+03	5.093219e+10	1.209217e+01	-1.069196e+08	5.000000e+03	2
6.783920e-01	9.572819e-01	1.125297e+00	2.118126e+03	4.978614e+10	1.199292e+01	-1.063584e+08	5.000000e+03	2
6.834171e-01	9.643729e-01	1.132750e+00	2.108005e+03	4.865983e+10	1.189686e+01	-1.058019e+08	5.000000e+03	2
6.884422e-01	9.714638e-01	1.140251e+00	2.097932e+03	4.754282e+10	1.180231e+01	-1.052500e+08	5.000000e+03	2
6.934673e-01	9.785548e-01	1.147853e+00	2.087959e+03	4.644491e+10	1.171081e+01	-1.047024e+08	5.000000e+03	2
6.984925e-01	9.856458e-01	1.155501e+00	2.078031e+03	4.535559e+10	1.162069e+01	-1.041592e+08	5.000000e+03	2
7.035176e-01	9.927368e-01	1.163252e+00	2.068198e+03	4.428477e+10	1.153349e+01	-1.036203e+08	5.000000e+03	2
7.085427e-01	9.998278e-01	1.171048e+00	2.058406e+03	4.322188e+10	1.144754e+01	-1.030855e+08	5.000000e+03	2
7.135678e-01	1.006919e+00	1.178948e+00	2.048705e+03	4.217691e+10	1.136437e+01	-1.025547e+08	5.000000e+03	2
7.185930e-01	1.014010e+00	1.186891e+00	2.039041e+03	4.113927e+10	1.128235e+01	-1.020279e+08	5.000000e+03	2
7.236181e-01	1.021101e+00	1.194940e+00	2.029465e+03	4.011902e+10	1.120300e+01	-1.015048e+08	5.000000e+03	2
7.286432e-01	1.028192e+00	1.203031e+00	2.019922e+03	3.910553e+10	1.112468e+01	-1.009856e+08	5.000000e+03	2
7.336683e-01	1.035283e+00	1.211229e+00	2.010463e+03	3.810891e+10	1.104891e+01	-1.004701e+08	5.000000e+03	2
7.386935e-01	1.042374e+00	1.219467e+00	2.001036e+03	3.711854e+10	1.097409e+01	-9.995813e+07	5.000000e+03	2
7.437186e-01	1.049465e+00	1.227814e+00	1.991688e+03	3.614456e+10	1.090171e+01	-9.944970e+07	5.000000e+03	2
7.487437e-01	1.056556e+00	1.236198e+00	1.982368e+03	3.517634e+10	1.083018e+01	-9.894472e+07	5.000000e+03	2
7.537688e-01	1.063647e+00	1.244693e+00	1.973125e+03	3.422405e+10	1.076100e+01	-9.844311e+07	5.000000e+03	2
7.587940e-01	1.070738e+00	1.253225e+00	1.963907e+03	3.327708e+10	1.069259e+01	-9.794478e+07	5.000000e+03	2
7.638191e-01	1.077829e+00	1.261868e+00	1.954762e+03	3.234561e+10	1.062642e+01	-9.744970e+07	5.000000e+03	2
7.688442e-01	1.084919e+00	1.270546e+00	1.945640e+03	3.141903e+10	1.056096e+01	-9.695775e+07	5.000000e+03	2
7.738693e-01	1.092010e+00	1.279336e+00	1.936588e+03	3.050755e+10	1.049764e+01	-9.646886e+07	5.000000e+03	2
7.788945e-01	1.099101e+00	1.288160e+00	1.927557e+03	2.960057e+10	1.043496e+01	-9.598301e+07	5.000000e+03	2
7.839196e-01	1.106192e+00	1.297098e+00	1.918593e+03	2.870830e+10	1.037433e+01	-9.550010e+07	5.000000e+03	2
7.889447e-01	1.113283e+00	1.306067e+00	1.909646e+03	2.782018e+10	1.031429e+01	-9.502011e+07	5.000000e+03	2
7.939698e-01	1.120374e+00	1.315151e+00	1.900764e+03	2.694639e+10	1.025621e+01	-9.454292e+07	5.000000e+03	2
7.989950e-01	1.127465e+00	1.324265e+00	1.891898e+03	2.607641e+10	1.019865e+01	-9.406852e+07	5.000000e+03	2
8.040201e-01	1.134556e+00	1.333495e+00	1.883092e+03	2.522042e+10	1.014299e+01	-9.359685e+07	5.000000e+03	2
8.090452e-01	1.141647e+00	1.342754e+00	1.874301e+03	2.436793e+10	1.008779e+01	-9.312781e+07	5.000000e+03	2
8.140704e-01	1.148738e+00	1.352129e+00	1.865567e+03	2.352910e+10	1.003440e+01	-9.266139e+07	5.000000e+03	2
8.190955e-01	1.155829e+00	1.361531e+00	1.856846e+03	2.269348e+10	9.981439e+00	-9.219751e+07	5.000000e+03	2
8.241206e-01	1.162920e+00	1.371050e+00	1.848180e+03	2.187120e+10	9.930211e+00	-9.173614e+07	5.000000e+03	2
8.291457e-01	1.170011e+00	1.380595e+00	1.839525e+03	2.105185e+10	9.879363e+00	-9.127722e+07	5.000000e+03	2
8.341709e-01	1.177102e+00	1.390258e+00	1.830922e+03	2.024556e+10	9.830180e+00	-9.082071e+07	5.000000e+03	2
8.391960e-01	1.184193e+00	1.399945e+00	1.822328e+03	1.944194e+10	9.781337e+00	-9.036654e+07	5.000000e+03	2
8.442211e-01	1.191284e+00	1.409750e+00	1.813783e+03	1.865110e+10	9.734090e+00	-8.991469e+07	5.000000e+03	2
8.492462e-01	1.198375e+00	1.419578e+00	1.805247e+03	1.786269e+10	9.687148e+00	-8.946510e+07	5.000000e+03	2
8.542714e-01	1.205466e+00	1.429524e+00	1.796756e+03	1.708680e+10	9.641736e+00	-8.901771e+07	5.000000e+03	2
8.592965e-01	1.212557e+00	1.439492e+00	1.788273e+03	1.631311e+10	9.596595e+00	-8.857254e+07	5.000000e+03	2
8.643216e-01	1.219648e+00	1.449579e+00	1.779832e+03	1.555169e+10	9.552922e+00	-8.812948e+07	5.000000e+03	2
8.693467e-01	1.226739e+00	1.459686e+00	1.771398e+03	1.479227e+10	9.509489e+00	-8.768856e+07	5.000000e+03	2
8.743719e-01	1.233830e+00	1.469913e+00	1.763003e+03	1.404488e+10	9.467465e+00	-8.724962e+07	5.000000e+03	2
8.793970e-01	1.240921e+00	1.480157e+00	1.754614e+03	1.329929e+10	9.425652e+00	-8.681276e+07	5.000000e+03	2
8.844221e-01	1.248012e+00	1.490412e+00	1.727848e+03	1.257320e+10	9.384510e+00	-8.637784e+07	5.000000e+03	2
8.894472e-01	1.255103e+00	1.500669e+00	1.698576e+03	1.184977e+10	9.343460e+00	-8.594491e+07	5.000000e+03	2
8.944724e-01	1.262194e+00	1.510817e+00	1.669121e+03	1.115359e+10	9.302341e+00	-8.551397e+07	5.000000e+03	2
8.994975e-01	1.269285e+00	1.520951e+00	1.639642e+03	1.046077e+10	9.261213e+00	-8.508498e+07	5.000000e+03	2
9.045226e-01	1.276376e+00	1.530960e+00	1.609893e+03	9.795314e+09	9.219958e+00	-8.465798e+07	5.000000e+03	2
9.095477e-01	1.283467e+00	1.540956e+00	1.580114e+03	9.132898e+09	9.178689e+00	-8.423298e+07	5.000000e+03	2
9.145729e-01	1.290558e+00	1.550808e+00	1.549949e+03	8.498042e+09	9.137229e+00	-8.380996e+07	5.000000e+03	2
9.195980e-01	1.297649e+00	1.560646e+00	1.519747e+03	7.865912e+09	9.095750e+00	-8.338892e+07	5.000000e+03	2
9.246231e-01	1.304740e+00	1.570320e+00	1.489010e+03	7.261640e+09	9.054007e+00	-8.296987e+07	5.000000e+03	2
9.296482e-01	1.311831e+00	1.579981e+00	1.458226e+03	6.659791e+09	9.012242e+00	-8.255273e+07	5.000000e+03	2
9.346734e-01	1.318922e+00	1.589453e+00	1.426701e+03	6.086231e+09	8.970130e+00	-8.213776e+07	5.000000e+03	2
9.396985e-01	1.326013e+00	1.598912e+00	1.395120e+03	5.514801e+09	8.927992e+00	-8.172473e+07	5.000000e+03	2
9.447236e-01	1.333104e+00	1.608154e+00	1.362501e+03	4.972276e+09	8.885406e+00	-8.131371e+07	5.000000e+03	2
9.497487e-01	1.340195e+00	1.617383e+00	1.329816e+03	4.431596e+09	8.842792e+00	-8.090472e+07	5.000000e+03	2
9.547739e-01	1.347286e+00	1.626361e+00	1.295639e+03	3.920712e+09	8.799604e+00	-8.049779e+07	5.000000e+03	2
9.597990e-01	1.354377e+00	1.635325e+00	1.261384e+03	3.411395e+09	8.756386e+00	-8.009290e+07	5.000000e+03	2
9.648241e-01	1.361468e+00	1.643993e+00	1.224881e+03	2.933200e+09	8.712426e+00	-7.969011e+07	5.000000e+03	2
9.698492e-01	1.368559e+00	1.652649e+00	1.188284e+03	2.456302e+09	8.668435e+00	-7.928940e+07	5.000000e+03	2
9.748744e-01	1.375650e+00	1.660945e+00	1.147992e+03	2.012630e+09	8.623459e+00	-7.889082e+07	5.000000e+03	2
9.798995e-01	1.382741e+00	1.669230e+00	1.107586e+03	1.569985e+09	8.578452e+00	-7.849427e+07	5.000000e+03	2
9.849246e-01	1.389831e+00	1.677056e+00	1.059945e+03	1.164348e+09	8.532051e+00	-7.809998e+07	5.000000e+03	2
9.899497e-01	1.396922e+00	1.684873e+00	1.012157e+03	7.594656e+08	8.485621e+00	-7.770786e+07	5.000000e+03	2
9.949749e-01	1.404013e+00	1.692438e+00	1.005869e+03	3.796064e+08	8.438940e+00	-7.731798e+07	5.000000e+03	2
1.000000e+00	1.411104e+00	1.700000e+00	1.000000e+03	0.000000e+00	8.392257e+00	-7.693031e+07	3.000000e+02	2
