#R=1.5164705117377202
#interptype='linear'
#name='planet'
#norm={'P': 1000000000000.0, 'R': 1.5164705117377202, 'M': 1.5, 'g': 6.4116745932054506, 'rho': 1000.0}
#state=1
#composition
#layer0		Fe08FeS02		0.100000
#layer1		pv_fmw		0.900000
#layer2		ice_VII		0.600000
#Cols=
 #'ur		r		mr		rho		P		g		phi		T		composition'
#-end-
0.000000e+00	0.000000e+00	8.658780e-12	1.160828e+04	2.885049e+11	0.000000e+00	-1.272805e+08	5.000000e+03	0
5.025126e-03	7.620455e-03	9.301260e-07	1.160892e+04	2.885863e+11	-1.603615e-02	-1.272766e+08	5.000000e+03	0
1.005025e-02	1.524091e-02	7.426904e-06	1.160868e+04	2.885567e+11	1.335418e-01	-1.272652e+08	5.000000e+03	0
1.507538e-02	2.286136e-02	2.504221e-05	1.160775e+04	2.884380e+11	2.910401e-01	-1.272463e+08	5.000000e+03	0
2.010050e-02	3.048182e-02	5.932505e-05	1.160613e+04	2.882306e+11	4.490689e-01	-1.272193e+08	5.000000e+03	0
2.512563e-02	3.810227e-02	1.158196e-04	1.160380e+04	2.879346e+11	6.071481e-01	-1.271849e+08	5.000000e+03	0
3.015075e-02	4.572273e-02	2.000633e-04	1.160079e+04	2.875501e+11	7.651862e-01	-1.271429e+08	5.000000e+03	0
3.517588e-02	5.334318e-02	3.175846e-04	1.159707e+04	2.870771e+11	9.231481e-01	-1.270933e+08	5.000000e+03	0
4.020101e-02	6.096364e-02	4.739011e-04	1.159266e+04	2.865159e+11	1.081011e+00	-1.270363e+08	5.000000e+03	0
4.522613e-02	6.858409e-02	6.745179e-04	1.158755e+04	2.858666e+11	1.238756e+00	-1.269711e+08	5.000000e+03	0
5.025126e-02	7.620455e-02	9.249248e-04	1.158175e+04	2.851293e+11	1.396365e+00	-1.268985e+08	5.000000e+03	0
5.527638e-02	8.382500e-02	1.230595e-03	1.157524e+04	2.843044e+11	1.553821e+00	-1.268184e+08	5.000000e+03	0
6.030151e-02	9.144546e-02	1.596983e-03	1.156804e+04	2.833920e+11	1.711106e+00	-1.267307e+08	5.000000e+03	0
6.532663e-02	9.906591e-02	2.029522e-03	1.156014e+04	2.823924e+11	1.868204e+00	-1.266354e+08	5.000000e+03	0
7.035176e-02	1.066864e-01	2.533623e-03	1.155155e+04	2.813058e+11	2.025098e+00	-1.265325e+08	5.000000e+03	0
7.537688e-02	1.143068e-01	3.114672e-03	1.154225e+04	2.801327e+11	2.181770e+00	-1.264220e+08	5.000000e+03	0
8.040201e-02	1.219273e-01	3.778026e-03	1.153225e+04	2.788733e+11	2.338204e+00	-1.263039e+08	5.000000e+03	0
8.542714e-02	1.295477e-01	4.529017e-03	1.152155e+04	2.775280e+11	2.494381e+00	-1.261783e+08	5.000000e+03	0
9.045226e-02	1.371682e-01	5.372942e-03	1.151015e+04	2.760972e+11	2.650286e+00	-1.260452e+08	5.000000e+03	0
9.547739e-02	1.447886e-01	6.315068e-03	1.149804e+04	2.745814e+11	2.805901e+00	-1.259046e+08	5.000000e+03	0
1.005025e-01	1.524091e-01	7.360625e-03	1.148524e+04	2.729808e+11	2.961209e+00	-1.257565e+08	5.000000e+03	0
1.055276e-01	1.600296e-01	8.514806e-03	1.147172e+04	2.712962e+11	3.116192e+00	-1.256008e+08	5.000000e+03	0
1.105528e-01	1.676500e-01	9.782766e-03	1.145751e+04	2.695278e+11	3.270834e+00	-1.254376e+08	5.000000e+03	0
1.155779e-01	1.752705e-01	1.116962e-02	1.144258e+04	2.676762e+11	3.425117e+00	-1.252670e+08	5.000000e+03	0
1.206030e-01	1.828909e-01	1.268043e-02	1.142695e+04	2.657420e+11	3.579024e+00	-1.250891e+08	5.000000e+03	0
1.256281e-01	1.905114e-01	1.432023e-02	1.141060e+04	2.637257e+11	3.732537e+00	-1.249037e+08	5.000000e+03	0
1.306533e-01	1.981318e-01	1.609399e-02	1.139355e+04	2.616280e+11	3.885640e+00	-1.247106e+08	5.000000e+03	0
1.356784e-01	2.057523e-01	1.800664e-02	1.137578e+04	2.594494e+11	4.038314e+00	-1.245104e+08	5.000000e+03	0
1.407035e-01	2.133727e-01	2.006306e-02	1.135730e+04	2.571905e+11	4.190543e+00	-1.243029e+08	5.000000e+03	0
1.457286e-01	2.209932e-01	2.226806e-02	1.133811e+04	2.548521e+11	4.342308e+00	-1.240887e+08	5.000000e+03	0
1.507538e-01	2.286136e-01	2.462641e-02	1.131820e+04	2.524348e+11	4.493593e+00	-1.238659e+08	5.000000e+03	0
1.557789e-01	2.362341e-01	2.714282e-02	1.129756e+04	2.499393e+11	4.644379e+00	-1.236366e+08	5.000000e+03	0
1.608040e-01	2.438546e-01	2.982194e-02	1.127621e+04	2.473665e+11	4.794649e+00	-1.233993e+08	5.000000e+03	0
1.658291e-01	2.514750e-01	3.266834e-02	1.125414e+04	2.447169e+11	4.944385e+00	-1.231552e+08	5.000000e+03	0
1.708543e-01	2.590955e-01	3.568655e-02	1.123134e+04	2.419915e+11	5.093570e+00	-1.229039e+08	5.000000e+03	0
1.758794e-01	2.667159e-01	3.888101e-02	1.120782e+04	2.391910e+11	5.242186e+00	-1.226455e+08	5.000000e+03	0
1.809045e-01	2.743364e-01	4.225612e-02	1.118356e+04	2.363162e+11	5.390214e+00	-1.223798e+08	5.000000e+03	0
1.859296e-01	2.819568e-01	4.581619e-02	1.115858e+04	2.333681e+11	5.537637e+00	-1.221071e+08	5.000000e+03	0
1.909548e-01	2.895773e-01	4.956544e-02	1.113286e+04	2.303474e+11	5.684437e+00	-1.218273e+08	5.000000e+03	0
1.959799e-01	2.971977e-01	5.350804e-02	1.110640e+04	2.272552e+11	5.830595e+00	-1.215403e+08	5.000000e+03	0
2.010050e-01	3.048182e-01	5.764808e-02	1.107921e+04	2.240923e+11	5.976094e+00	-1.212463e+08	5.000000e+03	0
2.060302e-01	3.124386e-01	6.198955e-02	1.105127e+04	2.208596e+11	6.120915e+00	-1.209453e+08	5.000000e+03	0
2.110553e-01	3.200591e-01	6.653638e-02	1.102259e+04	2.175582e+11	6.265039e+00	-1.206374e+08	5.000000e+03	0
2.160804e-01	3.276796e-01	7.129239e-02	1.099317e+04	2.141891e+11	6.408449e+00	-1.203225e+08	5.000000e+03	0
2.211055e-01	3.353000e-01	7.626134e-02	1.096299e+04	2.107532e+11	6.551126e+00	-1.200007e+08	5.000000e+03	0
2.261307e-01	3.429205e-01	8.144687e-02	1.093205e+04	2.072517e+11	6.693051e+00	-1.196720e+08	5.000000e+03	0
2.311558e-01	3.505409e-01	8.685255e-02	1.090036e+04	2.036856e+11	6.834205e+00	-1.193365e+08	5.000000e+03	0
2.361809e-01	3.581614e-01	9.248184e-02	1.086790e+04	2.000559e+11	6.974570e+00	-1.189942e+08	5.000000e+03	0
2.412060e-01	3.657818e-01	9.833811e-02	1.083468e+04	1.963638e+11	7.114126e+00	-1.186451e+08	5.000000e+03	0
2.462312e-01	3.734023e-01	1.044246e-01	1.080069e+04	1.926105e+11	7.252854e+00	-1.182894e+08	5.000000e+03	0
2.512563e-01	3.810227e-01	1.107445e-01	1.076593e+04	1.887970e+11	7.390736e+00	-1.179270e+08	5.000000e+03	0
2.562814e-01	3.886432e-01	1.173009e-01	1.073039e+04	1.849246e+11	7.527752e+00	-1.175579e+08	5.000000e+03	0
2.613065e-01	3.962637e-01	1.240967e-01	1.069406e+04	1.809945e+11	7.663881e+00	-1.171822e+08	5.000000e+03	0
2.663317e-01	4.038841e-01	1.311348e-01	1.065694e+04	1.770080e+11	7.799106e+00	-1.168000e+08	5.000000e+03	0
2.713568e-01	4.115046e-01	1.384178e-01	1.061903e+04	1.729661e+11	7.933405e+00	-1.164113e+08	5.000000e+03	0
2.763819e-01	4.191250e-01	1.459484e-01	1.058032e+04	1.688704e+11	8.066758e+00	-1.160161e+08	5.000000e+03	0
2.814070e-01	4.267455e-01	1.502728e-01	5.861429e+03	1.665913e+11	8.012594e+00	-1.156161e+08	5.000000e+03	0
2.864322e-01	4.343659e-01	1.547421e-01	5.845132e+03	1.643329e+11	7.964779e+00	-1.152172e+08	5.000000e+03	1
2.914573e-01	4.419864e-01	1.593581e-01	5.828891e+03	1.620935e+11	7.922859e+00	-1.148207e+08	5.000000e+03	1
2.964824e-01	4.496068e-01	1.641227e-01	5.812694e+03	1.598713e+11	7.886417e+00	-1.144264e+08	5.000000e+03	1
3.015075e-01	4.572273e-01	1.690379e-01	5.796530e+03	1.576648e+11	7.855071e+00	-1.140339e+08	5.000000e+03	1
3.065327e-01	4.648477e-01	1.741056e-01	5.780389e+03	1.554725e+11	7.828470e+00	-1.136430e+08	5.000000e+03	1
3.115578e-01	4.724682e-01	1.793276e-01	5.764261e+03	1.532931e+11	7.806289e+00	-1.132535e+08	5.000000e+03	1
3.165829e-01	4.800887e-01	1.847057e-01	5.748138e+03	1.511254e+11	7.788229e+00	-1.128651e+08	5.000000e+03	1
3.216080e-01	4.877091e-01	1.902417e-01	5.732011e+03	1.489682e+11	7.774016e+00	-1.124777e+08	5.000000e+03	1
3.266332e-01	4.953296e-01	1.959374e-01	5.715872e+03	1.468205e+11	7.763393e+00	-1.120911e+08	5.000000e+03	1
3.316583e-01	5.029500e-01	2.017945e-01	5.699714e+03	1.446813e+11	7.756124e+00	-1.117051e+08	5.000000e+03	1
3.366834e-01	5.105705e-01	2.078147e-01	5.683529e+03	1.425498e+11	7.751990e+00	-1.113195e+08	5.000000e+03	1
3.417085e-01	5.181909e-01	2.139996e-01	5.667311e+03	1.404250e+11	7.750788e+00	-1.109342e+08	5.000000e+03	1
3.467337e-01	5.258114e-01	2.203509e-01	5.651054e+03	1.383063e+11	7.752329e+00	-1.105490e+08	5.000000e+03	1
3.517588e-01	5.334318e-01	2.268702e-01	5.634750e+03	1.361929e+11	7.756436e+00	-1.101638e+08	5.000000e+03	1
3.567839e-01	5.410523e-01	2.335591e-01	5.618396e+03	1.340842e+11	7.762946e+00	-1.097785e+08	5.000000e+03	1
3.618090e-01	5.486727e-01	2.404190e-01	5.601984e+03	1.319795e+11	7.771706e+00	-1.093930e+08	5.000000e+03	1
3.668342e-01	5.562932e-01	2.474514e-01	5.585510e+03	1.298783e+11	7.782571e+00	-1.090071e+08	5.000000e+03	1
3.718593e-01	5.639137e-01	2.546578e-01	5.568969e+03	1.277802e+11	7.795410e+00	-1.086208e+08	5.000000e+03	1
3.768844e-01	5.715341e-01	2.620397e-01	5.552356e+03	1.256846e+11	7.810097e+00	-1.082339e+08	5.000000e+03	1
3.819095e-01	5.791546e-01	2.695983e-01	5.535665e+03	1.235911e+11	7.826514e+00	-1.078462e+08	5.000000e+03	1
3.869347e-01	5.867750e-01	2.773351e-01	5.518894e+03	1.214993e+11	7.844552e+00	-1.074582e+08	5.000000e+03	1
3.919598e-01	5.943955e-01	2.852513e-01	5.502038e+03	1.194089e+11	7.864107e+00	-1.070687e+08	5.000000e+03	1
3.969849e-01	6.020159e-01	2.933482e-01	5.485091e+03	1.173195e+11	7.885083e+00	-1.066791e+08	5.000000e+03	1
4.020101e-01	6.096364e-01	3.016269e-01	5.468052e+03	1.152308e+11	7.907388e+00	-1.062883e+08	5.000000e+03	1
4.070352e-01	6.172568e-01	3.100888e-01	5.450914e+03	1.131426e+11	7.930936e+00	-1.058963e+08	5.000000e+03	1
4.120603e-01	6.248773e-01	3.187349e-01	5.433676e+03	1.110547e+11	7.955646e+00	-1.055034e+08	5.000000e+03	1
4.170854e-01	6.324978e-01	3.275663e-01	5.416334e+03	1.089668e+11	7.981441e+00	-1.051093e+08	5.000000e+03	1
4.221106e-01	6.401182e-01	3.365841e-01	5.398883e+03	1.068786e+11	8.008250e+00	-1.047140e+08	5.000000e+03	1
4.271357e-01	6.477387e-01	3.457893e-01	5.381320e+03	1.047902e+11	8.036003e+00	-1.043174e+08	5.000000e+03	1
4.321608e-01	6.553591e-01	3.551828e-01	5.363643e+03	1.027012e+11	8.064636e+00	-1.039196e+08	5.000000e+03	1
4.371859e-01	6.629796e-01	3.647656e-01	5.345848e+03	1.006117e+11	8.094089e+00	-1.035205e+08	5.000000e+03	1
4.422111e-01	6.706000e-01	3.745385e-01	5.327931e+03	9.852137e+10	8.124302e+00	-1.031200e+08	5.000000e+03	1
4.472362e-01	6.782205e-01	3.845024e-01	5.309890e+03	9.643027e+10	8.155221e+00	-1.027180e+08	5.000000e+03	1
4.522613e-01	6.858409e-01	3.946580e-01	5.291722e+03	9.433828e+10	8.186793e+00	-1.023147e+08	5.000000e+03	1
4.572864e-01	6.934614e-01	4.050062e-01	5.273423e+03	9.224536e+10	8.218968e+00	-1.019099e+08	5.000000e+03	1
4.623116e-01	7.010818e-01	4.155475e-01	5.254991e+03	9.015146e+10	8.251699e+00	-1.015036e+08	5.000000e+03	1
4.673367e-01	7.087023e-01	4.262826e-01	5.236423e+03	8.805656e+10	8.284941e+00	-1.010957e+08	5.000000e+03	1
4.723618e-01	7.163228e-01	4.372121e-01	5.217716e+03	8.596065e+10	8.318651e+00	-1.006863e+08	5.000000e+03	1
4.773869e-01	7.239432e-01	4.483365e-01	5.198866e+03	8.386374e+10	8.352788e+00	-1.002753e+08	5.000000e+03	1
4.824121e-01	7.315637e-01	4.596563e-01	5.179872e+03	8.176583e+10	8.387312e+00	-9.986379e+07	5.000000e+03	1
4.874372e-01	7.391841e-01	4.711719e-01	5.160731e+03	7.966698e+10	8.422186e+00	-9.944855e+07	5.000000e+03	1
4.924623e-01	7.468046e-01	4.828837e-01	5.141438e+03	7.756720e+10	8.457374e+00	-9.903268e+07	5.000000e+03	1
4.974874e-01	7.544250e-01	4.947921e-01	5.121993e+03	7.546657e+10	8.492841e+00	-9.861526e+07	5.000000e+03	1
5.025126e-01	7.620455e-01	5.068972e-01	5.102391e+03	7.336513e+10	8.528555e+00	-9.819608e+07	5.000000e+03	1
5.075377e-01	7.696659e-01	5.191994e-01	5.082631e+03	7.126298e+10	8.564484e+00	-9.777525e+07	5.000000e+03	1
5.125628e-01	7.772864e-01	5.316986e-01	5.062708e+03	6.916019e+10	8.600597e+00	-9.735273e+07	5.000000e+03	1
5.175879e-01	7.849068e-01	5.443951e-01	5.042621e+03	6.705686e+10	8.636865e+00	-9.692851e+07	5.000000e+03	1
5.226131e-01	7.925273e-01	5.572889e-01	5.022367e+03	6.495310e+10	8.673261e+00	-9.650259e+07	5.000000e+03	1
5.276382e-01	8.001478e-01	5.703799e-01	5.001942e+03	6.284901e+10	8.709756e+00	-9.607495e+07	5.000000e+03	1
5.326633e-01	8.077682e-01	5.836680e-01	4.981343e+03	6.074473e+10	8.746324e+00	-9.564561e+07	5.000000e+03	1
5.376884e-01	8.153887e-01	5.971531e-01	4.960568e+03	5.864038e+10	8.782941e+00	-9.521454e+07	5.000000e+03	1
5.427136e-01	8.230091e-01	6.032491e-01	2.201544e+03	5.770870e+10	8.709493e+00	-9.478264e+07	5.000000e+03	1
5.477387e-01	8.306296e-01	6.094366e-01	2.193625e+03	5.678804e+10	8.638562e+00	-9.435346e+07	5.000000e+03	2
5.527638e-01	8.382500e-01	6.157161e-01	2.185767e+03	5.587806e+10	8.570053e+00	-9.392774e+07	5.000000e+03	2
5.577889e-01	8.458705e-01	6.220879e-01	2.177969e+03	5.497842e+10	8.503876e+00	-9.350552e+07	5.000000e+03	2
5.628141e-01	8.534909e-01	6.285525e-01	2.170228e+03	5.408882e+10	8.439945e+00	-9.308721e+07	5.000000e+03	2
5.678392e-01	8.611114e-01	6.351102e-01	2.162542e+03	5.320895e+10	8.378177e+00	-9.267069e+07	5.000000e+03	2
5.728643e-01	8.687319e-01	6.417614e-01	2.154910e+03	5.233853e+10	8.318494e+00	-9.225793e+07	5.000000e+03	2
5.778894e-01	8.763523e-01	6.485065e-01	2.147328e+03	5.147726e+10	8.260819e+00	-9.184812e+07	5.000000e+03	2
5.829146e-01	8.839728e-01	6.553458e-01	2.139796e+03	5.062490e+10	8.205082e+00	-9.144118e+07	5.000000e+03	2
5.879397e-01	8.915932e-01	6.622797e-01	2.132312e+03	4.978117e+10	8.151212e+00	-9.103699e+07	5.000000e+03	2
5.929648e-01	8.992137e-01	6.693084e-01	2.124873e+03	4.894583e+10	8.099143e+00	-9.063553e+07	5.000000e+03	2
5.979899e-01	9.068341e-01	6.764324e-01	2.117478e+03	4.811865e+10	8.048812e+00	-9.023658e+07	5.000000e+03	2
6.030151e-01	9.144546e-01	6.836520e-01	2.110126e+03	4.729940e+10	8.000158e+00	-8.984016e+07	5.000000e+03	2
6.080402e-01	9.220750e-01	6.909674e-01	2.102814e+03	4.648786e+10	7.953122e+00	-8.944616e+07	5.000000e+03	2
6.130653e-01	9.296955e-01	6.983790e-01	2.095542e+03	4.568381e+10	7.907648e+00	-8.905521e+07	5.000000e+03	2
6.180905e-01	9.373159e-01	7.058871e-01	2.088308e+03	4.488707e+10	7.863682e+00	-8.866528e+07	5.000000e+03	2
6.231156e-01	9.449364e-01	7.134919e-01	2.081110e+03	4.409742e+10	7.821173e+00	-8.827791e+07	5.000000e+03	2
6.281407e-01	9.525569e-01	7.211938e-01	2.073947e+03	4.331469e+10	7.780071e+00	-8.789281e+07	5.000000e+03	2
6.331658e-01	9.601773e-01	7.289929e-01	2.066818e+03	4.253869e+10	7.740328e+00	-8.750979e+07	5.000000e+03	2
6.381910e-01	9.677978e-01	7.368897e-01	2.059721e+03	4.176925e+10	7.701898e+00	-8.712872e+07	5.000000e+03	2
6.432161e-01	9.754182e-01	7.448842e-01	2.052656e+03	4.100621e+10	7.664738e+00	-8.674957e+07	5.000000e+03	2
6.482412e-01	9.830387e-01	7.529768e-01	2.045620e+03	4.024940e+10	7.628804e+00	-8.637230e+07	5.000000e+03	2
6.532663e-01	9.906591e-01	7.611676e-01	2.038613e+03	3.949866e+10	7.594057e+00	-8.599681e+07	5.000000e+03	2
6.582915e-01	9.982796e-01	7.694570e-01	2.031634e+03	3.875386e+10	7.560456e+00	-8.562306e+07	5.000000e+03	2
6.633166e-01	1.005900e+00	7.778451e-01	2.024681e+03	3.801485e+10	7.527963e+00	-8.525099e+07	5.000000e+03	2
6.683417e-01	1.013520e+00	7.863320e-01	2.017754e+03	3.728148e+10	7.496544e+00	-8.488055e+07	5.000000e+03	2
6.733668e-01	1.021141e+00	7.949181e-01	2.010851e+03	3.655363e+10	7.466161e+00	-8.451167e+07	5.000000e+03	2
6.783920e-01	1.028761e+00	8.036035e-01	2.003971e+03	3.583116e+10	7.436783e+00	-8.414432e+07	5.000000e+03	2
6.834171e-01	1.036382e+00	8.123884e-01	1.997114e+03	3.511396e+10	7.408375e+00	-8.377846e+07	5.000000e+03	2
6.884422e-01	1.044002e+00	8.212729e-01	1.990278e+03	3.440190e+10	7.380906e+00	-8.341400e+07	5.000000e+03	2
6.934673e-01	1.051623e+00	8.302572e-01	1.983462e+03	3.369487e+10	7.354347e+00	-8.305072e+07	5.000000e+03	2
6.984925e-01	1.059243e+00	8.393414e-01	1.976666e+03	3.299277e+10	7.328668e+00	-8.268919e+07	5.000000e+03	2
7.035176e-01	1.066864e+00	8.485256e-01	1.969889e+03	3.229547e+10	7.303840e+00	-8.232876e+07	5.000000e+03	2
7.085427e-01	1.074484e+00	8.578101e-01	1.963129e+03	3.160289e+10	7.279837e+00	-8.196956e+07	5.000000e+03	2
7.135678e-01	1.082105e+00	8.671949e-01	1.956386e+03	3.091491e+10	7.256632e+00	-8.161158e+07	5.000000e+03	2
7.185930e-01	1.089725e+00	8.766800e-01	1.949660e+03	3.023146e+10	7.234200e+00	-8.125477e+07	5.000000e+03	2
7.236181e-01	1.097345e+00	8.862657e-01	1.942949e+03	2.955243e+10	7.212516e+00	-8.089908e+07	5.000000e+03	2
7.286432e-01	1.104966e+00	8.959519e-01	1.936252e+03	2.887773e+10	7.191557e+00	-8.054449e+07	5.000000e+03	2
7.336683e-01	1.112586e+00	9.057388e-01	1.929569e+03	2.820729e+10	7.171299e+00	-8.019106e+07	5.000000e+03	2
7.386935e-01	1.120207e+00	9.156264e-01	1.922899e+03	2.754101e+10	7.151720e+00	-7.983846e+07	5.000000e+03	2
7.437186e-01	1.127827e+00	9.256148e-01	1.916242e+03	2.687883e+10	7.132799e+00	-7.948696e+07	5.000000e+03	2
7.487437e-01	1.135448e+00	9.357040e-01	1.909596e+03	2.622065e+10	7.114516e+00	-7.913635e+07	5.000000e+03	2
7.537688e-01	1.143068e+00	9.458941e-01	1.902961e+03	2.556642e+10	7.096849e+00	-7.878677e+07	5.000000e+03	2
7.587940e-01	1.150689e+00	9.561849e-01	1.896336e+03	2.491606e+10	7.079780e+00	-7.843804e+07	5.000000e+03	2
7.638191e-01	1.158309e+00	9.665767e-01	1.889721e+03	2.426949e+10	7.063290e+00	-7.809018e+07	5.000000e+03	2
7.688442e-01	1.165930e+00	9.770693e-01	1.883114e+03	2.362666e+10	7.047361e+00	-7.774316e+07	5.000000e+03	2
7.738693e-01	1.173550e+00	9.876628e-01	1.876516e+03	2.298751e+10	7.031975e+00	-7.739696e+07	5.000000e+03	2
7.788945e-01	1.181170e+00	9.983571e-01	1.869926e+03	2.235196e+10	7.017114e+00	-7.705153e+07	5.000000e+03	2
7.839196e-01	1.188791e+00	1.009152e+00	1.863343e+03	2.171996e+10	7.002763e+00	-7.670687e+07	5.000000e+03	2
7.889447e-01	1.196411e+00	1.020048e+00	1.856766e+03	2.109146e+10	6.988905e+00	-7.636294e+07	5.000000e+03	2
7.939698e-01	1.204032e+00	1.031045e+00	1.850195e+03	2.046640e+10	6.975525e+00	-7.601971e+07	5.000000e+03	2
7.989950e-01	1.211652e+00	1.042142e+00	1.843630e+03	1.984473e+10	6.962607e+00	-7.567714e+07	5.000000e+03	2
8.040201e-01	1.219273e+00	1.053339e+00	1.837069e+03	1.922639e+10	6.950137e+00	-7.533531e+07	5.000000e+03	2
8.090452e-01	1.226893e+00	1.064637e+00	1.830512e+03	1.861134e+10	6.938101e+00	-7.499408e+07	5.000000e+03	2
8.140704e-01	1.234514e+00	1.076036e+00	1.823960e+03	1.799954e+10	6.926485e+00	-7.465346e+07	5.000000e+03	2
8.190955e-01	1.242134e+00	1.087535e+00	1.817410e+03	1.739093e+10	6.915275e+00	-7.431345e+07	5.000000e+03	2
8.241206e-01	1.249755e+00	1.099133e+00	1.810863e+03	1.678548e+10	6.904459e+00	-7.397402e+07	5.000000e+03	2
8.291457e-01	1.257375e+00	1.110832e+00	1.804318e+03	1.618314e+10	6.894023e+00	-7.363514e+07	5.000000e+03	2
8.341709e-01	1.264996e+00	1.122631e+00	1.797774e+03	1.558387e+10	6.883956e+00	-7.329681e+07	5.000000e+03	2
8.391960e-01	1.272616e+00	1.134529e+00	1.791232e+03	1.498763e+10	6.874246e+00	-7.295900e+07	5.000000e+03	2
8.442211e-01	1.280236e+00	1.146526e+00	1.784690e+03	1.439439e+10	6.864880e+00	-7.262143e+07	5.000000e+03	2
8.492462e-01	1.287857e+00	1.158623e+00	1.778148e+03	1.380412e+10	6.855849e+00	-7.228485e+07	5.000000e+03	2
8.542714e-01	1.295477e+00	1.170819e+00	1.771606e+03	1.321677e+10	6.847140e+00	-7.194853e+07	5.000000e+03	2
8.592965e-01	1.303098e+00	1.183057e+00	1.748735e+03	1.263502e+10	6.838415e+00	-7.161263e+07	5.000000e+03	2
8.643216e-01	1.310718e+00	1.195277e+00	1.725775e+03	1.206159e+10	6.829336e+00	-7.127925e+07	5.000000e+03	2
8.693467e-01	1.318339e+00	1.207477e+00	1.702716e+03	1.149653e+10	6.819897e+00	-7.094239e+07	5.000000e+03	2
8.743719e-01	1.325959e+00	1.219653e+00	1.679550e+03	1.093986e+10	6.810092e+00	-7.060790e+07	5.000000e+03	2
8.793970e-01	1.333580e+00	1.231800e+00	1.656265e+03	1.039165e+10	6.799914e+00	-7.026788e+07	5.000000e+03	2
8.844221e-01	1.341200e+00	1.243914e+00	1.632850e+03	9.851936e+09	6.789355e+00	-6.994087e+07	5.000000e+03	2
8.894472e-01	1.348821e+00	1.255992e+00	1.609293e+03	9.320770e+09	6.778409e+00	-6.960772e+07	5.000000e+03	2
8.944724e-01	1.356441e+00	1.268029e+00	1.585579e+03	8.798208e+09	6.767065e+00	-6.927563e+07	5.000000e+03	2
8.994975e-01	1.364061e+00	1.280021e+00	1.561693e+03	8.284308e+09	6.755318e+00	-6.894401e+07	5.000000e+03	2
9.045226e-01	1.371682e+00	1.291963e+00	1.537617e+03	7.779134e+09	6.743156e+00	-6.861302e+07	5.000000e+03	2
9.095477e-01	1.379302e+00	1.303850e+00	1.513330e+03	7.282754e+09	6.730571e+00	-6.828269e+07	5.000000e+03	2
9.145729e-01	1.386923e+00	1.315676e+00	1.488811e+03	6.795242e+09	6.717553e+00	-6.795295e+07	5.000000e+03	2
9.195980e-01	1.394543e+00	1.327437e+00	1.464033e+03	6.316678e+09	6.704089e+00	-6.762392e+07	5.000000e+03	2
9.246231e-01	1.402164e+00	1.339127e+00	1.438968e+03	5.847151e+09	6.690168e+00	-6.729560e+07	5.000000e+03	2
9.296482e-01	1.409784e+00	1.350738e+00	1.413581e+03	5.386758e+09	6.675776e+00	-6.696800e+07	5.000000e+03	2
9.346734e-01	1.417405e+00	1.362266e+00	1.387831e+03	4.935606e+09	6.660900e+00	-6.664113e+07	5.000000e+03	2
9.396985e-01	1.425025e+00	1.373703e+00	1.361674e+03	4.493817e+09	6.645521e+00	-6.631506e+07	5.000000e+03	2
9.447236e-01	1.432646e+00	1.385040e+00	1.335052e+03	4.061525e+09	6.629623e+00	-6.598976e+07	5.000000e+03	2
9.497487e-01	1.440266e+00	1.396271e+00	1.307900e+03	3.638882e+09	6.613186e+00	-6.566529e+07	5.000000e+03	2
9.547739e-01	1.447886e+00	1.407385e+00	1.280135e+03	3.226064e+09	6.596185e+00	-6.534167e+07	5.000000e+03	2
9.597990e-01	1.455507e+00	1.418372e+00	1.251657e+03	2.823270e+09	6.578595e+00	-6.501892e+07	5.000000e+03	2
9.648241e-01	1.463127e+00	1.429222e+00	1.222338e+03	2.430737e+09	6.560384e+00	-6.469707e+07	5.000000e+03	2
9.698492e-01	1.470748e+00	1.439922e+00	1.192010e+03	2.048742e+09	6.541516e+00	-6.437615e+07	5.000000e+03	2
9.748744e-01	1.478368e+00	1.450456e+00	1.160454e+03	1.677623e+09	6.521948e+00	-6.405621e+07	5.000000e+03	2
9.798995e-01	1.485989e+00	1.460807e+00	1.127361e+03	1.317793e+09	6.501625e+00	-6.373726e+07	5.000000e+03	2
9.849246e-01	1.493609e+00	1.470953e+00	1.092285e+03	9.697806e+08	6.480480e+00	-6.341935e+07	5.000000e+03	2
9.899497e-01	1.501230e+00	1.480868e+00	1.054531e+03	6.342812e+08	6.458422e+00	-6.310252e+07	5.000000e+03	2
9.949749e-01	1.508850e+00	1.490515e+00	1.012907e+03	3.122685e+08	6.435324e+00	-6.278684e+07	5.000000e+03	2
1.000000e+00	1.516471e+00	1.500000e+00	1.000000e+03	0.000000e+00	6.411675e+00	-6.247237e+07	3.000000e+02	2
