#t		Qconv[W]	Ri[Rp]		R*[Rp]		Qc[W]		Qm[W]		Qr[W]		Tcmb[K]		Tl[K]		Tup[K]		RiFlag		Bs[T]
0.000000e+00	1.734752e+14	0.000000e+00	5.288462e-01	2.978664e+15	1.664260e+15	2.084055e+14	1.915208e+04	4.005253e+03	2.797990e+03	0	2.024745e-03
1.000000e+07	1.601687e+14	0.000000e+00	5.288462e-01	2.753921e+15	1.798671e+15	2.072508e+14	1.877883e+04	4.069466e+03	2.842847e+03	0	1.971592e-03
2.000000e+07	1.482504e+14	0.000000e+00	5.288462e-01	2.552584e+15	1.894922e+15	2.061047e+14	1.843299e+04	4.118358e+03	2.877003e+03	0	1.921423e-03
3.000000e+07	1.375533e+14	0.000000e+00	5.288462e-01	2.371841e+15	1.957208e+15	2.049672e+14	1.811179e+04	4.154627e+03	2.902339e+03	0	1.874051e-03
4.000000e+07	1.279326e+14	0.000000e+00	5.288462e-01	2.209251e+15	1.990816e+15	2.038382e+14	1.781278e+04	4.180619e+03	2.920497e+03	0	1.829300e-03
5.000000e+07	1.192619e+14	0.000000e+00	5.288462e-01	2.062683e+15	2.001172e+15	2.027176e+14	1.753378e+04	4.198326e+03	2.932866e+03	0	1.787002e-03
6.000000e+07	1.114303e+14	0.000000e+00	5.288462e-01	1.930268e+15	1.993300e+15	2.016053e+14	1.727288e+04	4.209403e+03	2.940605e+03	0	1.746997e-03
7.000000e+07	1.043407e+14	0.000000e+00	5.288462e-01	1.810372e+15	1.971569e+15	2.005013e+14	1.702837e+04	4.215209e+03	2.944661e+03	0	1.709133e-03
8.000000e+07	9.790816e+13	0.000000e+00	5.288462e-01	1.701559e+15	1.939617e+15	1.994056e+14	1.679873e+04	4.216846e+03	2.945805e+03	0	1.673263e-03
9.000000e+07	9.205814e+13	0.000000e+00	5.288462e-01	1.602577e+15	1.900390e+15	1.983180e+14	1.658262e+04	4.215203e+03	2.944657e+03	0	1.639250e-03
1.000000e+08	8.672546e+13	0.000000e+00	5.288462e-01	1.512324e+15	1.856214e+15	1.972384e+14	1.637884e+04	4.210994e+03	2.941716e+03	0	1.606966e-03
1.100000e+08	8.185308e+13	0.000000e+00	5.288462e-01	1.429841e+15	1.808894e+15	1.961669e+14	1.618632e+04	4.204788e+03	2.937381e+03	0	1.576290e-03
1.200000e+08	7.739102e+13	0.000000e+00	5.288462e-01	1.354283e+15	1.759812e+15	1.951033e+14	1.600412e+04	4.197042e+03	2.931970e+03	0	1.547110e-03
1.300000e+08	7.329551e+13	0.000000e+00	5.288462e-01	1.284914e+15	1.710006e+15	1.940476e+14	1.583137e+04	4.188120e+03	2.925737e+03	0	1.519324e-03
1.400000e+08	6.952813e+13	0.000000e+00	5.288462e-01	1.221085e+15	1.660248e+15	1.929997e+14	1.566733e+04	4.178311e+03	2.918884e+03	0	1.492833e-03
1.500000e+08	6.605514e+13	0.000000e+00	5.288462e-01	1.162227e+15	1.611098e+15	1.919596e+14	1.551131e+04	4.167847e+03	2.911574e+03	0	1.467552e-03
1.600000e+08	6.284686e+13	0.000000e+00	5.288462e-01	1.107840e+15	1.562957e+15	1.909271e+14	1.536268e+04	4.156912e+03	2.903936e+03	0	1.443397e-03
1.700000e+08	5.987712e+13	0.000000e+00	5.288462e-01	1.057482e+15	1.516103e+15	1.899023e+14	1.522091e+04	4.145653e+03	2.896070e+03	0	1.420294e-03
1.800000e+08	5.712282e+13	0.000000e+00	5.288462e-01	1.010764e+15	1.470720e+15	1.888850e+14	1.508548e+04	4.134186e+03	2.888060e+03	0	1.398173e-03
1.900000e+08	5.456350e+13	0.000000e+00	5.288462e-01	9.673415e+14	1.426921e+15	1.878752e+14	1.495595e+04	4.122605e+03	2.879970e+03	0	1.376972e-03
2.000000e+08	5.218106e+13	0.000000e+00	5.288462e-01	9.269075e+14	1.384768e+15	1.868728e+14	1.483191e+04	4.110983e+03	2.871851e+03	0	1.356632e-03
2.100000e+08	4.995938e+13	0.000000e+00	5.288462e-01	8.891909e+14	1.344281e+15	1.858778e+14	1.471298e+04	4.099379e+03	2.863744e+03	0	1.337099e-03
2.200000e+08	4.788413e+13	0.000000e+00	5.288462e-01	8.539497e+14	1.305455e+15	1.848901e+14	1.459883e+04	4.087837e+03	2.855682e+03	0	1.318323e-03
2.300000e+08	4.594253e+13	0.000000e+00	5.288462e-01	8.209682e+14	1.268264e+15	1.839097e+14	1.448914e+04	4.076395e+03	2.847688e+03	0	1.300258e-03
2.400000e+08	4.412312e+13	0.000000e+00	5.288462e-01	7.900532e+14	1.232666e+15	1.829364e+14	1.438363e+04	4.065079e+03	2.839783e+03	0	1.282862e-03
2.500000e+08	4.241568e+13	0.000000e+00	5.288462e-01	7.610318e+14	1.198610e+15	1.819703e+14	1.428205e+04	4.053912e+03	2.831982e+03	0	1.266096e-03
2.600000e+08	4.081099e+13	0.000000e+00	5.288462e-01	7.337487e+14	1.166038e+15	1.810113e+14	1.418416e+04	4.042909e+03	2.824296e+03	0	1.249924e-03
2.700000e+08	3.930079e+13	0.000000e+00	5.288462e-01	7.080644e+14	1.134891e+15	1.800592e+14	1.408973e+04	4.032083e+03	2.816732e+03	0	1.234312e-03
2.800000e+08	3.787763e+13	0.000000e+00	5.288462e-01	6.838527e+14	1.105105e+15	1.791141e+14	1.399857e+04	4.021441e+03	2.809298e+03	0	1.219229e-03
2.900000e+08	3.653475e+13	0.000000e+00	5.288462e-01	6.610000e+14	1.076618e+15	1.781759e+14	1.391050e+04	4.010990e+03	2.801997e+03	0	1.204647e-03
3.000000e+08	3.526607e+13	0.000000e+00	5.288462e-01	6.394033e+14	1.049365e+15	1.772446e+14	1.382533e+04	4.000733e+03	2.794832e+03	0	1.190539e-03
3.100000e+08	3.406607e+13	0.000000e+00	5.288462e-01	6.189694e+14	1.023288e+15	1.763200e+14	1.374292e+04	3.990672e+03	2.787804e+03	0	1.176879e-03
3.200000e+08	3.292973e+13	0.000000e+00	5.288462e-01	5.996134e+14	9.983248e+14	1.754022e+14	1.366311e+04	3.980808e+03	2.780913e+03	0	1.163645e-03
3.300000e+08	3.185248e+13	0.000000e+00	5.288462e-01	5.812583e+14	9.744199e+14	1.744910e+14	1.358577e+04	3.971140e+03	2.774159e+03	0	1.150815e-03
3.400000e+08	3.083017e+13	0.000000e+00	5.288462e-01	5.638338e+14	9.515182e+14	1.735865e+14	1.351078e+04	3.961665e+03	2.767540e+03	0	1.138369e-03
3.500000e+08	2.985900e+13	0.000000e+00	5.288462e-01	5.472757e+14	9.295673e+14	1.726885e+14	1.343801e+04	3.952383e+03	2.761056e+03	0	1.126288e-03
3.600000e+08	2.893550e+13	0.000000e+00	5.288462e-01	5.315255e+14	9.085178e+14	1.717970e+14	1.336736e+04	3.943289e+03	2.754703e+03	0	1.114555e-03
3.700000e+08	2.805649e+13	0.000000e+00	5.288462e-01	5.165293e+14	8.883224e+14	1.709120e+14	1.329873e+04	3.934381e+03	2.748480e+03	0	1.103153e-03
3.800000e+08	2.721906e+13	0.000000e+00	5.288462e-01	5.022379e+14	8.689365e+14	1.700334e+14	1.323201e+04	3.925655e+03	2.742384e+03	0	1.092066e-03
3.900000e+08	2.642053e+13	0.000000e+00	5.288462e-01	4.886061e+14	8.503181e+14	1.691611e+14	1.316712e+04	3.917107e+03	2.736413e+03	0	1.081280e-03
4.000000e+08	2.565845e+13	0.000000e+00	5.288462e-01	4.755922e+14	8.324274e+14	1.682951e+14	1.310397e+04	3.908733e+03	2.730563e+03	0	1.070782e-03
4.100000e+08	2.493053e+13	0.000000e+00	5.288462e-01	4.631579e+14	8.152268e+14	1.674354e+14	1.304250e+04	3.900528e+03	2.724831e+03	0	1.060559e-03
4.200000e+08	2.423470e+13	0.000000e+00	5.288462e-01	4.512678e+14	7.986810e+14	1.665819e+14	1.298261e+04	3.892490e+03	2.719216e+03	0	1.050599e-03
4.300000e+08	2.356902e+13	0.000000e+00	5.288462e-01	4.398893e+14	7.827566e+14	1.657345e+14	1.292425e+04	3.884613e+03	2.713713e+03	0	1.040890e-03
4.400000e+08	2.293170e+13	0.000000e+00	5.288462e-01	4.289921e+14	7.674223e+14	1.648932e+14	1.286735e+04	3.876893e+03	2.708320e+03	0	1.031422e-03
4.500000e+08	2.232109e+13	0.000000e+00	5.288462e-01	4.185482e+14	7.526486e+14	1.640580e+14	1.281185e+04	3.869326e+03	2.703034e+03	0	1.022185e-03
4.600000e+08	2.173566e+13	0.000000e+00	5.288462e-01	4.085318e+14	7.384076e+14	1.632288e+14	1.275769e+04	3.861908e+03	2.697852e+03	0	1.013169e-03
4.700000e+08	2.117399e+13	0.000000e+00	5.288462e-01	3.989187e+14	7.246730e+14	1.624055e+14	1.270481e+04	3.854635e+03	2.692771e+03	0	1.004366e-03
4.800000e+08	2.063475e+13	0.000000e+00	5.288462e-01	3.896867e+14	7.114203e+14	1.615881e+14	1.265317e+04	3.847503e+03	2.687789e+03	0	9.957666e-04
4.900000e+08	2.011672e+13	0.000000e+00	5.288462e-01	3.808147e+14	6.986262e+14	1.607765e+14	1.260272e+04	3.840507e+03	2.682902e+03	0	9.873631e-04
5.000000e+08	1.961875e+13	0.000000e+00	5.288462e-01	3.722836e+14	6.862687e+14	1.599708e+14	1.255340e+04	3.833645e+03	2.678108e+03	0	9.791478e-04
5.100000e+08	1.913978e+13	0.000000e+00	5.288462e-01	3.640752e+14	6.743273e+14	1.591708e+14	1.250518e+04	3.826912e+03	2.673404e+03	0	9.711137e-04
5.200000e+08	1.867880e+13	0.000000e+00	5.288462e-01	3.561727e+14	6.627824e+14	1.583765e+14	1.245802e+04	3.820304e+03	2.668788e+03	0	9.632539e-04
5.300000e+08	1.823489e+13	0.000000e+00	5.288462e-01	3.485603e+14	6.516157e+14	1.575879e+14	1.241187e+04	3.813819e+03	2.664258e+03	0	9.555620e-04
5.400000e+08	1.780718e+13	0.000000e+00	5.288462e-01	3.412233e+14	6.408099e+14	1.568049e+14	1.236670e+04	3.807452e+03	2.659810e+03	0	9.480317e-04
5.500000e+08	1.739485e+13	0.000000e+00	5.288462e-01	3.341479e+14	6.303486e+14	1.560275e+14	1.232248e+04	3.801201e+03	2.655443e+03	0	9.406572e-04
5.600000e+08	1.699715e+13	0.000000e+00	5.288462e-01	3.273211e+14	6.202164e+14	1.552556e+14	1.227916e+04	3.795061e+03	2.651154e+03	0	9.334331e-04
5.700000e+08	1.661336e+13	0.000000e+00	5.288462e-01	3.207310e+14	6.103987e+14	1.544892e+14	1.223673e+04	3.789031e+03	2.646941e+03	0	9.263540e-04
5.800000e+08	1.624281e+13	0.000000e+00	5.288462e-01	3.143661e+14	6.008816e+14	1.537283e+14	1.219514e+04	3.783106e+03	2.642802e+03	0	9.194148e-04
5.900000e+08	1.588486e+13	0.000000e+00	5.288462e-01	3.082157e+14	5.916521e+14	1.529727e+14	1.215438e+04	3.777284e+03	2.638735e+03	0	9.126108e-04
6.000000e+08	1.553893e+13	0.000000e+00	5.288462e-01	3.022698e+14	5.826980e+14	1.522224e+14	1.211440e+04	3.771563e+03	2.634738e+03	0	9.059374e-04
6.100000e+08	1.520446e+13	0.000000e+00	5.288462e-01	2.965190e+14	5.740074e+14	1.514775e+14	1.207520e+04	3.765938e+03	2.630809e+03	0	8.993902e-04
6.200000e+08	1.488093e+13	0.000000e+00	5.288462e-01	2.909544e+14	5.655694e+14	1.507379e+14	1.203673e+04	3.760408e+03	2.626946e+03	0	8.929651e-04
6.300000e+08	1.456784e+13	0.000000e+00	5.288462e-01	2.855676e+14	5.573735e+14	1.500034e+14	1.199898e+04	3.754971e+03	2.623148e+03	0	8.866581e-04
6.400000e+08	1.426472e+13	0.000000e+00	5.288462e-01	2.803508e+14	5.494096e+14	1.492742e+14	1.196192e+04	3.749623e+03	2.619411e+03	0	8.804654e-04
6.500000e+08	1.397115e+13	0.000000e+00	5.288462e-01	2.752963e+14	5.416684e+14	1.485500e+14	1.192554e+04	3.744362e+03	2.615736e+03	0	8.743832e-04
6.600000e+08	1.368669e+13	0.000000e+00	5.288462e-01	2.703973e+14	5.341410e+14	1.478310e+14	1.188981e+04	3.739185e+03	2.612120e+03	0	8.684083e-04
6.700000e+08	1.341097e+13	0.000000e+00	5.288462e-01	2.656471e+14	5.268188e+14	1.471170e+14	1.185471e+04	3.734092e+03	2.608562e+03	0	8.625372e-04
6.800000e+08	1.314360e+13	0.000000e+00	5.288462e-01	2.610393e+14	5.196937e+14	1.464081e+14	1.182023e+04	3.729078e+03	2.605060e+03	0	8.567667e-04
6.900000e+08	1.288424e+13	0.000000e+00	5.288462e-01	2.565680e+14	5.127581e+14	1.457041e+14	1.178634e+04	3.724143e+03	2.601612e+03	0	8.510938e-04
7.000000e+08	1.263256e+13	0.000000e+00	5.288462e-01	2.522277e+14	5.060047e+14	1.450051e+14	1.175303e+04	3.719284e+03	2.598218e+03	0	8.455155e-04
7.100000e+08	1.238824e+13	0.000000e+00	5.288462e-01	2.480129e+14	4.994266e+14	1.443109e+14	1.172027e+04	3.714500e+03	2.594875e+03	0	8.400291e-04
7.200000e+08	1.215098e+13	0.000000e+00	5.288462e-01	2.439185e+14	4.930172e+14	1.436216e+14	1.168806e+04	3.709787e+03	2.591583e+03	0	8.346318e-04
7.300000e+08	1.192051e+13	0.000000e+00	5.288462e-01	2.399399e+14	4.867701e+14	1.429371e+14	1.165638e+04	3.705145e+03	2.588341e+03	0	8.293211e-04
7.400000e+08	1.169654e+13	0.000000e+00	5.288462e-01	2.360723e+14	4.806794e+14	1.422574e+14	1.162522e+04	3.700572e+03	2.585146e+03	0	8.240944e-04
7.500000e+08	1.147883e+13	0.000000e+00	5.288462e-01	2.323115e+14	4.747393e+14	1.415825e+14	1.159455e+04	3.696066e+03	2.581998e+03	0	8.189494e-04
7.600000e+08	1.126714e+13	0.000000e+00	5.288462e-01	2.286534e+14	4.689445e+14	1.409122e+14	1.156437e+04	3.691625e+03	2.578895e+03	0	8.138837e-04
7.700000e+08	1.106123e+13	0.000000e+00	5.288462e-01	2.250941e+14	4.632897e+14	1.402466e+14	1.153466e+04	3.687247e+03	2.575837e+03	0	8.088952e-04
7.800000e+08	1.086088e+13	0.000000e+00	5.288462e-01	2.216297e+14	4.577700e+14	1.395856e+14	1.150542e+04	3.682932e+03	2.572823e+03	0	8.039818e-04
7.900000e+08	1.066590e+13	0.000000e+00	5.288462e-01	2.182569e+14	4.523807e+14	1.389292e+14	1.147662e+04	3.678677e+03	2.569851e+03	0	7.991413e-04
8.000000e+08	1.047606e+13	0.000000e+00	5.288462e-01	2.149721e+14	4.471171e+14	1.382774e+14	1.144825e+04	3.674482e+03	2.566920e+03	0	7.943718e-04
8.100000e+08	1.029120e+13	0.000000e+00	5.288462e-01	2.117722e+14	4.419751e+14	1.376301e+14	1.142031e+04	3.670344e+03	2.564029e+03	0	7.896715e-04
8.200000e+08	1.011112e+13	0.000000e+00	5.288462e-01	2.086541e+14	4.369505e+14	1.369872e+14	1.139279e+04	3.666262e+03	2.561178e+03	0	7.850384e-04
8.300000e+08	9.935660e+12	0.000000e+00	5.288462e-01	2.056149e+14	4.320393e+14	1.363489e+14	1.136566e+04	3.662236e+03	2.558365e+03	0	7.804709e-04
8.400000e+08	9.764649e+12	0.000000e+00	5.288462e-01	2.026518e+14	4.272378e+14	1.357149e+14	1.133894e+04	3.658263e+03	2.555589e+03	0	7.759672e-04
8.500000e+08	9.597931e+12	0.000000e+00	5.288462e-01	1.997621e+14	4.225423e+14	1.350853e+14	1.131259e+04	3.654342e+03	2.552850e+03	0	7.715256e-04
8.600000e+08	9.435358e+12	0.000000e+00	5.288462e-01	1.969432e+14	4.179494e+14	1.344600e+14	1.128662e+04	3.650473e+03	2.550147e+03	0	7.671446e-04
8.700000e+08	9.276785e+12	0.000000e+00	5.288462e-01	1.941928e+14	4.134557e+14	1.338390e+14	1.126101e+04	3.646653e+03	2.547479e+03	0	7.628227e-04
8.800000e+08	9.122076e+12	0.000000e+00	5.288462e-01	1.915085e+14	4.090582e+14	1.332224e+14	1.123576e+04	3.642883e+03	2.544845e+03	0	7.585584e-04
8.900000e+08	8.971100e+12	0.000000e+00	5.288462e-01	1.888881e+14	4.047536e+14	1.326099e+14	1.121086e+04	3.639160e+03	2.542244e+03	0	7.543503e-04
9.000000e+08	8.823732e+12	0.000000e+00	5.288462e-01	1.863294e+14	4.005392e+14	1.320016e+14	1.118629e+04	3.635484e+03	2.539677e+03	0	7.501969e-04
9.100000e+08	8.679852e+12	0.000000e+00	5.288462e-01	1.838305e+14	3.964121e+14	1.313976e+14	1.116206e+04	3.631854e+03	2.537140e+03	0	7.460969e-04
9.200000e+08	8.539344e+12	0.000000e+00	5.288462e-01	1.813892e+14	3.923697e+14	1.307976e+14	1.113815e+04	3.628268e+03	2.534636e+03	0	7.420491e-04
9.300000e+08	8.402100e+12	0.000000e+00	5.288462e-01	1.790039e+14	3.884092e+14	1.302018e+14	1.111455e+04	3.624726e+03	2.532161e+03	0	7.380522e-04
9.400000e+08	8.268013e+12	0.000000e+00	5.288462e-01	1.766726e+14	3.845284e+14	1.296100e+14	1.109127e+04	3.621227e+03	2.529717e+03	0	7.341050e-04
9.500000e+08	8.136982e+12	0.000000e+00	5.288462e-01	1.743937e+14	3.807247e+14	1.290223e+14	1.106829e+04	3.617769e+03	2.527301e+03	0	7.302063e-04
9.600000e+08	8.008911e+12	0.000000e+00	5.288462e-01	1.721655e+14	3.769958e+14	1.284386e+14	1.104560e+04	3.614353e+03	2.524915e+03	0	7.263550e-04
9.700000e+08	7.883706e+12	0.000000e+00	5.288462e-01	1.699864e+14	3.733397e+14	1.278588e+14	1.102320e+04	3.610976e+03	2.522556e+03	0	7.225501e-04
9.800000e+08	7.761278e+12	0.000000e+00	5.288462e-01	1.678549e+14	3.697541e+14	1.272830e+14	1.100108e+04	3.607639e+03	2.520224e+03	0	7.187903e-04
9.900000e+08	7.641541e+12	0.000000e+00	5.288462e-01	1.657696e+14	3.662371e+14	1.267111e+14	1.097924e+04	3.604340e+03	2.517920e+03	0	7.150748e-04
1.000000e+09	7.524413e+12	0.000000e+00	5.288462e-01	1.637290e+14	3.627866e+14	1.261431e+14	1.095767e+04	3.601078e+03	2.515641e+03	0	7.114024e-04
1.010000e+09	7.409815e+12	0.000000e+00	5.288462e-01	1.617318e+14	3.594008e+14	1.255790e+14	1.093636e+04	3.597854e+03	2.513389e+03	0	7.077724e-04
1.020000e+09	7.297671e+12	0.000000e+00	5.288462e-01	1.597766e+14	3.560779e+14	1.250186e+14	1.091532e+04	3.594665e+03	2.511161e+03	0	7.041836e-04
1.030000e+09	7.187906e+12	0.000000e+00	5.288462e-01	1.578623e+14	3.528160e+14	1.244621e+14	1.089452e+04	3.591512e+03	2.508959e+03	0	7.006352e-04
1.040000e+09	7.080452e+12	0.000000e+00	5.288462e-01	1.559877e+14	3.496136e+14	1.239093e+14	1.087398e+04	3.588393e+03	2.506780e+03	0	6.971263e-04
1.050000e+09	6.975240e+12	0.000000e+00	5.288462e-01	1.541515e+14	3.464690e+14	1.233603e+14	1.085367e+04	3.585308e+03	2.504625e+03	0	6.936561e-04
1.060000e+09	6.872205e+12	0.000000e+00	5.288462e-01	1.523527e+14	3.433806e+14	1.228149e+14	1.083361e+04	3.582257e+03	2.502493e+03	0	6.902236e-04
1.070000e+09	6.771284e+12	0.000000e+00	5.288462e-01	1.505902e+14	3.403469e+14	1.222733e+14	1.081378e+04	3.579238e+03	2.500384e+03	0	6.868282e-04
1.080000e+09	6.672416e+12	0.000000e+00	5.288462e-01	1.488630e+14	3.373665e+14	1.217352e+14	1.079417e+04	3.576251e+03	2.498297e+03	0	6.834691e-04
1.090000e+09	6.575545e+12	0.000000e+00	5.288462e-01	1.471700e+14	3.344379e+14	1.212008e+14	1.077479e+04	3.573295e+03	2.496233e+03	0	6.801453e-04
1.100000e+09	6.480612e+12	0.000000e+00	5.288462e-01	1.455104e+14	3.315598e+14	1.206700e+14	1.075563e+04	3.570370e+03	2.494189e+03	0	6.768563e-04
1.110000e+09	6.387565e+12	0.000000e+00	5.288462e-01	1.438832e+14	3.287309e+14	1.201428e+14	1.073669e+04	3.567475e+03	2.492167e+03	0	6.736013e-04
1.120000e+09	6.296351e+12	0.000000e+00	5.288462e-01	1.422874e+14	3.259498e+14	1.196190e+14	1.071796e+04	3.564610e+03	2.490165e+03	0	6.703796e-04
1.130000e+09	6.206920e+12	0.000000e+00	5.288462e-01	1.407223e+14	3.232155e+14	1.190988e+14	1.069943e+04	3.561773e+03	2.488184e+03	0	6.671905e-04
1.140000e+09	6.119222e+12	0.000000e+00	5.288462e-01	1.391871e+14	3.205266e+14	1.185821e+14	1.068111e+04	3.558965e+03	2.486222e+03	0	6.640333e-04
1.150000e+09	6.033212e+12	0.000000e+00	5.288462e-01	1.376808e+14	3.178821e+14	1.180688e+14	1.066298e+04	3.556185e+03	2.484280e+03	0	6.609075e-04
1.160000e+09	5.948844e+12	0.000000e+00	5.288462e-01	1.362028e+14	3.152809e+14	1.175589e+14	1.064505e+04	3.553432e+03	2.482357e+03	0	6.578123e-04
1.170000e+09	5.866073e+12	0.000000e+00	5.288462e-01	1.347522e+14	3.127218e+14	1.170524e+14	1.062731e+04	3.550707e+03	2.480453e+03	0	6.547472e-04
1.180000e+09	5.784859e+12	0.000000e+00	5.288462e-01	1.333285e+14	3.102039e+14	1.165493e+14	1.060977e+04	3.548007e+03	2.478567e+03	0	6.517115e-04
1.190000e+09	5.705160e+12	0.000000e+00	5.288462e-01	1.319308e+14	3.077260e+14	1.160496e+14	1.059240e+04	3.545334e+03	2.476699e+03	0	6.487048e-04
1.200000e+09	5.626937e+12	0.000000e+00	5.288462e-01	1.305585e+14	3.052874e+14	1.155531e+14	1.057522e+04	3.542686e+03	2.474850e+03	0	6.457263e-04
1.210000e+09	5.550151e+12	0.000000e+00	5.288462e-01	1.292110e+14	3.028870e+14	1.150600e+14	1.055821e+04	3.540063e+03	2.473017e+03	0	6.427756e-04
1.220000e+09	5.474766e+12	0.000000e+00	5.288462e-01	1.278876e+14	3.005239e+14	1.145701e+14	1.054138e+04	3.537464e+03	2.471202e+03	0	6.398522e-04
1.230000e+09	5.400746e+12	0.000000e+00	5.288462e-01	1.265877e+14	2.981973e+14	1.140835e+14	1.052473e+04	3.534890e+03	2.469404e+03	0	6.369554e-04
1.240000e+09	5.328057e+12	0.000000e+00	5.288462e-01	1.253107e+14	2.959063e+14	1.136000e+14	1.050824e+04	3.532339e+03	2.467622e+03	0	6.340849e-04
1.250000e+09	5.256664e+12	0.000000e+00	5.288462e-01	1.240561e+14	2.936500e+14	1.131198e+14	1.049191e+04	3.529812e+03	2.465856e+03	0	6.312401e-04
1.260000e+09	5.186537e+12	0.000000e+00	5.288462e-01	1.228232e+14	2.914277e+14	1.126427e+14	1.047575e+04	3.527308e+03	2.464107e+03	0	6.284204e-04
1.270000e+09	5.117643e+12	0.000000e+00	5.288462e-01	1.216117e+14	2.892385e+14	1.121688e+14	1.045975e+04	3.524826e+03	2.462373e+03	0	6.256256e-04
1.280000e+09	5.049953e+12	0.000000e+00	5.288462e-01	1.204208e+14	2.870818e+14	1.116980e+14	1.044391e+04	3.522366e+03	2.460654e+03	0	6.228550e-04
1.290000e+09	4.983437e+12	0.000000e+00	5.288462e-01	1.192503e+14	2.849568e+14	1.112303e+14	1.042822e+04	3.519928e+03	2.458951e+03	0	6.201082e-04
1.300000e+09	4.918066e+12	0.000000e+00	5.288462e-01	1.180995e+14	2.828628e+14	1.107657e+14	1.041268e+04	3.517511e+03	2.457263e+03	0	6.173848e-04
1.310000e+09	4.853813e+12	0.000000e+00	5.288462e-01	1.169679e+14	2.807992e+14	1.103041e+14	1.039730e+04	3.515115e+03	2.455589e+03	0	6.146844e-04
1.320000e+09	4.790652e+12	0.000000e+00	5.288462e-01	1.158552e+14	2.787651e+14	1.098455e+14	1.038205e+04	3.512740e+03	2.453930e+03	0	6.120065e-04
1.330000e+09	4.728556e+12	0.000000e+00	5.288462e-01	1.147609e+14	2.767601e+14	1.093899e+14	1.036696e+04	3.510386e+03	2.452285e+03	0	6.093507e-04
1.340000e+09	4.667501e+12	0.000000e+00	5.288462e-01	1.136845e+14	2.747834e+14	1.089373e+14	1.035201e+04	3.508051e+03	2.450654e+03	0	6.067167e-04
1.350000e+09	4.607462e+12	0.000000e+00	5.288462e-01	1.126257e+14	2.728344e+14	1.084877e+14	1.033719e+04	3.505736e+03	2.449037e+03	0	6.041040e-04
1.360000e+09	4.548415e+12	0.000000e+00	5.288462e-01	1.115840e+14	2.709127e+14	1.080410e+14	1.032251e+04	3.503440e+03	2.447434e+03	0	6.015123e-04
1.370000e+09	4.490337e+12	0.000000e+00	5.288462e-01	1.105591e+14	2.690175e+14	1.075972e+14	1.030797e+04	3.501164e+03	2.445843e+03	0	5.989411e-04
1.380000e+09	4.433208e+12	0.000000e+00	5.288462e-01	1.095505e+14	2.671483e+14	1.071562e+14	1.029357e+04	3.498906e+03	2.444266e+03	0	5.963902e-04
1.390000e+09	4.377003e+12	0.000000e+00	5.288462e-01	1.085579e+14	2.653047e+14	1.067182e+14	1.027929e+04	3.496667e+03	2.442702e+03	0	5.938591e-04
1.400000e+09	4.321704e+12	0.000000e+00	5.288462e-01	1.075810e+14	2.634860e+14	1.062830e+14	1.026514e+04	3.494446e+03	2.441150e+03	0	5.913476e-04
1.410000e+09	4.267289e+12	0.000000e+00	5.288462e-01	1.066193e+14	2.616917e+14	1.058506e+14	1.025112e+04	3.492242e+03	2.439611e+03	0	5.888552e-04
1.420000e+09	4.213739e+12	0.000000e+00	5.288462e-01	1.056726e+14	2.599213e+14	1.054210e+14	1.023722e+04	3.490057e+03	2.438084e+03	0	5.863816e-04
1.430000e+09	4.161035e+12	0.000000e+00	5.288462e-01	1.047406e+14	2.581744e+14	1.049942e+14	1.022345e+04	3.487888e+03	2.436569e+03	0	5.839266e-04
1.440000e+09	4.109157e+12	0.000000e+00	5.288462e-01	1.038228e+14	2.564505e+14	1.045701e+14	1.020980e+04	3.485737e+03	2.435066e+03	0	5.814897e-04
1.450000e+09	4.058088e+12	0.000000e+00	5.288462e-01	1.029190e+14	2.547492e+14	1.041488e+14	1.019627e+04	3.483603e+03	2.433575e+03	0	5.790708e-04
1.460000e+09	4.007811e+12	0.000000e+00	5.288462e-01	1.020289e+14	2.530698e+14	1.037302e+14	1.018285e+04	3.481485e+03	2.432096e+03	0	5.766694e-04
1.470000e+09	3.958307e+12	0.000000e+00	5.288462e-01	1.011521e+14	2.514122e+14	1.033142e+14	1.016955e+04	3.479383e+03	2.430628e+03	0	5.742852e-04
1.480000e+09	3.909561e+12	0.000000e+00	5.288462e-01	1.002885e+14	2.497757e+14	1.029010e+14	1.015637e+04	3.477298e+03	2.429171e+03	0	5.719181e-04
1.490000e+09	3.861557e+12	0.000000e+00	5.288462e-01	9.943777e+13	2.481600e+14	1.024904e+14	1.014329e+04	3.475228e+03	2.427725e+03	0	5.695676e-04
1.500000e+09	3.814278e+12	0.000000e+00	5.288462e-01	9.859956e+13	2.465647e+14	1.020824e+14	1.013033e+04	3.473174e+03	2.426290e+03	0	5.672336e-04
1.510000e+09	3.767709e+12	0.000000e+00	5.288462e-01	9.777365e+13	2.449895e+14	1.016771e+14	1.011748e+04	3.471135e+03	2.424866e+03	0	5.649156e-04
1.520000e+09	3.721835e+12	0.000000e+00	5.288462e-01	9.695978e+13	2.434338e+14	1.012743e+14	1.010473e+04	3.469112e+03	2.423452e+03	0	5.626136e-04
1.530000e+09	3.676643e+12	0.000000e+00	5.288462e-01	9.615771e+13	2.418974e+14	1.008741e+14	1.009209e+04	3.467103e+03	2.422049e+03	0	5.603271e-04
1.540000e+09	3.632117e+12	0.000000e+00	5.288462e-01	9.536719e+13	2.403799e+14	1.004765e+14	1.007955e+04	3.465109e+03	2.420656e+03	0	5.580560e-04
1.550000e+09	3.588244e+12	0.000000e+00	5.288462e-01	9.458799e+13	2.388809e+14	1.000814e+14	1.006712e+04	3.463130e+03	2.419273e+03	0	5.557999e-04
1.560000e+09	3.545011e+12	0.000000e+00	5.288462e-01	9.381988e+13	2.374001e+14	9.968882e+13	1.005479e+04	3.461165e+03	2.417901e+03	0	5.535587e-04
1.570000e+09	3.502405e+12	0.000000e+00	5.288462e-01	9.306263e+13	2.359372e+14	9.929873e+13	1.004255e+04	3.459214e+03	2.416538e+03	0	5.513321e-04
1.580000e+09	3.460412e+12	0.000000e+00	5.288462e-01	9.231603e+13	2.344918e+14	9.891112e+13	1.003042e+04	3.457277e+03	2.415185e+03	0	5.491198e-04
1.590000e+09	3.419021e+12	0.000000e+00	5.288462e-01	9.157986e+13	2.330636e+14	9.852597e+13	1.001838e+04	3.455354e+03	2.413841e+03	0	5.469216e-04
1.600000e+09	3.378220e+12	0.000000e+00	5.288462e-01	9.085392e+13	2.316522e+14	9.814325e+13	1.000644e+04	3.453444e+03	2.412507e+03	0	5.447373e-04
1.610000e+09	3.337996e+12	0.000000e+00	5.288462e-01	9.013801e+13	2.302575e+14	9.776296e+13	9.994594e+03	3.451548e+03	2.411182e+03	0	5.425666e-04
1.620000e+09	3.298339e+12	0.000000e+00	5.288462e-01	8.943193e+13	2.288791e+14	9.738507e+13	9.982840e+03	3.449664e+03	2.409867e+03	0	5.404094e-04
1.630000e+09	3.259238e+12	0.000000e+00	5.288462e-01	8.873549e+13	2.275166e+14	9.700956e+13	9.971178e+03	3.447794e+03	2.408560e+03	0	5.382654e-04
1.640000e+09	3.220681e+12	0.000000e+00	5.288462e-01	8.804850e+13	2.261699e+14	9.663642e+13	9.959607e+03	3.445937e+03	2.407262e+03	0	5.361344e-04
1.650000e+09	3.182657e+12	0.000000e+00	5.288462e-01	8.737078e+13	2.248386e+14	9.626563e+13	9.948125e+03	3.444092e+03	2.405974e+03	0	5.340162e-04
1.660000e+09	3.145158e+12	0.000000e+00	5.288462e-01	8.670216e+13	2.235225e+14	9.589717e+13	9.936731e+03	3.442259e+03	2.404694e+03	0	5.319106e-04
1.670000e+09	3.108171e+12	0.000000e+00	5.288462e-01	8.604245e+13	2.222214e+14	9.553103e+13	9.925424e+03	3.440439e+03	2.403422e+03	0	5.298173e-04
1.680000e+09	3.071689e+12	0.000000e+00	5.288462e-01	8.539150e+13	2.209348e+14	9.516718e+13	9.914203e+03	3.438632e+03	2.402159e+03	0	5.277362e-04
1.690000e+09	3.035701e+12	0.000000e+00	5.288462e-01	8.474914e+13	2.196627e+14	9.480560e+13	9.903066e+03	3.436836e+03	2.400905e+03	0	5.256671e-04
1.700000e+09	3.000197e+12	0.000000e+00	5.288462e-01	8.411520e+13	2.184048e+14	9.444630e+13	9.892013e+03	3.435052e+03	2.399658e+03	0	5.236098e-04
1.710000e+09	2.965169e+12	0.000000e+00	5.288462e-01	8.348953e+13	2.171607e+14	9.408923e+13	9.881043e+03	3.433279e+03	2.398420e+03	0	5.215640e-04
1.720000e+09	2.930608e+12	0.000000e+00	5.288462e-01	8.287198e+13	2.159304e+14	9.373440e+13	9.870154e+03	3.431518e+03	2.397190e+03	0	5.195297e-04
1.730000e+09	2.896505e+12	0.000000e+00	5.288462e-01	8.226240e+13	2.147134e+14	9.338177e+13	9.859345e+03	3.429769e+03	2.395968e+03	0	5.175066e-04
1.740000e+09	2.862852e+12	0.000000e+00	5.288462e-01	8.166063e+13	2.135098e+14	9.303134e+13	9.848616e+03	3.428031e+03	2.394754e+03	0	5.154946e-04
1.750000e+09	2.829640e+12	0.000000e+00	5.288462e-01	8.106655e+13	2.123191e+14	9.268309e+13	9.837965e+03	3.426304e+03	2.393547e+03	0	5.134934e-04
1.760000e+09	2.796861e+12	0.000000e+00	5.288462e-01	8.048001e+13	2.111413e+14	9.233700e+13	9.827391e+03	3.424588e+03	2.392348e+03	0	5.115029e-04
1.770000e+09	2.764508e+12	0.000000e+00	5.288462e-01	7.990087e+13	2.099760e+14	9.199306e+13	9.816893e+03	3.422882e+03	2.391157e+03	0	5.095230e-04
1.780000e+09	2.732573e+12	0.000000e+00	5.288462e-01	7.932901e+13	2.088232e+14	9.165125e+13	9.806471e+03	3.421188e+03	2.389973e+03	0	5.075534e-04
1.790000e+09	2.701047e+12	0.000000e+00	5.288462e-01	7.876429e+13	2.076825e+14	9.131155e+13	9.796123e+03	3.419504e+03	2.388797e+03	0	5.055940e-04
1.800000e+09	2.669925e+12	0.000000e+00	5.288462e-01	7.820658e+13	2.065538e+14	9.097395e+13	9.785849e+03	3.417830e+03	2.387628e+03	0	5.036446e-04
1.810000e+09	2.639198e+12	0.000000e+00	5.288462e-01	7.765577e+13	2.054369e+14	9.063844e+13	9.775647e+03	3.416167e+03	2.386466e+03	0	5.017051e-04
1.820000e+09	2.608860e+12	0.000000e+00	5.288462e-01	7.711173e+13	2.043316e+14	9.030499e+13	9.765517e+03	3.414514e+03	2.385311e+03	0	4.997752e-04
1.830000e+09	2.578904e+12	0.000000e+00	5.288462e-01	7.657434e+13	2.032378e+14	8.997359e+13	9.755458e+03	3.412871e+03	2.384163e+03	0	4.978550e-04
1.840000e+09	2.549323e+12	0.000000e+00	5.288462e-01	7.604349e+13	2.021552e+14	8.964424e+13	9.745469e+03	3.411237e+03	2.383022e+03	0	4.959441e-04
1.850000e+09	2.520110e+12	0.000000e+00	5.288462e-01	7.551906e+13	2.010837e+14	8.931690e+13	9.735549e+03	3.409614e+03	2.381888e+03	0	4.940425e-04
1.860000e+09	2.491260e+12	0.000000e+00	5.288462e-01	7.500095e+13	2.000231e+14	8.899157e+13	9.725697e+03	3.408001e+03	2.380761e+03	0	4.921500e-04
1.870000e+09	2.462765e+12	0.000000e+00	5.288462e-01	7.448905e+13	1.989733e+14	8.866823e+13	9.715912e+03	3.406397e+03	2.379641e+03	0	4.902664e-04
1.880000e+09	2.434621e+12	0.000000e+00	5.288462e-01	7.398325e+13	1.979340e+14	8.834687e+13	9.706194e+03	3.404802e+03	2.378527e+03	0	4.883917e-04
1.890000e+09	2.406820e+12	0.000000e+00	5.288462e-01	7.348345e+13	1.969051e+14	8.802747e+13	9.696542e+03	3.403217e+03	2.377419e+03	0	4.865256e-04
1.900000e+09	2.379357e+12	0.000000e+00	5.288462e-01	7.298954e+13	1.958865e+14	8.771002e+13	9.686955e+03	3.401641e+03	2.376319e+03	0	4.846680e-04
1.910000e+09	2.352226e+12	0.000000e+00	5.288462e-01	7.250143e+13	1.948780e+14	8.739451e+13	9.677432e+03	3.400075e+03	2.375224e+03	0	4.828188e-04
1.920000e+09	2.325422e+12	0.000000e+00	5.288462e-01	7.201903e+13	1.938794e+14	8.708091e+13	9.667973e+03	3.398517e+03	2.374136e+03	0	4.809778e-04
1.930000e+09	2.298939e+12	0.000000e+00	5.288462e-01	7.154223e+13	1.928907e+14	8.676922e+13	9.658577e+03	3.396968e+03	2.373054e+03	0	4.791450e-04
1.940000e+09	2.272771e+12	0.000000e+00	5.288462e-01	7.107095e+13	1.919116e+14	8.645942e+13	9.649242e+03	3.395429e+03	2.371979e+03	0	4.773201e-04
1.950000e+09	2.246915e+12	0.000000e+00	5.288462e-01	7.060509e+13	1.909420e+14	8.615150e+13	9.639969e+03	3.393897e+03	2.370909e+03	0	4.755031e-04
1.960000e+09	2.221363e+12	0.000000e+00	5.288462e-01	7.014456e+13	1.899818e+14	8.584544e+13	9.630757e+03	3.392375e+03	2.369845e+03	0	4.736938e-04
1.970000e+09	2.196113e+12	0.000000e+00	5.288462e-01	6.968929e+13	1.890308e+14	8.554123e+13	9.621605e+03	3.390861e+03	2.368788e+03	0	4.718921e-04
1.980000e+09	2.171157e+12	0.000000e+00	5.288462e-01	6.923918e+13	1.880889e+14	8.523886e+13	9.612512e+03	3.389356e+03	2.367736e+03	0	4.700978e-04
1.990000e+09	2.146492e+12	0.000000e+00	5.288462e-01	6.879415e+13	1.871560e+14	8.493831e+13	9.603477e+03	3.387859e+03	2.366691e+03	0	4.683109e-04
2.000000e+09	2.122113e+12	0.000000e+00	5.288462e-01	6.835412e+13	1.862319e+14	8.463957e+13	9.594500e+03	3.386370e+03	2.365651e+03	0	4.665312e-04
2.010000e+09	2.098016e+12	0.000000e+00	5.288462e-01	6.791901e+13	1.853166e+14	8.434263e+13	9.585581e+03	3.384890e+03	2.364616e+03	0	4.647585e-04
2.020000e+09	2.074195e+12	0.000000e+00	5.288462e-01	6.748874e+13	1.844099e+14	8.404747e+13	9.576719e+03	3.383417e+03	2.363588e+03	0	4.629929e-04
2.030000e+09	2.050647e+12	0.000000e+00	5.288462e-01	6.706324e+13	1.835116e+14	8.375408e+13	9.567912e+03	3.381953e+03	2.362565e+03	0	4.612341e-04
2.040000e+09	2.027366e+12	0.000000e+00	5.288462e-01	6.664243e+13	1.826217e+14	8.346245e+13	9.559161e+03	3.380497e+03	2.361547e+03	0	4.594820e-04
2.050000e+09	2.004349e+12	0.000000e+00	5.288462e-01	6.622623e+13	1.817400e+14	8.317256e+13	9.550464e+03	3.379048e+03	2.360536e+03	0	4.577366e-04
2.060000e+09	1.981592e+12	0.000000e+00	5.288462e-01	6.581458e+13	1.808664e+14	8.288441e+13	9.541822e+03	3.377607e+03	2.359529e+03	0	4.559976e-04
2.070000e+09	1.959091e+12	0.000000e+00	5.288462e-01	6.540740e+13	1.800009e+14	8.259797e+13	9.533233e+03	3.376174e+03	2.358528e+03	0	4.542651e-04
2.080000e+09	1.936841e+12	0.000000e+00	5.288462e-01	6.500463e+13	1.791432e+14	8.231324e+13	9.524698e+03	3.374749e+03	2.357532e+03	0	4.525388e-04
2.090000e+09	1.914839e+12	0.000000e+00	5.288462e-01	6.460619e+13	1.782933e+14	8.203021e+13	9.516215e+03	3.373331e+03	2.356542e+03	0	4.508187e-04
2.100000e+09	1.893080e+12	0.000000e+00	5.288462e-01	6.421203e+13	1.774512e+14	8.174886e+13	9.507783e+03	3.371920e+03	2.355556e+03	0	4.491046e-04
2.110000e+09	1.871562e+12	0.000000e+00	5.288462e-01	6.382208e+13	1.766166e+14	8.146917e+13	9.499403e+03	3.370517e+03	2.354576e+03	0	4.473965e-04
2.120000e+09	1.850280e+12	0.000000e+00	5.288462e-01	6.343626e+13	1.757894e+14	8.119115e+13	9.491074e+03	3.369121e+03	2.353601e+03	0	4.456942e-04
2.130000e+09	1.829231e+12	0.000000e+00	5.288462e-01	6.305453e+13	1.749697e+14	8.091477e+13	9.482795e+03	3.367733e+03	2.352631e+03	0	4.439976e-04
2.140000e+09	1.808410e+12	0.000000e+00	5.288462e-01	6.267681e+13	1.741572e+14	8.064002e+13	9.474566e+03	3.366351e+03	2.351666e+03	0	4.423067e-04
2.150000e+09	1.787816e+12	0.000000e+00	5.288462e-01	6.230306e+13	1.733519e+14	8.036689e+13	9.466386e+03	3.364977e+03	2.350706e+03	0	4.406212e-04
2.160000e+09	1.767444e+12	0.000000e+00	5.288462e-01	6.193320e+13	1.725537e+14	8.009538e+13	9.458255e+03	3.363610e+03	2.349751e+03	0	4.389412e-04
2.170000e+09	1.747291e+12	0.000000e+00	5.288462e-01	6.156718e+13	1.717625e+14	7.982546e+13	9.450172e+03	3.362249e+03	2.348800e+03	0	4.372665e-04
2.180000e+09	1.727353e+12	0.000000e+00	5.288462e-01	6.120495e+13	1.709782e+14	7.955713e+13	9.442136e+03	3.360896e+03	2.347855e+03	0	4.355970e-04
2.190000e+09	1.707629e+12	0.000000e+00	5.288462e-01	6.084645e+13	1.702008e+14	7.929038e+13	9.434148e+03	3.359549e+03	2.346914e+03	0	4.339326e-04
2.200000e+09	1.688113e+12	0.000000e+00	5.288462e-01	6.049163e+13	1.694300e+14	7.902519e+13	9.426206e+03	3.358209e+03	2.345978e+03	0	4.322732e-04
2.210000e+09	1.668804e+12	0.000000e+00	5.288462e-01	6.014043e+13	1.686659e+14	7.876155e+13	9.418311e+03	3.356876e+03	2.345047e+03	0	4.306187e-04
2.220000e+09	1.649698e+12	0.000000e+00	5.288462e-01	5.979279e+13	1.679083e+14	7.849946e+13	9.410461e+03	3.355549e+03	2.344120e+03	0	4.289690e-04
2.230000e+09	1.630792e+12	0.000000e+00	5.288462e-01	5.944867e+13	1.671572e+14	7.823889e+13	9.402657e+03	3.354229e+03	2.343198e+03	0	4.273240e-04
2.240000e+09	1.612083e+12	0.000000e+00	5.288462e-01	5.910803e+13	1.664125e+14	7.797985e+13	9.394897e+03	3.352916e+03	2.342280e+03	0	4.256837e-04
2.250000e+09	1.593569e+12	0.000000e+00	5.288462e-01	5.877079e+13	1.656740e+14	7.772231e+13	9.387182e+03	3.351608e+03	2.341367e+03	0	4.240478e-04
2.260000e+09	1.575247e+12	0.000000e+00	5.288462e-01	5.843693e+13	1.649418e+14	7.746628e+13	9.379511e+03	3.350308e+03	2.340458e+03	0	4.224163e-04
2.270000e+09	1.557114e+12	0.000000e+00	5.288462e-01	5.810639e+13	1.642158e+14	7.721172e+13	9.371883e+03	3.349013e+03	2.339554e+03	0	4.207892e-04
2.280000e+09	1.539167e+12	0.000000e+00	5.288462e-01	5.777912e+13	1.634958e+14	7.695865e+13	9.364298e+03	3.347725e+03	2.338654e+03	0	4.191663e-04
2.290000e+09	1.521403e+12	0.000000e+00	5.288462e-01	5.745508e+13	1.627818e+14	7.670704e+13	9.356756e+03	3.346443e+03	2.337758e+03	0	4.175475e-04
2.300000e+09	1.503820e+12	0.000000e+00	5.288462e-01	5.713422e+13	1.620738e+14	7.645689e+13	9.349257e+03	3.345167e+03	2.336867e+03	0	4.159327e-04
2.310000e+09	1.486416e+12	0.000000e+00	5.288462e-01	5.681650e+13	1.613715e+14	7.620818e+13	9.341799e+03	3.343897e+03	2.335980e+03	0	4.143219e-04
2.320000e+09	1.469187e+12	0.000000e+00	5.288462e-01	5.650187e+13	1.606751e+14	7.596091e+13	9.334382e+03	3.342633e+03	2.335097e+03	0	4.127150e-04
2.330000e+09	1.452132e+12	0.000000e+00	5.288462e-01	5.619030e+13	1.599843e+14	7.571506e+13	9.327006e+03	3.341375e+03	2.334218e+03	0	4.111117e-04
2.340000e+09	1.435248e+12	0.000000e+00	5.288462e-01	5.588173e+13	1.592992e+14	7.547062e+13	9.319671e+03	3.340123e+03	2.333343e+03	0	4.095122e-04
2.350000e+09	1.418533e+12	0.000000e+00	5.288462e-01	5.557614e+13	1.586197e+14	7.522759e+13	9.312376e+03	3.338877e+03	2.332473e+03	0	4.079162e-04
2.360000e+09	1.401984e+12	0.000000e+00	5.288462e-01	5.527347e+13	1.579457e+14	7.498596e+13	9.305121e+03	3.337637e+03	2.331606e+03	0	4.063237e-04
2.370000e+09	1.385598e+12	0.000000e+00	5.288462e-01	5.497369e+13	1.572770e+14	7.474570e+13	9.297906e+03	3.336402e+03	2.330744e+03	0	4.047345e-04
2.380000e+09	1.369375e+12	0.000000e+00	5.288462e-01	5.467676e+13	1.566138e+14	7.450683e+13	9.290729e+03	3.335173e+03	2.329886e+03	0	4.031487e-04
2.390000e+09	1.353310e+12	0.000000e+00	5.288462e-01	5.438264e+13	1.559559e+14	7.426931e+13	9.283591e+03	3.333950e+03	2.329031e+03	0	4.015660e-04
2.400000e+09	1.337404e+12	0.000000e+00	5.288462e-01	5.409129e+13	1.553032e+14	7.403316e+13	9.276492e+03	3.332733e+03	2.328180e+03	0	3.999865e-04
2.410000e+09	1.321652e+12	0.000000e+00	5.288462e-01	5.380268e+13	1.546556e+14	7.379834e+13	9.269430e+03	3.331521e+03	2.327334e+03	0	3.984100e-04
2.420000e+09	1.306053e+12	0.000000e+00	5.288462e-01	5.351676e+13	1.540132e+14	7.356487e+13	9.262406e+03	3.330314e+03	2.326491e+03	0	3.968364e-04
2.430000e+09	1.290606e+12	0.000000e+00	5.288462e-01	5.323351e+13	1.533759e+14	7.333272e+13	9.255420e+03	3.329113e+03	2.325652e+03	0	3.952656e-04
2.440000e+09	1.275307e+12	0.000000e+00	5.288462e-01	5.295289e+13	1.527436e+14	7.310189e+13	9.248470e+03	3.327917e+03	2.324817e+03	0	3.936976e-04
2.450000e+09	1.260156e+12	0.000000e+00	5.288462e-01	5.267486e+13	1.521162e+14	7.287236e+13	9.241557e+03	3.326727e+03	2.323985e+03	0	3.921322e-04
2.460000e+09	1.245149e+12	0.000000e+00	5.288462e-01	5.239939e+13	1.514936e+14	7.264414e+13	9.234680e+03	3.325542e+03	2.323157e+03	0	3.905694e-04
2.470000e+09	1.230286e+12	0.000000e+00	5.288462e-01	5.212644e+13	1.508760e+14	7.241720e+13	9.227839e+03	3.324362e+03	2.322333e+03	0	3.890091e-04
2.480000e+09	1.215563e+12	0.000000e+00	5.288462e-01	5.185599e+13	1.502630e+14	7.219154e+13	9.221033e+03	3.323188e+03	2.321513e+03	0	3.874512e-04
2.490000e+09	1.200980e+12	0.000000e+00	5.288462e-01	5.158799e+13	1.496548e+14	7.196716e+13	9.214263e+03	3.322018e+03	2.320696e+03	0	3.858956e-04
2.500000e+09	1.186535e+12	0.000000e+00	5.288462e-01	5.132243e+13	1.490513e+14	7.174404e+13	9.207527e+03	3.320854e+03	2.319882e+03	0	3.843421e-04
2.510000e+09	1.172225e+12	0.000000e+00	5.288462e-01	5.105926e+13	1.484524e+14	7.152217e+13	9.200827e+03	3.319695e+03	2.319073e+03	0	3.827908e-04
2.520000e+09	1.158050e+12	0.000000e+00	5.288462e-01	5.079846e+13	1.478580e+14	7.130154e+13	9.194160e+03	3.318541e+03	2.318266e+03	0	3.812415e-04
2.530000e+09	1.144006e+12	0.000000e+00	5.288462e-01	5.054000e+13	1.472682e+14	7.108216e+13	9.187528e+03	3.317392e+03	2.317464e+03	0	3.796941e-04
2.540000e+09	1.130093e+12	0.000000e+00	5.288462e-01	5.028384e+13	1.466828e+14	7.086400e+13	9.180929e+03	3.316248e+03	2.316665e+03	0	3.781486e-04
2.550000e+09	1.116309e+12	0.000000e+00	5.288462e-01	5.002996e+13	1.461018e+14	7.064705e+13	9.174364e+03	3.315109e+03	2.315869e+03	0	3.766049e-04
2.560000e+09	1.102652e+12	0.000000e+00	5.288462e-01	4.977833e+13	1.455252e+14	7.043132e+13	9.167831e+03	3.313975e+03	2.315076e+03	0	3.750627e-04
2.570000e+09	1.089120e+12	0.000000e+00	5.288462e-01	4.952892e+13	1.449528e+14	7.021679e+13	9.161332e+03	3.312845e+03	2.314288e+03	0	3.735222e-04
2.580000e+09	1.075713e+12	0.000000e+00	5.288462e-01	4.928170e+13	1.443848e+14	7.000346e+13	9.154865e+03	3.311721e+03	2.313502e+03	0	3.719831e-04
2.590000e+09	1.062427e+12	0.000000e+00	5.288462e-01	4.903665e+13	1.438209e+14	6.979131e+13	9.148430e+03	3.310601e+03	2.312720e+03	0	3.704454e-04
2.600000e+09	1.049263e+12	0.000000e+00	5.288462e-01	4.879373e+13	1.432613e+14	6.958033e+13	9.142027e+03	3.309486e+03	2.311941e+03	0	3.689090e-04
2.610000e+09	1.036218e+12	0.000000e+00	5.288462e-01	4.855293e+13	1.427057e+14	6.937053e+13	9.135656e+03	3.308375e+03	2.311165e+03	0	3.673738e-04
2.620000e+09	1.023291e+12	0.000000e+00	5.288462e-01	4.831421e+13	1.421543e+14	6.916188e+13	9.129317e+03	3.307270e+03	2.310393e+03	0	3.658397e-04
2.630000e+09	1.010480e+12	0.000000e+00	5.288462e-01	4.807755e+13	1.416068e+14	6.895439e+13	9.123008e+03	3.306169e+03	2.309623e+03	0	3.643066e-04
2.640000e+09	9.977836e+11	0.000000e+00	5.288462e-01	4.784292e+13	1.410634e+14	6.874804e+13	9.116730e+03	3.305072e+03	2.308857e+03	0	3.627744e-04
2.650000e+09	9.852009e+11	0.000000e+00	5.288462e-01	4.761031e+13	1.405239e+14	6.854283e+13	9.110483e+03	3.303980e+03	2.308095e+03	0	3.612430e-04
2.660000e+09	9.727303e+11	0.000000e+00	5.288462e-01	4.737968e+13	1.399883e+14	6.833874e+13	9.104266e+03	3.302893e+03	2.307335e+03	0	3.597123e-04
2.670000e+09	9.603704e+11	0.000000e+00	5.288462e-01	4.715101e+13	1.394566e+14	6.813578e+13	9.098079e+03	3.301810e+03	2.306578e+03	0	3.581823e-04
2.680000e+09	9.481198e+11	0.000000e+00	5.288462e-01	4.692427e+13	1.389288e+14	6.793393e+13	9.091922e+03	3.300731e+03	2.305825e+03	0	3.566527e-04
2.690000e+09	9.359772e+11	0.000000e+00	5.288462e-01	4.669946e+13	1.384047e+14	6.773318e+13	9.085795e+03	3.299657e+03	2.305075e+03	0	3.551236e-04
2.700000e+09	9.239412e+11	0.000000e+00	5.288462e-01	4.647653e+13	1.378843e+14	6.753354e+13	9.079697e+03	3.298587e+03	2.304327e+03	0	3.535948e-04
2.710000e+09	9.120106e+11	0.000000e+00	5.288462e-01	4.625547e+13	1.373677e+14	6.733498e+13	9.073627e+03	3.297522e+03	2.303583e+03	0	3.520663e-04
2.720000e+09	9.001840e+11	0.000000e+00	5.288462e-01	4.603626e+13	1.368547e+14	6.713751e+13	9.067587e+03	3.296461e+03	2.302842e+03	0	3.505378e-04
2.730000e+09	8.884603e+11	0.000000e+00	5.288462e-01	4.581887e+13	1.363453e+14	6.694111e+13	9.061576e+03	3.295404e+03	2.302104e+03	0	3.490094e-04
2.740000e+09	8.768381e+11	0.000000e+00	5.288462e-01	4.560329e+13	1.358396e+14	6.674577e+13	9.055592e+03	3.294352e+03	2.301368e+03	0	3.474809e-04
2.750000e+09	8.653163e+11	0.000000e+00	5.288462e-01	4.538948e+13	1.353374e+14	6.655150e+13	9.049637e+03	3.293303e+03	2.300636e+03	0	3.459522e-04
2.760000e+09	8.538937e+11	0.000000e+00	5.288462e-01	4.517744e+13	1.348387e+14	6.635828e+13	9.043710e+03	3.292259e+03	2.299906e+03	0	3.444232e-04
2.770000e+09	8.425691e+11	0.000000e+00	5.288462e-01	4.496713e+13	1.343435e+14	6.616611e+13	9.037810e+03	3.291219e+03	2.299180e+03	0	3.428938e-04
2.780000e+09	8.313413e+11	0.000000e+00	5.288462e-01	4.475855e+13	1.338517e+14	6.597498e+13	9.031938e+03	3.290183e+03	2.298456e+03	0	3.413639e-04
2.790000e+09	8.202091e+11	0.000000e+00	5.288462e-01	4.455167e+13	1.333634e+14	6.578487e+13	9.026092e+03	3.289151e+03	2.297735e+03	0	3.398334e-04
2.800000e+09	8.091716e+11	0.000000e+00	5.288462e-01	4.434646e+13	1.328784e+14	6.559580e+13	9.020274e+03	3.288124e+03	2.297017e+03	0	3.383021e-04
2.810000e+09	7.982274e+11	0.000000e+00	5.288462e-01	4.414292e+13	1.323968e+14	6.540774e+13	9.014483e+03	3.287100e+03	2.296302e+03	0	3.367700e-04
2.820000e+09	7.873757e+11	0.000000e+00	5.288462e-01	4.394101e+13	1.319185e+14	6.522068e+13	9.008718e+03	3.286080e+03	2.295590e+03	0	3.352369e-04
2.830000e+09	7.766151e+11	0.000000e+00	5.288462e-01	4.374073e+13	1.314434e+14	6.503464e+13	9.002980e+03	3.285064e+03	2.294880e+03	0	3.337027e-04
2.840000e+09	7.659448e+11	0.000000e+00	5.288462e-01	4.354206e+13	1.309716e+14	6.484959e+13	8.997267e+03	3.284053e+03	2.294174e+03	0	3.321674e-04
2.850000e+09	7.553637e+11	0.000000e+00	5.288462e-01	4.334497e+13	1.305030e+14	6.466553e+13	8.991581e+03	3.283045e+03	2.293469e+03	0	3.306307e-04
2.860000e+09	7.448707e+11	0.000000e+00	5.288462e-01	4.314944e+13	1.300376e+14	6.448245e+13	8.985920e+03	3.282041e+03	2.292768e+03	0	3.290926e-04
2.870000e+09	7.344648e+11	0.000000e+00	5.288462e-01	4.295547e+13	1.295754e+14	6.430035e+13	8.980285e+03	3.281041e+03	2.292069e+03	0	3.275529e-04
2.880000e+09	7.241451e+11	0.000000e+00	5.288462e-01	4.276303e+13	1.291162e+14	6.411922e+13	8.974675e+03	3.280044e+03	2.291373e+03	0	3.260116e-04
2.890000e+09	7.139105e+11	0.000000e+00	5.288462e-01	4.257211e+13	1.286602e+14	6.393905e+13	8.969090e+03	3.279052e+03	2.290680e+03	0	3.244684e-04
2.900000e+09	7.037600e+11	0.000000e+00	5.288462e-01	4.238268e+13	1.282072e+14	6.375984e+13	8.963530e+03	3.278063e+03	2.289989e+03	0	3.229233e-04
2.910000e+09	6.936928e+11	0.000000e+00	5.288462e-01	4.219474e+13	1.277572e+14	6.358158e+13	8.957994e+03	3.277078e+03	2.289301e+03	0	3.213761e-04
2.920000e+09	6.837078e+11	0.000000e+00	5.288462e-01	4.200826e+13	1.273102e+14	6.340426e+13	8.952484e+03	3.276097e+03	2.288616e+03	0	3.198266e-04
2.930000e+09	6.738041e+11	0.000000e+00	5.288462e-01	4.182323e+13	1.268662e+14	6.322788e+13	8.946997e+03	3.275119e+03	2.287933e+03	0	3.182749e-04
2.940000e+09	6.639809e+11	0.000000e+00	5.288462e-01	4.163963e+13	1.264251e+14	6.305243e+13	8.941535e+03	3.274145e+03	2.287253e+03	0	3.167206e-04
2.950000e+09	6.542372e+11	0.000000e+00	5.288462e-01	4.145745e+13	1.259869e+14	6.287790e+13	8.936096e+03	3.273175e+03	2.286575e+03	0	3.151637e-04
2.960000e+09	6.445722e+11	0.000000e+00	5.288462e-01	4.127667e+13	1.255516e+14	6.270430e+13	8.930682e+03	3.272208e+03	2.285899e+03	0	3.136040e-04
2.970000e+09	6.349849e+11	0.000000e+00	5.288462e-01	4.109728e+13	1.251192e+14	6.253160e+13	8.925291e+03	3.271245e+03	2.285227e+03	0	3.120414e-04
2.980000e+09	6.254745e+11	0.000000e+00	5.288462e-01	4.091926e+13	1.246896e+14	6.235981e+13	8.919923e+03	3.270286e+03	2.284556e+03	0	3.104757e-04
2.990000e+09	6.160402e+11	0.000000e+00	5.288462e-01	4.074259e+13	1.242628e+14	6.218893e+13	8.914578e+03	3.269330e+03	2.283889e+03	0	3.089068e-04
3.000000e+09	6.066810e+11	0.000000e+00	5.288462e-01	4.056727e+13	1.238388e+14	6.201893e+13	8.909257e+03	3.268378e+03	2.283223e+03	0	3.073345e-04
3.010000e+09	5.973962e+11	0.000000e+00	5.288462e-01	4.039327e+13	1.234175e+14	6.184983e+13	8.903958e+03	3.267429e+03	2.282561e+03	0	3.057586e-04
3.020000e+09	5.881850e+11	0.000000e+00	5.288462e-01	4.022059e+13	1.229989e+14	6.168160e+13	8.898683e+03	3.266483e+03	2.281900e+03	0	3.041789e-04
3.030000e+09	5.790466e+11	0.000000e+00	5.288462e-01	4.004920e+13	1.225831e+14	6.151425e+13	8.893429e+03	3.265541e+03	2.281242e+03	0	3.025954e-04
3.040000e+09	5.699801e+11	0.000000e+00	5.288462e-01	3.987910e+13	1.221699e+14	6.134777e+13	8.888198e+03	3.264603e+03	2.280586e+03	0	3.010078e-04
3.050000e+09	5.609848e+11	0.000000e+00	5.288462e-01	3.971028e+13	1.217593e+14	6.118216e+13	8.882989e+03	3.263668e+03	2.279933e+03	0	2.994159e-04
3.060000e+09	5.520599e+11	0.000000e+00	5.288462e-01	3.954270e+13	1.213514e+14	6.101740e+13	8.877803e+03	3.262736e+03	2.279282e+03	0	2.978196e-04
3.070000e+09	5.432047e+11	0.000000e+00	5.288462e-01	3.937638e+13	1.209461e+14	6.085350e+13	8.872638e+03	3.261808e+03	2.278634e+03	0	2.962186e-04
3.080000e+09	5.344184e+11	0.000000e+00	5.288462e-01	3.921128e+13	1.205433e+14	6.069044e+13	8.867494e+03	3.260883e+03	2.277987e+03	0	2.946128e-04
3.090000e+09	5.257002e+11	0.000000e+00	5.288462e-01	3.904740e+13	1.201431e+14	6.052823e+13	8.862373e+03	3.259961e+03	2.277344e+03	0	2.930020e-04
3.100000e+09	5.170495e+11	0.000000e+00	5.288462e-01	3.888473e+13	1.197454e+14	6.036685e+13	8.857272e+03	3.259043e+03	2.276702e+03	0	2.913859e-04
3.110000e+09	5.084655e+11	0.000000e+00	5.288462e-01	3.872325e+13	1.193503e+14	6.020630e+13	8.852193e+03	3.258127e+03	2.276063e+03	0	2.897644e-04
3.120000e+09	4.999475e+11	0.000000e+00	5.288462e-01	3.856295e+13	1.189576e+14	6.004658e+13	8.847135e+03	3.257216e+03	2.275426e+03	0	2.881372e-04
3.130000e+09	4.914948e+11	0.000000e+00	5.288462e-01	3.840382e+13	1.185673e+14	5.988767e+13	8.842098e+03	3.256307e+03	2.274791e+03	0	2.865041e-04
3.140000e+09	4.831067e+11	0.000000e+00	5.288462e-01	3.824585e+13	1.181795e+14	5.972958e+13	8.837082e+03	3.255401e+03	2.274158e+03	0	2.848648e-04
3.150000e+09	4.747826e+11	0.000000e+00	5.288462e-01	3.808902e+13	1.177941e+14	5.957230e+13	8.832086e+03	3.254499e+03	2.273528e+03	0	2.832192e-04
3.160000e+09	4.665217e+11	0.000000e+00	5.288462e-01	3.793332e+13	1.174111e+14	5.941582e+13	8.827110e+03	3.253600e+03	2.272900e+03	0	2.815670e-04
3.170000e+09	4.583234e+11	0.000000e+00	5.288462e-01	3.777874e+13	1.170305e+14	5.926014e+13	8.822155e+03	3.252704e+03	2.272274e+03	0	2.799079e-04
3.180000e+09	4.501871e+11	0.000000e+00	5.288462e-01	3.762527e+13	1.166522e+14	5.910525e+13	8.817221e+03	3.251811e+03	2.271650e+03	0	2.782417e-04
3.190000e+09	4.421121e+11	0.000000e+00	5.288462e-01	3.747290e+13	1.162763e+14	5.895114e+13	8.812306e+03	3.250922e+03	2.271029e+03	0	2.765680e-04
3.200000e+09	4.340978e+11	0.000000e+00	5.288462e-01	3.732162e+13	1.159027e+14	5.879782e+13	8.807411e+03	3.250035e+03	2.270410e+03	0	2.748867e-04
3.210000e+09	4.261435e+11	0.000000e+00	5.288462e-01	3.717141e+13	1.155313e+14	5.864528e+13	8.802535e+03	3.249151e+03	2.269792e+03	0	2.731973e-04
3.220000e+09	4.182486e+11	0.000000e+00	5.288462e-01	3.702226e+13	1.151622e+14	5.849350e+13	8.797680e+03	3.248271e+03	2.269177e+03	0	2.714997e-04
3.230000e+09	4.104125e+11	0.000000e+00	5.288462e-01	3.687417e+13	1.147954e+14	5.834250e+13	8.792844e+03	3.247394e+03	2.268564e+03	0	2.697934e-04
3.240000e+09	4.026347e+11	0.000000e+00	5.288462e-01	3.672713e+13	1.144308e+14	5.819225e+13	8.788027e+03	3.246519e+03	2.267953e+03	0	2.680782e-04
3.250000e+09	3.949145e+11	0.000000e+00	5.288462e-01	3.658111e+13	1.140683e+14	5.804276e+13	8.783229e+03	3.245648e+03	2.267345e+03	0	2.663538e-04
3.260000e+09	3.872512e+11	0.000000e+00	5.288462e-01	3.643612e+13	1.137081e+14	5.789403e+13	8.778450e+03	3.244779e+03	2.266738e+03	0	2.646196e-04
3.270000e+09	3.796445e+11	0.000000e+00	5.288462e-01	3.629214e+13	1.133501e+14	5.774603e+13	8.773691e+03	3.243914e+03	2.266133e+03	0	2.628755e-04
3.280000e+09	3.720936e+11	0.000000e+00	5.288462e-01	3.614917e+13	1.129942e+14	5.759878e+13	8.768950e+03	3.243051e+03	2.265531e+03	0	2.611210e-04
3.290000e+09	3.645980e+11	0.000000e+00	5.288462e-01	3.600718e+13	1.126404e+14	5.745227e+13	8.764227e+03	3.242192e+03	2.264930e+03	0	2.593558e-04
3.300000e+09	3.571572e+11	0.000000e+00	5.288462e-01	3.586618e+13	1.122887e+14	5.730649e+13	8.759524e+03	3.241335e+03	2.264332e+03	0	2.575793e-04
3.310000e+09	3.497706e+11	0.000000e+00	5.288462e-01	3.572616e+13	1.119392e+14	5.716144e+13	8.754838e+03	3.240481e+03	2.263735e+03	0	2.557912e-04
3.320000e+09	3.424376e+11	0.000000e+00	5.288462e-01	3.558709e+13	1.115917e+14	5.701711e+13	8.750171e+03	3.239630e+03	2.263141e+03	0	2.539910e-04
3.330000e+09	3.351578e+11	0.000000e+00	5.288462e-01	3.544898e+13	1.112463e+14	5.687349e+13	8.745522e+03	3.238782e+03	2.262548e+03	0	2.521782e-04
3.340000e+09	3.279305e+11	0.000000e+00	5.288462e-01	3.531182e+13	1.109029e+14	5.673059e+13	8.740891e+03	3.237937e+03	2.261958e+03	0	2.503524e-04
3.350000e+09	3.207554e+11	0.000000e+00	5.288462e-01	3.517559e+13	1.105615e+14	5.658840e+13	8.736278e+03	3.237094e+03	2.261369e+03	0	2.485130e-04
3.360000e+09	3.136318e+11	0.000000e+00	5.288462e-01	3.504028e+13	1.102222e+14	5.644691e+13	8.731683e+03	3.236254e+03	2.260783e+03	0	2.466595e-04
3.370000e+09	3.065592e+11	0.000000e+00	5.288462e-01	3.490590e+13	1.098848e+14	5.630612e+13	8.727105e+03	3.235418e+03	2.260198e+03	0	2.447913e-04
3.380000e+09	2.995372e+11	0.000000e+00	5.288462e-01	3.477242e+13	1.095494e+14	5.616603e+13	8.722545e+03	3.234583e+03	2.259615e+03	0	2.429078e-04
3.390000e+09	2.925652e+11	0.000000e+00	5.288462e-01	3.463984e+13	1.092160e+14	5.602662e+13	8.718003e+03	3.233752e+03	2.259035e+03	0	2.410083e-04
3.400000e+09	2.856428e+11	0.000000e+00	5.288462e-01	3.450816e+13	1.088845e+14	5.588790e+13	8.713477e+03	3.232923e+03	2.258456e+03	0	2.390923e-04
3.410000e+09	2.787695e+11	0.000000e+00	5.288462e-01	3.437735e+13	1.085549e+14	5.574986e+13	8.708969e+03	3.232098e+03	2.257879e+03	0	2.371590e-04
3.420000e+09	2.719447e+11	0.000000e+00	5.288462e-01	3.424742e+13	1.082272e+14	5.561250e+13	8.704478e+03	3.231274e+03	2.257304e+03	0	2.352076e-04
3.430000e+09	2.651681e+11	0.000000e+00	5.288462e-01	3.411836e+13	1.079015e+14	5.547581e+13	8.700004e+03	3.230454e+03	2.256730e+03	0	2.332374e-04
3.440000e+09	2.584392e+11	0.000000e+00	5.288462e-01	3.399015e+13	1.075776e+14	5.533979e+13	8.695546e+03	3.229636e+03	2.256159e+03	0	2.312476e-04
3.450000e+09	2.517574e+11	0.000000e+00	5.288462e-01	3.386280e+13	1.072555e+14	5.520443e+13	8.691106e+03	3.228821e+03	2.255590e+03	0	2.292373e-04
3.460000e+09	2.451224e+11	0.000000e+00	5.288462e-01	3.373628e+13	1.069353e+14	5.506973e+13	8.686682e+03	3.228008e+03	2.255022e+03	0	2.272055e-04
3.470000e+09	2.385337e+11	0.000000e+00	5.288462e-01	3.361060e+13	1.066170e+14	5.493569e+13	8.682274e+03	3.227198e+03	2.254456e+03	0	2.251513e-04
3.480000e+09	2.319908e+11	0.000000e+00	5.288462e-01	3.348575e+13	1.063004e+14	5.480230e+13	8.677883e+03	3.226391e+03	2.253892e+03	0	2.230735e-04
3.490000e+09	2.254934e+11	0.000000e+00	5.288462e-01	3.336171e+13	1.059857e+14	5.466955e+13	8.673508e+03	3.225586e+03	2.253330e+03	0	2.209712e-04
3.500000e+09	2.190409e+11	0.000000e+00	5.288462e-01	3.323849e+13	1.056727e+14	5.453745e+13	8.669150e+03	3.224784e+03	2.252770e+03	0	2.188431e-04
3.510000e+09	2.126330e+11	0.000000e+00	5.288462e-01	3.311607e+13	1.053615e+14	5.440598e+13	8.664807e+03	3.223985e+03	2.252211e+03	0	2.166879e-04
3.520000e+09	2.062692e+11	0.000000e+00	5.288462e-01	3.299444e+13	1.050521e+14	5.427515e+13	8.660480e+03	3.223188e+03	2.251654e+03	0	2.145043e-04
3.530000e+09	1.999491e+11	0.000000e+00	5.288462e-01	3.287360e+13	1.047444e+14	5.414495e+13	8.656170e+03	3.222393e+03	2.251099e+03	0	2.122907e-04
3.540000e+09	1.936723e+11	0.000000e+00	5.288462e-01	3.275354e+13	1.044384e+14	5.401537e+13	8.651875e+03	3.221601e+03	2.250546e+03	0	2.100456e-04
3.550000e+09	1.874385e+11	0.000000e+00	5.288462e-01	3.263426e+13	1.041342e+14	5.388642e+13	8.647596e+03	3.220812e+03	2.249995e+03	0	2.077674e-04
3.560000e+09	1.812471e+11	0.000000e+00	5.288462e-01	3.251574e+13	1.038316e+14	5.375809e+13	8.643332e+03	3.220025e+03	2.249445e+03	0	2.054541e-04
3.570000e+09	1.750978e+11	0.000000e+00	5.288462e-01	3.239799e+13	1.035307e+14	5.363037e+13	8.639084e+03	3.219240e+03	2.248897e+03	0	2.031038e-04
3.580000e+09	1.689902e+11	0.000000e+00	5.288462e-01	3.228098e+13	1.032315e+14	5.350326e+13	8.634851e+03	3.218458e+03	2.248351e+03	0	2.007143e-04
3.590000e+09	1.629240e+11	0.000000e+00	5.288462e-01	3.216472e+13	1.029340e+14	5.337675e+13	8.630633e+03	3.217679e+03	2.247806e+03	0	1.982833e-04
3.600000e+09	1.568986e+11	0.000000e+00	5.288462e-01	3.204920e+13	1.026381e+14	5.325085e+13	8.626431e+03	3.216902e+03	2.247263e+03	0	1.958082e-04
3.610000e+09	1.509138e+11	0.000000e+00	5.288462e-01	3.193442e+13	1.023438e+14	5.312555e+13	8.622243e+03	3.216127e+03	2.246722e+03	0	1.932862e-04
3.620000e+09	1.449692e+11	0.000000e+00	5.288462e-01	3.182035e+13	1.020512e+14	5.300084e+13	8.618071e+03	3.215355e+03	2.246182e+03	0	1.907142e-04
3.630000e+09	1.390645e+11	0.000000e+00	5.288462e-01	3.170701e+13	1.017602e+14	5.287673e+13	8.613913e+03	3.214585e+03	2.245645e+03	0	1.880889e-04
3.640000e+09	1.331991e+11	0.000000e+00	5.288462e-01	3.159438e+13	1.014707e+14	5.275320e+13	8.609771e+03	3.213817e+03	2.245109e+03	0	1.854065e-04
3.650000e+09	1.273728e+11	0.000000e+00	5.288462e-01	3.148246e+13	1.011829e+14	5.263025e+13	8.605643e+03	3.213052e+03	2.244574e+03	0	1.826628e-04
3.660000e+09	1.215853e+11	0.000000e+00	5.288462e-01	3.137124e+13	1.008966e+14	5.250789e+13	8.601529e+03	3.212289e+03	2.244041e+03	0	1.798532e-04
3.670000e+09	1.158362e+11	0.000000e+00	5.288462e-01	3.126071e+13	1.006119e+14	5.238610e+13	8.597430e+03	3.211529e+03	2.243510e+03	0	1.769725e-04
3.680000e+09	1.101250e+11	0.000000e+00	5.288462e-01	3.115087e+13	1.003287e+14	5.226488e+13	8.593346e+03	3.210771e+03	2.242980e+03	0	1.740149e-04
3.690000e+09	1.044516e+11	0.000000e+00	5.288462e-01	3.104171e+13	1.000470e+14	5.214423e+13	8.589276e+03	3.210015e+03	2.242452e+03	0	1.709738e-04
3.700000e+09	9.881546e+10	0.000000e+00	5.288462e-01	3.093323e+13	9.976690e+13	5.202415e+13	8.585220e+03	3.209262e+03	2.241926e+03	0	1.678415e-04
3.710000e+09	9.321635e+10	0.000000e+00	5.288462e-01	3.082542e+13	9.948828e+13	5.190463e+13	8.581178e+03	3.208511e+03	2.241401e+03	0	1.646096e-04
3.720000e+09	8.765392e+10	0.000000e+00	5.288462e-01	3.071827e+13	9.921116e+13	5.178567e+13	8.577150e+03	3.207762e+03	2.240878e+03	0	1.612680e-04
3.730000e+09	8.212783e+10	0.000000e+00	5.288462e-01	3.061177e+13	9.893552e+13	5.166726e+13	8.573137e+03	3.207015e+03	2.240357e+03	0	1.578052e-04
3.740000e+09	7.663775e+10	0.000000e+00	5.288462e-01	3.050594e+13	9.866136e+13	5.154940e+13	8.569137e+03	3.206271e+03	2.239837e+03	0	1.542075e-04
3.750000e+09	7.118338e+10	0.000000e+00	5.288462e-01	3.040074e+13	9.838866e+13	5.143209e+13	8.565151e+03	3.205529e+03	2.239318e+03	0	1.504587e-04
3.760000e+09	6.576438e+10	0.000000e+00	5.288462e-01	3.029619e+13	9.811741e+13	5.131533e+13	8.561179e+03	3.204789e+03	2.238801e+03	0	1.465395e-04
3.770000e+09	6.038044e+10	0.000000e+00	5.288462e-01	3.019227e+13	9.784760e+13	5.119910e+13	8.557220e+03	3.204051e+03	2.238286e+03	0	1.424262e-04
3.780000e+09	5.503126e+10	0.000000e+00	5.288462e-01	3.008899e+13	9.757923e+13	5.108342e+13	8.553275e+03	3.203316e+03	2.237772e+03	0	1.380896e-04
3.790000e+09	4.971653e+10	0.000000e+00	5.288462e-01	2.998633e+13	9.731227e+13	5.096827e+13	8.549344e+03	3.202583e+03	2.237260e+03	0	1.334929e-04
3.800000e+09	4.443594e+10	0.000000e+00	5.288462e-01	2.988428e+13	9.704672e+13	5.085365e+13	8.545425e+03	3.201852e+03	2.236750e+03	0	1.285886e-04
3.810000e+09	3.918920e+10	0.000000e+00	5.288462e-01	2.978285e+13	9.678256e+13	5.073955e+13	8.541521e+03	3.201123e+03	2.236240e+03	0	1.233143e-04
3.820000e+09	3.397600e+10	0.000000e+00	5.288462e-01	2.968203e+13	9.651980e+13	5.062598e+13	8.537629e+03	3.200396e+03	2.235733e+03	0	1.175841e-04
3.830000e+09	2.879606e+10	0.000000e+00	5.288462e-01	2.958182e+13	9.625841e+13	5.051293e+13	8.533751e+03	3.199672e+03	2.235227e+03	0	1.112762e-04
3.840000e+09	2.364908e+10	0.000000e+00	5.288462e-01	2.948220e+13	9.599838e+13	5.040040e+13	8.529885e+03	3.198949e+03	2.234722e+03	0	1.042068e-04
3.850000e+09	1.853478e+10	0.000000e+00	5.288462e-01	2.938317e+13	9.573972e+13	5.028839e+13	8.526033e+03	3.198229e+03	2.234219e+03	0	9.607719e-05
3.860000e+09	1.345287e+10	0.000000e+00	5.288462e-01	2.928473e+13	9.548240e+13	5.017688e+13	8.522193e+03	3.197511e+03	2.233717e+03	0	8.634346e-05
3.870000e+09	8.403075e+09	0.000000e+00	5.288462e-01	2.918688e+13	9.522641e+13	5.006589e+13	8.518367e+03	3.196795e+03	2.233217e+03	0	7.380808e-05
3.880000e+09	3.385115e+09	0.000000e+00	5.288462e-01	2.908960e+13	9.497175e+13	4.995539e+13	8.514553e+03	3.196081e+03	2.232718e+03	0	5.451077e-05
3.890000e+09	-1.601283e+09	0.000000e+00	5.288462e-01	2.899290e+13	9.471840e+13	4.984540e+13	8.510752e+03	3.195369e+03	2.232221e+03	0	nan
