#t		Qconv[W]	Ri[Rp]		R*[Rp]		Qc[W]		Qm[W]		Qr[W]		Tcmb[K]		Tl[K]		Tup[K]		RiFlag		Bs[T]
0.000000e+00	4.698877e+14	0.000000e+00	5.288462e-01	6.334305e+15	1.953562e+15	2.950374e+14	2.456900e+04	4.395953e+03	2.925583e+03	0	2.759884e-03
1.000000e+07	4.331485e+14	0.000000e+00	5.288462e-01	5.848617e+15	2.361426e+15	2.934027e+14	2.403635e+04	4.538805e+03	3.020654e+03	0	2.685994e-03
2.000000e+07	4.001191e+14	0.000000e+00	5.288462e-01	5.411875e+15	2.713332e+15	2.917802e+14	2.354338e+04	4.653598e+03	3.097051e+03	0	2.615908e-03
3.000000e+07	3.703670e+14	0.000000e+00	5.288462e-01	5.018379e+15	2.997204e+15	2.901698e+14	2.308622e+04	4.743962e+03	3.157189e+03	0	2.549393e-03
4.000000e+07	3.435284e+14	0.000000e+00	5.288462e-01	4.663331e+15	3.210885e+15	2.885715e+14	2.266143e+04	4.813563e+03	3.203510e+03	0	2.486262e-03
5.000000e+07	3.192879e+14	0.000000e+00	5.288462e-01	4.342571e+15	3.358944e+15	2.869851e+14	2.226595e+04	4.865866e+03	3.238318e+03	0	2.426351e-03
6.000000e+07	2.973666e+14	0.000000e+00	5.288462e-01	4.052423e+15	3.449641e+15	2.854105e+14	2.189703e+04	4.903981e+03	3.263685e+03	0	2.369500e-03
7.000000e+07	2.775157e+14	0.000000e+00	5.288462e-01	3.789602e+15	3.492619e+15	2.838476e+14	2.155219e+04	4.930605e+03	3.281404e+03	0	2.315556e-03
8.000000e+07	2.595122e+14	0.000000e+00	5.288462e-01	3.551172e+15	3.497423e+15	2.822963e+14	2.122923e+04	4.948011e+03	3.292988e+03	0	2.264359e-03
9.000000e+07	2.431572e+14	0.000000e+00	5.288462e-01	3.334506e+15	3.472689e+15	2.807566e+14	2.092617e+04	4.958080e+03	3.299689e+03	0	2.215755e-03
1.000000e+08	2.282727e+14	0.000000e+00	5.288462e-01	3.137259e+15	3.425798e+15	2.792283e+14	2.064122e+04	4.962347e+03	3.302528e+03	0	2.169589e-03
1.100000e+08	2.147008e+14	0.000000e+00	5.288462e-01	2.957346e+15	3.362827e+15	2.777114e+14	2.037279e+04	4.962051e+03	3.302332e+03	0	2.125710e-03
1.200000e+08	2.023013e+14	0.000000e+00	5.288462e-01	2.792918e+15	3.288635e+15	2.762057e+14	2.011948e+04	4.958189e+03	3.299761e+03	0	2.083974e-03
1.300000e+08	1.909498e+14	0.000000e+00	5.288462e-01	2.642337e+15	3.207027e+15	2.747111e+14	1.987999e+04	4.951555e+03	3.295346e+03	0	2.044243e-03
1.400000e+08	1.805367e+14	0.000000e+00	5.288462e-01	2.504154e+15	3.120931e+15	2.732276e+14	1.965318e+04	4.942785e+03	3.289509e+03	0	2.006386e-03
1.500000e+08	1.709647e+14	0.000000e+00	5.288462e-01	2.377088e+15	3.032564e+15	2.717551e+14	1.943804e+04	4.932381e+03	3.282586e+03	0	1.970281e-03
1.600000e+08	1.621483e+14	0.000000e+00	5.288462e-01	2.260007e+15	2.943581e+15	2.702934e+14	1.923363e+04	4.920746e+03	3.274842e+03	0	1.935813e-03
1.700000e+08	1.540114e+14	0.000000e+00	5.288462e-01	2.151912e+15	2.855196e+15	2.688426e+14	1.903913e+04	4.908196e+03	3.266490e+03	0	1.902876e-03
1.800000e+08	1.464872e+14	0.000000e+00	5.288462e-01	2.051917e+15	2.768281e+15	2.674024e+14	1.885379e+04	4.894986e+03	3.257699e+03	0	1.871368e-03
1.900000e+08	1.395162e+14	0.000000e+00	5.288462e-01	1.959238e+15	2.683450e+15	2.659729e+14	1.867694e+04	4.881315e+03	3.248600e+03	0	1.841200e-03
2.000000e+08	1.330458e+14	0.000000e+00	5.288462e-01	1.873181e+15	2.601118e+15	2.645538e+14	1.850795e+04	4.867342e+03	3.239301e+03	0	1.812285e-03
2.100000e+08	1.270292e+14	0.000000e+00	5.288462e-01	1.793129e+15	2.521551e+15	2.631452e+14	1.834628e+04	4.853194e+03	3.229885e+03	0	1.784544e-03
2.200000e+08	1.214248e+14	0.000000e+00	5.288462e-01	1.718533e+15	2.444903e+15	2.617469e+14	1.819143e+04	4.838969e+03	3.220418e+03	0	1.757904e-03
2.300000e+08	1.161957e+14	0.000000e+00	5.288462e-01	1.648904e+15	2.371245e+15	2.603589e+14	1.804293e+04	4.824746e+03	3.210953e+03	0	1.732299e-03
2.400000e+08	1.113089e+14	0.000000e+00	5.288462e-01	1.583806e+15	2.300588e+15	2.589811e+14	1.790037e+04	4.810587e+03	3.201530e+03	0	1.707665e-03
2.500000e+08	1.067346e+14	0.000000e+00	5.288462e-01	1.522848e+15	2.232900e+15	2.576134e+14	1.776336e+04	4.796539e+03	3.192181e+03	0	1.683945e-03
2.600000e+08	1.024465e+14	0.000000e+00	5.288462e-01	1.465680e+15	2.168116e+15	2.562557e+14	1.763156e+04	4.782640e+03	3.182931e+03	0	1.661085e-03
2.700000e+08	9.842088e+13	0.000000e+00	5.288462e-01	1.411988e+15	2.106152e+15	2.549079e+14	1.750465e+04	4.768919e+03	3.173799e+03	0	1.639036e-03
2.800000e+08	9.463628e+13	0.000000e+00	5.288462e-01	1.361491e+15	2.046906e+15	2.535699e+14	1.738233e+04	4.755396e+03	3.164799e+03	0	1.617752e-03
2.900000e+08	9.107349e+13	0.000000e+00	5.288462e-01	1.313934e+15	1.990273e+15	2.522417e+14	1.726434e+04	4.742088e+03	3.155942e+03	0	1.597191e-03
3.000000e+08	8.771515e+13	0.000000e+00	5.288462e-01	1.269088e+15	1.936138e+15	2.509232e+14	1.715042e+04	4.729006e+03	3.147236e+03	0	1.577312e-03
3.100000e+08	8.454555e+13	0.000000e+00	5.288462e-01	1.226744e+15	1.884387e+15	2.496143e+14	1.704035e+04	4.716157e+03	3.138685e+03	0	1.558080e-03
3.200000e+08	8.155047e+13	0.000000e+00	5.288462e-01	1.186715e+15	1.834905e+15	2.483150e+14	1.693391e+04	4.703548e+03	3.130293e+03	0	1.539459e-03
3.300000e+08	7.871700e+13	0.000000e+00	5.288462e-01	1.148829e+15	1.787582e+15	2.470250e+14	1.683090e+04	4.691179e+03	3.122062e+03	0	1.521419e-03
3.400000e+08	7.603341e+13	0.000000e+00	5.288462e-01	1.112933e+15	1.742307e+15	2.457445e+14	1.673115e+04	4.679053e+03	3.113991e+03	0	1.503930e-03
3.500000e+08	7.348902e+13	0.000000e+00	5.288462e-01	1.078884e+15	1.698976e+15	2.444732e+14	1.663449e+04	4.667167e+03	3.106081e+03	0	1.486963e-03
3.600000e+08	7.107409e+13	0.000000e+00	5.288462e-01	1.046554e+15	1.657488e+15	2.432112e+14	1.654075e+04	4.655521e+03	3.098331e+03	0	1.470494e-03
3.700000e+08	6.877973e+13	0.000000e+00	5.288462e-01	1.015825e+15	1.617746e+15	2.419582e+14	1.644980e+04	4.644112e+03	3.090737e+03	0	1.454497e-03
3.800000e+08	6.659778e+13	0.000000e+00	5.288462e-01	9.865896e+14	1.579658e+15	2.407144e+14	1.636149e+04	4.632935e+03	3.083299e+03	0	1.438951e-03
3.900000e+08	6.452080e+13	0.000000e+00	5.288462e-01	9.587482e+14	1.543137e+15	2.394795e+14	1.627569e+04	4.621986e+03	3.076012e+03	0	1.423834e-03
4.000000e+08	6.254194e+13	0.000000e+00	5.288462e-01	9.322107e+14	1.508102e+15	2.382536e+14	1.619230e+04	4.611262e+03	3.068875e+03	0	1.409126e-03
4.100000e+08	6.065491e+13	0.000000e+00	5.288462e-01	9.068937e+14	1.474474e+15	2.370365e+14	1.611119e+04	4.600757e+03	3.061884e+03	0	1.394809e-03
4.200000e+08	5.885393e+13	0.000000e+00	5.288462e-01	8.827207e+14	1.442180e+15	2.358282e+14	1.603227e+04	4.590467e+03	3.055036e+03	0	1.380865e-03
4.300000e+08	5.713365e+13	0.000000e+00	5.288462e-01	8.596210e+14	1.411149e+15	2.346286e+14	1.595543e+04	4.580385e+03	3.048326e+03	0	1.367278e-03
4.400000e+08	5.548917e+13	0.000000e+00	5.288462e-01	8.375294e+14	1.381318e+15	2.334376e+14	1.588058e+04	4.570508e+03	3.041753e+03	0	1.354032e-03
4.500000e+08	5.391592e+13	0.000000e+00	5.288462e-01	8.163857e+14	1.352625e+15	2.322551e+14	1.580764e+04	4.560829e+03	3.035311e+03	0	1.341112e-03
4.600000e+08	5.240972e+13	0.000000e+00	5.288462e-01	7.961341e+14	1.325011e+15	2.310812e+14	1.573653e+04	4.551344e+03	3.028999e+03	0	1.328505e-03
4.700000e+08	5.096666e+13	0.000000e+00	5.288462e-01	7.767229e+14	1.298422e+15	2.299157e+14	1.566717e+04	4.542047e+03	3.022811e+03	0	1.316199e-03
4.800000e+08	4.958312e+13	0.000000e+00	5.288462e-01	7.581044e+14	1.272806e+15	2.287585e+14	1.559948e+04	4.532933e+03	3.016746e+03	0	1.304179e-03
4.900000e+08	4.825577e+13	0.000000e+00	5.288462e-01	7.402339e+14	1.248116e+15	2.276096e+14	1.553341e+04	4.523997e+03	3.010799e+03	0	1.292436e-03
5.000000e+08	4.698147e+13	0.000000e+00	5.288462e-01	7.230703e+14	1.224306e+15	2.264689e+14	1.546888e+04	4.515234e+03	3.004967e+03	0	1.280958e-03
5.100000e+08	4.575734e+13	0.000000e+00	5.288462e-01	7.065750e+14	1.201333e+15	2.253364e+14	1.540583e+04	4.506639e+03	2.999247e+03	0	1.269735e-03
5.200000e+08	4.458066e+13	0.000000e+00	5.288462e-01	6.907122e+14	1.179157e+15	2.242120e+14	1.534422e+04	4.498208e+03	2.993636e+03	0	1.258756e-03
5.300000e+08	4.344892e+13	0.000000e+00	5.288462e-01	6.754485e+14	1.157739e+15	2.230955e+14	1.528397e+04	4.489935e+03	2.988130e+03	0	1.248013e-03
5.400000e+08	4.235978e+13	0.000000e+00	5.288462e-01	6.607527e+14	1.137044e+15	2.219871e+14	1.522505e+04	4.481817e+03	2.982727e+03	0	1.237496e-03
5.500000e+08	4.131102e+13	0.000000e+00	5.288462e-01	6.465956e+14	1.117039e+15	2.208865e+14	1.516740e+04	4.473849e+03	2.977424e+03	0	1.227198e-03
5.600000e+08	4.030061e+13	0.000000e+00	5.288462e-01	6.329500e+14	1.097690e+15	2.197937e+14	1.511097e+04	4.466026e+03	2.972218e+03	0	1.217110e-03
5.700000e+08	3.932661e+13	0.000000e+00	5.288462e-01	6.197903e+14	1.078969e+15	2.187087e+14	1.505573e+04	4.458345e+03	2.967106e+03	0	1.207225e-03
5.800000e+08	3.838723e+13	0.000000e+00	5.288462e-01	6.070926e+14	1.060847e+15	2.176314e+14	1.500163e+04	4.450801e+03	2.962086e+03	0	1.197535e-03
5.900000e+08	3.748078e+13	0.000000e+00	5.288462e-01	5.948346e+14	1.043297e+15	2.165618e+14	1.494863e+04	4.443391e+03	2.957154e+03	0	1.188034e-03
6.000000e+08	3.660566e+13	0.000000e+00	5.288462e-01	5.829950e+14	1.026293e+15	2.154997e+14	1.489669e+04	4.436111e+03	2.952309e+03	0	1.178715e-03
6.100000e+08	3.576040e+13	0.000000e+00	5.288462e-01	5.715542e+14	1.009813e+15	2.144451e+14	1.484578e+04	4.428958e+03	2.947549e+03	0	1.169572e-03
6.200000e+08	3.494360e+13	0.000000e+00	5.288462e-01	5.604936e+14	9.938321e+14	2.133980e+14	1.479587e+04	4.421927e+03	2.942869e+03	0	1.160598e-03
6.300000e+08	3.415393e+13	0.000000e+00	5.288462e-01	5.497956e+14	9.783304e+14	2.123582e+14	1.474691e+04	4.415015e+03	2.938270e+03	0	1.151789e-03
6.400000e+08	3.339016e+13	0.000000e+00	5.288462e-01	5.394438e+14	9.632873e+14	2.113258e+14	1.469888e+04	4.408220e+03	2.933747e+03	0	1.143139e-03
6.500000e+08	3.265111e+13	0.000000e+00	5.288462e-01	5.294225e+14	9.486834e+14	2.103007e+14	1.465175e+04	4.401537e+03	2.929300e+03	0	1.134642e-03
6.600000e+08	3.193569e+13	0.000000e+00	5.288462e-01	5.197173e+14	9.345007e+14	2.092828e+14	1.460549e+04	4.394965e+03	2.924926e+03	0	1.126293e-03
6.700000e+08	3.124286e+13	0.000000e+00	5.288462e-01	5.103142e+14	9.207217e+14	2.082720e+14	1.456007e+04	4.388499e+03	2.920623e+03	0	1.118089e-03
6.800000e+08	3.057163e+13	0.000000e+00	5.288462e-01	5.012001e+14	9.073303e+14	2.072684e+14	1.451547e+04	4.382137e+03	2.916389e+03	0	1.110024e-03
6.900000e+08	2.992107e+13	0.000000e+00	5.288462e-01	4.923628e+14	8.943108e+14	2.062717e+14	1.447166e+04	4.375877e+03	2.912222e+03	0	1.102094e-03
7.000000e+08	2.929031e+13	0.000000e+00	5.288462e-01	4.837905e+14	8.816485e+14	2.052821e+14	1.442862e+04	4.369715e+03	2.908122e+03	0	1.094294e-03
7.100000e+08	2.867853e+13	0.000000e+00	5.288462e-01	4.754723e+14	8.693293e+14	2.042994e+14	1.438632e+04	4.363649e+03	2.904085e+03	0	1.086622e-03
7.200000e+08	2.808492e+13	0.000000e+00	5.288462e-01	4.673975e+14	8.573400e+14	2.033236e+14	1.434475e+04	4.357677e+03	2.900110e+03	0	1.079072e-03
7.300000e+08	2.750874e+13	0.000000e+00	5.288462e-01	4.595563e+14	8.456678e+14	2.023545e+14	1.430388e+04	4.351796e+03	2.896196e+03	0	1.071642e-03
7.400000e+08	2.694930e+13	0.000000e+00	5.288462e-01	4.519393e+14	8.343008e+14	2.013923e+14	1.426369e+04	4.346003e+03	2.892341e+03	0	1.064327e-03
7.500000e+08	2.640592e+13	0.000000e+00	5.288462e-01	4.445376e+14	8.232274e+14	2.004368e+14	1.422416e+04	4.340297e+03	2.888543e+03	0	1.057125e-03
7.600000e+08	2.587796e+13	0.000000e+00	5.288462e-01	4.373427e+14	8.124367e+14	1.994879e+14	1.418528e+04	4.334676e+03	2.884802e+03	0	1.050032e-03
7.700000e+08	2.536481e+13	0.000000e+00	5.288462e-01	4.303464e+14	8.019183e+14	1.985456e+14	1.414702e+04	4.329136e+03	2.881115e+03	0	1.043046e-03
7.800000e+08	2.486591e+13	0.000000e+00	5.288462e-01	4.235413e+14	7.916623e+14	1.976098e+14	1.410937e+04	4.323677e+03	2.877482e+03	0	1.036162e-03
7.900000e+08	2.438071e+13	0.000000e+00	5.288462e-01	4.169200e+14	7.816592e+14	1.966806e+14	1.407232e+04	4.318295e+03	2.873901e+03	0	1.029378e-03
8.000000e+08	2.390869e+13	0.000000e+00	5.288462e-01	4.104755e+14	7.719001e+14	1.957578e+14	1.403583e+04	4.312990e+03	2.870370e+03	0	1.022692e-03
8.100000e+08	2.344935e+13	0.000000e+00	5.288462e-01	4.042014e+14	7.623761e+14	1.948414e+14	1.399992e+04	4.307760e+03	2.866889e+03	0	1.016100e-03
8.200000e+08	2.300223e+13	0.000000e+00	5.288462e-01	3.980912e+14	7.530793e+14	1.939314e+14	1.396454e+04	4.302602e+03	2.863456e+03	0	1.009600e-03
8.300000e+08	2.256686e+13	0.000000e+00	5.288462e-01	3.921390e+14	7.440016e+14	1.930276e+14	1.392970e+04	4.297515e+03	2.860071e+03	0	1.003190e-03
8.400000e+08	2.214284e+13	0.000000e+00	5.288462e-01	3.863391e+14	7.351356e+14	1.921301e+14	1.389538e+04	4.292497e+03	2.856731e+03	0	9.968669e-04
8.500000e+08	2.172974e+13	0.000000e+00	5.288462e-01	3.806861e+14	7.264740e+14	1.912388e+14	1.386156e+04	4.287546e+03	2.853437e+03	0	9.906287e-04
8.600000e+08	2.132718e+13	0.000000e+00	5.288462e-01	3.751748e+14	7.180101e+14	1.903536e+14	1.382824e+04	4.282662e+03	2.850186e+03	0	9.844732e-04
8.700000e+08	2.093479e+13	0.000000e+00	5.288462e-01	3.698002e+14	7.097372e+14	1.894745e+14	1.379539e+04	4.277841e+03	2.846978e+03	0	9.783981e-04
8.800000e+08	2.055221e+13	0.000000e+00	5.288462e-01	3.645575e+14	7.016491e+14	1.886014e+14	1.376301e+04	4.273084e+03	2.843812e+03	0	9.724014e-04
8.900000e+08	2.017910e+13	0.000000e+00	5.288462e-01	3.594422e+14	6.937396e+14	1.877344e+14	1.373109e+04	4.268389e+03	2.840687e+03	0	9.664811e-04
9.000000e+08	1.981514e+13	0.000000e+00	5.288462e-01	3.544500e+14	6.860031e+14	1.868733e+14	1.369962e+04	4.263753e+03	2.837602e+03	0	9.606351e-04
9.100000e+08	1.946002e+13	0.000000e+00	5.288462e-01	3.495768e+14	6.784340e+14	1.860181e+14	1.366858e+04	4.259176e+03	2.834556e+03	0	9.548617e-04
9.200000e+08	1.911344e+13	0.000000e+00	5.288462e-01	3.448186e+14	6.710270e+14	1.851688e+14	1.363797e+04	4.254657e+03	2.831548e+03	0	9.491591e-04
9.300000e+08	1.877511e+13	0.000000e+00	5.288462e-01	3.401715e+14	6.637770e+14	1.843253e+14	1.360777e+04	4.250194e+03	2.828578e+03	0	9.435253e-04
9.400000e+08	1.844477e+13	0.000000e+00	5.288462e-01	3.356320e+14	6.566791e+14	1.834875e+14	1.357797e+04	4.245786e+03	2.825644e+03	0	9.379589e-04
9.500000e+08	1.812215e+13	0.000000e+00	5.288462e-01	3.311965e+14	6.497287e+14	1.826555e+14	1.354857e+04	4.241431e+03	2.822746e+03	0	9.324580e-04
9.600000e+08	1.780700e+13	0.000000e+00	5.288462e-01	3.268617e+14	6.429211e+14	1.818291e+14	1.351956e+04	4.237129e+03	2.819883e+03	0	9.270212e-04
9.700000e+08	1.749909e+13	0.000000e+00	5.288462e-01	3.226245e+14	6.362522e+14	1.810083e+14	1.349093e+04	4.232879e+03	2.817055e+03	0	9.216468e-04
9.800000e+08	1.719818e+13	0.000000e+00	5.288462e-01	3.184816e+14	6.297177e+14	1.801932e+14	1.346266e+04	4.228679e+03	2.814260e+03	0	9.163334e-04
9.900000e+08	1.690405e+13	0.000000e+00	5.288462e-01	3.144303e+14	6.233137e+14	1.793836e+14	1.343476e+04	4.224528e+03	2.811497e+03	0	9.110796e-04
1.000000e+09	1.661649e+13	0.000000e+00	5.288462e-01	3.104676e+14	6.170362e+14	1.785795e+14	1.340721e+04	4.220426e+03	2.808767e+03	0	9.058838e-04
1.010000e+09	1.633530e+13	0.000000e+00	5.288462e-01	3.065908e+14	6.108817e+14	1.777808e+14	1.338001e+04	4.216371e+03	2.806068e+03	0	9.007448e-04
1.020000e+09	1.606029e+13	0.000000e+00	5.288462e-01	3.027973e+14	6.048466e+14	1.769875e+14	1.335314e+04	4.212362e+03	2.803400e+03	0	8.956613e-04
1.030000e+09	1.579125e+13	0.000000e+00	5.288462e-01	2.990847e+14	5.989274e+14	1.761996e+14	1.332661e+04	4.208398e+03	2.800762e+03	0	8.906319e-04
1.040000e+09	1.552802e+13	0.000000e+00	5.288462e-01	2.954504e+14	5.931208e+14	1.754171e+14	1.330040e+04	4.204479e+03	2.798154e+03	0	8.856554e-04
1.050000e+09	1.527043e+13	0.000000e+00	5.288462e-01	2.918921e+14	5.874238e+14	1.746398e+14	1.327450e+04	4.200603e+03	2.795575e+03	0	8.807306e-04
1.060000e+09	1.501829e+13	0.000000e+00	5.288462e-01	2.884077e+14	5.818331e+14	1.738678e+14	1.324892e+04	4.196770e+03	2.793024e+03	0	8.758564e-04
1.070000e+09	1.477146e+13	0.000000e+00	5.288462e-01	2.849950e+14	5.763459e+14	1.731009e+14	1.322364e+04	4.192979e+03	2.790501e+03	0	8.710315e-04
1.080000e+09	1.452978e+13	0.000000e+00	5.288462e-01	2.816519e+14	5.709594e+14	1.723393e+14	1.319866e+04	4.189229e+03	2.788005e+03	0	8.662549e-04
1.090000e+09	1.429309e+13	0.000000e+00	5.288462e-01	2.783764e+14	5.656707e+14	1.715827e+14	1.317397e+04	4.185519e+03	2.785536e+03	0	8.615255e-04
1.100000e+09	1.406126e+13	0.000000e+00	5.288462e-01	2.751665e+14	5.604773e+14	1.708312e+14	1.314957e+04	4.181848e+03	2.783093e+03	0	8.568422e-04
1.110000e+09	1.383416e+13	0.000000e+00	5.288462e-01	2.720205e+14	5.553767e+14	1.700848e+14	1.312545e+04	4.178216e+03	2.780676e+03	0	8.522041e-04
1.120000e+09	1.361163e+13	0.000000e+00	5.288462e-01	2.689366e+14	5.503662e+14	1.693434e+14	1.310160e+04	4.174622e+03	2.778284e+03	0	8.476101e-04
1.130000e+09	1.339356e+13	0.000000e+00	5.288462e-01	2.659129e+14	5.454437e+14	1.686069e+14	1.307802e+04	4.171065e+03	2.775917e+03	0	8.430593e-04
1.140000e+09	1.317983e+13	0.000000e+00	5.288462e-01	2.629480e+14	5.406067e+14	1.678754e+14	1.305470e+04	4.167545e+03	2.773574e+03	0	8.385507e-04
1.150000e+09	1.297031e+13	0.000000e+00	5.288462e-01	2.600401e+14	5.358531e+14	1.671487e+14	1.303165e+04	4.164060e+03	2.771255e+03	0	8.340834e-04
1.160000e+09	1.276488e+13	0.000000e+00	5.288462e-01	2.571877e+14	5.311808e+14	1.664269e+14	1.300885e+04	4.160611e+03	2.768959e+03	0	8.296565e-04
1.170000e+09	1.256345e+13	0.000000e+00	5.288462e-01	2.543894e+14	5.265876e+14	1.657099e+14	1.298629e+04	4.157196e+03	2.766686e+03	0	8.252693e-04
1.180000e+09	1.236589e+13	0.000000e+00	5.288462e-01	2.516436e+14	5.220715e+14	1.649976e+14	1.296399e+04	4.153814e+03	2.764436e+03	0	8.209207e-04
1.190000e+09	1.217211e+13	0.000000e+00	5.288462e-01	2.489490e+14	5.176307e+14	1.642901e+14	1.294192e+04	4.150466e+03	2.762208e+03	0	8.166100e-04
1.200000e+09	1.198201e+13	0.000000e+00	5.288462e-01	2.463043e+14	5.132633e+14	1.635873e+14	1.292009e+04	4.147151e+03	2.760001e+03	0	8.123364e-04
1.210000e+09	1.179548e+13	0.000000e+00	5.288462e-01	2.437082e+14	5.089674e+14	1.628892e+14	1.289848e+04	4.143868e+03	2.757816e+03	0	8.080991e-04
1.220000e+09	1.161245e+13	0.000000e+00	5.288462e-01	2.411593e+14	5.047414e+14	1.621957e+14	1.287711e+04	4.140616e+03	2.755652e+03	0	8.038974e-04
1.230000e+09	1.143280e+13	0.000000e+00	5.288462e-01	2.386566e+14	5.005834e+14	1.615067e+14	1.285596e+04	4.137395e+03	2.753509e+03	0	7.997305e-04
1.240000e+09	1.125647e+13	0.000000e+00	5.288462e-01	2.361987e+14	4.964919e+14	1.608223e+14	1.283503e+04	4.134205e+03	2.751385e+03	0	7.955976e-04
1.250000e+09	1.108336e+13	0.000000e+00	5.288462e-01	2.337847e+14	4.924653e+14	1.601425e+14	1.281431e+04	4.131044e+03	2.749282e+03	0	7.914980e-04
1.260000e+09	1.091339e+13	0.000000e+00	5.288462e-01	2.314133e+14	4.885021e+14	1.594671e+14	1.279380e+04	4.127913e+03	2.747198e+03	0	7.874312e-04
1.270000e+09	1.074648e+13	0.000000e+00	5.288462e-01	2.290835e+14	4.846007e+14	1.587962e+14	1.277350e+04	4.124810e+03	2.745133e+03	0	7.833963e-04
1.280000e+09	1.058256e+13	0.000000e+00	5.288462e-01	2.267943e+14	4.807597e+14	1.581297e+14	1.275340e+04	4.121736e+03	2.743087e+03	0	7.793928e-04
1.290000e+09	1.042156e+13	0.000000e+00	5.288462e-01	2.245447e+14	4.769778e+14	1.574675e+14	1.273351e+04	4.118690e+03	2.741060e+03	0	7.754199e-04
1.300000e+09	1.026339e+13	0.000000e+00	5.288462e-01	2.223337e+14	4.732535e+14	1.568097e+14	1.271381e+04	4.115671e+03	2.739051e+03	0	7.714771e-04
1.310000e+09	1.010800e+13	0.000000e+00	5.288462e-01	2.201605e+14	4.695855e+14	1.561563e+14	1.269430e+04	4.112679e+03	2.737059e+03	0	7.675637e-04
1.320000e+09	9.955305e+12	0.000000e+00	5.288462e-01	2.180239e+14	4.659726e+14	1.555071e+14	1.267499e+04	4.109713e+03	2.735086e+03	0	7.636791e-04
1.330000e+09	9.805252e+12	0.000000e+00	5.288462e-01	2.159233e+14	4.624136e+14	1.548621e+14	1.265586e+04	4.106773e+03	2.733129e+03	0	7.598228e-04
1.340000e+09	9.657774e+12	0.000000e+00	5.288462e-01	2.138578e+14	4.589071e+14	1.542214e+14	1.263691e+04	4.103860e+03	2.731190e+03	0	7.559941e-04
1.350000e+09	9.512810e+12	0.000000e+00	5.288462e-01	2.118265e+14	4.554521e+14	1.535848e+14	1.261815e+04	4.100971e+03	2.729268e+03	0	7.521925e-04
1.360000e+09	9.370301e+12	0.000000e+00	5.288462e-01	2.098286e+14	4.520475e+14	1.529524e+14	1.259956e+04	4.098107e+03	2.727362e+03	0	7.484175e-04
1.370000e+09	9.230189e+12	0.000000e+00	5.288462e-01	2.078634e+14	4.486921e+14	1.523241e+14	1.258115e+04	4.095267e+03	2.725472e+03	0	7.446684e-04
1.380000e+09	9.092417e+12	0.000000e+00	5.288462e-01	2.059300e+14	4.453848e+14	1.516999e+14	1.256290e+04	4.092452e+03	2.723598e+03	0	7.409448e-04
1.390000e+09	8.956933e+12	0.000000e+00	5.288462e-01	2.040278e+14	4.421247e+14	1.510798e+14	1.254483e+04	4.089660e+03	2.721740e+03	0	7.372461e-04
1.400000e+09	8.823682e+12	0.000000e+00	5.288462e-01	2.021561e+14	4.389107e+14	1.504636e+14	1.252693e+04	4.086891e+03	2.719898e+03	0	7.335719e-04
1.410000e+09	8.692615e+12	0.000000e+00	5.288462e-01	2.003142e+14	4.357418e+14	1.498515e+14	1.250919e+04	4.084146e+03	2.718070e+03	0	7.299216e-04
1.420000e+09	8.563681e+12	0.000000e+00	5.288462e-01	1.985014e+14	4.326171e+14	1.492433e+14	1.249161e+04	4.081422e+03	2.716258e+03	0	7.262947e-04
1.430000e+09	8.436832e+12	0.000000e+00	5.288462e-01	1.967170e+14	4.295357e+14	1.486391e+14	1.247418e+04	4.078721e+03	2.714460e+03	0	7.226908e-04
1.440000e+09	8.312022e+12	0.000000e+00	5.288462e-01	1.949604e+14	4.264966e+14	1.480388e+14	1.245692e+04	4.076042e+03	2.712677e+03	0	7.191094e-04
1.450000e+09	8.189205e+12	0.000000e+00	5.288462e-01	1.932311e+14	4.234991e+14	1.474423e+14	1.243981e+04	4.073385e+03	2.710908e+03	0	7.155500e-04
1.460000e+09	8.068337e+12	0.000000e+00	5.288462e-01	1.915283e+14	4.205421e+14	1.468497e+14	1.242285e+04	4.070748e+03	2.709154e+03	0	7.120121e-04
1.470000e+09	7.949375e+12	0.000000e+00	5.288462e-01	1.898516e+14	4.176250e+14	1.462608e+14	1.240604e+04	4.068132e+03	2.707413e+03	0	7.084954e-04
1.480000e+09	7.832277e+12	0.000000e+00	5.288462e-01	1.882004e+14	4.147469e+14	1.456758e+14	1.238937e+04	4.065537e+03	2.705686e+03	0	7.049994e-04
1.490000e+09	7.717004e+12	0.000000e+00	5.288462e-01	1.865741e+14	4.119070e+14	1.450945e+14	1.237285e+04	4.062963e+03	2.703972e+03	0	7.015236e-04
1.500000e+09	7.603515e+12	0.000000e+00	5.288462e-01	1.849722e+14	4.091046e+14	1.445170e+14	1.235647e+04	4.060408e+03	2.702272e+03	0	6.980677e-04
1.510000e+09	7.491772e+12	0.000000e+00	5.288462e-01	1.833941e+14	4.063389e+14	1.439431e+14	1.234023e+04	4.057872e+03	2.700585e+03	0	6.946311e-04
1.520000e+09	7.381738e+12	0.000000e+00	5.288462e-01	1.818395e+14	4.036092e+14	1.433730e+14	1.232413e+04	4.055357e+03	2.698911e+03	0	6.912136e-04
1.530000e+09	7.273377e+12	0.000000e+00	5.288462e-01	1.803077e+14	4.009149e+14	1.428064e+14	1.230817e+04	4.052860e+03	2.697249e+03	0	6.878147e-04
1.540000e+09	7.166654e+12	0.000000e+00	5.288462e-01	1.787983e+14	3.982551e+14	1.422435e+14	1.229234e+04	4.050382e+03	2.695600e+03	0	6.844339e-04
1.550000e+09	7.061534e+12	0.000000e+00	5.288462e-01	1.773109e+14	3.956292e+14	1.416842e+14	1.227664e+04	4.047923e+03	2.693963e+03	0	6.810710e-04
1.560000e+09	6.957983e+12	0.000000e+00	5.288462e-01	1.758450e+14	3.930367e+14	1.411284e+14	1.226108e+04	4.045482e+03	2.692338e+03	0	6.777255e-04
1.570000e+09	6.855970e+12	0.000000e+00	5.288462e-01	1.744001e+14	3.904768e+14	1.405761e+14	1.224564e+04	4.043058e+03	2.690726e+03	0	6.743971e-04
1.580000e+09	6.755463e+12	0.000000e+00	5.288462e-01	1.729759e+14	3.879489e+14	1.400274e+14	1.223033e+04	4.040653e+03	2.689125e+03	0	6.710854e-04
1.590000e+09	6.656431e+12	0.000000e+00	5.288462e-01	1.715719e+14	3.854525e+14	1.394821e+14	1.221514e+04	4.038265e+03	2.687536e+03	0	6.677899e-04
1.600000e+09	6.558844e+12	0.000000e+00	5.288462e-01	1.701876e+14	3.829869e+14	1.389403e+14	1.220007e+04	4.035895e+03	2.685958e+03	0	6.645105e-04
1.610000e+09	6.462672e+12	0.000000e+00	5.288462e-01	1.688228e+14	3.805516e+14	1.384020e+14	1.218513e+04	4.033541e+03	2.684392e+03	0	6.612466e-04
1.620000e+09	6.367888e+12	0.000000e+00	5.288462e-01	1.674770e+14	3.781460e+14	1.378670e+14	1.217031e+04	4.031205e+03	2.682837e+03	0	6.579980e-04
1.630000e+09	6.274464e+12	0.000000e+00	5.288462e-01	1.661499e+14	3.757696e+14	1.373354e+14	1.215560e+04	4.028885e+03	2.681293e+03	0	6.547642e-04
1.640000e+09	6.182372e+12	0.000000e+00	5.288462e-01	1.648410e+14	3.734219e+14	1.368071e+14	1.214101e+04	4.026581e+03	2.679760e+03	0	6.515450e-04
1.650000e+09	6.091586e+12	0.000000e+00	5.288462e-01	1.635501e+14	3.711023e+14	1.362822e+14	1.212654e+04	4.024294e+03	2.678238e+03	0	6.483401e-04
1.660000e+09	6.002081e+12	0.000000e+00	5.288462e-01	1.622768e+14	3.688102e+14	1.357606e+14	1.211217e+04	4.022022e+03	2.676726e+03	0	6.451490e-04
1.670000e+09	5.913831e+12	0.000000e+00	5.288462e-01	1.610207e+14	3.665453e+14	1.352422e+14	1.209792e+04	4.019766e+03	2.675224e+03	0	6.419714e-04
1.680000e+09	5.826813e+12	0.000000e+00	5.288462e-01	1.597815e+14	3.643071e+14	1.347271e+14	1.208378e+04	4.017526e+03	2.673733e+03	0	6.388071e-04
1.690000e+09	5.741002e+12	0.000000e+00	5.288462e-01	1.585589e+14	3.620950e+14	1.342153e+14	1.206975e+04	4.015301e+03	2.672253e+03	0	6.356557e-04
1.700000e+09	5.656375e+12	0.000000e+00	5.288462e-01	1.573526e+14	3.599087e+14	1.337066e+14	1.205582e+04	4.013091e+03	2.670782e+03	0	6.325169e-04
1.710000e+09	5.572910e+12	0.000000e+00	5.288462e-01	1.561622e+14	3.577476e+14	1.332011e+14	1.204201e+04	4.010896e+03	2.669321e+03	0	6.293903e-04
1.720000e+09	5.490584e+12	0.000000e+00	5.288462e-01	1.549875e+14	3.556113e+14	1.326988e+14	1.202829e+04	4.008715e+03	2.667870e+03	0	6.262757e-04
1.730000e+09	5.409376e+12	0.000000e+00	5.288462e-01	1.538282e+14	3.534994e+14	1.321996e+14	1.201468e+04	4.006549e+03	2.666428e+03	0	6.231728e-04
1.740000e+09	5.329266e+12	0.000000e+00	5.288462e-01	1.526840e+14	3.514115e+14	1.317035e+14	1.200117e+04	4.004398e+03	2.664997e+03	0	6.200811e-04
1.750000e+09	5.250231e+12	0.000000e+00	5.288462e-01	1.515546e+14	3.493472e+14	1.312105e+14	1.198776e+04	4.002261e+03	2.663574e+03	0	6.170005e-04
1.760000e+09	5.172253e+12	0.000000e+00	5.288462e-01	1.504397e+14	3.473061e+14	1.307205e+14	1.197445e+04	4.000137e+03	2.662161e+03	0	6.139307e-04
1.770000e+09	5.095312e+12	0.000000e+00	5.288462e-01	1.493391e+14	3.452877e+14	1.302336e+14	1.196123e+04	3.998028e+03	2.660757e+03	0	6.108712e-04
1.780000e+09	5.019389e+12	0.000000e+00	5.288462e-01	1.482526e+14	3.432917e+14	1.297497e+14	1.194811e+04	3.995932e+03	2.659362e+03	0	6.078219e-04
1.790000e+09	4.944465e+12	0.000000e+00	5.288462e-01	1.471798e+14	3.413178e+14	1.292688e+14	1.193509e+04	3.993849e+03	2.657976e+03	0	6.047824e-04
1.800000e+09	4.870522e+12	0.000000e+00	5.288462e-01	1.461205e+14	3.393655e+14	1.287908e+14	1.192216e+04	3.991780e+03	2.656599e+03	0	6.017525e-04
1.810000e+09	4.797542e+12	0.000000e+00	5.288462e-01	1.450745e+14	3.374345e+14	1.283159e+14	1.190933e+04	3.989724e+03	2.655231e+03	0	5.987318e-04
1.820000e+09	4.725508e+12	0.000000e+00	5.288462e-01	1.440415e+14	3.355245e+14	1.278438e+14	1.189658e+04	3.987681e+03	2.653871e+03	0	5.957201e-04
1.830000e+09	4.654403e+12	0.000000e+00	5.288462e-01	1.430214e+14	3.336351e+14	1.273746e+14	1.188393e+04	3.985651e+03	2.652520e+03	0	5.927170e-04
1.840000e+09	4.584210e+12	0.000000e+00	5.288462e-01	1.420138e+14	3.317660e+14	1.269084e+14	1.187137e+04	3.983633e+03	2.651177e+03	0	5.897223e-04
1.850000e+09	4.514913e+12	0.000000e+00	5.288462e-01	1.410186e+14	3.299169e+14	1.264450e+14	1.185889e+04	3.981628e+03	2.649843e+03	0	5.867357e-04
1.860000e+09	4.446497e+12	0.000000e+00	5.288462e-01	1.400356e+14	3.280874e+14	1.259844e+14	1.184650e+04	3.979636e+03	2.648517e+03	0	5.837569e-04
1.870000e+09	4.378945e+12	0.000000e+00	5.288462e-01	1.390645e+14	3.262772e+14	1.255267e+14	1.183420e+04	3.977655e+03	2.647199e+03	0	5.807857e-04
1.880000e+09	4.312244e+12	0.000000e+00	5.288462e-01	1.381051e+14	3.244860e+14	1.250717e+14	1.182198e+04	3.975687e+03	2.645889e+03	0	5.778217e-04
1.890000e+09	4.246377e+12	0.000000e+00	5.288462e-01	1.371572e+14	3.227136e+14	1.246195e+14	1.180985e+04	3.973731e+03	2.644587e+03	0	5.748646e-04
1.900000e+09	4.181331e+12	0.000000e+00	5.288462e-01	1.362207e+14	3.209596e+14	1.241701e+14	1.179780e+04	3.971786e+03	2.643293e+03	0	5.719142e-04
1.910000e+09	4.117091e+12	0.000000e+00	5.288462e-01	1.352954e+14	3.192237e+14	1.237235e+14	1.178583e+04	3.969853e+03	2.642006e+03	0	5.689702e-04
1.920000e+09	4.053644e+12	0.000000e+00	5.288462e-01	1.343810e+14	3.175057e+14	1.232795e+14	1.177395e+04	3.967932e+03	2.640728e+03	0	5.660323e-04
1.930000e+09	3.990975e+12	0.000000e+00	5.288462e-01	1.334774e+14	3.158052e+14	1.228382e+14	1.176214e+04	3.966022e+03	2.639457e+03	0	5.631003e-04
1.940000e+09	3.929073e+12	0.000000e+00	5.288462e-01	1.325843e+14	3.141221e+14	1.223997e+14	1.175041e+04	3.964123e+03	2.638193e+03	0	5.601738e-04
1.950000e+09	3.867923e+12	0.000000e+00	5.288462e-01	1.317017e+14	3.124561e+14	1.219637e+14	1.173876e+04	3.962235e+03	2.636937e+03	0	5.572525e-04
1.960000e+09	3.807514e+12	0.000000e+00	5.288462e-01	1.308294e+14	3.108068e+14	1.215305e+14	1.172719e+04	3.960359e+03	2.635688e+03	0	5.543362e-04
1.970000e+09	3.747833e+12	0.000000e+00	5.288462e-01	1.299671e+14	3.091741e+14	1.210998e+14	1.171570e+04	3.958493e+03	2.634446e+03	0	5.514246e-04
1.980000e+09	3.688867e+12	0.000000e+00	5.288462e-01	1.291147e+14	3.075577e+14	1.206717e+14	1.170428e+04	3.956638e+03	2.633212e+03	0	5.485174e-04
1.990000e+09	3.630606e+12	0.000000e+00	5.288462e-01	1.282721e+14	3.059573e+14	1.202463e+14	1.169293e+04	3.954794e+03	2.631984e+03	0	5.456143e-04
2.000000e+09	3.573036e+12	0.000000e+00	5.288462e-01	1.274391e+14	3.043727e+14	1.198233e+14	1.168166e+04	3.952960e+03	2.630764e+03	0	5.427151e-04
2.010000e+09	3.516148e+12	0.000000e+00	5.288462e-01	1.266155e+14	3.028037e+14	1.194030e+14	1.167046e+04	3.951137e+03	2.629550e+03	0	5.398193e-04
2.020000e+09	3.459929e+12	0.000000e+00	5.288462e-01	1.258012e+14	3.012501e+14	1.189851e+14	1.165934e+04	3.949324e+03	2.628344e+03	0	5.369269e-04
2.030000e+09	3.404370e+12	0.000000e+00	5.288462e-01	1.249960e+14	2.997116e+14	1.185698e+14	1.164828e+04	3.947521e+03	2.627144e+03	0	5.340374e-04
2.040000e+09	3.349458e+12	0.000000e+00	5.288462e-01	1.241998e+14	2.981880e+14	1.181569e+14	1.163730e+04	3.945728e+03	2.625951e+03	0	5.311505e-04
2.050000e+09	3.295185e+12	0.000000e+00	5.288462e-01	1.234125e+14	2.966791e+14	1.177465e+14	1.162639e+04	3.943945e+03	2.624764e+03	0	5.282660e-04
2.060000e+09	3.241539e+12	0.000000e+00	5.288462e-01	1.226339e+14	2.951847e+14	1.173386e+14	1.161554e+04	3.942172e+03	2.623584e+03	0	5.253836e-04
2.070000e+09	3.188511e+12	0.000000e+00	5.288462e-01	1.218638e+14	2.937045e+14	1.169331e+14	1.160476e+04	3.940409e+03	2.622411e+03	0	5.225029e-04
2.080000e+09	3.136090e+12	0.000000e+00	5.288462e-01	1.211022e+14	2.922384e+14	1.165300e+14	1.159406e+04	3.938656e+03	2.621244e+03	0	5.196237e-04
2.090000e+09	3.084268e+12	0.000000e+00	5.288462e-01	1.203489e+14	2.907862e+14	1.161293e+14	1.158341e+04	3.936912e+03	2.620083e+03	0	5.167456e-04
2.100000e+09	3.033034e+12	0.000000e+00	5.288462e-01	1.196038e+14	2.893477e+14	1.157310e+14	1.157284e+04	3.935177e+03	2.618929e+03	0	5.138683e-04
2.110000e+09	2.982380e+12	0.000000e+00	5.288462e-01	1.188667e+14	2.879226e+14	1.153350e+14	1.156233e+04	3.933452e+03	2.617781e+03	0	5.109916e-04
2.120000e+09	2.932297e+12	0.000000e+00	5.288462e-01	1.181376e+14	2.865109e+14	1.149414e+14	1.155188e+04	3.931736e+03	2.616639e+03	0	5.081150e-04
2.130000e+09	2.882775e+12	0.000000e+00	5.288462e-01	1.174163e+14	2.851122e+14	1.145502e+14	1.154150e+04	3.930030e+03	2.615503e+03	0	5.052383e-04
2.140000e+09	2.833806e+12	0.000000e+00	5.288462e-01	1.167026e+14	2.837265e+14	1.141612e+14	1.153118e+04	3.928332e+03	2.614374e+03	0	5.023612e-04
2.150000e+09	2.785381e+12	0.000000e+00	5.288462e-01	1.159966e+14	2.823536e+14	1.137745e+14	1.152092e+04	3.926644e+03	2.613250e+03	0	4.994833e-04
2.160000e+09	2.737493e+12	0.000000e+00	5.288462e-01	1.152980e+14	2.809932e+14	1.133902e+14	1.151073e+04	3.924964e+03	2.612132e+03	0	4.966042e-04
2.170000e+09	2.690132e+12	0.000000e+00	5.288462e-01	1.146067e+14	2.796452e+14	1.130080e+14	1.150059e+04	3.923293e+03	2.611020e+03	0	4.937237e-04
2.180000e+09	2.643292e+12	0.000000e+00	5.288462e-01	1.139227e+14	2.783094e+14	1.126282e+14	1.149052e+04	3.921631e+03	2.609914e+03	0	4.908413e-04
2.190000e+09	2.596963e+12	0.000000e+00	5.288462e-01	1.132459e+14	2.769858e+14	1.122505e+14	1.148051e+04	3.919977e+03	2.608813e+03	0	4.879567e-04
2.200000e+09	2.551139e+12	0.000000e+00	5.288462e-01	1.125760e+14	2.756740e+14	1.118751e+14	1.147055e+04	3.918332e+03	2.607719e+03	0	4.850696e-04
2.210000e+09	2.505811e+12	0.000000e+00	5.288462e-01	1.119131e+14	2.743740e+14	1.115019e+14	1.146066e+04	3.916696e+03	2.606629e+03	0	4.821796e-04
2.220000e+09	2.460973e+12	0.000000e+00	5.288462e-01	1.112570e+14	2.730856e+14	1.111308e+14	1.145082e+04	3.915068e+03	2.605546e+03	0	4.792863e-04
2.230000e+09	2.416617e+12	0.000000e+00	5.288462e-01	1.106076e+14	2.718086e+14	1.107620e+14	1.144104e+04	3.913448e+03	2.604468e+03	0	4.763893e-04
2.240000e+09	2.372735e+12	0.000000e+00	5.288462e-01	1.099648e+14	2.705429e+14	1.103952e+14	1.143132e+04	3.911836e+03	2.603395e+03	0	4.734882e-04
2.250000e+09	2.329322e+12	0.000000e+00	5.288462e-01	1.093286e+14	2.692884e+14	1.100306e+14	1.142166e+04	3.910233e+03	2.602328e+03	0	4.705827e-04
2.260000e+09	2.286370e+12	0.000000e+00	5.288462e-01	1.086988e+14	2.680448e+14	1.096682e+14	1.141205e+04	3.908637e+03	2.601266e+03	0	4.676722e-04
2.270000e+09	2.243872e+12	0.000000e+00	5.288462e-01	1.080753e+14	2.668121e+14	1.093078e+14	1.140249e+04	3.907050e+03	2.600210e+03	0	4.647564e-04
2.280000e+09	2.201822e+12	0.000000e+00	5.288462e-01	1.074581e+14	2.655901e+14	1.089495e+14	1.139299e+04	3.905470e+03	2.599159e+03	0	4.618349e-04
2.290000e+09	2.160212e+12	0.000000e+00	5.288462e-01	1.068471e+14	2.643787e+14	1.085933e+14	1.138355e+04	3.903899e+03	2.598113e+03	0	4.589072e-04
2.300000e+09	2.119038e+12	0.000000e+00	5.288462e-01	1.062421e+14	2.631778e+14	1.082392e+14	1.137416e+04	3.902335e+03	2.597072e+03	0	4.559729e-04
2.310000e+09	2.078292e+12	0.000000e+00	5.288462e-01	1.056431e+14	2.619871e+14	1.078871e+14	1.136482e+04	3.900778e+03	2.596036e+03	0	4.530314e-04
2.320000e+09	2.037969e+12	0.000000e+00	5.288462e-01	1.050500e+14	2.608066e+14	1.075370e+14	1.135553e+04	3.899230e+03	2.595005e+03	0	4.500823e-04
2.330000e+09	1.998062e+12	0.000000e+00	5.288462e-01	1.044628e+14	2.596362e+14	1.071890e+14	1.134630e+04	3.897689e+03	2.593980e+03	0	4.471251e-04
2.340000e+09	1.958566e+12	0.000000e+00	5.288462e-01	1.038813e+14	2.584757e+14	1.068429e+14	1.133711e+04	3.896155e+03	2.592959e+03	0	4.441593e-04
2.350000e+09	1.919474e+12	0.000000e+00	5.288462e-01	1.033054e+14	2.573250e+14	1.064989e+14	1.132798e+04	3.894629e+03	2.591943e+03	0	4.411844e-04
2.360000e+09	1.880782e+12	0.000000e+00	5.288462e-01	1.027351e+14	2.561839e+14	1.061568e+14	1.131890e+04	3.893110e+03	2.590932e+03	0	4.381998e-04
2.370000e+09	1.842482e+12	0.000000e+00	5.288462e-01	1.021704e+14	2.550524e+14	1.058167e+14	1.130987e+04	3.891598e+03	2.589926e+03	0	4.352050e-04
2.380000e+09	1.804571e+12	0.000000e+00	5.288462e-01	1.016110e+14	2.539304e+14	1.054785e+14	1.130089e+04	3.890094e+03	2.588925e+03	0	4.321993e-04
2.390000e+09	1.767042e+12	0.000000e+00	5.288462e-01	1.010571e+14	2.528176e+14	1.051423e+14	1.129195e+04	3.888596e+03	2.587929e+03	0	4.291822e-04
2.400000e+09	1.729890e+12	0.000000e+00	5.288462e-01	1.005084e+14	2.517141e+14	1.048079e+14	1.128307e+04	3.887106e+03	2.586937e+03	0	4.261530e-04
2.410000e+09	1.693110e+12	0.000000e+00	5.288462e-01	9.996488e+13	2.506196e+14	1.044755e+14	1.127423e+04	3.885623e+03	2.585950e+03	0	4.231112e-04
2.420000e+09	1.656698e+12	0.000000e+00	5.288462e-01	9.942654e+13	2.495342e+14	1.041450e+14	1.126545e+04	3.884146e+03	2.584967e+03	0	4.200560e-04
2.430000e+09	1.620647e+12	0.000000e+00	5.288462e-01	9.889327e+13	2.484576e+14	1.038163e+14	1.125670e+04	3.882677e+03	2.583989e+03	0	4.169867e-04
2.440000e+09	1.584952e+12	0.000000e+00	5.288462e-01	9.836501e+13	2.473898e+14	1.034896e+14	1.124801e+04	3.881214e+03	2.583016e+03	0	4.139026e-04
2.450000e+09	1.549610e+12	0.000000e+00	5.288462e-01	9.784169e+13	2.463306e+14	1.031646e+14	1.123936e+04	3.879759e+03	2.582047e+03	0	4.108029e-04
2.460000e+09	1.514615e+12	0.000000e+00	5.288462e-01	9.732324e+13	2.452800e+14	1.028415e+14	1.123076e+04	3.878310e+03	2.581083e+03	0	4.076870e-04
2.470000e+09	1.479963e+12	0.000000e+00	5.288462e-01	9.680960e+13	2.442379e+14	1.025202e+14	1.122220e+04	3.876867e+03	2.580123e+03	0	4.045539e-04
2.480000e+09	1.445649e+12	0.000000e+00	5.288462e-01	9.630070e+13	2.432041e+14	1.022008e+14	1.121369e+04	3.875431e+03	2.579167e+03	0	4.014027e-04
2.490000e+09	1.411668e+12	0.000000e+00	5.288462e-01	9.579648e+13	2.421785e+14	1.018831e+14	1.120523e+04	3.874002e+03	2.578216e+03	0	3.982327e-04
2.500000e+09	1.378016e+12	0.000000e+00	5.288462e-01	9.529689e+13	2.411611e+14	1.015673e+14	1.119680e+04	3.872579e+03	2.577269e+03	0	3.950428e-04
2.510000e+09	1.344689e+12	0.000000e+00	5.288462e-01	9.480186e+13	2.401518e+14	1.012532e+14	1.118842e+04	3.871163e+03	2.576326e+03	0	3.918321e-04
2.520000e+09	1.311682e+12	0.000000e+00	5.288462e-01	9.431133e+13	2.391505e+14	1.009408e+14	1.118009e+04	3.869752e+03	2.575388e+03	0	3.885995e-04
2.530000e+09	1.278991e+12	0.000000e+00	5.288462e-01	9.382525e+13	2.381570e+14	1.006302e+14	1.117180e+04	3.868349e+03	2.574454e+03	0	3.853440e-04
2.540000e+09	1.246612e+12	0.000000e+00	5.288462e-01	9.334355e+13	2.371713e+14	1.003214e+14	1.116355e+04	3.866951e+03	2.573523e+03	0	3.820643e-04
2.550000e+09	1.214541e+12	0.000000e+00	5.288462e-01	9.286618e+13	2.361933e+14	1.000143e+14	1.115534e+04	3.865560e+03	2.572598e+03	0	3.787594e-04
2.560000e+09	1.182774e+12	0.000000e+00	5.288462e-01	9.239309e+13	2.352229e+14	9.970886e+13	1.114718e+04	3.864175e+03	2.571676e+03	0	3.754280e-04
2.570000e+09	1.151307e+12	0.000000e+00	5.288462e-01	9.192422e+13	2.342601e+14	9.940516e+13	1.113905e+04	3.862796e+03	2.570758e+03	0	3.720686e-04
2.580000e+09	1.120136e+12	0.000000e+00	5.288462e-01	9.145952e+13	2.333046e+14	9.910314e+13	1.113097e+04	3.861423e+03	2.569844e+03	0	3.686800e-04
2.590000e+09	1.089257e+12	0.000000e+00	5.288462e-01	9.099893e+13	2.323566e+14	9.880280e+13	1.112293e+04	3.860056e+03	2.568934e+03	0	3.652606e-04
2.600000e+09	1.058666e+12	0.000000e+00	5.288462e-01	9.054241e+13	2.314158e+14	9.850412e+13	1.111493e+04	3.858695e+03	2.568029e+03	0	3.618087e-04
2.610000e+09	1.028360e+12	0.000000e+00	5.288462e-01	9.008989e+13	2.304821e+14	9.820710e+13	1.110696e+04	3.857340e+03	2.567127e+03	0	3.583228e-04
2.620000e+09	9.983357e+11	0.000000e+00	5.288462e-01	8.964135e+13	2.295556e+14	9.791173e+13	1.109904e+04	3.855990e+03	2.566229e+03	0	3.548011e-04
2.630000e+09	9.685886e+11	0.000000e+00	5.288462e-01	8.919671e+13	2.286361e+14	9.761798e+13	1.109116e+04	3.854647e+03	2.565335e+03	0	3.512415e-04
2.640000e+09	9.391156e+11	0.000000e+00	5.288462e-01	8.875594e+13	2.277236e+14	9.732585e+13	1.108332e+04	3.853309e+03	2.564444e+03	0	3.476421e-04
2.650000e+09	9.099131e+11	0.000000e+00	5.288462e-01	8.831898e+13	2.268179e+14	9.703534e+13	1.107551e+04	3.851977e+03	2.563558e+03	0	3.440007e-04
2.660000e+09	8.809778e+11	0.000000e+00	5.288462e-01	8.788580e+13	2.259190e+14	9.674642e+13	1.106775e+04	3.850651e+03	2.562675e+03	0	3.403150e-04
2.670000e+09	8.523064e+11	0.000000e+00	5.288462e-01	8.745633e+13	2.250268e+14	9.645909e+13	1.106002e+04	3.849330e+03	2.561796e+03	0	3.365823e-04
2.680000e+09	8.238955e+11	0.000000e+00	5.288462e-01	8.703055e+13	2.241413e+14	9.617333e+13	1.105233e+04	3.848015e+03	2.560921e+03	0	3.328001e-04
2.690000e+09	7.957419e+11	0.000000e+00	5.288462e-01	8.660840e+13	2.232624e+14	9.588914e+13	1.104468e+04	3.846706e+03	2.560050e+03	0	3.289653e-04
2.700000e+09	7.678424e+11	0.000000e+00	5.288462e-01	8.618984e+13	2.223899e+14	9.560650e+13	1.103706e+04	3.845402e+03	2.559182e+03	0	3.250749e-04
2.710000e+09	7.401938e+11	0.000000e+00	5.288462e-01	8.577483e+13	2.215239e+14	9.532540e+13	1.102948e+04	3.844103e+03	2.558318e+03	0	3.211253e-04
2.720000e+09	7.127932e+11	0.000000e+00	5.288462e-01	8.536331e+13	2.206643e+14	9.504584e+13	1.102194e+04	3.842810e+03	2.557457e+03	0	3.171129e-04
2.730000e+09	6.856373e+11	0.000000e+00	5.288462e-01	8.495526e+13	2.198109e+14	9.476780e+13	1.101443e+04	3.841522e+03	2.556600e+03	0	3.130335e-04
2.740000e+09	6.587234e+11	0.000000e+00	5.288462e-01	8.455063e+13	2.189638e+14	9.449127e+13	1.100696e+04	3.840239e+03	2.555746e+03	0	3.088828e-04
2.750000e+09	6.320483e+11	0.000000e+00	5.288462e-01	8.414938e+13	2.181228e+14	9.421624e+13	1.099953e+04	3.838962e+03	2.554896e+03	0	3.046558e-04
2.760000e+09	6.056092e+11	0.000000e+00	5.288462e-01	8.375147e+13	2.172879e+14	9.394271e+13	1.099212e+04	3.837690e+03	2.554050e+03	0	3.003472e-04
2.770000e+09	5.794033e+11	0.000000e+00	5.288462e-01	8.335686e+13	2.164591e+14	9.367065e+13	1.098476e+04	3.836423e+03	2.553207e+03	0	2.959509e-04
2.780000e+09	5.534277e+11	0.000000e+00	5.288462e-01	8.296551e+13	2.156362e+14	9.340006e+13	1.097743e+04	3.835162e+03	2.552367e+03	0	2.914605e-04
2.790000e+09	5.276796e+11	0.000000e+00	5.288462e-01	8.257738e+13	2.148192e+14	9.313094e+13	1.097013e+04	3.833905e+03	2.551531e+03	0	2.868685e-04
2.800000e+09	5.021564e+11	0.000000e+00	5.288462e-01	8.219244e+13	2.140081e+14	9.286326e+13	1.096287e+04	3.832654e+03	2.550698e+03	0	2.821667e-04
2.810000e+09	4.768554e+11	0.000000e+00	5.288462e-01	8.181064e+13	2.132028e+14	9.259702e+13	1.095564e+04	3.831408e+03	2.549869e+03	0	2.773458e-04
2.820000e+09	4.517738e+11	0.000000e+00	5.288462e-01	8.143196e+13	2.124031e+14	9.233222e+13	1.094845e+04	3.830166e+03	2.549042e+03	0	2.723954e-04
2.830000e+09	4.269092e+11	0.000000e+00	5.288462e-01	8.105635e+13	2.116092e+14	9.206883e+13	1.094129e+04	3.828930e+03	2.548220e+03	0	2.673035e-04
2.840000e+09	4.022589e+11	0.000000e+00	5.288462e-01	8.068378e+13	2.108208e+14	9.180686e+13	1.093416e+04	3.827698e+03	2.547400e+03	0	2.620563e-04
2.850000e+09	3.778205e+11	0.000000e+00	5.288462e-01	8.031422e+13	2.100380e+14	9.154629e+13	1.092706e+04	3.826472e+03	2.546584e+03	0	2.566382e-04
2.860000e+09	3.535914e+11	0.000000e+00	5.288462e-01	7.994762e+13	2.092606e+14	9.128711e+13	1.092000e+04	3.825250e+03	2.545771e+03	0	2.510306e-04
2.870000e+09	3.295691e+11	0.000000e+00	5.288462e-01	7.958396e+13	2.084887e+14	9.102931e+13	1.091297e+04	3.824033e+03	2.544961e+03	0	2.452119e-04
2.880000e+09	3.057514e+11	0.000000e+00	5.288462e-01	7.922321e+13	2.077222e+14	9.077288e+13	1.090597e+04	3.822821e+03	2.544154e+03	0	2.391565e-04
2.890000e+09	2.821358e+11	0.000000e+00	5.288462e-01	7.886532e+13	2.069610e+14	9.051782e+13	1.089900e+04	3.821614e+03	2.543351e+03	0	2.328335e-04
2.900000e+09	2.587199e+11	0.000000e+00	5.288462e-01	7.851028e+13	2.062051e+14	9.026411e+13	1.089206e+04	3.820411e+03	2.542550e+03	0	2.262052e-04
2.910000e+09	2.355015e+11	0.000000e+00	5.288462e-01	7.815803e+13	2.054543e+14	9.001175e+13	1.088516e+04	3.819214e+03	2.541753e+03	0	2.192253e-04
2.920000e+09	2.124782e+11	0.000000e+00	5.288462e-01	7.780857e+13	2.047088e+14	8.976072e+13	1.087829e+04	3.818020e+03	2.540959e+03	0	2.118349e-04
2.930000e+09	1.896479e+11	0.000000e+00	5.288462e-01	7.746184e+13	2.039683e+14	8.951102e+13	1.087144e+04	3.816832e+03	2.540168e+03	0	2.039586e-04
2.940000e+09	1.670084e+11	0.000000e+00	5.288462e-01	7.711783e+13	2.032329e+14	8.926264e+13	1.086463e+04	3.815648e+03	2.539380e+03	0	1.954964e-04
2.950000e+09	1.445574e+11	0.000000e+00	5.288462e-01	7.677650e+13	2.025026e+14	8.901557e+13	1.085785e+04	3.814468e+03	2.538595e+03	0	1.863114e-04
2.960000e+09	1.222928e+11	0.000000e+00	5.288462e-01	7.643782e+13	2.017771e+14	8.876980e+13	1.085109e+04	3.813293e+03	2.537813e+03	0	1.762083e-04
2.970000e+09	1.002126e+11	0.000000e+00	5.288462e-01	7.610177e+13	2.010566e+14	8.852531e+13	1.084437e+04	3.812123e+03	2.537034e+03	0	1.648922e-04
2.980000e+09	7.831459e+10	0.000000e+00	5.288462e-01	7.576831e+13	2.003410e+14	8.828212e+13	1.083768e+04	3.810957e+03	2.536258e+03	0	1.518822e-04
2.990000e+09	5.659677e+10	0.000000e+00	5.288462e-01	7.543741e+13	1.996301e+14	8.804019e+13	1.083101e+04	3.809795e+03	2.535485e+03	0	1.362981e-04
3.000000e+09	3.505710e+10	0.000000e+00	5.288462e-01	7.510906e+13	1.989241e+14	8.779953e+13	1.082438e+04	3.808638e+03	2.534715e+03	0	1.161854e-04
3.010000e+09	1.369362e+10	0.000000e+00	5.288462e-01	7.478321e+13	1.982227e+14	8.756013e+13	1.081777e+04	3.807485e+03	2.533948e+03	0	8.493084e-05
3.020000e+09	-7.495664e+09	0.000000e+00	5.288462e-01	7.445985e+13	1.975261e+14	8.732198e+13	1.081119e+04	3.806337e+03	2.533184e+03	0	nan
