#R=1.4004088924000577
#interptype='linear'
#name='planet'
#norm={'P': 1000000000000.0, 'R': 1.4004088924000577, 'M': 2.7999999999999998, 'g': 14.034484491661125, 'rho': 4000.0}
#state=1
#composition
#layer0		Fe08FeS02		0.100000
#layer1		pv_fmw		0.900000
#Cols=
 #'ur		r		mr		rho		P		g		phi		T		composition'
#-end-
0.000000e+00	0.000000e+00	1.763760e-11	1.416624e+04	6.379544e+11	0.000000e+00	-2.182073e+08	5.000000e+03	0
5.025126e-03	7.037231e-03	2.979760e-06	1.416747e+04	6.381835e+11	-5.580978e-02	-2.182035e+08	5.000000e+03	0
1.005025e-02	1.407446e-02	9.061700e-06	1.416846e+04	6.383680e+11	-7.229073e-02	-2.181915e+08	5.000000e+03	0
1.507538e-02	2.111169e-02	2.983826e-05	1.416832e+04	6.383418e+11	9.752275e-02	-2.181717e+08	5.000000e+03	0
2.010050e-02	2.814892e-02	6.299361e-05	1.416780e+04	6.382435e+11	2.702899e-01	-2.181438e+08	5.000000e+03	0
2.512563e-02	3.518615e-02	1.192778e-04	1.416654e+04	6.380108e+11	4.485758e-01	-2.181080e+08	5.000000e+03	0
3.015075e-02	4.222338e-02	2.033812e-04	1.416472e+04	6.376704e+11	6.271250e-01	-2.180642e+08	5.000000e+03	0
3.517588e-02	4.926061e-02	3.128637e-04	1.416236e+04	6.372321e+11	8.059145e-01	-2.180125e+08	5.000000e+03	0
4.020101e-02	5.629784e-02	4.717490e-04	1.415923e+04	6.366506e+11	9.846830e-01	-2.179529e+08	5.000000e+03	0
4.522613e-02	6.333508e-02	6.520855e-04	1.415577e+04	6.360070e+11	1.163443e+00	-2.178853e+08	5.000000e+03	0
5.025126e-02	7.037231e-02	9.095196e-04	1.415134e+04	6.351849e+11	1.342071e+00	-2.178098e+08	5.000000e+03	0
5.527638e-02	7.740954e-02	1.183178e-03	1.414673e+04	6.343271e+11	1.520669e+00	-2.177263e+08	5.000000e+03	0
6.030151e-02	8.444677e-02	1.557973e-03	1.414105e+04	6.332746e+11	1.699064e+00	-2.176349e+08	5.000000e+03	0
6.532663e-02	9.148400e-02	1.959952e-03	1.413514e+04	6.321773e+11	1.877401e+00	-2.175356e+08	5.000000e+03	0
7.035176e-02	9.852123e-02	2.458206e-03	1.412836e+04	6.309213e+11	2.055531e+00	-2.174284e+08	5.000000e+03	0
7.537688e-02	1.055585e-01	3.012014e-03	1.412114e+04	6.295855e+11	2.233539e+00	-2.173132e+08	5.000000e+03	0
8.040201e-02	1.125957e-01	3.651091e-03	1.411325e+04	6.281270e+11	2.411359e+00	-2.171902e+08	5.000000e+03	0
8.542714e-02	1.196329e-01	4.380082e-03	1.410474e+04	6.265538e+11	2.588975e+00	-2.170592e+08	5.000000e+03	0
9.045226e-02	1.266702e-01	5.177234e-03	1.409574e+04	6.248937e+11	2.766438e+00	-2.169204e+08	5.000000e+03	0
9.547739e-02	1.337074e-01	6.104582e-03	1.408592e+04	6.230847e+11	2.943601e+00	-2.167737e+08	5.000000e+03	0
1.005025e-01	1.407446e-01	7.076936e-03	1.407582e+04	6.212242e+11	3.120660e+00	-2.166191e+08	5.000000e+03	0
1.055276e-01	1.477818e-01	8.225609e-03	1.406470e+04	6.191811e+11	3.297309e+00	-2.164567e+08	5.000000e+03	0
1.105528e-01	1.548191e-01	9.409325e-03	1.405339e+04	6.171033e+11	3.473875e+00	-2.162864e+08	5.000000e+03	0
1.155779e-01	1.618563e-01	1.078288e-02	1.404106e+04	6.148460e+11	3.649993e+00	-2.161083e+08	5.000000e+03	0
1.206030e-01	1.688935e-01	1.221648e-02	1.402844e+04	6.125365e+11	3.825967e+00	-2.159224e+08	5.000000e+03	0
1.256281e-01	1.759308e-01	1.381571e-02	1.401501e+04	6.100830e+11	4.001546e+00	-2.157286e+08	5.000000e+03	0
1.306533e-01	1.829680e-01	1.552157e-02	1.400109e+04	6.075439e+11	4.176867e+00	-2.155271e+08	5.000000e+03	0
1.356784e-01	1.900052e-01	1.736293e-02	1.398654e+04	6.048960e+11	4.351860e+00	-2.153177e+08	5.000000e+03	0
1.407035e-01	1.970425e-01	1.936314e-02	1.397131e+04	6.021297e+11	4.526466e+00	-2.151007e+08	5.000000e+03	0
1.457286e-01	2.040797e-01	2.146292e-02	1.395565e+04	5.992891e+11	4.700829e+00	-2.148758e+08	5.000000e+03	0
1.507538e-01	2.111169e-01	2.377923e-02	1.393910e+04	5.962981e+11	4.874658e+00	-2.146433e+08	5.000000e+03	0
1.557789e-01	2.181541e-01	2.615346e-02	1.392233e+04	5.932669e+11	5.048345e+00	-2.144030e+08	5.000000e+03	0
1.608040e-01	2.251914e-01	2.880731e-02	1.390447e+04	5.900540e+11	5.221335e+00	-2.141550e+08	5.000000e+03	0
1.658291e-01	2.322286e-01	3.151389e-02	1.388643e+04	5.868086e+11	5.394194e+00	-2.138993e+08	5.000000e+03	0
1.708543e-01	2.392658e-01	3.448422e-02	1.386741e+04	5.834024e+11	5.566390e+00	-2.136360e+08	5.000000e+03	0
1.758794e-01	2.463031e-01	3.755472e-02	1.384805e+04	5.799389e+11	5.738331e+00	-2.133651e+08	5.000000e+03	0
1.809045e-01	2.533403e-01	4.084619e-02	1.382791e+04	5.763488e+11	5.909713e+00	-2.130865e+08	5.000000e+03	0
1.859296e-01	2.603775e-01	4.430110e-02	1.380723e+04	5.726704e+11	6.080676e+00	-2.128003e+08	5.000000e+03	0
1.909548e-01	2.674148e-01	4.792871e-02	1.378597e+04	5.688988e+11	6.251197e+00	-2.125065e+08	5.000000e+03	0
1.959799e-01	2.744520e-01	5.178809e-02	1.376397e+04	5.650090e+11	6.421119e+00	-2.122052e+08	5.000000e+03	0
2.010050e-01	2.814892e-01	5.576657e-02	1.374158e+04	5.610585e+11	6.590733e+00	-2.118963e+08	5.000000e+03	0
2.060302e-01	2.885265e-01	6.005001e-02	1.371825e+04	5.569610e+11	6.759551e+00	-2.115800e+08	5.000000e+03	0
2.110553e-01	2.955637e-01	6.439726e-02	1.369473e+04	5.528328e+11	6.928202e+00	-2.112561e+08	5.000000e+03	0
2.160804e-01	3.026009e-01	6.912038e-02	1.367008e+04	5.485330e+11	7.095863e+00	-2.109248e+08	5.000000e+03	0
2.211055e-01	3.096381e-01	7.391563e-02	1.364522e+04	5.442020e+11	7.263331e+00	-2.105860e+08	5.000000e+03	0
2.261307e-01	3.166754e-01	7.903185e-02	1.361944e+04	5.397319e+11	7.429945e+00	-2.102398e+08	5.000000e+03	0
2.311558e-01	3.237126e-01	8.429350e-02	1.359325e+04	5.352021e+11	7.596168e+00	-2.098863e+08	5.000000e+03	0
2.361809e-01	3.307498e-01	8.981618e-02	1.356633e+04	5.305650e+11	7.761688e+00	-2.095253e+08	5.000000e+03	0
2.412060e-01	3.377871e-01	9.556207e-02	1.353881e+04	5.258406e+11	7.926602e+00	-2.091570e+08	5.000000e+03	0
2.462312e-01	3.448243e-01	1.015042e-01	1.351074e+04	5.210397e+11	8.090981e+00	-2.087814e+08	5.000000e+03	0
2.512563e-01	3.518615e-01	1.077516e-01	1.348187e+04	5.161254e+11	8.254521e+00	-2.083986e+08	5.000000e+03	0
2.562814e-01	3.588988e-01	1.141258e-01	1.345266e+04	5.111640e+11	8.417713e+00	-2.080085e+08	5.000000e+03	0
2.613065e-01	3.659360e-01	1.208913e-01	1.342244e+04	5.060644e+11	8.579816e+00	-2.076111e+08	5.000000e+03	0
2.663317e-01	3.729732e-01	1.277348e-01	1.339202e+04	5.009376e+11	8.741702e+00	-2.072066e+08	5.000000e+03	0
2.713568e-01	3.800105e-01	1.350093e-01	1.336051e+04	4.956659e+11	8.902375e+00	-2.067950e+08	5.000000e+03	0
2.763819e-01	3.870477e-01	1.423910e-01	1.332873e+04	4.903600e+11	9.062742e+00	-2.063762e+08	5.000000e+03	0
2.814070e-01	3.940849e-01	1.501328e-01	1.329605e+04	4.849388e+11	9.222084e+00	-2.059503e+08	5.000000e+03	0
2.864322e-01	4.011221e-01	1.580676e-01	1.326291e+04	4.794588e+11	9.380869e+00	-2.055174e+08	5.000000e+03	0
2.914573e-01	4.081594e-01	1.662876e-01	1.322907e+04	4.738919e+11	9.538831e+00	-2.050774e+08	5.000000e+03	0
2.964824e-01	4.151966e-01	1.747900e-01	1.319456e+04	4.682431e+11	9.695967e+00	-2.046304e+08	5.000000e+03	0
3.015075e-01	4.222338e-01	1.834985e-01	1.315955e+04	4.625345e+11	9.852502e+00	-2.041765e+08	5.000000e+03	0
3.065327e-01	4.292711e-01	1.925820e-01	1.312365e+04	4.567224e+11	1.000792e+01	-2.037157e+08	5.000000e+03	0
3.115578e-01	4.363083e-01	2.017889e-01	1.308746e+04	4.508762e+11	1.016298e+01	-2.032480e+08	5.000000e+03	0
3.165829e-01	4.433455e-01	2.114664e-01	1.305018e+04	4.449064e+11	1.031663e+01	-2.027734e+08	5.000000e+03	0
3.216080e-01	4.503828e-01	2.212332e-01	1.301269e+04	4.389139e+11	1.047000e+01	-2.022921e+08	5.000000e+03	0
3.266332e-01	4.574200e-01	2.314646e-01	1.297413e+04	4.328052e+11	1.062195e+01	-2.018040e+08	5.000000e+03	0
3.316583e-01	4.644572e-01	2.418403e-01	1.293524e+04	4.266623e+11	1.077346e+01	-2.013091e+08	5.000000e+03	0
3.366834e-01	4.714945e-01	2.525965e-01	1.289548e+04	4.204291e+11	1.092379e+01	-2.008075e+08	5.000000e+03	0
3.417085e-01	4.785317e-01	2.635921e-01	1.285517e+04	4.141419e+11	1.107337e+01	-2.002993e+08	5.000000e+03	0
3.467337e-01	4.855689e-01	2.748807e-01	1.281421e+04	4.077887e+11	1.122202e+01	-1.997845e+08	5.000000e+03	0
3.517588e-01	4.926061e-01	2.832684e-01	1.086678e+04	4.031712e+11	1.124284e+01	-1.992634e+08	5.000000e+03	0
3.567839e-01	4.996434e-01	2.899068e-01	7.769870e+03	3.996004e+11	1.118657e+01	-1.987389e+08	5.000000e+03	0
3.618090e-01	5.066806e-01	2.967980e-01	7.130216e+03	3.960665e+11	1.113800e+01	-1.982157e+08	5.000000e+03	1
3.668342e-01	5.137178e-01	3.037531e-01	7.111937e+03	3.925420e+11	1.109139e+01	-1.976949e+08	5.000000e+03	1
3.718593e-01	5.207551e-01	3.110217e-01	7.093734e+03	3.890572e+11	1.105320e+01	-1.971764e+08	5.000000e+03	1
3.768844e-01	5.277923e-01	3.183473e-01	7.075541e+03	3.855787e+11	1.101639e+01	-1.966600e+08	5.000000e+03	1
3.819095e-01	5.348295e-01	3.259528e-01	7.057394e+03	3.821307e+11	1.098624e+01	-1.961454e+08	5.000000e+03	1
3.869347e-01	5.418668e-01	3.336654e-01	7.039257e+03	3.786927e+11	1.095835e+01	-1.956324e+08	5.000000e+03	1
3.919598e-01	5.489040e-01	3.416044e-01	7.021142e+03	3.752761e+11	1.093523e+01	-1.951208e+08	5.000000e+03	1
3.969849e-01	5.559412e-01	3.497113e-01	7.003031e+03	3.718729e+11	1.091524e+01	-1.946106e+08	5.000000e+03	1
4.020101e-01	5.629784e-01	3.579891e-01	6.984926e+03	3.684836e+11	1.089846e+01	-1.941014e+08	5.000000e+03	1
4.070352e-01	5.700157e-01	3.664973e-01	6.966816e+03	3.651103e+11	1.088551e+01	-1.935932e+08	5.000000e+03	1
4.120603e-01	5.770529e-01	3.751191e-01	6.948703e+03	3.617448e+11	1.087446e+01	-1.930858e+08	5.000000e+03	1
4.170854e-01	5.840901e-01	3.840355e-01	6.930569e+03	3.583969e+11	1.086778e+01	-1.925791e+08	5.000000e+03	1
4.221106e-01	5.911274e-01	3.930127e-01	6.912429e+03	3.550524e+11	1.086199e+01	-1.920729e+08	5.000000e+03	1
4.271357e-01	5.981646e-01	4.023373e-01	6.894250e+03	3.517257e+11	1.086081e+01	-1.915671e+08	5.000000e+03	1
4.321608e-01	6.052018e-01	4.117309e-01	6.876059e+03	3.484019e+11	1.086045e+01	-1.910616e+08	5.000000e+03	1
4.371859e-01	6.122391e-01	4.214138e-01	6.857824e+03	3.450906e+11	1.086352e+01	-1.905562e+08	5.000000e+03	1
4.422111e-01	6.192763e-01	4.312299e-01	6.839563e+03	3.417842e+11	1.086800e+01	-1.900510e+08	5.000000e+03	1
4.472362e-01	6.263135e-01	4.412758e-01	6.821258e+03	3.384862e+11	1.087492e+01	-1.895456e+08	5.000000e+03	1
4.522613e-01	6.333508e-01	4.515204e-01	6.802909e+03	3.351944e+11	1.088373e+01	-1.890402e+08	5.000000e+03	1
4.572864e-01	6.403880e-01	4.619334e-01	6.784522e+03	3.319078e+11	1.089415e+01	-1.885345e+08	5.000000e+03	1
4.623116e-01	6.474252e-01	4.726120e-01	6.766068e+03	3.286281e+11	1.090683e+01	-1.880286e+08	5.000000e+03	1
4.673367e-01	6.544624e-01	4.833963e-01	6.747587e+03	3.253512e+11	1.092040e+01	-1.875222e+08	5.000000e+03	1
4.723618e-01	6.614997e-01	4.945144e-01	6.729014e+03	3.220816e+11	1.093654e+01	-1.870153e+08	5.000000e+03	1
4.773869e-01	6.685369e-01	5.056982e-01	6.710421e+03	3.188133e+11	1.095315e+01	-1.865080e+08	5.000000e+03	1
4.824121e-01	6.755741e-01	5.172365e-01	6.691721e+03	3.155514e+11	1.097220e+01	-1.860000e+08	5.000000e+03	1
4.874372e-01	6.826114e-01	5.288660e-01	6.672992e+03	3.122910e+11	1.099182e+01	-1.854913e+08	5.000000e+03	1
4.924623e-01	6.896486e-01	5.407867e-01	6.654168e+03	3.090349e+11	1.101322e+01	-1.849819e+08	5.000000e+03	1
4.974874e-01	6.966858e-01	5.528666e-01	6.635289e+03	3.057808e+11	1.103551e+01	-1.844717e+08	5.000000e+03	1
5.025126e-01	7.037231e-01	5.651729e-01	6.616332e+03	3.025295e+11	1.105904e+01	-1.839609e+08	5.000000e+03	1
5.075377e-01	7.107603e-01	5.777076e-01	6.597291e+03	2.992805e+11	1.108371e+01	-1.834486e+08	5.000000e+03	1
5.125628e-01	7.177975e-01	5.904028e-01	6.578192e+03	2.960331e+11	1.110917e+01	-1.829356e+08	5.000000e+03	1
5.175879e-01	7.248348e-01	6.033962e-01	6.558979e+03	2.927882e+11	1.113595e+01	-1.824216e+08	5.000000e+03	1
5.226131e-01	7.318720e-01	6.164831e-01	6.539731e+03	2.895441e+11	1.116315e+01	-1.819066e+08	5.000000e+03	1
5.276382e-01	7.389092e-01	6.299389e-01	6.520335e+03	2.863024e+11	1.119180e+01	-1.813905e+08	5.000000e+03	1
5.326633e-01	7.459464e-01	6.434638e-01	6.500911e+03	2.830612e+11	1.122071e+01	-1.808732e+08	5.000000e+03	1
5.376884e-01	7.529837e-01	6.573418e-01	6.481340e+03	2.798219e+11	1.125087e+01	-1.803548e+08	5.000000e+03	1
5.427136e-01	7.600209e-01	6.713333e-01	6.461721e+03	2.765832e+11	1.128139e+01	-1.798351e+08	5.000000e+03	1
5.477387e-01	7.670581e-01	6.856104e-01	6.441979e+03	2.733457e+11	1.131280e+01	-1.793142e+08	5.000000e+03	1
5.527638e-01	7.740954e-01	7.000714e-01	6.422156e+03	2.701089e+11	1.134473e+01	-1.787920e+08	5.000000e+03	1
5.577889e-01	7.811326e-01	7.147494e-01	6.402236e+03	2.668730e+11	1.137726e+01	-1.782685e+08	5.000000e+03	1
5.628141e-01	7.881698e-01	7.296825e-01	6.382200e+03	2.636379e+11	1.141041e+01	-1.777416e+08	5.000000e+03	1
5.678392e-01	7.952071e-01	7.447633e-01	6.362095e+03	2.604034e+11	1.144393e+01	-1.772175e+08	5.000000e+03	1
5.728643e-01	8.022443e-01	7.601706e-01	6.341837e+03	2.571698e+11	1.147815e+01	-1.766899e+08	5.000000e+03	1
5.778894e-01	8.092815e-01	7.756557e-01	6.321542e+03	2.539365e+11	1.151254e+01	-1.761609e+08	5.000000e+03	1
5.829146e-01	8.163188e-01	7.915390e-01	6.301054e+03	2.507044e+11	1.154768e+01	-1.756304e+08	5.000000e+03	1
5.879397e-01	8.233560e-01	8.074931e-01	6.280531e+03	2.474724e+11	1.158293e+01	-1.750986e+08	5.000000e+03	1
5.929648e-01	8.303932e-01	8.237904e-01	6.259838e+03	2.442416e+11	1.161874e+01	-1.745652e+08	5.000000e+03	1
5.979899e-01	8.374304e-01	8.402223e-01	6.239075e+03	2.410112e+11	1.165474e+01	-1.740303e+08	5.000000e+03	1
6.030151e-01	8.444677e-01	8.569270e-01	6.218173e+03	2.377816e+11	1.169111e+01	-1.734939e+08	5.000000e+03	1
6.080402e-01	8.515049e-01	8.738374e-01	6.197163e+03	2.345529e+11	1.172773e+01	-1.729561e+08	5.000000e+03	1
6.130653e-01	8.585421e-01	8.909499e-01	6.176047e+03	2.313249e+11	1.176457e+01	-1.724166e+08	5.000000e+03	1
6.180905e-01	8.655794e-01	9.083395e-01	6.154783e+03	2.280981e+11	1.180168e+01	-1.718757e+08	5.000000e+03	1
6.231156e-01	8.726166e-01	9.258601e-01	6.133447e+03	2.248718e+11	1.183892e+01	-1.713331e+08	5.000000e+03	1
6.281407e-01	8.796538e-01	9.437289e-01	6.111921e+03	2.216473e+11	1.187642e+01	-1.707890e+08	5.000000e+03	1
6.331658e-01	8.866911e-01	9.616688e-01	6.090354e+03	2.184231e+11	1.191397e+01	-1.702434e+08	5.000000e+03	1
6.381910e-01	8.937283e-01	9.800051e-01	6.068564e+03	2.152012e+11	1.195175e+01	-1.696961e+08	5.000000e+03	1
6.432161e-01	9.007655e-01	9.984237e-01	6.046727e+03	2.119798e+11	1.198956e+01	-1.691473e+08	5.000000e+03	1
6.482412e-01	9.078027e-01	1.017167e+00	6.024701e+03	2.087606e+11	1.202751e+01	-1.685968e+08	5.000000e+03	1
6.532663e-01	9.148400e-01	1.036063e+00	6.002584e+03	2.055426e+11	1.206549e+01	-1.680448e+08	5.000000e+03	1
6.582915e-01	9.218772e-01	1.055213e+00	5.980317e+03	2.023265e+11	1.210353e+01	-1.674911e+08	5.000000e+03	1
6.633166e-01	9.289144e-01	1.074586e+00	5.957914e+03	1.991123e+11	1.214160e+01	-1.669359e+08	5.000000e+03	1
6.683417e-01	9.359517e-01	1.094141e+00	5.935400e+03	1.958998e+11	1.217968e+01	-1.663790e+08	5.000000e+03	1
6.733668e-01	9.429889e-01	1.113988e+00	5.912703e+03	1.926903e+11	1.221774e+01	-1.658206e+08	5.000000e+03	1
6.783920e-01	9.500261e-01	1.133946e+00	5.889936e+03	1.894818e+11	1.225579e+01	-1.652605e+08	5.000000e+03	1
6.834171e-01	9.570634e-01	1.154265e+00	5.866938e+03	1.862775e+11	1.229377e+01	-1.646988e+08	5.000000e+03	1
6.884422e-01	9.641006e-01	1.174654e+00	5.843894e+03	1.830741e+11	1.233174e+01	-1.641355e+08	5.000000e+03	1
6.934673e-01	9.711378e-01	1.195414e+00	5.820605e+03	1.798755e+11	1.236957e+01	-1.635705e+08	5.000000e+03	1
6.984925e-01	9.781751e-01	1.216272e+00	5.797250e+03	1.766782e+11	1.240736e+01	-1.630040e+08	5.000000e+03	1
7.035176e-01	9.852123e-01	1.237428e+00	5.773691e+03	1.734854e+11	1.244501e+01	-1.624359e+08	5.000000e+03	1
7.085427e-01	9.922495e-01	1.258751e+00	5.750016e+03	1.702952e+11	1.248256e+01	-1.618662e+08	5.000000e+03	1
7.135678e-01	9.992867e-01	1.280302e+00	5.726181e+03	1.671088e+11	1.251998e+01	-1.612949e+08	5.000000e+03	1
7.185930e-01	1.006324e+00	1.302085e+00	5.702177e+03	1.639266e+11	1.255722e+01	-1.607220e+08	5.000000e+03	1
7.236181e-01	1.013361e+00	1.324027e+00	5.678059e+03	1.607472e+11	1.259435e+01	-1.601475e+08	5.000000e+03	1
7.286432e-01	1.020398e+00	1.346267e+00	5.653718e+03	1.575739e+11	1.263122e+01	-1.595715e+08	5.000000e+03	1
7.336683e-01	1.027436e+00	1.368596e+00	5.629311e+03	1.544024e+11	1.266801e+01	-1.589938e+08	5.000000e+03	1
7.386935e-01	1.034473e+00	1.391288e+00	5.604624e+03	1.512389e+11	1.270446e+01	-1.584147e+08	5.000000e+03	1
7.437186e-01	1.041510e+00	1.414046e+00	5.579884e+03	1.480769e+11	1.274083e+01	-1.578340e+08	5.000000e+03	1
7.487437e-01	1.048547e+00	1.437138e+00	5.554877e+03	1.449232e+11	1.277683e+01	-1.572517e+08	5.000000e+03	1
7.537688e-01	1.055585e+00	1.460340e+00	5.529778e+03	1.417724e+11	1.281270e+01	-1.566679e+08	5.000000e+03	1
7.587940e-01	1.062622e+00	1.483807e+00	5.504460e+03	1.386287e+11	1.284824e+01	-1.560826e+08	5.000000e+03	1
7.638191e-01	1.069659e+00	1.507446e+00	5.478992e+03	1.354901e+11	1.288355e+01	-1.554958e+08	5.000000e+03	1
7.688442e-01	1.076696e+00	1.531283e+00	5.453354e+03	1.323572e+11	1.291859e+01	-1.549074e+08	5.000000e+03	1
7.738693e-01	1.083734e+00	1.555353e+00	5.427505e+03	1.292319e+11	1.295329e+01	-1.543176e+08	5.000000e+03	1
7.788945e-01	1.090771e+00	1.579553e+00	5.401539e+03	1.261108e+11	1.298780e+01	-1.537264e+08	5.000000e+03	1
7.839196e-01	1.097808e+00	1.604045e+00	5.375298e+03	1.229999e+11	1.302183e+01	-1.531336e+08	5.000000e+03	1
7.889447e-01	1.104845e+00	1.628603e+00	5.348995e+03	1.198914e+11	1.305576e+01	-1.525395e+08	5.000000e+03	1
7.939698e-01	1.111882e+00	1.653510e+00	5.322349e+03	1.167961e+11	1.308908e+01	-1.519438e+08	5.000000e+03	1
7.989950e-01	1.118920e+00	1.678477e+00	5.295641e+03	1.137034e+11	1.312228e+01	-1.513468e+08	5.000000e+03	1
8.040201e-01	1.125957e+00	1.703732e+00	5.268634e+03	1.106226e+11	1.315494e+01	-1.507484e+08	5.000000e+03	1
8.090452e-01	1.132994e+00	1.729101e+00	5.241503e+03	1.075471e+11	1.318737e+01	-1.501486e+08	5.000000e+03	1
8.140704e-01	1.140031e+00	1.754693e+00	5.214129e+03	1.044816e+11	1.321934e+01	-1.495474e+08	5.000000e+03	1
8.190955e-01	1.147069e+00	1.780454e+00	5.186560e+03	1.014245e+11	1.325094e+01	-1.489449e+08	5.000000e+03	1
8.241206e-01	1.154106e+00	1.806376e+00	5.158806e+03	9.837525e+10	1.328219e+01	-1.483410e+08	5.000000e+03	1
8.291457e-01	1.161143e+00	1.832518e+00	5.130782e+03	9.533788e+10	1.331292e+01	-1.477358e+08	5.000000e+03	1
8.341709e-01	1.168180e+00	1.858761e+00	5.102635e+03	9.230590e+10	1.334341e+01	-1.471293e+08	5.000000e+03	1
8.391960e-01	1.175218e+00	1.885273e+00	5.074139e+03	8.928964e+10	1.337321e+01	-1.465216e+08	5.000000e+03	1
8.442211e-01	1.182255e+00	1.911839e+00	5.045571e+03	8.627661e+10	1.340287e+01	-1.459125e+08	5.000000e+03	1
8.492462e-01	1.189292e+00	1.938697e+00	5.016597e+03	8.328214e+10	1.343174e+01	-1.453023e+08	5.000000e+03	1
8.542714e-01	1.196329e+00	1.965616e+00	4.987531e+03	8.029196e+10	1.346042e+01	-1.446908e+08	5.000000e+03	1
8.592965e-01	1.203366e+00	1.992766e+00	4.958119e+03	7.731782e+10	1.348842e+01	-1.440781e+08	5.000000e+03	1
8.643216e-01	1.210404e+00	2.020025e+00	4.928533e+03	7.435194e+10	1.351607e+01	-1.434643e+08	5.000000e+03	1
8.693467e-01	1.217441e+00	2.047456e+00	4.898666e+03	7.139923e+10	1.354316e+01	-1.428492e+08	5.000000e+03	1
8.743719e-01	1.224478e+00	2.075039e+00	4.868534e+03	6.845914e+10	1.356973e+01	-1.422331e+08	5.000000e+03	1
8.793970e-01	1.231515e+00	2.102741e+00	4.838192e+03	6.552896e+10	1.359589e+01	-1.416158e+08	5.000000e+03	1
8.844221e-01	1.238553e+00	2.130633e+00	4.807486e+03	6.261618e+10	1.362133e+01	-1.409975e+08	5.000000e+03	1
8.894472e-01	1.245590e+00	2.158593e+00	4.776649e+03	5.970969e+10	1.364652e+01	-1.403781e+08	5.000000e+03	1
8.944724e-01	1.252627e+00	2.186775e+00	4.745338e+03	5.682578e+10	1.367078e+01	-1.397576e+08	5.000000e+03	1
8.994975e-01	1.259664e+00	2.214999e+00	4.713935e+03	5.394631e+10	1.369487e+01	-1.391361e+08	5.000000e+03	1
9.045226e-01	1.266702e+00	2.243435e+00	4.682031e+03	5.109077e+10	1.371799e+01	-1.385137e+08	5.000000e+03	1
9.095477e-01	1.273739e+00	2.271927e+00	4.649978e+03	4.824224e+10	1.374084e+01	-1.378903e+08	5.000000e+03	1
9.145729e-01	1.280776e+00	2.300580e+00	4.617497e+03	4.541401e+10	1.376287e+01	-1.372659e+08	5.000000e+03	1
9.195980e-01	1.287813e+00	2.329319e+00	4.584753e+03	4.259813e+10	1.378442e+01	-1.366406e+08	5.000000e+03	1
9.246231e-01	1.294850e+00	2.358172e+00	4.551663e+03	3.979852e+10	1.380532e+01	-1.360145e+08	5.000000e+03	1
9.296482e-01	1.301888e+00	2.387137e+00	4.518181e+03	3.701704e+10	1.382552e+01	-1.353875e+08	5.000000e+03	1
9.346734e-01	1.308925e+00	2.416175e+00	4.484443e+03	3.424737e+10	1.384525e+01	-1.347596e+08	5.000000e+03	1
9.396985e-01	1.315962e+00	2.445342e+00	4.450167e+03	3.150214e+10	1.386404e+01	-1.341310e+08	5.000000e+03	1
9.447236e-01	1.322999e+00	2.474546e+00	4.415740e+03	2.876381e+10	1.388256e+01	-1.335016e+08	5.000000e+03	1
9.497487e-01	1.330037e+00	2.503890e+00	4.380607e+03	2.605674e+10	1.389987e+01	-1.328714e+08	5.000000e+03	1
9.547739e-01	1.337074e+00	2.533257e+00	4.345338e+03	2.335557e+10	1.391696e+01	-1.322406e+08	5.000000e+03	1
9.597990e-01	1.344111e+00	2.562734e+00	4.309375e+03	2.068427e+10	1.393291e+01	-1.316091e+08	5.000000e+03	1
9.648241e-01	1.351148e+00	2.592243e+00	4.273151e+03	1.802382e+10	1.394844e+01	-1.309769e+08	5.000000e+03	1
9.698492e-01	1.358186e+00	2.621825e+00	4.236326e+03	1.538836e+10	1.396302e+01	-1.303441e+08	5.000000e+03	1
9.748744e-01	1.365223e+00	2.651446e+00	4.199051e+03	1.277079e+10	1.397693e+01	-1.297108e+08	5.000000e+03	1
9.798995e-01	1.372260e+00	2.681108e+00	4.161285e+03	1.017283e+10	1.399009e+01	-1.290769e+08	5.000000e+03	1
9.849246e-01	1.379297e+00	2.710807e+00	4.122844e+03	7.600446e+09	1.400229e+01	-1.284425e+08	5.000000e+03	1
9.899497e-01	1.386334e+00	2.740524e+00	4.084043e+03	5.041744e+09	1.401398e+01	-1.278076e+08	5.000000e+03	1
9.949749e-01	1.393372e+00	2.770260e+00	4.042329e+03	2.517260e+09	1.402437e+01	-1.271723e+08	5.000000e+03	1
1.000000e+00	1.400409e+00	2.800000e+00	4.000000e+03	0.000000e+00	1.403448e+01	-1.265366e+08	3.000000e+02	1
