#t		Qconv[W]	Ri[Rp]		R*[Rp]		Qc[W]		Qm[W]		Qr[W]		Tcmb[K]		Tl[K]		Tup[K]		RiFlag		Bs[T]
0.000000e+00	1.660620e+13	0.000000e+00	3.567839e-01	3.806577e+14	4.896932e+15	5.778577e+14	1.141311e+04	6.682567e+03	2.569054e+03	0	1.072120e-03
1.000000e+07	1.598446e+13	0.000000e+00	3.567839e-01	3.688296e+14	4.564337e+15	5.746560e+14	1.135844e+04	6.602352e+03	2.538216e+03	0	1.058570e-03
2.000000e+07	1.539240e+13	0.000000e+00	3.567839e-01	3.575602e+14	4.271265e+15	5.714782e+14	1.130544e+04	6.528464e+03	2.509810e+03	0	1.045335e-03
3.000000e+07	1.482913e+13	0.000000e+00	3.567839e-01	3.468322e+14	4.011449e+15	5.683241e+14	1.125405e+04	6.460144e+03	2.483545e+03	0	1.032425e-03
4.000000e+07	1.429344e+13	0.000000e+00	3.567839e-01	3.366233e+14	3.779832e+15	5.651936e+14	1.120418e+04	6.396752e+03	2.459175e+03	0	1.019841e-03
5.000000e+07	1.378404e+13	0.000000e+00	3.567839e-01	3.269087e+14	3.572296e+15	5.620864e+14	1.115577e+04	6.337744e+03	2.436490e+03	0	1.007579e-03
6.000000e+07	1.329953e+13	0.000000e+00	3.567839e-01	3.176626e+14	3.385461e+15	5.590024e+14	1.110874e+04	6.282656e+03	2.415311e+03	0	9.956320e-04
7.000000e+07	1.283853e+13	0.000000e+00	3.567839e-01	3.088589e+14	3.216528e+15	5.559414e+14	1.106303e+04	6.231087e+03	2.395486e+03	0	9.839928e-04
8.000000e+07	1.239970e+13	0.000000e+00	3.567839e-01	3.004723e+14	3.063167e+15	5.529031e+14	1.101857e+04	6.182692e+03	2.376881e+03	0	9.726513e-04
9.000000e+07	1.198172e+13	0.000000e+00	3.567839e-01	2.924782e+14	2.923419e+15	5.498874e+14	1.097531e+04	6.137171e+03	2.359381e+03	0	9.615971e-04
1.000000e+08	1.158335e+13	0.000000e+00	3.567839e-01	2.848535e+14	2.795631e+15	5.468941e+14	1.093319e+04	6.094260e+03	2.342884e+03	0	9.508197e-04
1.100000e+08	1.120341e+13	0.000000e+00	3.567839e-01	2.775758e+14	2.678399e+15	5.439231e+14	1.089216e+04	6.053728e+03	2.327302e+03	0	9.403081e-04
1.200000e+08	1.084079e+13	0.000000e+00	3.567839e-01	2.706246e+14	2.570525e+15	5.409740e+14	1.085216e+04	6.015372e+03	2.312556e+03	0	9.300517e-04
1.300000e+08	1.049445e+13	0.000000e+00	3.567839e-01	2.639802e+14	2.470977e+15	5.380468e+14	1.081316e+04	5.979011e+03	2.298578e+03	0	9.200400e-04
1.400000e+08	1.016342e+13	0.000000e+00	3.567839e-01	2.576246e+14	2.378867e+15	5.351412e+14	1.077511e+04	5.944484e+03	2.285304e+03	0	9.102628e-04
1.500000e+08	9.846797e+12	0.000000e+00	3.567839e-01	2.515405e+14	2.293425e+15	5.322572e+14	1.073797e+04	5.911648e+03	2.272681e+03	0	9.007103e-04
1.600000e+08	9.543726e+12	0.000000e+00	3.567839e-01	2.457123e+14	2.213981e+15	5.293944e+14	1.070170e+04	5.880375e+03	2.260658e+03	0	8.913729e-04
1.700000e+08	9.253421e+12	0.000000e+00	3.567839e-01	2.401250e+14	2.139946e+15	5.265527e+14	1.066626e+04	5.850549e+03	2.249192e+03	0	8.822417e-04
1.800000e+08	8.975148e+12	0.000000e+00	3.567839e-01	2.347650e+14	2.070809e+15	5.237320e+14	1.063163e+04	5.822066e+03	2.238242e+03	0	8.733078e-04
1.900000e+08	8.708222e+12	0.000000e+00	3.567839e-01	2.296193e+14	2.006114e+15	5.209321e+14	1.059776e+04	5.794832e+03	2.227772e+03	0	8.645630e-04
2.000000e+08	8.452007e+12	0.000000e+00	3.567839e-01	2.246761e+14	1.945463e+15	5.181528e+14	1.056463e+04	5.768762e+03	2.217749e+03	0	8.559993e-04
2.100000e+08	8.205907e+12	0.000000e+00	3.567839e-01	2.199241e+14	1.888499e+15	5.153939e+14	1.053220e+04	5.743778e+03	2.208144e+03	0	8.476092e-04
2.200000e+08	7.969371e+12	0.000000e+00	3.567839e-01	2.153530e+14	1.834907e+15	5.126553e+14	1.050046e+04	5.719810e+03	2.198930e+03	0	8.393855e-04
2.300000e+08	7.741881e+12	0.000000e+00	3.567839e-01	2.109531e+14	1.784406e+15	5.099368e+14	1.046937e+04	5.696794e+03	2.190082e+03	0	8.313214e-04
2.400000e+08	7.522955e+12	0.000000e+00	3.567839e-01	2.067154e+14	1.736743e+15	5.072382e+14	1.043891e+04	5.674669e+03	2.181576e+03	0	8.234103e-04
2.500000e+08	7.312144e+12	0.000000e+00	3.567839e-01	2.026313e+14	1.691692e+15	5.045593e+14	1.040906e+04	5.653384e+03	2.173393e+03	0	8.156460e-04
2.600000e+08	7.109028e+12	0.000000e+00	3.567839e-01	1.986930e+14	1.649050e+15	5.019001e+14	1.037980e+04	5.632886e+03	2.165513e+03	0	8.080226e-04
2.700000e+08	6.913212e+12	0.000000e+00	3.567839e-01	1.948931e+14	1.608634e+15	4.992603e+14	1.035110e+04	5.613132e+03	2.157919e+03	0	8.005346e-04
2.800000e+08	6.724330e+12	0.000000e+00	3.567839e-01	1.912247e+14	1.570278e+15	4.966398e+14	1.032295e+04	5.594078e+03	2.150594e+03	0	7.931764e-04
2.900000e+08	6.542036e+12	0.000000e+00	3.567839e-01	1.876813e+14	1.533832e+15	4.940385e+14	1.029532e+04	5.575686e+03	2.143523e+03	0	7.859431e-04
3.000000e+08	6.366008e+12	0.000000e+00	3.567839e-01	1.842568e+14	1.499160e+15	4.914561e+14	1.026821e+04	5.557920e+03	2.136693e+03	0	7.788297e-04
3.100000e+08	6.195943e+12	0.000000e+00	3.567839e-01	1.809456e+14	1.466139e+15	4.888925e+14	1.024158e+04	5.540745e+03	2.130090e+03	0	7.718317e-04
3.200000e+08	6.031556e+12	0.000000e+00	3.567839e-01	1.777422e+14	1.434654e+15	4.863475e+14	1.021543e+04	5.524132e+03	2.123703e+03	0	7.649445e-04
3.300000e+08	5.872580e+12	0.000000e+00	3.567839e-01	1.746416e+14	1.404604e+15	4.838211e+14	1.018974e+04	5.508050e+03	2.117521e+03	0	7.581639e-04
3.400000e+08	5.718764e+12	0.000000e+00	3.567839e-01	1.716392e+14	1.375893e+15	4.813130e+14	1.016450e+04	5.492474e+03	2.111533e+03	0	7.514860e-04
3.500000e+08	5.569872e+12	0.000000e+00	3.567839e-01	1.687304e+14	1.348437e+15	4.788231e+14	1.013969e+04	5.477378e+03	2.105729e+03	0	7.449067e-04
3.600000e+08	5.425681e+12	0.000000e+00	3.567839e-01	1.659111e+14	1.322154e+15	4.763512e+14	1.011529e+04	5.462738e+03	2.100101e+03	0	7.384224e-04
3.700000e+08	5.285982e+12	0.000000e+00	3.567839e-01	1.631773e+14	1.296973e+15	4.738973e+14	1.009130e+04	5.448533e+03	2.094640e+03	0	7.320297e-04
3.800000e+08	5.150576e+12	0.000000e+00	3.567839e-01	1.605253e+14	1.272827e+15	4.714611e+14	1.006771e+04	5.434742e+03	2.089338e+03	0	7.257249e-04
3.900000e+08	5.019277e+12	0.000000e+00	3.567839e-01	1.579515e+14	1.249652e+15	4.690425e+14	1.004449e+04	5.421347e+03	2.084189e+03	0	7.195050e-04
4.000000e+08	4.891909e+12	0.000000e+00	3.567839e-01	1.554527e+14	1.227394e+15	4.666414e+14	1.002165e+04	5.408328e+03	2.079184e+03	0	7.133668e-04
4.100000e+08	4.768305e+12	0.000000e+00	3.567839e-01	1.530257e+14	1.205997e+15	4.642576e+14	9.999164e+03	5.395669e+03	2.074317e+03	0	7.073073e-04
4.200000e+08	4.648308e+12	0.000000e+00	3.567839e-01	1.506675e+14	1.185414e+15	4.618910e+14	9.977029e+03	5.383354e+03	2.069583e+03	0	7.013236e-04
4.300000e+08	4.531769e+12	0.000000e+00	3.567839e-01	1.483754e+14	1.165600e+15	4.595414e+14	9.955233e+03	5.371368e+03	2.064975e+03	0	6.954129e-04
4.400000e+08	4.418546e+12	0.000000e+00	3.567839e-01	1.461465e+14	1.146511e+15	4.572088e+14	9.933767e+03	5.359697e+03	2.060488e+03	0	6.895725e-04
4.500000e+08	4.308507e+12	0.000000e+00	3.567839e-01	1.439785e+14	1.128109e+15	4.548929e+14	9.912622e+03	5.348328e+03	2.056117e+03	0	6.837999e-04
4.600000e+08	4.201524e+12	0.000000e+00	3.567839e-01	1.418689e+14	1.110357e+15	4.525936e+14	9.891789e+03	5.337248e+03	2.051858e+03	0	6.780927e-04
4.700000e+08	4.097476e+12	0.000000e+00	3.567839e-01	1.398155e+14	1.093222e+15	4.503108e+14	9.871259e+03	5.326445e+03	2.047705e+03	0	6.724484e-04
4.800000e+08	3.996250e+12	0.000000e+00	3.567839e-01	1.378161e+14	1.076671e+15	4.480444e+14	9.851026e+03	5.315908e+03	2.043654e+03	0	6.668647e-04
4.900000e+08	3.897738e+12	0.000000e+00	3.567839e-01	1.358686e+14	1.060675e+15	4.457942e+14	9.831080e+03	5.305627e+03	2.039701e+03	0	6.613393e-04
5.000000e+08	3.801836e+12	0.000000e+00	3.567839e-01	1.339710e+14	1.045207e+15	4.435601e+14	9.811415e+03	5.295591e+03	2.035843e+03	0	6.558702e-04
5.100000e+08	3.708445e+12	0.000000e+00	3.567839e-01	1.321216e+14	1.030240e+15	4.413419e+14	9.792023e+03	5.285790e+03	2.032075e+03	0	6.504552e-04
5.200000e+08	3.617473e+12	0.000000e+00	3.567839e-01	1.303186e+14	1.015750e+15	4.391396e+14	9.772898e+03	5.276217e+03	2.028395e+03	0	6.450924e-04
5.300000e+08	3.528832e+12	0.000000e+00	3.567839e-01	1.285603e+14	1.001714e+15	4.369530e+14	9.754032e+03	5.266861e+03	2.024798e+03	0	6.397797e-04
5.400000e+08	3.442435e+12	0.000000e+00	3.567839e-01	1.268450e+14	9.881116e+14	4.347819e+14	9.735420e+03	5.257716e+03	2.021282e+03	0	6.345152e-04
5.500000e+08	3.358203e+12	0.000000e+00	3.567839e-01	1.251713e+14	9.749220e+14	4.326263e+14	9.717055e+03	5.248773e+03	2.017844e+03	0	6.292972e-04
5.600000e+08	3.276059e+12	0.000000e+00	3.567839e-01	1.235377e+14	9.621266e+14	4.304861e+14	9.698932e+03	5.240025e+03	2.014481e+03	0	6.241238e-04
5.700000e+08	3.195930e+12	0.000000e+00	3.567839e-01	1.219427e+14	9.497076e+14	4.283610e+14	9.681043e+03	5.231464e+03	2.011190e+03	0	6.189932e-04
5.800000e+08	3.117744e+12	0.000000e+00	3.567839e-01	1.203852e+14	9.376482e+14	4.262510e+14	9.663385e+03	5.223085e+03	2.007969e+03	0	6.139038e-04
5.900000e+08	3.041436e+12	0.000000e+00	3.567839e-01	1.188637e+14	9.259328e+14	4.241560e+14	9.645952e+03	5.214881e+03	2.004815e+03	0	6.088538e-04
6.000000e+08	2.966941e+12	0.000000e+00	3.567839e-01	1.173772e+14	9.145464e+14	4.220758e+14	9.628737e+03	5.206845e+03	2.001725e+03	0	6.038417e-04
6.100000e+08	2.894199e+12	0.000000e+00	3.567839e-01	1.159244e+14	9.034750e+14	4.200103e+14	9.611738e+03	5.198972e+03	1.998699e+03	0	5.988659e-04
6.200000e+08	2.823151e+12	0.000000e+00	3.567839e-01	1.145041e+14	8.927054e+14	4.179594e+14	9.594947e+03	5.191257e+03	1.995733e+03	0	5.939248e-04
6.300000e+08	2.753740e+12	0.000000e+00	3.567839e-01	1.131155e+14	8.822250e+14	4.159230e+14	9.578362e+03	5.183694e+03	1.992825e+03	0	5.890169e-04
6.400000e+08	2.685914e+12	0.000000e+00	3.567839e-01	1.117574e+14	8.720220e+14	4.139009e+14	9.561977e+03	5.176279e+03	1.989974e+03	0	5.841408e-04
6.500000e+08	2.619621e+12	0.000000e+00	3.567839e-01	1.104288e+14	8.620851e+14	4.118931e+14	9.545788e+03	5.169005e+03	1.987178e+03	0	5.792948e-04
6.600000e+08	2.554813e+12	0.000000e+00	3.567839e-01	1.091289e+14	8.524038e+14	4.098994e+14	9.529790e+03	5.161869e+03	1.984435e+03	0	5.744777e-04
6.700000e+08	2.491441e+12	0.000000e+00	3.567839e-01	1.078567e+14	8.429679e+14	4.079197e+14	9.513980e+03	5.154867e+03	1.981743e+03	0	5.696879e-04
6.800000e+08	2.429461e+12	0.000000e+00	3.567839e-01	1.066114e+14	8.337679e+14	4.059540e+14	9.498354e+03	5.147993e+03	1.979100e+03	0	5.649241e-04
6.900000e+08	2.368829e+12	0.000000e+00	3.567839e-01	1.053922e+14	8.247947e+14	4.040020e+14	9.482907e+03	5.141245e+03	1.976506e+03	0	5.601849e-04
7.000000e+08	2.309504e+12	0.000000e+00	3.567839e-01	1.041982e+14	8.160397e+14	4.020637e+14	9.467637e+03	5.134618e+03	1.973958e+03	0	5.554689e-04
7.100000e+08	2.251447e+12	0.000000e+00	3.567839e-01	1.030287e+14	8.074947e+14	4.001390e+14	9.452538e+03	5.128108e+03	1.971455e+03	0	5.507747e-04
7.200000e+08	2.194618e+12	0.000000e+00	3.567839e-01	1.018829e+14	7.991518e+14	3.982277e+14	9.437609e+03	5.121711e+03	1.968996e+03	0	5.461011e-04
7.300000e+08	2.138980e+12	0.000000e+00	3.567839e-01	1.007603e+14	7.910038e+14	3.963298e+14	9.422845e+03	5.115426e+03	1.966580e+03	0	5.414467e-04
7.400000e+08	2.084500e+12	0.000000e+00	3.567839e-01	9.966000e+13	7.830434e+14	3.944452e+14	9.408243e+03	5.109247e+03	1.964205e+03	0	5.368102e-04
7.500000e+08	2.031141e+12	0.000000e+00	3.567839e-01	9.858148e+13	7.752640e+14	3.925737e+14	9.393799e+03	5.103172e+03	1.961869e+03	0	5.321902e-04
7.600000e+08	1.978873e+12	0.000000e+00	3.567839e-01	9.752407e+13	7.676593e+14	3.907152e+14	9.379512e+03	5.097199e+03	1.959573e+03	0	5.275854e-04
7.700000e+08	1.927662e+12	0.000000e+00	3.567839e-01	9.648719e+13	7.602230e+14	3.888696e+14	9.365377e+03	5.091323e+03	1.957314e+03	0	5.229945e-04
7.800000e+08	1.877480e+12	0.000000e+00	3.567839e-01	9.547024e+13	7.529493e+14	3.870369e+14	9.351392e+03	5.085542e+03	1.955092e+03	0	5.184162e-04
7.900000e+08	1.828296e+12	0.000000e+00	3.567839e-01	9.447268e+13	7.458327e+14	3.852169e+14	9.337554e+03	5.079854e+03	1.952905e+03	0	5.138491e-04
8.000000e+08	1.780082e+12	0.000000e+00	3.567839e-01	9.349397e+13	7.388679e+14	3.834096e+14	9.323860e+03	5.074256e+03	1.950753e+03	0	5.092920e-04
8.100000e+08	1.732812e+12	0.000000e+00	3.567839e-01	9.253358e+13	7.320497e+14	3.816147e+14	9.310307e+03	5.068745e+03	1.948634e+03	0	5.047434e-04
8.200000e+08	1.686460e+12	0.000000e+00	3.567839e-01	9.159102e+13	7.253734e+14	3.798323e+14	9.296893e+03	5.063319e+03	1.946548e+03	0	5.002020e-04
8.300000e+08	1.640999e+12	0.000000e+00	3.567839e-01	9.066582e+13	7.188343e+14	3.780622e+14	9.283615e+03	5.057975e+03	1.944494e+03	0	4.956665e-04
8.400000e+08	1.596407e+12	0.000000e+00	3.567839e-01	8.975749e+13	7.124279e+14	3.763043e+14	9.270471e+03	5.052712e+03	1.942470e+03	0	4.911355e-04
8.500000e+08	1.552659e+12	0.000000e+00	3.567839e-01	8.886560e+13	7.061500e+14	3.745586e+14	9.257458e+03	5.047528e+03	1.940477e+03	0	4.866075e-04
8.600000e+08	1.509733e+12	0.000000e+00	3.567839e-01	8.798972e+13	6.999964e+14	3.728248e+14	9.244574e+03	5.042419e+03	1.938513e+03	0	4.820812e-04
8.700000e+08	1.467607e+12	0.000000e+00	3.567839e-01	8.712942e+13	6.939634e+14	3.711031e+14	9.231817e+03	5.037385e+03	1.936578e+03	0	4.775550e-04
8.800000e+08	1.426260e+12	0.000000e+00	3.567839e-01	8.628431e+13	6.880472e+14	3.693931e+14	9.219184e+03	5.032422e+03	1.934670e+03	0	4.730275e-04
8.900000e+08	1.385672e+12	0.000000e+00	3.567839e-01	8.545399e+13	6.822441e+14	3.676949e+14	9.206673e+03	5.027531e+03	1.932789e+03	0	4.684972e-04
9.000000e+08	1.345823e+12	0.000000e+00	3.567839e-01	8.463809e+13	6.765508e+14	3.660084e+14	9.194282e+03	5.022707e+03	1.930935e+03	0	4.639624e-04
9.100000e+08	1.306694e+12	0.000000e+00	3.567839e-01	8.383624e+13	6.709639e+14	3.643334e+14	9.182009e+03	5.017951e+03	1.929107e+03	0	4.594216e-04
9.200000e+08	1.268266e+12	0.000000e+00	3.567839e-01	8.304810e+13	6.654803e+14	3.626699e+14	9.169851e+03	5.013259e+03	1.927303e+03	0	4.548731e-04
9.300000e+08	1.230523e+12	0.000000e+00	3.567839e-01	8.227331e+13	6.600969e+14	3.610178e+14	9.157808e+03	5.008631e+03	1.925524e+03	0	4.503153e-04
9.400000e+08	1.193446e+12	0.000000e+00	3.567839e-01	8.151156e+13	6.548108e+14	3.593770e+14	9.145877e+03	5.004065e+03	1.923768e+03	0	4.457463e-04
9.500000e+08	1.157020e+12	0.000000e+00	3.567839e-01	8.076252e+13	6.496192e+14	3.577474e+14	9.134056e+03	4.999559e+03	1.922036e+03	0	4.411643e-04
9.600000e+08	1.121227e+12	0.000000e+00	3.567839e-01	8.002588e+13	6.445194e+14	3.561288e+14	9.122343e+03	4.995113e+03	1.920327e+03	0	4.365674e-04
9.700000e+08	1.086053e+12	0.000000e+00	3.567839e-01	7.930135e+13	6.395087e+14	3.545214e+14	9.110736e+03	4.990723e+03	1.918639e+03	0	4.319537e-04
9.800000e+08	1.051483e+12	0.000000e+00	3.567839e-01	7.858864e+13	6.345847e+14	3.529248e+14	9.099235e+03	4.986390e+03	1.916973e+03	0	4.273210e-04
9.900000e+08	1.017501e+12	0.000000e+00	3.567839e-01	7.788746e+13	6.297450e+14	3.513391e+14	9.087836e+03	4.982112e+03	1.915329e+03	0	4.226671e-04
1.000000e+09	9.840946e+11	0.000000e+00	3.567839e-01	7.719755e+13	6.249873e+14	3.497642e+14	9.076539e+03	4.977887e+03	1.913704e+03	0	4.179899e-04
1.010000e+09	9.512489e+11	0.000000e+00	3.567839e-01	7.651864e+13	6.203092e+14	3.481999e+14	9.065341e+03	4.973714e+03	1.912100e+03	0	4.132868e-04
1.020000e+09	9.189510e+11	0.000000e+00	3.567839e-01	7.585048e+13	6.157088e+14	3.466462e+14	9.054242e+03	4.969592e+03	1.910516e+03	0	4.085554e-04
1.030000e+09	8.871881e+11	0.000000e+00	3.567839e-01	7.519282e+13	6.111838e+14	3.451031e+14	9.043240e+03	4.965521e+03	1.908950e+03	0	4.037929e-04
1.040000e+09	8.559477e+11	0.000000e+00	3.567839e-01	7.454542e+13	6.067323e+14	3.435704e+14	9.032332e+03	4.961497e+03	1.907404e+03	0	3.989966e-04
1.050000e+09	8.252178e+11	0.000000e+00	3.567839e-01	7.390804e+13	6.023524e+14	3.420480e+14	9.021518e+03	4.957522e+03	1.905875e+03	0	3.941634e-04
1.060000e+09	7.949865e+11	0.000000e+00	3.567839e-01	7.328047e+13	5.980422e+14	3.405359e+14	9.010796e+03	4.953593e+03	1.904365e+03	0	3.892901e-04
1.070000e+09	7.652425e+11	0.000000e+00	3.567839e-01	7.266248e+13	5.937999e+14	3.390340e+14	9.000166e+03	4.949709e+03	1.902872e+03	0	3.843733e-04
1.080000e+09	7.359749e+11	0.000000e+00	3.567839e-01	7.205386e+13	5.896238e+14	3.375422e+14	8.989624e+03	4.945870e+03	1.901396e+03	0	3.794091e-04
1.090000e+09	7.071728e+11	0.000000e+00	3.567839e-01	7.145440e+13	5.855122e+14	3.360604e+14	8.979171e+03	4.942075e+03	1.899937e+03	0	3.743938e-04
1.100000e+09	6.788258e+11	0.000000e+00	3.567839e-01	7.086391e+13	5.814635e+14	3.345886e+14	8.968804e+03	4.938322e+03	1.898494e+03	0	3.693229e-04
1.110000e+09	6.509240e+11	0.000000e+00	3.567839e-01	7.028219e+13	5.774761e+14	3.331266e+14	8.958522e+03	4.934611e+03	1.897067e+03	0	3.641918e-04
1.120000e+09	6.234574e+11	0.000000e+00	3.567839e-01	6.970904e+13	5.735486e+14	3.316744e+14	8.948325e+03	4.930940e+03	1.895656e+03	0	3.589955e-04
1.130000e+09	5.964166e+11	0.000000e+00	3.567839e-01	6.914429e+13	5.696794e+14	3.302320e+14	8.938211e+03	4.927310e+03	1.894260e+03	0	3.537285e-04
1.140000e+09	5.697922e+11	0.000000e+00	3.567839e-01	6.858775e+13	5.658671e+14	3.287992e+14	8.928178e+03	4.923718e+03	1.892880e+03	0	3.483846e-04
1.150000e+09	5.435754e+11	0.000000e+00	3.567839e-01	6.803926e+13	5.621104e+14	3.273760e+14	8.918226e+03	4.920165e+03	1.891514e+03	0	3.429573e-04
1.160000e+09	5.177573e+11	0.000000e+00	3.567839e-01	6.749865e+13	5.584081e+14	3.259622e+14	8.908354e+03	4.916649e+03	1.890162e+03	0	3.374392e-04
1.170000e+09	4.923294e+11	0.000000e+00	3.567839e-01	6.696574e+13	5.547587e+14	3.245579e+14	8.898559e+03	4.913170e+03	1.888825e+03	0	3.318222e-04
1.180000e+09	4.672836e+11	0.000000e+00	3.567839e-01	6.644038e+13	5.511610e+14	3.231629e+14	8.888842e+03	4.909727e+03	1.887501e+03	0	3.260971e-04
1.190000e+09	4.426117e+11	0.000000e+00	3.567839e-01	6.592242e+13	5.476139e+14	3.217772e+14	8.879201e+03	4.906319e+03	1.886191e+03	0	3.202539e-04
1.200000e+09	4.183060e+11	0.000000e+00	3.567839e-01	6.541170e+13	5.441163e+14	3.204007e+14	8.869634e+03	4.902945e+03	1.884894e+03	0	3.142810e-04
1.210000e+09	3.943588e+11	0.000000e+00	3.567839e-01	6.490808e+13	5.406669e+14	3.190333e+14	8.860142e+03	4.899605e+03	1.883610e+03	0	3.081655e-04
1.220000e+09	3.707627e+11	0.000000e+00	3.567839e-01	6.441141e+13	5.372647e+14	3.176750e+14	8.850722e+03	4.896299e+03	1.882339e+03	0	3.018924e-04
1.230000e+09	3.475106e+11	0.000000e+00	3.567839e-01	6.392156e+13	5.339086e+14	3.163256e+14	8.841375e+03	4.893024e+03	1.881080e+03	0	2.954447e-04
1.240000e+09	3.245954e+11	0.000000e+00	3.567839e-01	6.343838e+13	5.305976e+14	3.149852e+14	8.832098e+03	4.889782e+03	1.879833e+03	0	2.888025e-04
1.250000e+09	3.020103e+11	0.000000e+00	3.567839e-01	6.296175e+13	5.273308e+14	3.136537e+14	8.822891e+03	4.886571e+03	1.878599e+03	0	2.819426e-04
1.260000e+09	2.797487e+11	0.000000e+00	3.567839e-01	6.249154e+13	5.241071e+14	3.123309e+14	8.813754e+03	4.883391e+03	1.877376e+03	0	2.748376e-04
1.270000e+09	2.578040e+11	0.000000e+00	3.567839e-01	6.202762e+13	5.209257e+14	3.110168e+14	8.804684e+03	4.880240e+03	1.876165e+03	0	2.674546e-04
1.280000e+09	2.361701e+11	0.000000e+00	3.567839e-01	6.156987e+13	5.177856e+14	3.097114e+14	8.795681e+03	4.877119e+03	1.874965e+03	0	2.597537e-04
1.290000e+09	2.148407e+11	0.000000e+00	3.567839e-01	6.111817e+13	5.146859e+14	3.084145e+14	8.786745e+03	4.874027e+03	1.873776e+03	0	2.516859e-04
1.300000e+09	1.938099e+11	0.000000e+00	3.567839e-01	6.067240e+13	5.116258e+14	3.071262e+14	8.777874e+03	4.870963e+03	1.872599e+03	0	2.431898e-04
1.310000e+09	1.730718e+11	0.000000e+00	3.567839e-01	6.023246e+13	5.086045e+14	3.058463e+14	8.769068e+03	4.867928e+03	1.871432e+03	0	2.341867e-04
1.320000e+09	1.526207e+11	0.000000e+00	3.567839e-01	5.979822e+13	5.056212e+14	3.045748e+14	8.760325e+03	4.864919e+03	1.870275e+03	0	2.245732e-04
1.330000e+09	1.324512e+11	0.000000e+00	3.567839e-01	5.936959e+13	5.026750e+14	3.033116e+14	8.751645e+03	4.861937e+03	1.869129e+03	0	2.142095e-04
1.340000e+09	1.125579e+11	0.000000e+00	3.567839e-01	5.894646e+13	4.997653e+14	3.020566e+14	8.743027e+03	4.858982e+03	1.867993e+03	0	2.028985e-04
1.350000e+09	9.293533e+10	0.000000e+00	3.567839e-01	5.852873e+13	4.968912e+14	3.008099e+14	8.734471e+03	4.856053e+03	1.866866e+03	0	1.903475e-04
1.360000e+09	7.357851e+10	0.000000e+00	3.567839e-01	5.811629e+13	4.940522e+14	2.995713e+14	8.725975e+03	4.853149e+03	1.865750e+03	0	1.760910e-04
1.370000e+09	5.448241e+10	0.000000e+00	3.567839e-01	5.770905e+13	4.912474e+14	2.983407e+14	8.717539e+03	4.850270e+03	1.864643e+03	0	1.593085e-04
1.380000e+09	3.564213e+10	0.000000e+00	3.567839e-01	5.730692e+13	4.884762e+14	2.971181e+14	8.709161e+03	4.847415e+03	1.863546e+03	0	1.382955e-04
1.390000e+09	1.705292e+10	0.000000e+00	3.567839e-01	5.690979e+13	4.857379e+14	2.959035e+14	8.700842e+03	4.844585e+03	1.862458e+03	0	1.081649e-04
1.400000e+09	-1.289899e+09	0.000000e+00	3.567839e-01	5.651759e+13	4.830320e+14	2.946968e+14	8.692581e+03	4.841778e+03	1.861378e+03	0	nan
