#t		Qconv[W]	Ri[Rp]		R*[Rp]		Qc[W]		Qm[W]		Qr[W]		Tcmb[K]		Tl[K]		Tup[K]		RiFlag		Bs[T]
0.000000e+00	4.103849e+13	0.000000e+00	4.773871e-01	5.443058e+14	4.252676e+15	6.902273e+14	1.495839e+04	8.256948e+03	2.730065e+03	0	1.213669e-03
1.000000e+07	4.040524e+13	0.000000e+00	4.773871e-01	5.378782e+14	4.083110e+15	6.864029e+14	1.493943e+04	8.202224e+03	2.711972e+03	0	1.207394e-03
2.000000e+07	3.978775e+13	0.000000e+00	4.773871e-01	5.316081e+14	3.926472e+15	6.826071e+14	1.492070e+04	8.150350e+03	2.694820e+03	0	1.201212e-03
3.000000e+07	3.918577e+13	0.000000e+00	4.773871e-01	5.254932e+14	3.781413e+15	6.788398e+14	1.490219e+04	8.101099e+03	2.678536e+03	0	1.195123e-03
4.000000e+07	3.859900e+13	0.000000e+00	4.773871e-01	5.195305e+14	3.646754e+15	6.751005e+14	1.488389e+04	8.054271e+03	2.663053e+03	0	1.189128e-03
5.000000e+07	3.802710e+13	0.000000e+00	4.773871e-01	5.137164e+14	3.521470e+15	6.713891e+14	1.486580e+04	8.009686e+03	2.648311e+03	0	1.183226e-03
6.000000e+07	3.746965e+13	0.000000e+00	4.773871e-01	5.080469e+14	3.404658e+15	6.677054e+14	1.484791e+04	7.967179e+03	2.634257e+03	0	1.177416e-03
7.000000e+07	3.692625e+13	0.000000e+00	4.773871e-01	5.025180e+14	3.295526e+15	6.640491e+14	1.483021e+04	7.926604e+03	2.620841e+03	0	1.171696e-03
8.000000e+07	3.639647e+13	0.000000e+00	4.773871e-01	4.971252e+14	3.193373e+15	6.604200e+14	1.481271e+04	7.887828e+03	2.608020e+03	0	1.166066e-03
9.000000e+07	3.587988e+13	0.000000e+00	4.773871e-01	4.918644e+14	3.097578e+15	6.568179e+14	1.479539e+04	7.850728e+03	2.595754e+03	0	1.160522e-03
1.000000e+08	3.537603e+13	0.000000e+00	4.773871e-01	4.867311e+14	3.007590e+15	6.532425e+14	1.477826e+04	7.815196e+03	2.584005e+03	0	1.155064e-03
1.100000e+08	3.488450e+13	0.000000e+00	4.773871e-01	4.817211e+14	2.922917e+15	6.496937e+14	1.476131e+04	7.781129e+03	2.572741e+03	0	1.149690e-03
1.200000e+08	3.440487e+13	0.000000e+00	4.773871e-01	4.768302e+14	2.843120e+15	6.461712e+14	1.474453e+04	7.748436e+03	2.561932e+03	0	1.144397e-03
1.300000e+08	3.393673e+13	0.000000e+00	4.773871e-01	4.720542e+14	2.767805e+15	6.426747e+14	1.472792e+04	7.717033e+03	2.551549e+03	0	1.139182e-03
1.400000e+08	3.347967e+13	0.000000e+00	4.773871e-01	4.673892e+14	2.696617e+15	6.392042e+14	1.471147e+04	7.686841e+03	2.541566e+03	0	1.134045e-03
1.500000e+08	3.303331e+13	0.000000e+00	4.773871e-01	4.628313e+14	2.629239e+15	6.357593e+14	1.469519e+04	7.657790e+03	2.531961e+03	0	1.128983e-03
1.600000e+08	3.259727e+13	0.000000e+00	4.773871e-01	4.583767e+14	2.565382e+15	6.323398e+14	1.467907e+04	7.629813e+03	2.522710e+03	0	1.123993e-03
1.700000e+08	3.217118e+13	0.000000e+00	4.773871e-01	4.540219e+14	2.504787e+15	6.289456e+14	1.466310e+04	7.602849e+03	2.513795e+03	0	1.119074e-03
1.800000e+08	3.175471e+13	0.000000e+00	4.773871e-01	4.497633e+14	2.447216e+15	6.255763e+14	1.464728e+04	7.576843e+03	2.505196e+03	0	1.114224e-03
1.900000e+08	3.134750e+13	0.000000e+00	4.773871e-01	4.455977e+14	2.392456e+15	6.222320e+14	1.463161e+04	7.551742e+03	2.496897e+03	0	1.109441e-03
2.000000e+08	3.094924e+13	0.000000e+00	4.773871e-01	4.415217e+14	2.340311e+15	6.189122e+14	1.461609e+04	7.527497e+03	2.488881e+03	0	1.104723e-03
2.100000e+08	3.055962e+13	0.000000e+00	4.773871e-01	4.375323e+14	2.290603e+15	6.156168e+14	1.460070e+04	7.504065e+03	2.481133e+03	0	1.100067e-03
2.200000e+08	3.017835e+13	0.000000e+00	4.773871e-01	4.336266e+14	2.243169e+15	6.123456e+14	1.458546e+04	7.481403e+03	2.473640e+03	0	1.095473e-03
2.300000e+08	2.980513e+13	0.000000e+00	4.773871e-01	4.298017e+14	2.197860e+15	6.090985e+14	1.457035e+04	7.459471e+03	2.466389e+03	0	1.090938e-03
2.400000e+08	2.943970e+13	0.000000e+00	4.773871e-01	4.260549e+14	2.154540e+15	6.058751e+14	1.455537e+04	7.438234e+03	2.459367e+03	0	1.086461e-03
2.500000e+08	2.908179e+13	0.000000e+00	4.773871e-01	4.223836e+14	2.113082e+15	6.026754e+14	1.454053e+04	7.417658e+03	2.452564e+03	0	1.082041e-03
2.600000e+08	2.873116e+13	0.000000e+00	4.773871e-01	4.187852e+14	2.073373e+15	5.994990e+14	1.452581e+04	7.397711e+03	2.445968e+03	0	1.077674e-03
2.700000e+08	2.838756e+13	0.000000e+00	4.773871e-01	4.152575e+14	2.035304e+15	5.963459e+14	1.451122e+04	7.378363e+03	2.439571e+03	0	1.073361e-03
2.800000e+08	2.805076e+13	0.000000e+00	4.773871e-01	4.117980e+14	1.998778e+15	5.932158e+14	1.449675e+04	7.359585e+03	2.433363e+03	0	1.069099e-03
2.900000e+08	2.772055e+13	0.000000e+00	4.773871e-01	4.084047e+14	1.963704e+15	5.901086e+14	1.448240e+04	7.341353e+03	2.427334e+03	0	1.064888e-03
3.000000e+08	2.739671e+13	0.000000e+00	4.773871e-01	4.050754e+14	1.929998e+15	5.870240e+14	1.446816e+04	7.323640e+03	2.421478e+03	0	1.060725e-03
3.100000e+08	2.707904e+13	0.000000e+00	4.773871e-01	4.018081e+14	1.897583e+15	5.839619e+14	1.445405e+04	7.306425e+03	2.415786e+03	0	1.056609e-03
3.200000e+08	2.676735e+13	0.000000e+00	4.773871e-01	3.986009e+14	1.866386e+15	5.809221e+14	1.444004e+04	7.289685e+03	2.410251e+03	0	1.052539e-03
3.300000e+08	2.646145e+13	0.000000e+00	4.773871e-01	3.954519e+14	1.836340e+15	5.779043e+14	1.442615e+04	7.273400e+03	2.404866e+03	0	1.048514e-03
3.400000e+08	2.616117e+13	0.000000e+00	4.773871e-01	3.923593e+14	1.807384e+15	5.749085e+14	1.441237e+04	7.257550e+03	2.399626e+03	0	1.044533e-03
3.500000e+08	2.586633e+13	0.000000e+00	4.773871e-01	3.893215e+14	1.779459e+15	5.719345e+14	1.439870e+04	7.242117e+03	2.394523e+03	0	1.040594e-03
3.600000e+08	2.557677e+13	0.000000e+00	4.773871e-01	3.863368e+14	1.752510e+15	5.689819e+14	1.438513e+04	7.227084e+03	2.389552e+03	0	1.036697e-03
3.700000e+08	2.529234e+13	0.000000e+00	4.773871e-01	3.834036e+14	1.726489e+15	5.660508e+14	1.437166e+04	7.212434e+03	2.384709e+03	0	1.032840e-03
3.800000e+08	2.501288e+13	0.000000e+00	4.773871e-01	3.805205e+14	1.701346e+15	5.631409e+14	1.435830e+04	7.198151e+03	2.379986e+03	0	1.029021e-03
3.900000e+08	2.473825e+13	0.000000e+00	4.773871e-01	3.776860e+14	1.677039e+15	5.602520e+14	1.434504e+04	7.184222e+03	2.375381e+03	0	1.025242e-03
4.000000e+08	2.446831e+13	0.000000e+00	4.773871e-01	3.748987e+14	1.653527e+15	5.573840e+14	1.433187e+04	7.170633e+03	2.370888e+03	0	1.021499e-03
4.100000e+08	2.420292e+13	0.000000e+00	4.773871e-01	3.721572e+14	1.630770e+15	5.545366e+14	1.431881e+04	7.157369e+03	2.366502e+03	0	1.017792e-03
4.200000e+08	2.394196e+13	0.000000e+00	4.773871e-01	3.694604e+14	1.608732e+15	5.517098e+14	1.430583e+04	7.144419e+03	2.362220e+03	0	1.014121e-03
4.300000e+08	2.368531e+13	0.000000e+00	4.773871e-01	3.668070e+14	1.587380e+15	5.489033e+14	1.429296e+04	7.131771e+03	2.358038e+03	0	1.010484e-03
4.400000e+08	2.343284e+13	0.000000e+00	4.773871e-01	3.641957e+14	1.566681e+15	5.461171e+14	1.428017e+04	7.119413e+03	2.353952e+03	0	1.006881e-03
4.500000e+08	2.318445e+13	0.000000e+00	4.773871e-01	3.616255e+14	1.546605e+15	5.433508e+14	1.426748e+04	7.107335e+03	2.349959e+03	0	1.003311e-03
4.600000e+08	2.294002e+13	0.000000e+00	4.773871e-01	3.590952e+14	1.527125e+15	5.406044e+14	1.425487e+04	7.095526e+03	2.346055e+03	0	9.997723e-04
4.700000e+08	2.269944e+13	0.000000e+00	4.773871e-01	3.566038e+14	1.508213e+15	5.378777e+14	1.424235e+04	7.083977e+03	2.342236e+03	0	9.962651e-04
4.800000e+08	2.246262e+13	0.000000e+00	4.773871e-01	3.541504e+14	1.489845e+15	5.351706e+14	1.422992e+04	7.072679e+03	2.338500e+03	0	9.927884e-04
4.900000e+08	2.222946e+13	0.000000e+00	4.773871e-01	3.517338e+14	1.471997e+15	5.324828e+14	1.421758e+04	7.061622e+03	2.334844e+03	0	9.893414e-04
5.000000e+08	2.199986e+13	0.000000e+00	4.773871e-01	3.493531e+14	1.454646e+15	5.298142e+14	1.420532e+04	7.050798e+03	2.331266e+03	0	9.859235e-04
5.100000e+08	2.177374e+13	0.000000e+00	4.773871e-01	3.470075e+14	1.437771e+15	5.271647e+14	1.419314e+04	7.040199e+03	2.327761e+03	0	9.825339e-04
5.200000e+08	2.155099e+13	0.000000e+00	4.773871e-01	3.446961e+14	1.421354e+15	5.245342e+14	1.418104e+04	7.029818e+03	2.324329e+03	0	9.791720e-04
5.300000e+08	2.133155e+13	0.000000e+00	4.773871e-01	3.424180e+14	1.405373e+15	5.219223e+14	1.416902e+04	7.019647e+03	2.320966e+03	0	9.758372e-04
5.400000e+08	2.111533e+13	0.000000e+00	4.773871e-01	3.401724e+14	1.389813e+15	5.193291e+14	1.415709e+04	7.009679e+03	2.317670e+03	0	9.725288e-04
5.500000e+08	2.090224e+13	0.000000e+00	4.773871e-01	3.379585e+14	1.374655e+15	5.167544e+14	1.414523e+04	6.999907e+03	2.314439e+03	0	9.692463e-04
5.600000e+08	2.069222e+13	0.000000e+00	4.773871e-01	3.357756e+14	1.359885e+15	5.141979e+14	1.413345e+04	6.990325e+03	2.311271e+03	0	9.659891e-04
5.700000e+08	2.048518e+13	0.000000e+00	4.773871e-01	3.336228e+14	1.345485e+15	5.116596e+14	1.412174e+04	6.980927e+03	2.308164e+03	0	9.627566e-04
5.800000e+08	2.028107e+13	0.000000e+00	4.773871e-01	3.314996e+14	1.331444e+15	5.091393e+14	1.411011e+04	6.971707e+03	2.305115e+03	0	9.595482e-04
5.900000e+08	2.007980e+13	0.000000e+00	4.773871e-01	3.294052e+14	1.317745e+15	5.066368e+14	1.409855e+04	6.962659e+03	2.302123e+03	0	9.563636e-04
6.000000e+08	1.988132e+13	0.000000e+00	4.773871e-01	3.273390e+14	1.304377e+15	5.041521e+14	1.408707e+04	6.953777e+03	2.299187e+03	0	9.532020e-04
6.100000e+08	1.968556e+13	0.000000e+00	4.773871e-01	3.253003e+14	1.291327e+15	5.016850e+14	1.407565e+04	6.945058e+03	2.296304e+03	0	9.500631e-04
6.200000e+08	1.949245e+13	0.000000e+00	4.773871e-01	3.232885e+14	1.278584e+15	4.992353e+14	1.406431e+04	6.936495e+03	2.293473e+03	0	9.469463e-04
6.300000e+08	1.930195e+13	0.000000e+00	4.773871e-01	3.213029e+14	1.266136e+15	4.968029e+14	1.405304e+04	6.928083e+03	2.290692e+03	0	9.438513e-04
6.400000e+08	1.911398e+13	0.000000e+00	4.773871e-01	3.193431e+14	1.253972e+15	4.943876e+14	1.404184e+04	6.919820e+03	2.287959e+03	0	9.407774e-04
6.500000e+08	1.892849e+13	0.000000e+00	4.773871e-01	3.174084e+14	1.242082e+15	4.919893e+14	1.403070e+04	6.911698e+03	2.285274e+03	0	9.377244e-04
6.600000e+08	1.874543e+13	0.000000e+00	4.773871e-01	3.154984e+14	1.230457e+15	4.896080e+14	1.401964e+04	6.903716e+03	2.282635e+03	0	9.346917e-04
6.700000e+08	1.856475e+13	0.000000e+00	4.773871e-01	3.136123e+14	1.219087e+15	4.872433e+14	1.400864e+04	6.895868e+03	2.280040e+03	0	9.316789e-04
6.800000e+08	1.838639e+13	0.000000e+00	4.773871e-01	3.117499e+14	1.207964e+15	4.848953e+14	1.399770e+04	6.888151e+03	2.277488e+03	0	9.286856e-04
6.900000e+08	1.821031e+13	0.000000e+00	4.773871e-01	3.099105e+14	1.197078e+15	4.825638e+14	1.398683e+04	6.880560e+03	2.274978e+03	0	9.257115e-04
7.000000e+08	1.803646e+13	0.000000e+00	4.773871e-01	3.080937e+14	1.186423e+15	4.802486e+14	1.397603e+04	6.873093e+03	2.272509e+03	0	9.227561e-04
7.100000e+08	1.786478e+13	0.000000e+00	4.773871e-01	3.062990e+14	1.175990e+15	4.779496e+14	1.396528e+04	6.865745e+03	2.270080e+03	0	9.198191e-04
7.200000e+08	1.769524e+13	0.000000e+00	4.773871e-01	3.045259e+14	1.165772e+15	4.756666e+14	1.395460e+04	6.858514e+03	2.267689e+03	0	9.169001e-04
7.300000e+08	1.752779e+13	0.000000e+00	4.773871e-01	3.027741e+14	1.155762e+15	4.733997e+14	1.394398e+04	6.851396e+03	2.265336e+03	0	9.139988e-04
7.400000e+08	1.736239e+13	0.000000e+00	4.773871e-01	3.010431e+14	1.145953e+15	4.711485e+14	1.393343e+04	6.844387e+03	2.263018e+03	0	9.111147e-04
7.500000e+08	1.719900e+13	0.000000e+00	4.773871e-01	2.993324e+14	1.136338e+15	4.689131e+14	1.392293e+04	6.837486e+03	2.260737e+03	0	9.082476e-04
7.600000e+08	1.703757e+13	0.000000e+00	4.773871e-01	2.976417e+14	1.126912e+15	4.666932e+14	1.391249e+04	6.830689e+03	2.258489e+03	0	9.053971e-04
7.700000e+08	1.687807e+13	0.000000e+00	4.773871e-01	2.959706e+14	1.117669e+15	4.644888e+14	1.390211e+04	6.823993e+03	2.256275e+03	0	9.025629e-04
7.800000e+08	1.672046e+13	0.000000e+00	4.773871e-01	2.943187e+14	1.108603e+15	4.622997e+14	1.389179e+04	6.817396e+03	2.254094e+03	0	8.997447e-04
7.900000e+08	1.656471e+13	0.000000e+00	4.773871e-01	2.926856e+14	1.099708e+15	4.601258e+14	1.388153e+04	6.810895e+03	2.251944e+03	0	8.969422e-04
8.000000e+08	1.641077e+13	0.000000e+00	4.773871e-01	2.910710e+14	1.090980e+15	4.579669e+14	1.387132e+04	6.804487e+03	2.249826e+03	0	8.941551e-04
8.100000e+08	1.625862e+13	0.000000e+00	4.773871e-01	2.894745e+14	1.082412e+15	4.558231e+14	1.386117e+04	6.798170e+03	2.247737e+03	0	8.913831e-04
8.200000e+08	1.610821e+13	0.000000e+00	4.773871e-01	2.878958e+14	1.074002e+15	4.536940e+14	1.385108e+04	6.791942e+03	2.245678e+03	0	8.886259e-04
8.300000e+08	1.595952e+13	0.000000e+00	4.773871e-01	2.863346e+14	1.065743e+15	4.515797e+14	1.384104e+04	6.785801e+03	2.243647e+03	0	8.858833e-04
8.400000e+08	1.581252e+13	0.000000e+00	4.773871e-01	2.847905e+14	1.057631e+15	4.494800e+14	1.383105e+04	6.779743e+03	2.241645e+03	0	8.831549e-04
8.500000e+08	1.566716e+13	0.000000e+00	4.773871e-01	2.832632e+14	1.049663e+15	4.473948e+14	1.382112e+04	6.773768e+03	2.239669e+03	0	8.804405e-04
8.600000e+08	1.552343e+13	0.000000e+00	4.773871e-01	2.817524e+14	1.041833e+15	4.453239e+14	1.381124e+04	6.767873e+03	2.237720e+03	0	8.777398e-04
8.700000e+08	1.538130e+13	0.000000e+00	4.773871e-01	2.802578e+14	1.034139e+15	4.432673e+14	1.380142e+04	6.762056e+03	2.235796e+03	0	8.750527e-04
8.800000e+08	1.524072e+13	0.000000e+00	4.773871e-01	2.787791e+14	1.026576e+15	4.412249e+14	1.379164e+04	6.756315e+03	2.233898e+03	0	8.723787e-04
8.900000e+08	1.510169e+13	0.000000e+00	4.773871e-01	2.773161e+14	1.019141e+15	4.391965e+14	1.378192e+04	6.750648e+03	2.232025e+03	0	8.697178e-04
9.000000e+08	1.496416e+13	0.000000e+00	4.773871e-01	2.758685e+14	1.011829e+15	4.371820e+14	1.377225e+04	6.745054e+03	2.230175e+03	0	8.670696e-04
9.100000e+08	1.482811e+13	0.000000e+00	4.773871e-01	2.744360e+14	1.004639e+15	4.351813e+14	1.376263e+04	6.739531e+03	2.228349e+03	0	8.644340e-04
9.200000e+08	1.469353e+13	0.000000e+00	4.773871e-01	2.730183e+14	9.975657e+14	4.331943e+14	1.375306e+04	6.734076e+03	2.226545e+03	0	8.618107e-04
9.300000e+08	1.456037e+13	0.000000e+00	4.773871e-01	2.716152e+14	9.906069e+14	4.312209e+14	1.374354e+04	6.728690e+03	2.224764e+03	0	8.591994e-04
9.400000e+08	1.442862e+13	0.000000e+00	4.773871e-01	2.702264e+14	9.837594e+14	4.292610e+14	1.373406e+04	6.723369e+03	2.223005e+03	0	8.566001e-04
9.500000e+08	1.429825e+13	0.000000e+00	4.773871e-01	2.688518e+14	9.770202e+14	4.273145e+14	1.372464e+04	6.718112e+03	2.221267e+03	0	8.540124e-04
9.600000e+08	1.416924e+13	0.000000e+00	4.773871e-01	2.674910e+14	9.703865e+14	4.253812e+14	1.371526e+04	6.712918e+03	2.219550e+03	0	8.514361e-04
9.700000e+08	1.404157e+13	0.000000e+00	4.773871e-01	2.661438e+14	9.638557e+14	4.234612e+14	1.370593e+04	6.707786e+03	2.217853e+03	0	8.488711e-04
9.800000e+08	1.391521e+13	0.000000e+00	4.773871e-01	2.648100e+14	9.574250e+14	4.215541e+14	1.369665e+04	6.702714e+03	2.216176e+03	0	8.463171e-04
9.900000e+08	1.379014e+13	0.000000e+00	4.773871e-01	2.634895e+14	9.510920e+14	4.196601e+14	1.368742e+04	6.697701e+03	2.214518e+03	0	8.437740e-04
1.000000e+09	1.366635e+13	0.000000e+00	4.773871e-01	2.621819e+14	9.448541e+14	4.177789e+14	1.367823e+04	6.692745e+03	2.212879e+03	0	8.412415e-04
1.010000e+09	1.354380e+13	0.000000e+00	4.773871e-01	2.608871e+14	9.387091e+14	4.159104e+14	1.366908e+04	6.687845e+03	2.211259e+03	0	8.387195e-04
1.020000e+09	1.342249e+13	0.000000e+00	4.773871e-01	2.596048e+14	9.326546e+14	4.140547e+14	1.365998e+04	6.682999e+03	2.209657e+03	0	8.362078e-04
1.030000e+09	1.330238e+13	0.000000e+00	4.773871e-01	2.583349e+14	9.266884e+14	4.122114e+14	1.365093e+04	6.678208e+03	2.208073e+03	0	8.337062e-04
1.040000e+09	1.318347e+13	0.000000e+00	4.773871e-01	2.570772e+14	9.208084e+14	4.103807e+14	1.364192e+04	6.673469e+03	2.206506e+03	0	8.312145e-04
1.050000e+09	1.306573e+13	0.000000e+00	4.773871e-01	2.558314e+14	9.150125e+14	4.085623e+14	1.363295e+04	6.668782e+03	2.204956e+03	0	8.287326e-04
1.060000e+09	1.294914e+13	0.000000e+00	4.773871e-01	2.545974e+14	9.092987e+14	4.067561e+14	1.362403e+04	6.664144e+03	2.203423e+03	0	8.262602e-04
1.070000e+09	1.283369e+13	0.000000e+00	4.773871e-01	2.533751e+14	9.036651e+14	4.049621e+14	1.361515e+04	6.659556e+03	2.201906e+03	0	8.237973e-04
1.080000e+09	1.271935e+13	0.000000e+00	4.773871e-01	2.521642e+14	8.981098e+14	4.031802e+14	1.360631e+04	6.655017e+03	2.200405e+03	0	8.213436e-04
1.090000e+09	1.260612e+13	0.000000e+00	4.773871e-01	2.509645e+14	8.926310e+14	4.014103e+14	1.359751e+04	6.650524e+03	2.198920e+03	0	8.188990e-04
1.100000e+09	1.249397e+13	0.000000e+00	4.773871e-01	2.497760e+14	8.872269e+14	3.996523e+14	1.358876e+04	6.646078e+03	2.197450e+03	0	8.164633e-04
1.110000e+09	1.238289e+13	0.000000e+00	4.773871e-01	2.485983e+14	8.818958e+14	3.979060e+14	1.358005e+04	6.641676e+03	2.195994e+03	0	8.140365e-04
1.120000e+09	1.227286e+13	0.000000e+00	4.773871e-01	2.474314e+14	8.766362e+14	3.961715e+14	1.357138e+04	6.637320e+03	2.194554e+03	0	8.116182e-04
1.130000e+09	1.216386e+13	0.000000e+00	4.773871e-01	2.462752e+14	8.714463e+14	3.944485e+14	1.356275e+04	6.633006e+03	2.193128e+03	0	8.092084e-04
1.140000e+09	1.205589e+13	0.000000e+00	4.773871e-01	2.451293e+14	8.663246e+14	3.927371e+14	1.355416e+04	6.628735e+03	2.191716e+03	0	8.068069e-04
1.150000e+09	1.194892e+13	0.000000e+00	4.773871e-01	2.439938e+14	8.612697e+14	3.910371e+14	1.354560e+04	6.624506e+03	2.190317e+03	0	8.044136e-04
1.160000e+09	1.184294e+13	0.000000e+00	4.773871e-01	2.428684e+14	8.562801e+14	3.893484e+14	1.353709e+04	6.620318e+03	2.188932e+03	0	8.020284e-04
1.170000e+09	1.173794e+13	0.000000e+00	4.773871e-01	2.417530e+14	8.513543e+14	3.876710e+14	1.352862e+04	6.616170e+03	2.187561e+03	0	7.996510e-04
1.180000e+09	1.163390e+13	0.000000e+00	4.773871e-01	2.406475e+14	8.464911e+14	3.860048e+14	1.352019e+04	6.612061e+03	2.186202e+03	0	7.972814e-04
1.190000e+09	1.153080e+13	0.000000e+00	4.773871e-01	2.395516e+14	8.416890e+14	3.843496e+14	1.351179e+04	6.607991e+03	2.184857e+03	0	7.949193e-04
1.200000e+09	1.142865e+13	0.000000e+00	4.773871e-01	2.384654e+14	8.369468e+14	3.827054e+14	1.350344e+04	6.603958e+03	2.183523e+03	0	7.925648e-04
1.210000e+09	1.132741e+13	0.000000e+00	4.773871e-01	2.373886e+14	8.322632e+14	3.810722e+14	1.349512e+04	6.599963e+03	2.182202e+03	0	7.902176e-04
1.220000e+09	1.122708e+13	0.000000e+00	4.773871e-01	2.363211e+14	8.276370e+14	3.794497e+14	1.348684e+04	6.596004e+03	2.180893e+03	0	7.878777e-04
1.230000e+09	1.112764e+13	0.000000e+00	4.773871e-01	2.352628e+14	8.230671e+14	3.778380e+14	1.347860e+04	6.592081e+03	2.179596e+03	0	7.855448e-04
1.240000e+09	1.102909e+13	0.000000e+00	4.773871e-01	2.342136e+14	8.185522e+14	3.762369e+14	1.347039e+04	6.588192e+03	2.178310e+03	0	7.832189e-04
1.250000e+09	1.093141e+13	0.000000e+00	4.773871e-01	2.331733e+14	8.140914e+14	3.746464e+14	1.346222e+04	6.584338e+03	2.177036e+03	0	7.808998e-04
1.260000e+09	1.083459e+13	0.000000e+00	4.773871e-01	2.321418e+14	8.096834e+14	3.730664e+14	1.345408e+04	6.580518e+03	2.175773e+03	0	7.785874e-04
1.270000e+09	1.073861e+13	0.000000e+00	4.773871e-01	2.311190e+14	8.053272e+14	3.714968e+14	1.344599e+04	6.576731e+03	2.174521e+03	0	7.762816e-04
1.280000e+09	1.064348e+13	0.000000e+00	4.773871e-01	2.301048e+14	8.010219e+14	3.699375e+14	1.343792e+04	6.572976e+03	2.173279e+03	0	7.739823e-04
1.290000e+09	1.054916e+13	0.000000e+00	4.773871e-01	2.290990e+14	7.967663e+14	3.683884e+14	1.342990e+04	6.569254e+03	2.172049e+03	0	7.716893e-04
1.300000e+09	1.045566e+13	0.000000e+00	4.773871e-01	2.281016e+14	7.925597e+14	3.668496e+14	1.342190e+04	6.565562e+03	2.170828e+03	0	7.694026e-04
1.310000e+09	1.036296e+13	0.000000e+00	4.773871e-01	2.271124e+14	7.884009e+14	3.653208e+14	1.341395e+04	6.561902e+03	2.169618e+03	0	7.671220e-04
1.320000e+09	1.027105e+13	0.000000e+00	4.773871e-01	2.261314e+14	7.842891e+14	3.638020e+14	1.340602e+04	6.558271e+03	2.168417e+03	0	7.648473e-04
1.330000e+09	1.017992e+13	0.000000e+00	4.773871e-01	2.251584e+14	7.802234e+14	3.622932e+14	1.339814e+04	6.554671e+03	2.167227e+03	0	7.625786e-04
1.340000e+09	1.008956e+13	0.000000e+00	4.773871e-01	2.241933e+14	7.762030e+14	3.607942e+14	1.339028e+04	6.551100e+03	2.166046e+03	0	7.603157e-04
1.350000e+09	9.999962e+12	0.000000e+00	4.773871e-01	2.232361e+14	7.722269e+14	3.593050e+14	1.338246e+04	6.547557e+03	2.164875e+03	0	7.580584e-04
1.360000e+09	9.911116e+12	0.000000e+00	4.773871e-01	2.222865e+14	7.682944e+14	3.578255e+14	1.337467e+04	6.544043e+03	2.163713e+03	0	7.558067e-04
1.370000e+09	9.823010e+12	0.000000e+00	4.773871e-01	2.213446e+14	7.644047e+14	3.563557e+14	1.336692e+04	6.540556e+03	2.162560e+03	0	7.535604e-04
1.380000e+09	9.735636e+12	0.000000e+00	4.773871e-01	2.204102e+14	7.605569e+14	3.548954e+14	1.335920e+04	6.537096e+03	2.161416e+03	0	7.513195e-04
1.390000e+09	9.648985e+12	0.000000e+00	4.773871e-01	2.194833e+14	7.567504e+14	3.534446e+14	1.335151e+04	6.533664e+03	2.160281e+03	0	7.490838e-04
1.400000e+09	9.563046e+12	0.000000e+00	4.773871e-01	2.185636e+14	7.529843e+14	3.520032e+14	1.334385e+04	6.530258e+03	2.159155e+03	0	7.468533e-04
1.410000e+09	9.477811e+12	0.000000e+00	4.773871e-01	2.176513e+14	7.492580e+14	3.505711e+14	1.333622e+04	6.526877e+03	2.158037e+03	0	7.446277e-04
1.420000e+09	9.393271e+12	0.000000e+00	4.773871e-01	2.167461e+14	7.455708e+14	3.491483e+14	1.332863e+04	6.523522e+03	2.156928e+03	0	7.424072e-04
1.430000e+09	9.309418e+12	0.000000e+00	4.773871e-01	2.158479e+14	7.419219e+14	3.477347e+14	1.332107e+04	6.520193e+03	2.155827e+03	0	7.401914e-04
1.440000e+09	9.226243e+12	0.000000e+00	4.773871e-01	2.149568e+14	7.383107e+14	3.463302e+14	1.331354e+04	6.516887e+03	2.154734e+03	0	7.379804e-04
1.450000e+09	9.143737e+12	0.000000e+00	4.773871e-01	2.140725e+14	7.347366e+14	3.449348e+14	1.330604e+04	6.513607e+03	2.153650e+03	0	7.357740e-04
1.460000e+09	9.061893e+12	0.000000e+00	4.773871e-01	2.131950e+14	7.311988e+14	3.435484e+14	1.329857e+04	6.510350e+03	2.152573e+03	0	7.335722e-04
1.470000e+09	8.980702e+12	0.000000e+00	4.773871e-01	2.123243e+14	7.276969e+14	3.421709e+14	1.329113e+04	6.507116e+03	2.151504e+03	0	7.313747e-04
1.480000e+09	8.900156e+12	0.000000e+00	4.773871e-01	2.114603e+14	7.242301e+14	3.408023e+14	1.328372e+04	6.503906e+03	2.150442e+03	0	7.291817e-04
1.490000e+09	8.820247e+12	0.000000e+00	4.773871e-01	2.106028e+14	7.207980e+14	3.394424e+14	1.327635e+04	6.500719e+03	2.149388e+03	0	7.269928e-04
1.500000e+09	8.740969e+12	0.000000e+00	4.773871e-01	2.097518e+14	7.173998e+14	3.380912e+14	1.326900e+04	6.497553e+03	2.148342e+03	0	7.248081e-04
1.510000e+09	8.662312e+12	0.000000e+00	4.773871e-01	2.089072e+14	7.140352e+14	3.367487e+14	1.326168e+04	6.494410e+03	2.147303e+03	0	7.226275e-04
1.520000e+09	8.584271e+12	0.000000e+00	4.773871e-01	2.080690e+14	7.107034e+14	3.354148e+14	1.325439e+04	6.491289e+03	2.146270e+03	0	7.204508e-04
1.530000e+09	8.506837e+12	0.000000e+00	4.773871e-01	2.072370e+14	7.074039e+14	3.340894e+14	1.324713e+04	6.488189e+03	2.145246e+03	0	7.182780e-04
1.540000e+09	8.430003e+12	0.000000e+00	4.773871e-01	2.064113e+14	7.041364e+14	3.327725e+14	1.323990e+04	6.485111e+03	2.144228e+03	0	7.161090e-04
1.550000e+09	8.353763e+12	0.000000e+00	4.773871e-01	2.055916e+14	7.009001e+14	3.314640e+14	1.323270e+04	6.482053e+03	2.143216e+03	0	7.139436e-04
1.560000e+09	8.278109e+12	0.000000e+00	4.773871e-01	2.047781e+14	6.976947e+14	3.301637e+14	1.322553e+04	6.479015e+03	2.142212e+03	0	7.117819e-04
1.570000e+09	8.203034e+12	0.000000e+00	4.773871e-01	2.039705e+14	6.945196e+14	3.288718e+14	1.321838e+04	6.475998e+03	2.141214e+03	0	7.096236e-04
1.580000e+09	8.128533e+12	0.000000e+00	4.773871e-01	2.031688e+14	6.913744e+14	3.275880e+14	1.321127e+04	6.473000e+03	2.140223e+03	0	7.074687e-04
1.590000e+09	8.054598e+12	0.000000e+00	4.773871e-01	2.023729e+14	6.882586e+14	3.263124e+14	1.320418e+04	6.470022e+03	2.139239e+03	0	7.053172e-04
1.600000e+09	7.981222e+12	0.000000e+00	4.773871e-01	2.015829e+14	6.851717e+14	3.250449e+14	1.319712e+04	6.467063e+03	2.138260e+03	0	7.031689e-04
1.610000e+09	7.908400e+12	0.000000e+00	4.773871e-01	2.007986e+14	6.821133e+14	3.237854e+14	1.319008e+04	6.464124e+03	2.137289e+03	0	7.010238e-04
1.620000e+09	7.836125e+12	0.000000e+00	4.773871e-01	2.000199e+14	6.790829e+14	3.225338e+14	1.318308e+04	6.461203e+03	2.136323e+03	0	6.988817e-04
1.630000e+09	7.764392e+12	0.000000e+00	4.773871e-01	1.992468e+14	6.760802e+14	3.212902e+14	1.317610e+04	6.458300e+03	2.135363e+03	0	6.967426e-04
1.640000e+09	7.693192e+12	0.000000e+00	4.773871e-01	1.984793e+14	6.731047e+14	3.200544e+14	1.316915e+04	6.455416e+03	2.134409e+03	0	6.946063e-04
1.650000e+09	7.622522e+12	0.000000e+00	4.773871e-01	1.977172e+14	6.701560e+14	3.188263e+14	1.316222e+04	6.452550e+03	2.133462e+03	0	6.924729e-04
1.660000e+09	7.552375e+12	0.000000e+00	4.773871e-01	1.969605e+14	6.672337e+14	3.176060e+14	1.315532e+04	6.449701e+03	2.132520e+03	0	6.903421e-04
1.670000e+09	7.482745e+12	0.000000e+00	4.773871e-01	1.962092e+14	6.643375e+14	3.163934e+14	1.314845e+04	6.446870e+03	2.131584e+03	0	6.882140e-04
1.680000e+09	7.413627e+12	0.000000e+00	4.773871e-01	1.954632e+14	6.614668e+14	3.151883e+14	1.314160e+04	6.444056e+03	2.130653e+03	0	6.860884e-04
1.690000e+09	7.345014e+12	0.000000e+00	4.773871e-01	1.947224e+14	6.586214e+14	3.139908e+14	1.313478e+04	6.441259e+03	2.129729e+03	0	6.839653e-04
1.700000e+09	7.276902e+12	0.000000e+00	4.773871e-01	1.939868e+14	6.558009e+14	3.128008e+14	1.312799e+04	6.438479e+03	2.128809e+03	0	6.818445e-04
1.710000e+09	7.209284e+12	0.000000e+00	4.773871e-01	1.932563e+14	6.530050e+14	3.116182e+14	1.312122e+04	6.435715e+03	2.127896e+03	0	6.797261e-04
1.720000e+09	7.142156e+12	0.000000e+00	4.773871e-01	1.925309e+14	6.502332e+14	3.104430e+14	1.311448e+04	6.432968e+03	2.126987e+03	0	6.776098e-04
1.730000e+09	7.075513e+12	0.000000e+00	4.773871e-01	1.918105e+14	6.474852e+14	3.092751e+14	1.310776e+04	6.430237e+03	2.126084e+03	0	6.754956e-04
1.740000e+09	7.009348e+12	0.000000e+00	4.773871e-01	1.910950e+14	6.447608e+14	3.081145e+14	1.310107e+04	6.427521e+03	2.125186e+03	0	6.733834e-04
1.750000e+09	6.943657e+12	0.000000e+00	4.773871e-01	1.903845e+14	6.420595e+14	3.069612e+14	1.309440e+04	6.424821e+03	2.124294e+03	0	6.712732e-04
1.760000e+09	6.878436e+12	0.000000e+00	4.773871e-01	1.896788e+14	6.393810e+14	3.058149e+14	1.308776e+04	6.422137e+03	2.123406e+03	0	6.691648e-04
1.770000e+09	6.813678e+12	0.000000e+00	4.773871e-01	1.889780e+14	6.367251e+14	3.046758e+14	1.308114e+04	6.419468e+03	2.122524e+03	0	6.670582e-04
1.780000e+09	6.749379e+12	0.000000e+00	4.773871e-01	1.882819e+14	6.340914e+14	3.035438e+14	1.307454e+04	6.416814e+03	2.121646e+03	0	6.649533e-04
1.790000e+09	6.685534e+12	0.000000e+00	4.773871e-01	1.875905e+14	6.314796e+14	3.024187e+14	1.306797e+04	6.414175e+03	2.120774e+03	0	6.628500e-04
1.800000e+09	6.622139e+12	0.000000e+00	4.773871e-01	1.869037e+14	6.288895e+14	3.013006e+14	1.306143e+04	6.411551e+03	2.119906e+03	0	6.607482e-04
1.810000e+09	6.559188e+12	0.000000e+00	4.773871e-01	1.862216e+14	6.263207e+14	3.001894e+14	1.305490e+04	6.408941e+03	2.119043e+03	0	6.586478e-04
1.820000e+09	6.496678e+12	0.000000e+00	4.773871e-01	1.855441e+14	6.237729e+14	2.990850e+14	1.304841e+04	6.406346e+03	2.118185e+03	0	6.565487e-04
1.830000e+09	6.434603e+12	0.000000e+00	4.773871e-01	1.848710e+14	6.212458e+14	2.979875e+14	1.304193e+04	6.403765e+03	2.117332e+03	0	6.544510e-04
1.840000e+09	6.372959e+12	0.000000e+00	4.773871e-01	1.842025e+14	6.187393e+14	2.968966e+14	1.303548e+04	6.401197e+03	2.116483e+03	0	6.523544e-04
1.850000e+09	6.311742e+12	0.000000e+00	4.773871e-01	1.835383e+14	6.162529e+14	2.958125e+14	1.302905e+04	6.398644e+03	2.115638e+03	0	6.502589e-04
1.860000e+09	6.250947e+12	0.000000e+00	4.773871e-01	1.828786e+14	6.137865e+14	2.947350e+14	1.302265e+04	6.396104e+03	2.114799e+03	0	6.481643e-04
1.870000e+09	6.190570e+12	0.000000e+00	4.773871e-01	1.822232e+14	6.113398e+14	2.936642e+14	1.301627e+04	6.393578e+03	2.113963e+03	0	6.460707e-04
1.880000e+09	6.130607e+12	0.000000e+00	4.773871e-01	1.815721e+14	6.089125e+14	2.925998e+14	1.300991e+04	6.391065e+03	2.113132e+03	0	6.439780e-04
1.890000e+09	6.071053e+12	0.000000e+00	4.773871e-01	1.809252e+14	6.065044e+14	2.915420e+14	1.300357e+04	6.388565e+03	2.112306e+03	0	6.418860e-04
1.900000e+09	6.011905e+12	0.000000e+00	4.773871e-01	1.802826e+14	6.041153e+14	2.904906e+14	1.299726e+04	6.386078e+03	2.111484e+03	0	6.397946e-04
1.910000e+09	5.953159e+12	0.000000e+00	4.773871e-01	1.796441e+14	6.017448e+14	2.894457e+14	1.299097e+04	6.383604e+03	2.110666e+03	0	6.377038e-04
1.920000e+09	5.894809e+12	0.000000e+00	4.773871e-01	1.790098e+14	5.993928e+14	2.884070e+14	1.298470e+04	6.381143e+03	2.109852e+03	0	6.356135e-04
1.930000e+09	5.836854e+12	0.000000e+00	4.773871e-01	1.783795e+14	5.970590e+14	2.873747e+14	1.297845e+04	6.378694e+03	2.109042e+03	0	6.335236e-04
1.940000e+09	5.779288e+12	0.000000e+00	4.773871e-01	1.777533e+14	5.947432e+14	2.863487e+14	1.297223e+04	6.376257e+03	2.108237e+03	0	6.314340e-04
1.950000e+09	5.722107e+12	0.000000e+00	4.773871e-01	1.771311e+14	5.924453e+14	2.853289e+14	1.296602e+04	6.373833e+03	2.107435e+03	0	6.293446e-04
1.960000e+09	5.665309e+12	0.000000e+00	4.773871e-01	1.765129e+14	5.901648e+14	2.843152e+14	1.295984e+04	6.371421e+03	2.106638e+03	0	6.272554e-04
1.970000e+09	5.608889e+12	0.000000e+00	4.773871e-01	1.758986e+14	5.879017e+14	2.833077e+14	1.295368e+04	6.369021e+03	2.105844e+03	0	6.251662e-04
1.980000e+09	5.552843e+12	0.000000e+00	4.773871e-01	1.752882e+14	5.856557e+14	2.823063e+14	1.294755e+04	6.366633e+03	2.105054e+03	0	6.230769e-04
1.990000e+09	5.497168e+12	0.000000e+00	4.773871e-01	1.746817e+14	5.834267e+14	2.813109e+14	1.294143e+04	6.364257e+03	2.104269e+03	0	6.209875e-04
2.000000e+09	5.441861e+12	0.000000e+00	4.773871e-01	1.740790e+14	5.812144e+14	2.803215e+14	1.293533e+04	6.361892e+03	2.103487e+03	0	6.188979e-04
2.010000e+09	5.386917e+12	0.000000e+00	4.773871e-01	1.734801e+14	5.790185e+14	2.793380e+14	1.292926e+04	6.359539e+03	2.102709e+03	0	6.168080e-04
2.020000e+09	5.332334e+12	0.000000e+00	4.773871e-01	1.728849e+14	5.768391e+14	2.783605e+14	1.292320e+04	6.357197e+03	2.101934e+03	0	6.147176e-04
2.030000e+09	5.278107e+12	0.000000e+00	4.773871e-01	1.722935e+14	5.746757e+14	2.773888e+14	1.291717e+04	6.354866e+03	2.101164e+03	0	6.126267e-04
2.040000e+09	5.224234e+12	0.000000e+00	4.773871e-01	1.717057e+14	5.725283e+14	2.764229e+14	1.291116e+04	6.352546e+03	2.100397e+03	0	6.105352e-04
2.050000e+09	5.170711e+12	0.000000e+00	4.773871e-01	1.711216e+14	5.703966e+14	2.754628e+14	1.290517e+04	6.350238e+03	2.099633e+03	0	6.084431e-04
2.060000e+09	5.117534e+12	0.000000e+00	4.773871e-01	1.705411e+14	5.682804e+14	2.745085e+14	1.289919e+04	6.347940e+03	2.098874e+03	0	6.063501e-04
2.070000e+09	5.064702e+12	0.000000e+00	4.773871e-01	1.699641e+14	5.661797e+14	2.735598e+14	1.289324e+04	6.345653e+03	2.098117e+03	0	6.042563e-04
2.080000e+09	5.012209e+12	0.000000e+00	4.773871e-01	1.693908e+14	5.640942e+14	2.726168e+14	1.288731e+04	6.343376e+03	2.097365e+03	0	6.021614e-04
2.090000e+09	4.960054e+12	0.000000e+00	4.773871e-01	1.688209e+14	5.620237e+14	2.716794e+14	1.288140e+04	6.341111e+03	2.096616e+03	0	6.000655e-04
2.100000e+09	4.908232e+12	0.000000e+00	4.773871e-01	1.682545e+14	5.599680e+14	2.707476e+14	1.287551e+04	6.338855e+03	2.095870e+03	0	5.979684e-04
2.110000e+09	4.856742e+12	0.000000e+00	4.773871e-01	1.676915e+14	5.579271e+14	2.698213e+14	1.286964e+04	6.336610e+03	2.095128e+03	0	5.958700e-04
2.120000e+09	4.805579e+12	0.000000e+00	4.773871e-01	1.671320e+14	5.559007e+14	2.689005e+14	1.286378e+04	6.334375e+03	2.094389e+03	0	5.937702e-04
2.130000e+09	4.754741e+12	0.000000e+00	4.773871e-01	1.665759e+14	5.538886e+14	2.679851e+14	1.285795e+04	6.332150e+03	2.093653e+03	0	5.916690e-04
2.140000e+09	4.704224e+12	0.000000e+00	4.773871e-01	1.660231e+14	5.518908e+14	2.670752e+14	1.285214e+04	6.329935e+03	2.092921e+03	0	5.895661e-04
2.150000e+09	4.654027e+12	0.000000e+00	4.773871e-01	1.654737e+14	5.499069e+14	2.661706e+14	1.284634e+04	6.327730e+03	2.092192e+03	0	5.874616e-04
2.160000e+09	4.604145e+12	0.000000e+00	4.773871e-01	1.649275e+14	5.479370e+14	2.652714e+14	1.284057e+04	6.325535e+03	2.091466e+03	0	5.853553e-04
2.170000e+09	4.554576e+12	0.000000e+00	4.773871e-01	1.643846e+14	5.459808e+14	2.643774e+14	1.283481e+04	6.323350e+03	2.090743e+03	0	5.832470e-04
2.180000e+09	4.505318e+12	0.000000e+00	4.773871e-01	1.638450e+14	5.440382e+14	2.634887e+14	1.282908e+04	6.321174e+03	2.090024e+03	0	5.811368e-04
2.190000e+09	4.456367e+12	0.000000e+00	4.773871e-01	1.633085e+14	5.421090e+14	2.626053e+14	1.282336e+04	6.319008e+03	2.089308e+03	0	5.790244e-04
2.200000e+09	4.407721e+12	0.000000e+00	4.773871e-01	1.627753e+14	5.401931e+14	2.617270e+14	1.281766e+04	6.316851e+03	2.088594e+03	0	5.769098e-04
2.210000e+09	4.359376e+12	0.000000e+00	4.773871e-01	1.622452e+14	5.382904e+14	2.608538e+14	1.281198e+04	6.314703e+03	2.087884e+03	0	5.747928e-04
2.220000e+09	4.311331e+12	0.000000e+00	4.773871e-01	1.617182e+14	5.364006e+14	2.599858e+14	1.280632e+04	6.312565e+03	2.087177e+03	0	5.726734e-04
2.230000e+09	4.263582e+12	0.000000e+00	4.773871e-01	1.611943e+14	5.345238e+14	2.591228e+14	1.280067e+04	6.310436e+03	2.086473e+03	0	5.705514e-04
2.240000e+09	4.216127e+12	0.000000e+00	4.773871e-01	1.606735e+14	5.326596e+14	2.582649e+14	1.279505e+04	6.308316e+03	2.085772e+03	0	5.684266e-04
2.250000e+09	4.168963e+12	0.000000e+00	4.773871e-01	1.601557e+14	5.308081e+14	2.574119e+14	1.278944e+04	6.306205e+03	2.085074e+03	0	5.662991e-04
2.260000e+09	4.122088e+12	0.000000e+00	4.773871e-01	1.596410e+14	5.289690e+14	2.565639e+14	1.278385e+04	6.304102e+03	2.084379e+03	0	5.641687e-04
2.270000e+09	4.075499e+12	0.000000e+00	4.773871e-01	1.591292e+14	5.271422e+14	2.557209e+14	1.277828e+04	6.302009e+03	2.083687e+03	0	5.620352e-04
2.280000e+09	4.029194e+12	0.000000e+00	4.773871e-01	1.586204e+14	5.253277e+14	2.548827e+14	1.277272e+04	6.299924e+03	2.082998e+03	0	5.598985e-04
2.290000e+09	3.983170e+12	0.000000e+00	4.773871e-01	1.581146e+14	5.235252e+14	2.540494e+14	1.276719e+04	6.297848e+03	2.082312e+03	0	5.577584e-04
2.300000e+09	3.937425e+12	0.000000e+00	4.773871e-01	1.576116e+14	5.217346e+14	2.532209e+14	1.276167e+04	6.295781e+03	2.081628e+03	0	5.556150e-04
2.310000e+09	3.891956e+12	0.000000e+00	4.773871e-01	1.571116e+14	5.199559e+14	2.523972e+14	1.275617e+04	6.293722e+03	2.080947e+03	0	5.534680e-04
2.320000e+09	3.846761e+12	0.000000e+00	4.773871e-01	1.566144e+14	5.181889e+14	2.515782e+14	1.275068e+04	6.291672e+03	2.080269e+03	0	5.513173e-04
2.330000e+09	3.801837e+12	0.000000e+00	4.773871e-01	1.561201e+14	5.164335e+14	2.507640e+14	1.274522e+04	6.289629e+03	2.079594e+03	0	5.491627e-04
2.340000e+09	3.757183e+12	0.000000e+00	4.773871e-01	1.556286e+14	5.146896e+14	2.499544e+14	1.273977e+04	6.287596e+03	2.078922e+03	0	5.470042e-04
2.350000e+09	3.712795e+12	0.000000e+00	4.773871e-01	1.551398e+14	5.129570e+14	2.491495e+14	1.273434e+04	6.285570e+03	2.078252e+03	0	5.448415e-04
2.360000e+09	3.668672e+12	0.000000e+00	4.773871e-01	1.546539e+14	5.112356e+14	2.483492e+14	1.272892e+04	6.283552e+03	2.077585e+03	0	5.426746e-04
2.370000e+09	3.624811e+12	0.000000e+00	4.773871e-01	1.541707e+14	5.095254e+14	2.475535e+14	1.272353e+04	6.281543e+03	2.076920e+03	0	5.405033e-04
2.380000e+09	3.581211e+12	0.000000e+00	4.773871e-01	1.536902e+14	5.078262e+14	2.467624e+14	1.271815e+04	6.279541e+03	2.076258e+03	0	5.383274e-04
2.390000e+09	3.537868e+12	0.000000e+00	4.773871e-01	1.532124e+14	5.061379e+14	2.459758e+14	1.271278e+04	6.277548e+03	2.075599e+03	0	5.361468e-04
2.400000e+09	3.494781e+12	0.000000e+00	4.773871e-01	1.527373e+14	5.044604e+14	2.451936e+14	1.270743e+04	6.275562e+03	2.074943e+03	0	5.339614e-04
2.410000e+09	3.451948e+12	0.000000e+00	4.773871e-01	1.522649e+14	5.027936e+14	2.444159e+14	1.270210e+04	6.273584e+03	2.074289e+03	0	5.317710e-04
2.420000e+09	3.409366e+12	0.000000e+00	4.773871e-01	1.517951e+14	5.011373e+14	2.436427e+14	1.269679e+04	6.271614e+03	2.073637e+03	0	5.295753e-04
2.430000e+09	3.367033e+12	0.000000e+00	4.773871e-01	1.513279e+14	4.994916e+14	2.428738e+14	1.269149e+04	6.269651e+03	2.072988e+03	0	5.273744e-04
2.440000e+09	3.324948e+12	0.000000e+00	4.773871e-01	1.508633e+14	4.978562e+14	2.421093e+14	1.268621e+04	6.267696e+03	2.072342e+03	0	5.251679e-04
2.450000e+09	3.283108e+12	0.000000e+00	4.773871e-01	1.504012e+14	4.962311e+14	2.413491e+14	1.268094e+04	6.265749e+03	2.071698e+03	0	5.229557e-04
2.460000e+09	3.241511e+12	0.000000e+00	4.773871e-01	1.499417e+14	4.946163e+14	2.405933e+14	1.267569e+04	6.263809e+03	2.071057e+03	0	5.207377e-04
2.470000e+09	3.200155e+12	0.000000e+00	4.773871e-01	1.494848e+14	4.930114e+14	2.398417e+14	1.267046e+04	6.261876e+03	2.070418e+03	0	5.185136e-04
2.480000e+09	3.159038e+12	0.000000e+00	4.773871e-01	1.490303e+14	4.914166e+14	2.390943e+14	1.266524e+04	6.259951e+03	2.069781e+03	0	5.162834e-04
2.490000e+09	3.118158e+12	0.000000e+00	4.773871e-01	1.485784e+14	4.898317e+14	2.383512e+14	1.266004e+04	6.258033e+03	2.069147e+03	0	5.140467e-04
2.500000e+09	3.077514e+12	0.000000e+00	4.773871e-01	1.481289e+14	4.882566e+14	2.376122e+14	1.265486e+04	6.256122e+03	2.068515e+03	0	5.118034e-04
2.510000e+09	3.037102e+12	0.000000e+00	4.773871e-01	1.476819e+14	4.866912e+14	2.368774e+14	1.264969e+04	6.254218e+03	2.067886e+03	0	5.095534e-04
2.520000e+09	2.996923e+12	0.000000e+00	4.773871e-01	1.472373e+14	4.851354e+14	2.361467e+14	1.264453e+04	6.252322e+03	2.067259e+03	0	5.072963e-04
2.530000e+09	2.956972e+12	0.000000e+00	4.773871e-01	1.467951e+14	4.835891e+14	2.354201e+14	1.263939e+04	6.250432e+03	2.066634e+03	0	5.050321e-04
2.540000e+09	2.917250e+12	0.000000e+00	4.773871e-01	1.463553e+14	4.820523e+14	2.346975e+14	1.263427e+04	6.248550e+03	2.066011e+03	0	5.027604e-04
2.550000e+09	2.877753e+12	0.000000e+00	4.773871e-01	1.459178e+14	4.805248e+14	2.339790e+14	1.262916e+04	6.246674e+03	2.065391e+03	0	5.004811e-04
2.560000e+09	2.838480e+12	0.000000e+00	4.773871e-01	1.454827e+14	4.790066e+14	2.332646e+14	1.262407e+04	6.244805e+03	2.064773e+03	0	4.981940e-04
2.570000e+09	2.799430e+12	0.000000e+00	4.773871e-01	1.450500e+14	4.774975e+14	2.325540e+14	1.261899e+04	6.242944e+03	2.064158e+03	0	4.958988e-04
2.580000e+09	2.760599e+12	0.000000e+00	4.773871e-01	1.446196e+14	4.759976e+14	2.318475e+14	1.261393e+04	6.241089e+03	2.063545e+03	0	4.935953e-04
2.590000e+09	2.721988e+12	0.000000e+00	4.773871e-01	1.441914e+14	4.745067e+14	2.311449e+14	1.260888e+04	6.239240e+03	2.062933e+03	0	4.912832e-04
2.600000e+09	2.683593e+12	0.000000e+00	4.773871e-01	1.437656e+14	4.730247e+14	2.304461e+14	1.260384e+04	6.237398e+03	2.062324e+03	0	4.889623e-04
2.610000e+09	2.645413e+12	0.000000e+00	4.773871e-01	1.433420e+14	4.715515e+14	2.297513e+14	1.259883e+04	6.235563e+03	2.061718e+03	0	4.866324e-04
2.620000e+09	2.607447e+12	0.000000e+00	4.773871e-01	1.429206e+14	4.700871e+14	2.290602e+14	1.259382e+04	6.233735e+03	2.061113e+03	0	4.842932e-04
2.630000e+09	2.569693e+12	0.000000e+00	4.773871e-01	1.425015e+14	4.686315e+14	2.283730e+14	1.258883e+04	6.231913e+03	2.060511e+03	0	4.819444e-04
2.640000e+09	2.532148e+12	0.000000e+00	4.773871e-01	1.420846e+14	4.671844e+14	2.276896e+14	1.258386e+04	6.230097e+03	2.059910e+03	0	4.795857e-04
2.650000e+09	2.494813e+12	0.000000e+00	4.773871e-01	1.416699e+14	4.657458e+14	2.270100e+14	1.257890e+04	6.228288e+03	2.059312e+03	0	4.772169e-04
2.660000e+09	2.457683e+12	0.000000e+00	4.773871e-01	1.412573e+14	4.643158e+14	2.263340e+14	1.257396e+04	6.226486e+03	2.058716e+03	0	4.748377e-04
2.670000e+09	2.420760e+12	0.000000e+00	4.773871e-01	1.408469e+14	4.628941e+14	2.256618e+14	1.256903e+04	6.224689e+03	2.058122e+03	0	4.724477e-04
2.680000e+09	2.384039e+12	0.000000e+00	4.773871e-01	1.404387e+14	4.614807e+14	2.249933e+14	1.256411e+04	6.222899e+03	2.057530e+03	0	4.700467e-04
2.690000e+09	2.347521e+12	0.000000e+00	4.773871e-01	1.400326e+14	4.600756e+14	2.243285e+14	1.255921e+04	6.221115e+03	2.056941e+03	0	4.676343e-04
2.700000e+09	2.311203e+12	0.000000e+00	4.773871e-01	1.396286e+14	4.586786e+14	2.236673e+14	1.255432e+04	6.219338e+03	2.056353e+03	0	4.652102e-04
2.710000e+09	2.275084e+12	0.000000e+00	4.773871e-01	1.392267e+14	4.572897e+14	2.230096e+14	1.254945e+04	6.217566e+03	2.055767e+03	0	4.627741e-04
2.720000e+09	2.239162e+12	0.000000e+00	4.773871e-01	1.388269e+14	4.559089e+14	2.223556e+14	1.254459e+04	6.215801e+03	2.055183e+03	0	4.603255e-04
2.730000e+09	2.203436e+12	0.000000e+00	4.773871e-01	1.384291e+14	4.545360e+14	2.217052e+14	1.253974e+04	6.214041e+03	2.054602e+03	0	4.578642e-04
2.740000e+09	2.167904e+12	0.000000e+00	4.773871e-01	1.380334e+14	4.531710e+14	2.210582e+14	1.253491e+04	6.212288e+03	2.054022e+03	0	4.553898e-04
2.750000e+09	2.132566e+12	0.000000e+00	4.773871e-01	1.376397e+14	4.518138e+14	2.204148e+14	1.253009e+04	6.210541e+03	2.053444e+03	0	4.529018e-04
2.760000e+09	2.097418e+12	0.000000e+00	4.773871e-01	1.372480e+14	4.504643e+14	2.197749e+14	1.252529e+04	6.208799e+03	2.052868e+03	0	4.503998e-04
2.770000e+09	2.062461e+12	0.000000e+00	4.773871e-01	1.368583e+14	4.491226e+14	2.191384e+14	1.252050e+04	6.207064e+03	2.052295e+03	0	4.478835e-04
2.780000e+09	2.027691e+12	0.000000e+00	4.773871e-01	1.364706e+14	4.477885e+14	2.185054e+14	1.251572e+04	6.205334e+03	2.051723e+03	0	4.453524e-04
2.790000e+09	1.993109e+12	0.000000e+00	4.773871e-01	1.360849e+14	4.464619e+14	2.178758e+14	1.251095e+04	6.203610e+03	2.051153e+03	0	4.428061e-04
2.800000e+09	1.958713e+12	0.000000e+00	4.773871e-01	1.357012e+14	4.451428e+14	2.172496e+14	1.250620e+04	6.201892e+03	2.050585e+03	0	4.402440e-04
2.810000e+09	1.924500e+12	0.000000e+00	4.773871e-01	1.353194e+14	4.438312e+14	2.166267e+14	1.250147e+04	6.200180e+03	2.050018e+03	0	4.376657e-04
2.820000e+09	1.890470e+12	0.000000e+00	4.773871e-01	1.349395e+14	4.425269e+14	2.160072e+14	1.249674e+04	6.198473e+03	2.049454e+03	0	4.350707e-04
2.830000e+09	1.856622e+12	0.000000e+00	4.773871e-01	1.345615e+14	4.412299e+14	2.153910e+14	1.249203e+04	6.196772e+03	2.048892e+03	0	4.324584e-04
2.840000e+09	1.822954e+12	0.000000e+00	4.773871e-01	1.341854e+14	4.399402e+14	2.147782e+14	1.248734e+04	6.195076e+03	2.048331e+03	0	4.298284e-04
2.850000e+09	1.789465e+12	0.000000e+00	4.773871e-01	1.338113e+14	4.386576e+14	2.141686e+14	1.248265e+04	6.193386e+03	2.047772e+03	0	4.271800e-04
2.860000e+09	1.756153e+12	0.000000e+00	4.773871e-01	1.334389e+14	4.373822e+14	2.135622e+14	1.247798e+04	6.191702e+03	2.047215e+03	0	4.245126e-04
2.870000e+09	1.723017e+12	0.000000e+00	4.773871e-01	1.330685e+14	4.361139e+14	2.129591e+14	1.247332e+04	6.190023e+03	2.046660e+03	0	4.218257e-04
2.880000e+09	1.690055e+12	0.000000e+00	4.773871e-01	1.326999e+14	4.348525e+14	2.123592e+14	1.246868e+04	6.188350e+03	2.046107e+03	0	4.191185e-04
2.890000e+09	1.657268e+12	0.000000e+00	4.773871e-01	1.323331e+14	4.335981e+14	2.117625e+14	1.246405e+04	6.186682e+03	2.045556e+03	0	4.163904e-04
2.900000e+09	1.624652e+12	0.000000e+00	4.773871e-01	1.319682e+14	4.323506e+14	2.111690e+14	1.245943e+04	6.185019e+03	2.045006e+03	0	4.136407e-04
2.910000e+09	1.592207e+12	0.000000e+00	4.773871e-01	1.316050e+14	4.311100e+14	2.105786e+14	1.245482e+04	6.183362e+03	2.044458e+03	0	4.108687e-04
2.920000e+09	1.559932e+12	0.000000e+00	4.773871e-01	1.312436e+14	4.298761e+14	2.099913e+14	1.245023e+04	6.181710e+03	2.043912e+03	0	4.080735e-04
2.930000e+09	1.527826e+12	0.000000e+00	4.773871e-01	1.308841e+14	4.286489e+14	2.094072e+14	1.244565e+04	6.180064e+03	2.043367e+03	0	4.052545e-04
2.940000e+09	1.495886e+12	0.000000e+00	4.773871e-01	1.305263e+14	4.274284e+14	2.088261e+14	1.244108e+04	6.178422e+03	2.042825e+03	0	4.024106e-04
2.950000e+09	1.464113e+12	0.000000e+00	4.773871e-01	1.301702e+14	4.262146e+14	2.082481e+14	1.243652e+04	6.176786e+03	2.042284e+03	0	3.995410e-04
2.960000e+09	1.432504e+12	0.000000e+00	4.773871e-01	1.298159e+14	4.250073e+14	2.076731e+14	1.243198e+04	6.175155e+03	2.041744e+03	0	3.966448e-04
2.970000e+09	1.401059e+12	0.000000e+00	4.773871e-01	1.294633e+14	4.238065e+14	2.071011e+14	1.242744e+04	6.173530e+03	2.041207e+03	0	3.937211e-04
2.980000e+09	1.369776e+12	0.000000e+00	4.773871e-01	1.291124e+14	4.226122e+14	2.065322e+14	1.242293e+04	6.171909e+03	2.040671e+03	0	3.907686e-04
2.990000e+09	1.338654e+12	0.000000e+00	4.773871e-01	1.287633e+14	4.214243e+14	2.059662e+14	1.241842e+04	6.170293e+03	2.040137e+03	0	3.877865e-04
3.000000e+09	1.307693e+12	0.000000e+00	4.773871e-01	1.284158e+14	4.202427e+14	2.054032e+14	1.241392e+04	6.168683e+03	2.039604e+03	0	3.847734e-04
3.010000e+09	1.276890e+12	0.000000e+00	4.773871e-01	1.280700e+14	4.190675e+14	2.048431e+14	1.240944e+04	6.167077e+03	2.039074e+03	0	3.817283e-04
3.020000e+09	1.246245e+12	0.000000e+00	4.773871e-01	1.277259e+14	4.178985e+14	2.042860e+14	1.240497e+04	6.165477e+03	2.038544e+03	0	3.786497e-04
3.030000e+09	1.215757e+12	0.000000e+00	4.773871e-01	1.273834e+14	4.167358e+14	2.037317e+14	1.240051e+04	6.163881e+03	2.038017e+03	0	3.755364e-04
3.040000e+09	1.185424e+12	0.000000e+00	4.773871e-01	1.270426e+14	4.155792e+14	2.031804e+14	1.239606e+04	6.162291e+03	2.037491e+03	0	3.723869e-04
3.050000e+09	1.155245e+12	0.000000e+00	4.773871e-01	1.267034e+14	4.144287e+14	2.026319e+14	1.239163e+04	6.160705e+03	2.036967e+03	0	3.691996e-04
3.060000e+09	1.125220e+12	0.000000e+00	4.773871e-01	1.263659e+14	4.132843e+14	2.020862e+14	1.238721e+04	6.159124e+03	2.036444e+03	0	3.659730e-04
3.070000e+09	1.095347e+12	0.000000e+00	4.773871e-01	1.260299e+14	4.121459e+14	2.015434e+14	1.238280e+04	6.157548e+03	2.035923e+03	0	3.627052e-04
3.080000e+09	1.065625e+12	0.000000e+00	4.773871e-01	1.256956e+14	4.110134e+14	2.010033e+14	1.237840e+04	6.155977e+03	2.035403e+03	0	3.593944e-04
3.090000e+09	1.036053e+12	0.000000e+00	4.773871e-01	1.253628e+14	4.098870e+14	2.004661e+14	1.237401e+04	6.154411e+03	2.034885e+03	0	3.560387e-04
3.100000e+09	1.006630e+12	0.000000e+00	4.773871e-01	1.250317e+14	4.087663e+14	1.999316e+14	1.236963e+04	6.152849e+03	2.034369e+03	0	3.526359e-04
3.110000e+09	9.773555e+11	0.000000e+00	4.773871e-01	1.247020e+14	4.076516e+14	1.993999e+14	1.236527e+04	6.151292e+03	2.033854e+03	0	3.491838e-04
3.120000e+09	9.482275e+11	0.000000e+00	4.773871e-01	1.243740e+14	4.065426e+14	1.988709e+14	1.236091e+04	6.149740e+03	2.033341e+03	0	3.456798e-04
3.130000e+09	9.192454e+11	0.000000e+00	4.773871e-01	1.240475e+14	4.054394e+14	1.983446e+14	1.235657e+04	6.148192e+03	2.032829e+03	0	3.421215e-04
3.140000e+09	8.904081e+11	0.000000e+00	4.773871e-01	1.237225e+14	4.043418e+14	1.978210e+14	1.235224e+04	6.146649e+03	2.032319e+03	0	3.385059e-04
3.150000e+09	8.617147e+11	0.000000e+00	4.773871e-01	1.233991e+14	4.032500e+14	1.973001e+14	1.234792e+04	6.145111e+03	2.031811e+03	0	3.348300e-04
3.160000e+09	8.331642e+11	0.000000e+00	4.773871e-01	1.230772e+14	4.021637e+14	1.967818e+14	1.234361e+04	6.143577e+03	2.031304e+03	0	3.310905e-04
3.170000e+09	8.047555e+11	0.000000e+00	4.773871e-01	1.227567e+14	4.010830e+14	1.962662e+14	1.233932e+04	6.142048e+03	2.030798e+03	0	3.272838e-04
3.180000e+09	7.764877e+11	0.000000e+00	4.773871e-01	1.224378e+14	4.000079e+14	1.957532e+14	1.233503e+04	6.140524e+03	2.030294e+03	0	3.234060e-04
3.190000e+09	7.483598e+11	0.000000e+00	4.773871e-01	1.221204e+14	3.989383e+14	1.952428e+14	1.233076e+04	6.139004e+03	2.029791e+03	0	3.194528e-04
3.200000e+09	7.203709e+11	0.000000e+00	4.773871e-01	1.218044e+14	3.978741e+14	1.947351e+14	1.232650e+04	6.137488e+03	2.029290e+03	0	3.154195e-04
3.210000e+09	6.925199e+11	0.000000e+00	4.773871e-01	1.214899e+14	3.968153e+14	1.942298e+14	1.232224e+04	6.135977e+03	2.028791e+03	0	3.113011e-04
3.220000e+09	6.648060e+11	0.000000e+00	4.773871e-01	1.211768e+14	3.957619e+14	1.937272e+14	1.231800e+04	6.134470e+03	2.028292e+03	0	3.070918e-04
3.230000e+09	6.372282e+11	0.000000e+00	4.773871e-01	1.208652e+14	3.947138e+14	1.932270e+14	1.231377e+04	6.132968e+03	2.027796e+03	0	3.027853e-04
3.240000e+09	6.097855e+11	0.000000e+00	4.773871e-01	1.205551e+14	3.936710e+14	1.927294e+14	1.230955e+04	6.131470e+03	2.027300e+03	0	2.983749e-04
3.250000e+09	5.824771e+11	0.000000e+00	4.773871e-01	1.202463e+14	3.926335e+14	1.922343e+14	1.230534e+04	6.129976e+03	2.026807e+03	0	2.938526e-04
3.260000e+09	5.553020e+11	0.000000e+00	4.773871e-01	1.199390e+14	3.916012e+14	1.917417e+14	1.230115e+04	6.128487e+03	2.026314e+03	0	2.892098e-04
3.270000e+09	5.282594e+11	0.000000e+00	4.773871e-01	1.196331e+14	3.905741e+14	1.912516e+14	1.229696e+04	6.127002e+03	2.025823e+03	0	2.844367e-04
3.280000e+09	5.013483e+11	0.000000e+00	4.773871e-01	1.193286e+14	3.895521e+14	1.907639e+14	1.229278e+04	6.125522e+03	2.025334e+03	0	2.795222e-04
3.290000e+09	4.745678e+11	0.000000e+00	4.773871e-01	1.190254e+14	3.885352e+14	1.902787e+14	1.228862e+04	6.124045e+03	2.024845e+03	0	2.744538e-04
3.300000e+09	4.479171e+11	0.000000e+00	4.773871e-01	1.187237e+14	3.875234e+14	1.897959e+14	1.228446e+04	6.122573e+03	2.024359e+03	0	2.692170e-04
3.310000e+09	4.213953e+11	0.000000e+00	4.773871e-01	1.184233e+14	3.865166e+14	1.893155e+14	1.228032e+04	6.121105e+03	2.023873e+03	0	2.637949e-04
3.320000e+09	3.950015e+11	0.000000e+00	4.773871e-01	1.181243e+14	3.855147e+14	1.888374e+14	1.227618e+04	6.119641e+03	2.023389e+03	0	2.581682e-04
3.330000e+09	3.687349e+11	0.000000e+00	4.773871e-01	1.178266e+14	3.845179e+14	1.883618e+14	1.227206e+04	6.118182e+03	2.022907e+03	0	2.523140e-04
3.340000e+09	3.425946e+11	0.000000e+00	4.773871e-01	1.175303e+14	3.835260e+14	1.878885e+14	1.226795e+04	6.116726e+03	2.022426e+03	0	2.462049e-04
3.350000e+09	3.165797e+11	0.000000e+00	4.773871e-01	1.172353e+14	3.825389e+14	1.874176e+14	1.226384e+04	6.115275e+03	2.021946e+03	0	2.398083e-04
3.360000e+09	2.906895e+11	0.000000e+00	4.773871e-01	1.169416e+14	3.815567e+14	1.869490e+14	1.225975e+04	6.113828e+03	2.021467e+03	0	2.330843e-04
3.370000e+09	2.649231e+11	0.000000e+00	4.773871e-01	1.166493e+14	3.805793e+14	1.864827e+14	1.225567e+04	6.112385e+03	2.020990e+03	0	2.259834e-04
3.380000e+09	2.392797e+11	0.000000e+00	4.773871e-01	1.163582e+14	3.796067e+14	1.860187e+14	1.225159e+04	6.110946e+03	2.020514e+03	0	2.184432e-04
3.390000e+09	2.137585e+11	0.000000e+00	4.773871e-01	1.160685e+14	3.786389e+14	1.855570e+14	1.224753e+04	6.109511e+03	2.020040e+03	0	2.103832e-04
3.400000e+09	1.883586e+11	0.000000e+00	4.773871e-01	1.157800e+14	3.776757e+14	1.850976e+14	1.224348e+04	6.108080e+03	2.019567e+03	0	2.016965e-04
3.410000e+09	1.630793e+11	0.000000e+00	4.773871e-01	1.154929e+14	3.767173e+14	1.846404e+14	1.223944e+04	6.106653e+03	2.019095e+03	0	1.922366e-04
3.420000e+09	1.379198e+11	0.000000e+00	4.773871e-01	1.152070e+14	3.757634e+14	1.841855e+14	1.223541e+04	6.105230e+03	2.018624e+03	0	1.817936e-04
3.430000e+09	1.128792e+11	0.000000e+00	4.773871e-01	1.149224e+14	3.748142e+14	1.837328e+14	1.223138e+04	6.103810e+03	2.018155e+03	0	1.700492e-04
3.440000e+09	8.795687e+10	0.000000e+00	4.773871e-01	1.146390e+14	3.738696e+14	1.832823e+14	1.222737e+04	6.102395e+03	2.017687e+03	0	1.564803e-04
3.450000e+09	6.315196e+10	0.000000e+00	4.773871e-01	1.143569e+14	3.729295e+14	1.828340e+14	1.222337e+04	6.100984e+03	2.017221e+03	0	1.401196e-04
3.460000e+09	3.846371e+10	0.000000e+00	4.773871e-01	1.140760e+14	3.719940e+14	1.823878e+14	1.221938e+04	6.099577e+03	2.016755e+03	0	1.187737e-04
3.470000e+09	1.389137e+10	0.000000e+00	4.773871e-01	1.137964e+14	3.710629e+14	1.819439e+14	1.221539e+04	6.098173e+03	2.016291e+03	0	8.458335e-05
3.480000e+09	-1.056582e+10	0.000000e+00	4.773871e-01	1.135180e+14	3.701363e+14	1.815021e+14	1.221142e+04	6.096774e+03	2.015828e+03	0	-nan
