#t		Qconv[W]	Ri[Rp]		R*[Rp]		Qc[W]		Qm[W]		Qr[W]		Tcmb[K]		Tl[K]		Tup[K]		RiFlag		Bs[T]
0.000000e+00	1.339356e+13	0.000000e+00	6.025642e-01	2.341808e+14	8.157061e+13	2.075494e+14	8.486643e+03	3.929381e+03	2.464272e+03	0	7.647581e-04
1.000000e+07	1.328411e+13	0.000000e+00	6.025642e-01	2.326343e+14	8.393847e+13	2.063994e+14	8.470516e+03	3.946173e+03	2.474803e+03	0	7.626693e-04
2.000000e+07	1.317439e+13	0.000000e+00	6.025642e-01	2.310850e+14	8.632369e+13	2.052581e+14	8.454494e+03	3.962728e+03	2.485185e+03	0	7.605637e-04
3.000000e+07	1.306444e+13	0.000000e+00	6.025642e-01	2.295334e+14	8.872470e+13	2.041252e+14	8.438580e+03	3.979045e+03	2.495418e+03	0	7.584421e-04
4.000000e+07	1.295431e+13	0.000000e+00	6.025642e-01	2.279802e+14	9.113996e+13	2.030008e+14	8.422771e+03	3.995123e+03	2.505501e+03	0	7.563048e-04
5.000000e+07	1.284403e+13	0.000000e+00	6.025642e-01	2.264257e+14	9.356788e+13	2.018848e+14	8.407070e+03	4.010963e+03	2.515435e+03	0	7.541526e-04
6.000000e+07	1.273365e+13	0.000000e+00	6.025642e-01	2.248707e+14	9.600686e+13	2.007771e+14	8.391475e+03	4.026563e+03	2.525219e+03	0	7.519859e-04
7.000000e+07	1.262320e+13	0.000000e+00	6.025642e-01	2.233154e+14	9.845531e+13	1.996777e+14	8.375987e+03	4.041925e+03	2.534853e+03	0	7.498054e-04
8.000000e+07	1.251272e+13	0.000000e+00	6.025642e-01	2.217606e+14	1.009116e+14	1.985864e+14	8.360605e+03	4.057047e+03	2.544337e+03	0	7.476115e-04
9.000000e+07	1.240225e+13	0.000000e+00	6.025642e-01	2.202065e+14	1.033742e+14	1.975033e+14	8.345331e+03	4.071931e+03	2.553671e+03	0	7.454049e-04
1.000000e+08	1.229182e+13	0.000000e+00	6.025642e-01	2.186538e+14	1.058414e+14	1.964282e+14	8.330163e+03	4.086575e+03	2.562855e+03	0	7.431860e-04
1.100000e+08	1.218148e+13	0.000000e+00	6.025642e-01	2.171030e+14	1.083116e+14	1.953611e+14	8.315102e+03	4.100981e+03	2.571889e+03	0	7.409554e-04
1.200000e+08	1.207125e+13	0.000000e+00	6.025642e-01	2.155544e+14	1.107833e+14	1.943019e+14	8.300147e+03	4.115149e+03	2.580775e+03	0	7.387138e-04
1.300000e+08	1.196118e+13	0.000000e+00	6.025642e-01	2.140085e+14	1.132549e+14	1.932505e+14	8.285299e+03	4.129079e+03	2.589511e+03	0	7.364615e-04
1.400000e+08	1.185129e+13	0.000000e+00	6.025642e-01	2.124657e+14	1.157248e+14	1.922069e+14	8.270557e+03	4.142772e+03	2.598098e+03	0	7.341992e-04
1.500000e+08	1.174161e+13	0.000000e+00	6.025642e-01	2.109266e+14	1.181915e+14	1.911710e+14	8.255921e+03	4.156228e+03	2.606537e+03	0	7.319274e-04
1.600000e+08	1.163219e+13	0.000000e+00	6.025642e-01	2.093914e+14	1.206534e+14	1.901428e+14	8.241390e+03	4.169448e+03	2.614827e+03	0	7.296467e-04
1.700000e+08	1.152305e+13	0.000000e+00	6.025642e-01	2.078607e+14	1.231090e+14	1.891222e+14	8.226965e+03	4.182433e+03	2.622971e+03	0	7.273574e-04
1.800000e+08	1.141421e+13	0.000000e+00	6.025642e-01	2.063347e+14	1.255568e+14	1.881091e+14	8.212646e+03	4.195183e+03	2.630967e+03	0	7.250603e-04
1.900000e+08	1.130572e+13	0.000000e+00	6.025642e-01	2.048140e+14	1.279954e+14	1.871034e+14	8.198431e+03	4.207701e+03	2.638817e+03	0	7.227557e-04
2.000000e+08	1.119759e+13	0.000000e+00	6.025642e-01	2.032987e+14	1.304233e+14	1.861052e+14	8.184320e+03	4.219986e+03	2.646522e+03	0	7.204442e-04
2.100000e+08	1.108986e+13	0.000000e+00	6.025642e-01	2.017894e+14	1.328391e+14	1.851142e+14	8.170314e+03	4.232040e+03	2.654082e+03	0	7.181263e-04
2.200000e+08	1.098255e+13	0.000000e+00	6.025642e-01	2.002863e+14	1.352414e+14	1.841306e+14	8.156411e+03	4.243864e+03	2.661497e+03	0	7.158025e-04
2.300000e+08	1.087569e+13	0.000000e+00	6.025642e-01	1.987897e+14	1.376290e+14	1.831542e+14	8.142612e+03	4.255460e+03	2.668769e+03	0	7.134732e-04
2.400000e+08	1.076930e+13	0.000000e+00	6.025642e-01	1.973001e+14	1.400004e+14	1.821849e+14	8.128915e+03	4.266829e+03	2.675899e+03	0	7.111391e-04
2.500000e+08	1.066340e+13	0.000000e+00	6.025642e-01	1.958176e+14	1.423545e+14	1.812228e+14	8.115321e+03	4.277972e+03	2.682887e+03	0	7.088004e-04
2.600000e+08	1.055801e+13	0.000000e+00	6.025642e-01	1.943426e+14	1.446899e+14	1.802677e+14	8.101829e+03	4.288890e+03	2.689734e+03	0	7.064577e-04
2.700000e+08	1.045317e+13	0.000000e+00	6.025642e-01	1.928754e+14	1.470056e+14	1.793195e+14	8.088438e+03	4.299586e+03	2.696442e+03	0	7.041115e-04
2.800000e+08	1.034888e+13	0.000000e+00	6.025642e-01	1.914162e+14	1.493003e+14	1.783783e+14	8.075148e+03	4.310061e+03	2.703012e+03	0	7.017622e-04
2.900000e+08	1.024518e+13	0.000000e+00	6.025642e-01	1.899652e+14	1.515729e+14	1.774440e+14	8.061958e+03	4.320317e+03	2.709443e+03	0	6.994102e-04
3.000000e+08	1.014207e+13	0.000000e+00	6.025642e-01	1.885228e+14	1.538225e+14	1.765165e+14	8.048868e+03	4.330355e+03	2.715739e+03	0	6.970559e-04
3.100000e+08	1.003957e+13	0.000000e+00	6.025642e-01	1.870891e+14	1.560478e+14	1.755957e+14	8.035877e+03	4.340177e+03	2.721899e+03	0	6.946998e-04
3.200000e+08	9.937712e+12	0.000000e+00	6.025642e-01	1.856644e+14	1.582480e+14	1.746816e+14	8.022984e+03	4.349785e+03	2.727924e+03	0	6.923424e-04
3.300000e+08	9.836498e+12	0.000000e+00	6.025642e-01	1.842489e+14	1.604221e+14	1.737742e+14	8.010190e+03	4.359182e+03	2.733817e+03	0	6.899839e-04
3.400000e+08	9.735947e+12	0.000000e+00	6.025642e-01	1.828428e+14	1.625692e+14	1.728734e+14	7.997493e+03	4.368369e+03	2.739579e+03	0	6.876248e-04
3.500000e+08	9.636075e+12	0.000000e+00	6.025642e-01	1.814462e+14	1.646885e+14	1.719791e+14	7.984892e+03	4.377348e+03	2.745210e+03	0	6.852654e-04
3.600000e+08	9.536893e+12	0.000000e+00	6.025642e-01	1.800593e+14	1.667792e+14	1.710913e+14	7.972387e+03	4.386121e+03	2.750712e+03	0	6.829062e-04
3.700000e+08	9.438415e+12	0.000000e+00	6.025642e-01	1.786823e+14	1.688405e+14	1.702099e+14	7.959978e+03	4.394690e+03	2.756086e+03	0	6.805475e-04
3.800000e+08	9.340652e+12	0.000000e+00	6.025642e-01	1.773154e+14	1.708716e+14	1.693349e+14	7.947663e+03	4.403058e+03	2.761334e+03	0	6.781897e-04
3.900000e+08	9.243616e+12	0.000000e+00	6.025642e-01	1.759586e+14	1.728720e+14	1.684662e+14	7.935443e+03	4.411226e+03	2.766456e+03	0	6.758330e-04
4.000000e+08	9.147317e+12	0.000000e+00	6.025642e-01	1.746121e+14	1.748410e+14	1.676038e+14	7.923315e+03	4.419197e+03	2.771455e+03	0	6.734779e-04
4.100000e+08	9.051764e+12	0.000000e+00	6.025642e-01	1.732761e+14	1.767779e+14	1.667476e+14	7.911281e+03	4.426974e+03	2.776332e+03	0	6.711246e-04
4.200000e+08	8.956965e+12	0.000000e+00	6.025642e-01	1.719506e+14	1.786824e+14	1.658976e+14	7.899338e+03	4.434558e+03	2.781089e+03	0	6.687735e-04
4.300000e+08	8.862929e+12	0.000000e+00	6.025642e-01	1.706357e+14	1.805538e+14	1.650537e+14	7.887486e+03	4.441951e+03	2.785725e+03	0	6.664249e-04
4.400000e+08	8.769663e+12	0.000000e+00	6.025642e-01	1.693315e+14	1.823917e+14	1.642159e+14	7.875724e+03	4.449157e+03	2.790244e+03	0	6.640790e-04
4.500000e+08	8.677173e+12	0.000000e+00	6.025642e-01	1.680381e+14	1.841958e+14	1.633841e+14	7.864053e+03	4.456177e+03	2.794647e+03	0	6.617362e-04
4.600000e+08	8.585466e+12	0.000000e+00	6.025642e-01	1.667556e+14	1.859655e+14	1.625582e+14	7.852470e+03	4.463015e+03	2.798935e+03	0	6.593966e-04
4.700000e+08	8.494545e+12	0.000000e+00	6.025642e-01	1.654841e+14	1.877007e+14	1.617383e+14	7.840975e+03	4.469671e+03	2.803109e+03	0	6.570607e-04
4.800000e+08	8.404416e+12	0.000000e+00	6.025642e-01	1.642235e+14	1.894010e+14	1.609243e+14	7.829568e+03	4.476149e+03	2.807172e+03	0	6.547286e-04
4.900000e+08	8.315083e+12	0.000000e+00	6.025642e-01	1.629739e+14	1.910661e+14	1.601161e+14	7.818247e+03	4.482451e+03	2.811124e+03	0	6.524005e-04
5.000000e+08	8.226549e+12	0.000000e+00	6.025642e-01	1.617354e+14	1.926958e+14	1.593137e+14	7.807013e+03	4.488580e+03	2.814968e+03	0	6.500768e-04
5.100000e+08	8.138816e+12	0.000000e+00	6.025642e-01	1.605080e+14	1.942900e+14	1.585170e+14	7.795863e+03	4.494537e+03	2.818704e+03	0	6.477576e-04
5.200000e+08	8.051887e+12	0.000000e+00	6.025642e-01	1.592918e+14	1.958486e+14	1.577260e+14	7.784798e+03	4.500326e+03	2.822335e+03	0	6.454431e-04
5.300000e+08	7.965763e+12	0.000000e+00	6.025642e-01	1.580866e+14	1.973713e+14	1.569406e+14	7.773817e+03	4.505949e+03	2.825861e+03	0	6.431336e-04
5.400000e+08	7.880446e+12	0.000000e+00	6.025642e-01	1.568927e+14	1.988581e+14	1.561608e+14	7.762918e+03	4.511409e+03	2.829285e+03	0	6.408293e-04
5.500000e+08	7.795935e+12	0.000000e+00	6.025642e-01	1.557098e+14	2.003091e+14	1.553866e+14	7.752102e+03	4.516707e+03	2.832607e+03	0	6.385303e-04
5.600000e+08	7.712231e+12	0.000000e+00	6.025642e-01	1.545381e+14	2.017241e+14	1.546179e+14	7.741367e+03	4.521846e+03	2.835831e+03	0	6.362368e-04
5.700000e+08	7.629335e+12	0.000000e+00	6.025642e-01	1.533776e+14	2.031032e+14	1.538546e+14	7.730712e+03	4.526829e+03	2.838956e+03	0	6.339490e-04
5.800000e+08	7.547244e+12	0.000000e+00	6.025642e-01	1.522281e+14	2.044465e+14	1.530968e+14	7.720138e+03	4.531659e+03	2.841984e+03	0	6.316671e-04
5.900000e+08	7.465957e+12	0.000000e+00	6.025642e-01	1.510898e+14	2.057540e+14	1.523443e+14	7.709642e+03	4.536337e+03	2.844918e+03	0	6.293911e-04
6.000000e+08	7.385474e+12	0.000000e+00	6.025642e-01	1.499625e+14	2.070258e+14	1.515971e+14	7.699225e+03	4.540866e+03	2.847759e+03	0	6.271213e-04
6.100000e+08	7.305791e+12	0.000000e+00	6.025642e-01	1.488463e+14	2.082620e+14	1.508553e+14	7.688885e+03	4.545249e+03	2.850507e+03	0	6.248578e-04
6.200000e+08	7.226907e+12	0.000000e+00	6.025642e-01	1.477410e+14	2.094629e+14	1.501186e+14	7.678622e+03	4.549487e+03	2.853166e+03	0	6.226007e-04
6.300000e+08	7.148819e+12	0.000000e+00	6.025642e-01	1.466468e+14	2.106285e+14	1.493872e+14	7.668435e+03	4.553585e+03	2.855735e+03	0	6.203501e-04
6.400000e+08	7.071524e+12	0.000000e+00	6.025642e-01	1.455634e+14	2.117591e+14	1.486610e+14	7.658323e+03	4.557542e+03	2.858217e+03	0	6.181062e-04
6.500000e+08	6.995018e+12	0.000000e+00	6.025642e-01	1.444909e+14	2.128549e+14	1.479398e+14	7.648286e+03	4.561364e+03	2.860613e+03	0	6.158691e-04
6.600000e+08	6.919298e+12	0.000000e+00	6.025642e-01	1.434292e+14	2.139162e+14	1.472237e+14	7.638323e+03	4.565050e+03	2.862925e+03	0	6.136388e-04
6.700000e+08	6.844360e+12	0.000000e+00	6.025642e-01	1.423783e+14	2.149432e+14	1.465127e+14	7.628433e+03	4.568605e+03	2.865155e+03	0	6.114154e-04
6.800000e+08	6.770199e+12	0.000000e+00	6.025642e-01	1.413381e+14	2.159361e+14	1.458067e+14	7.618615e+03	4.572029e+03	2.867302e+03	0	6.091991e-04
6.900000e+08	6.696811e+12	0.000000e+00	6.025642e-01	1.403085e+14	2.168953e+14	1.451056e+14	7.608868e+03	4.575327e+03	2.869370e+03	0	6.069899e-04
7.000000e+08	6.624192e+12	0.000000e+00	6.025642e-01	1.392895e+14	2.178212e+14	1.444094e+14	7.599192e+03	4.578499e+03	2.871360e+03	0	6.047879e-04
7.100000e+08	6.552336e+12	0.000000e+00	6.025642e-01	1.382809e+14	2.187139e+14	1.437181e+14	7.589587e+03	4.581548e+03	2.873272e+03	0	6.025931e-04
7.200000e+08	6.481238e+12	0.000000e+00	6.025642e-01	1.372828e+14	2.195739e+14	1.430316e+14	7.580051e+03	4.584477e+03	2.875109e+03	0	6.004056e-04
7.300000e+08	6.410894e+12	0.000000e+00	6.025642e-01	1.362950e+14	2.204015e+14	1.423500e+14	7.570583e+03	4.587288e+03	2.876871e+03	0	5.982256e-04
7.400000e+08	6.341297e+12	0.000000e+00	6.025642e-01	1.353175e+14	2.211971e+14	1.416730e+14	7.561184e+03	4.589982e+03	2.878561e+03	0	5.960529e-04
7.500000e+08	6.272441e+12	0.000000e+00	6.025642e-01	1.343502e+14	2.219611e+14	1.410009e+14	7.551851e+03	4.592562e+03	2.880179e+03	0	5.938877e-04
7.600000e+08	6.204322e+12	0.000000e+00	6.025642e-01	1.333930e+14	2.226938e+14	1.403333e+14	7.542586e+03	4.595031e+03	2.881728e+03	0	5.917299e-04
7.700000e+08	6.136933e+12	0.000000e+00	6.025642e-01	1.324459e+14	2.233956e+14	1.396705e+14	7.533386e+03	4.597390e+03	2.883207e+03	0	5.895797e-04
7.800000e+08	6.070267e+12	0.000000e+00	6.025642e-01	1.315087e+14	2.240670e+14	1.390122e+14	7.524251e+03	4.599641e+03	2.884619e+03	0	5.874371e-04
7.900000e+08	6.004320e+12	0.000000e+00	6.025642e-01	1.305813e+14	2.247084e+14	1.383585e+14	7.515181e+03	4.601787e+03	2.885965e+03	0	5.853020e-04
8.000000e+08	5.939083e+12	0.000000e+00	6.025642e-01	1.296637e+14	2.253201e+14	1.377094e+14	7.506175e+03	4.603830e+03	2.887246e+03	0	5.831746e-04
8.100000e+08	5.874552e+12	0.000000e+00	6.025642e-01	1.287558e+14	2.259027e+14	1.370647e+14	7.497231e+03	4.605772e+03	2.888463e+03	0	5.810547e-04
8.200000e+08	5.810719e+12	0.000000e+00	6.025642e-01	1.278574e+14	2.264565e+14	1.364245e+14	7.488351e+03	4.607614e+03	2.889619e+03	0	5.789425e-04
8.300000e+08	5.747578e+12	0.000000e+00	6.025642e-01	1.269686e+14	2.269820e+14	1.357888e+14	7.479532e+03	4.609359e+03	2.890713e+03	0	5.768378e-04
8.400000e+08	5.685123e+12	0.000000e+00	6.025642e-01	1.260892e+14	2.274797e+14	1.351574e+14	7.470774e+03	4.611008e+03	2.891748e+03	0	5.747408e-04
8.500000e+08	5.623345e+12	0.000000e+00	6.025642e-01	1.252191e+14	2.279499e+14	1.345304e+14	7.462077e+03	4.612565e+03	2.892724e+03	0	5.726514e-04
8.600000e+08	5.562240e+12	0.000000e+00	6.025642e-01	1.243582e+14	2.283932e+14	1.339077e+14	7.453440e+03	4.614029e+03	2.893642e+03	0	5.705697e-04
8.700000e+08	5.501799e+12	0.000000e+00	6.025642e-01	1.235064e+14	2.288099e+14	1.332892e+14	7.444861e+03	4.615405e+03	2.894505e+03	0	5.684955e-04
8.800000e+08	5.442016e+12	0.000000e+00	6.025642e-01	1.226637e+14	2.292006e+14	1.326751e+14	7.436342e+03	4.616692e+03	2.895312e+03	0	5.664289e-04
8.900000e+08	5.382885e+12	0.000000e+00	6.025642e-01	1.218299e+14	2.295657e+14	1.320652e+14	7.427881e+03	4.617894e+03	2.896066e+03	0	5.643698e-04
9.000000e+08	5.324397e+12	0.000000e+00	6.025642e-01	1.210050e+14	2.299057e+14	1.314594e+14	7.419476e+03	4.619012e+03	2.896767e+03	0	5.623184e-04
9.100000e+08	5.266547e+12	0.000000e+00	6.025642e-01	1.201888e+14	2.302209e+14	1.308578e+14	7.411129e+03	4.620047e+03	2.897416e+03	0	5.602744e-04
9.200000e+08	5.209328e+12	0.000000e+00	6.025642e-01	1.193812e+14	2.305119e+14	1.302603e+14	7.402838e+03	4.621002e+03	2.898015e+03	0	5.582379e-04
9.300000e+08	5.152731e+12	0.000000e+00	6.025642e-01	1.185823e+14	2.307791e+14	1.296669e+14	7.394603e+03	4.621878e+03	2.898565e+03	0	5.562089e-04
9.400000e+08	5.096751e+12	0.000000e+00	6.025642e-01	1.177917e+14	2.310230e+14	1.290776e+14	7.386422e+03	4.622677e+03	2.899066e+03	0	5.541873e-04
9.500000e+08	5.041381e+12	0.000000e+00	6.025642e-01	1.170096e+14	2.312441e+14	1.284923e+14	7.378296e+03	4.623401e+03	2.899519e+03	0	5.521731e-04
9.600000e+08	4.986613e+12	0.000000e+00	6.025642e-01	1.162357e+14	2.314427e+14	1.279109e+14	7.370224e+03	4.624050e+03	2.899927e+03	0	5.501663e-04
9.700000e+08	4.932440e+12	0.000000e+00	6.025642e-01	1.154700e+14	2.316194e+14	1.273336e+14	7.362205e+03	4.624628e+03	2.900289e+03	0	5.481668e-04
9.800000e+08	4.878856e+12	0.000000e+00	6.025642e-01	1.147124e+14	2.317745e+14	1.267602e+14	7.354238e+03	4.625135e+03	2.900607e+03	0	5.461745e-04
9.900000e+08	4.825854e+12	0.000000e+00	6.025642e-01	1.139628e+14	2.319086e+14	1.261906e+14	7.346324e+03	4.625572e+03	2.900881e+03	0	5.441895e-04
1.000000e+09	4.773427e+12	0.000000e+00	6.025642e-01	1.132210e+14	2.320220e+14	1.256249e+14	7.338462e+03	4.625943e+03	2.901114e+03	0	5.422117e-04
1.010000e+09	4.721568e+12	0.000000e+00	6.025642e-01	1.124871e+14	2.321153e+14	1.250631e+14	7.330650e+03	4.626247e+03	2.901305e+03	0	5.402410e-04
1.020000e+09	4.670271e+12	0.000000e+00	6.025642e-01	1.117609e+14	2.321888e+14	1.245051e+14	7.322889e+03	4.626487e+03	2.901455e+03	0	5.382774e-04
1.030000e+09	4.619528e+12	0.000000e+00	6.025642e-01	1.110423e+14	2.322429e+14	1.239508e+14	7.315178e+03	4.626664e+03	2.901566e+03	0	5.363208e-04
1.040000e+09	4.569332e+12	0.000000e+00	6.025642e-01	1.103312e+14	2.322783e+14	1.234003e+14	7.307517e+03	4.626779e+03	2.901638e+03	0	5.343712e-04
1.050000e+09	4.519678e+12	0.000000e+00	6.025642e-01	1.096275e+14	2.322951e+14	1.228535e+14	7.299905e+03	4.626834e+03	2.901672e+03	0	5.324285e-04
1.060000e+09	4.470559e+12	0.000000e+00	6.025642e-01	1.089312e+14	2.322938e+14	1.223104e+14	7.292340e+03	4.626830e+03	2.901670e+03	0	5.304926e-04
1.070000e+09	4.421967e+12	0.000000e+00	6.025642e-01	1.082422e+14	2.322750e+14	1.217710e+14	7.284824e+03	4.626768e+03	2.901631e+03	0	5.285636e-04
1.080000e+09	4.373897e+12	0.000000e+00	6.025642e-01	1.075603e+14	2.322389e+14	1.212352e+14	7.277356e+03	4.626650e+03	2.901557e+03	0	5.266413e-04
1.090000e+09	4.326341e+12	0.000000e+00	6.025642e-01	1.068855e+14	2.321859e+14	1.207030e+14	7.269934e+03	4.626478e+03	2.901449e+03	0	5.247257e-04
1.100000e+09	4.279294e+12	0.000000e+00	6.025642e-01	1.062176e+14	2.321166e+14	1.201743e+14	7.262559e+03	4.626251e+03	2.901307e+03	0	5.228167e-04
1.110000e+09	4.232749e+12	0.000000e+00	6.025642e-01	1.055567e+14	2.320312e+14	1.196492e+14	7.255230e+03	4.625973e+03	2.901133e+03	0	5.209143e-04
1.120000e+09	4.186700e+12	0.000000e+00	6.025642e-01	1.049026e+14	2.319303e+14	1.191277e+14	7.247946e+03	4.625643e+03	2.900926e+03	0	5.190184e-04
1.130000e+09	4.141141e+12	0.000000e+00	6.025642e-01	1.042552e+14	2.318140e+14	1.186096e+14	7.240707e+03	4.625264e+03	2.900688e+03	0	5.171288e-04
1.140000e+09	4.096064e+12	0.000000e+00	6.025642e-01	1.036145e+14	2.316829e+14	1.180949e+14	7.233513e+03	4.624835e+03	2.900419e+03	0	5.152457e-04
1.150000e+09	4.051465e+12	0.000000e+00	6.025642e-01	1.029803e+14	2.315373e+14	1.175838e+14	7.226363e+03	4.624359e+03	2.900121e+03	0	5.133688e-04
1.160000e+09	4.007337e+12	0.000000e+00	6.025642e-01	1.023526e+14	2.313775e+14	1.170760e+14	7.219257e+03	4.623837e+03	2.899793e+03	0	5.114981e-04
1.170000e+09	3.963674e+12	0.000000e+00	6.025642e-01	1.017314e+14	2.312040e+14	1.165716e+14	7.212193e+03	4.623270e+03	2.899437e+03	0	5.096336e-04
1.180000e+09	3.920470e+12	0.000000e+00	6.025642e-01	1.011164e+14	2.310171e+14	1.160706e+14	7.205173e+03	4.622658e+03	2.899053e+03	0	5.077752e-04
1.190000e+09	3.877719e+12	0.000000e+00	6.025642e-01	1.005076e+14	2.308172e+14	1.155729e+14	7.198195e+03	4.622003e+03	2.898643e+03	0	5.059228e-04
1.200000e+09	3.835416e+12	0.000000e+00	6.025642e-01	9.990504e+13	2.306044e+14	1.150785e+14	7.191259e+03	4.621306e+03	2.898206e+03	0	5.040763e-04
1.210000e+09	3.793554e+12	0.000000e+00	6.025642e-01	9.930853e+13	2.303794e+14	1.145873e+14	7.184365e+03	4.620567e+03	2.897743e+03	0	5.022356e-04
1.220000e+09	3.752128e+12	0.000000e+00	6.025642e-01	9.871802e+13	2.301423e+14	1.140995e+14	7.177511e+03	4.619789e+03	2.897255e+03	0	5.004008e-04
1.230000e+09	3.711133e+12	0.000000e+00	6.025642e-01	9.813343e+13	2.298935e+14	1.136148e+14	7.170698e+03	4.618972e+03	2.896742e+03	0	4.985717e-04
1.240000e+09	3.670562e+12	0.000000e+00	6.025642e-01	9.755469e+13	2.296333e+14	1.131334e+14	7.163926e+03	4.618117e+03	2.896206e+03	0	4.967482e-04
1.250000e+09	3.630410e+12	0.000000e+00	6.025642e-01	9.698172e+13	2.293621e+14	1.126551e+14	7.157193e+03	4.617224e+03	2.895646e+03	0	4.949303e-04
1.260000e+09	3.590673e+12	0.000000e+00	6.025642e-01	9.641445e+13	2.290801e+14	1.121800e+14	7.150500e+03	4.616295e+03	2.895063e+03	0	4.931178e-04
1.270000e+09	3.551343e+12	0.000000e+00	6.025642e-01	9.585280e+13	2.287877e+14	1.117080e+14	7.143846e+03	4.615331e+03	2.894459e+03	0	4.913108e-04
1.280000e+09	3.512417e+12	0.000000e+00	6.025642e-01	9.529671e+13	2.284851e+14	1.112392e+14	7.137230e+03	4.614333e+03	2.893833e+03	0	4.895091e-04
1.290000e+09	3.473888e+12	0.000000e+00	6.025642e-01	9.474610e+13	2.281726e+14	1.107734e+14	7.130653e+03	4.613301e+03	2.893185e+03	0	4.877127e-04
1.300000e+09	3.435753e+12	0.000000e+00	6.025642e-01	9.420090e+13	2.278506e+14	1.103106e+14	7.124114e+03	4.612236e+03	2.892518e+03	0	4.859214e-04
1.310000e+09	3.398005e+12	0.000000e+00	6.025642e-01	9.366104e+13	2.275194e+14	1.098509e+14	7.117612e+03	4.611140e+03	2.891830e+03	0	4.841353e-04
1.320000e+09	3.360639e+12	0.000000e+00	6.025642e-01	9.312646e+13	2.271791e+14	1.093943e+14	7.111148e+03	4.610012e+03	2.891123e+03	0	4.823542e-04
1.330000e+09	3.323651e+12	0.000000e+00	6.025642e-01	9.259708e+13	2.268301e+14	1.089405e+14	7.104720e+03	4.608854e+03	2.890397e+03	0	4.805780e-04
1.340000e+09	3.287036e+12	0.000000e+00	6.025642e-01	9.207284e+13	2.264726e+14	1.084898e+14	7.098329e+03	4.607667e+03	2.889652e+03	0	4.788067e-04
1.350000e+09	3.250789e+12	0.000000e+00	6.025642e-01	9.155368e+13	2.261069e+14	1.080420e+14	7.091974e+03	4.606451e+03	2.888890e+03	0	4.770402e-04
1.360000e+09	3.214905e+12	0.000000e+00	6.025642e-01	9.103952e+13	2.257333e+14	1.075971e+14	7.085655e+03	4.605207e+03	2.888110e+03	0	4.752785e-04
1.370000e+09	3.179379e+12	0.000000e+00	6.025642e-01	9.053031e+13	2.253520e+14	1.071552e+14	7.079371e+03	4.603936e+03	2.887313e+03	0	4.735213e-04
1.380000e+09	3.144207e+12	0.000000e+00	6.025642e-01	9.002597e+13	2.249633e+14	1.067160e+14	7.073122e+03	4.602639e+03	2.886499e+03	0	4.717687e-04
1.390000e+09	3.109384e+12	0.000000e+00	6.025642e-01	8.952646e+13	2.245673e+14	1.062798e+14	7.066908e+03	4.601316e+03	2.885669e+03	0	4.700206e-04
1.400000e+09	3.074905e+12	0.000000e+00	6.025642e-01	8.903170e+13	2.241644e+14	1.058464e+14	7.060728e+03	4.599968e+03	2.884824e+03	0	4.682768e-04
1.410000e+09	3.040767e+12	0.000000e+00	6.025642e-01	8.854164e+13	2.237548e+14	1.054157e+14	7.054583e+03	4.598595e+03	2.883963e+03	0	4.665374e-04
1.420000e+09	3.006965e+12	0.000000e+00	6.025642e-01	8.805621e+13	2.233386e+14	1.049879e+14	7.048471e+03	4.597198e+03	2.883087e+03	0	4.648022e-04
1.430000e+09	2.973494e+12	0.000000e+00	6.025642e-01	8.757537e+13	2.229162e+14	1.045629e+14	7.042392e+03	4.595779e+03	2.882197e+03	0	4.630712e-04
1.440000e+09	2.940350e+12	0.000000e+00	6.025642e-01	8.709904e+13	2.224877e+14	1.041405e+14	7.036347e+03	4.594337e+03	2.881293e+03	0	4.613443e-04
1.450000e+09	2.907529e+12	0.000000e+00	6.025642e-01	8.662717e+13	2.220533e+14	1.037209e+14	7.030335e+03	4.592873e+03	2.880375e+03	0	4.596213e-04
1.460000e+09	2.875027e+12	0.000000e+00	6.025642e-01	8.615970e+13	2.216133e+14	1.033040e+14	7.024355e+03	4.591388e+03	2.879443e+03	0	4.579022e-04
1.470000e+09	2.842840e+12	0.000000e+00	6.025642e-01	8.569659e+13	2.211678e+14	1.028898e+14	7.018407e+03	4.589883e+03	2.878499e+03	0	4.561870e-04
1.480000e+09	2.810964e+12	0.000000e+00	6.025642e-01	8.523777e+13	2.207171e+14	1.024783e+14	7.012491e+03	4.588357e+03	2.877542e+03	0	4.544755e-04
1.490000e+09	2.779394e+12	0.000000e+00	6.025642e-01	8.478319e+13	2.202614e+14	1.020694e+14	7.006607e+03	4.586812e+03	2.876573e+03	0	4.527677e-04
1.500000e+09	2.748127e+12	0.000000e+00	6.025642e-01	8.433280e+13	2.198007e+14	1.016631e+14	7.000754e+03	4.585248e+03	2.875592e+03	0	4.510635e-04
1.510000e+09	2.717158e+12	0.000000e+00	6.025642e-01	8.388654e+13	2.193354e+14	1.012594e+14	6.994932e+03	4.583666e+03	2.874600e+03	0	4.493628e-04
1.520000e+09	2.686485e+12	0.000000e+00	6.025642e-01	8.344436e+13	2.188656e+14	1.008583e+14	6.989141e+03	4.582065e+03	2.873596e+03	0	4.476655e-04
1.530000e+09	2.656104e+12	0.000000e+00	6.025642e-01	8.300621e+13	2.183914e+14	1.004598e+14	6.983381e+03	4.580448e+03	2.872582e+03	0	4.459715e-04
1.540000e+09	2.626010e+12	0.000000e+00	6.025642e-01	8.257205e+13	2.179131e+14	1.000638e+14	6.977650e+03	4.578813e+03	2.871557e+03	0	4.442808e-04
1.550000e+09	2.596199e+12	0.000000e+00	6.025642e-01	8.214181e+13	2.174308e+14	9.967028e+13	6.971950e+03	4.577163e+03	2.870522e+03	0	4.425933e-04
1.560000e+09	2.566670e+12	0.000000e+00	6.025642e-01	8.171545e+13	2.169447e+14	9.927931e+13	6.966279e+03	4.575496e+03	2.869477e+03	0	4.409088e-04
1.570000e+09	2.537417e+12	0.000000e+00	6.025642e-01	8.129293e+13	2.164549e+14	9.889083e+13	6.960638e+03	4.573814e+03	2.868422e+03	0	4.392274e-04
1.580000e+09	2.508438e+12	0.000000e+00	6.025642e-01	8.087420e+13	2.159616e+14	9.850481e+13	6.955025e+03	4.572117e+03	2.867358e+03	0	4.375488e-04
1.590000e+09	2.479728e+12	0.000000e+00	6.025642e-01	8.045920e+13	2.154649e+14	9.812123e+13	6.949442e+03	4.570406e+03	2.866284e+03	0	4.358732e-04
1.600000e+09	2.451285e+12	0.000000e+00	6.025642e-01	8.004790e+13	2.149651e+14	9.774009e+13	6.943887e+03	4.568680e+03	2.865202e+03	0	4.342002e-04
1.610000e+09	2.423105e+12	0.000000e+00	6.025642e-01	7.964024e+13	2.144622e+14	9.736136e+13	6.938360e+03	4.566942e+03	2.864112e+03	0	4.325300e-04
1.620000e+09	2.395186e+12	0.000000e+00	6.025642e-01	7.923619e+13	2.139564e+14	9.698502e+13	6.932862e+03	4.565189e+03	2.863013e+03	0	4.308623e-04
1.630000e+09	2.367522e+12	0.000000e+00	6.025642e-01	7.883569e+13	2.134478e+14	9.661106e+13	6.927391e+03	4.563425e+03	2.861906e+03	0	4.291971e-04
1.640000e+09	2.340113e+12	0.000000e+00	6.025642e-01	7.843871e+13	2.129365e+14	9.623945e+13	6.921948e+03	4.561647e+03	2.860791e+03	0	4.275344e-04
1.650000e+09	2.312953e+12	0.000000e+00	6.025642e-01	7.804520e+13	2.124228e+14	9.587018e+13	6.916533e+03	4.559858e+03	2.859669e+03	0	4.258739e-04
1.660000e+09	2.286041e+12	0.000000e+00	6.025642e-01	7.765512e+13	2.119066e+14	9.550324e+13	6.911144e+03	4.558058e+03	2.858540e+03	0	4.242158e-04
1.670000e+09	2.259374e+12	0.000000e+00	6.025642e-01	7.726842e+13	2.113882e+14	9.513859e+13	6.905782e+03	4.556246e+03	2.857404e+03	0	4.225597e-04
1.680000e+09	2.232947e+12	0.000000e+00	6.025642e-01	7.688508e+13	2.108676e+14	9.477624e+13	6.900447e+03	4.554423e+03	2.856261e+03	0	4.209058e-04
1.690000e+09	2.206758e+12	0.000000e+00	6.025642e-01	7.650504e+13	2.103451e+14	9.441615e+13	6.895139e+03	4.552590e+03	2.855111e+03	0	4.192538e-04
1.700000e+09	2.180805e+12	0.000000e+00	6.025642e-01	7.612826e+13	2.098206e+14	9.405832e+13	6.889856e+03	4.550747e+03	2.853955e+03	0	4.176038e-04
1.710000e+09	2.155084e+12	0.000000e+00	6.025642e-01	7.575471e+13	2.092944e+14	9.370272e+13	6.884600e+03	4.548894e+03	2.852793e+03	0	4.159555e-04
1.720000e+09	2.129593e+12	0.000000e+00	6.025642e-01	7.538435e+13	2.087664e+14	9.334935e+13	6.879369e+03	4.547031e+03	2.851625e+03	0	4.143090e-04
1.730000e+09	2.104329e+12	0.000000e+00	6.025642e-01	7.501714e+13	2.082369e+14	9.299817e+13	6.874164e+03	4.545160e+03	2.850452e+03	0	4.126641e-04
1.740000e+09	2.079288e+12	0.000000e+00	6.025642e-01	7.465305e+13	2.077059e+14	9.264918e+13	6.868984e+03	4.543280e+03	2.849272e+03	0	4.110207e-04
1.750000e+09	2.054469e+12	0.000000e+00	6.025642e-01	7.429202e+13	2.071735e+14	9.230236e+13	6.863830e+03	4.541391e+03	2.848088e+03	0	4.093788e-04
1.760000e+09	2.029869e+12	0.000000e+00	6.025642e-01	7.393404e+13	2.066399e+14	9.195769e+13	6.858700e+03	4.539494e+03	2.846898e+03	0	4.077382e-04
1.770000e+09	2.005485e+12	0.000000e+00	6.025642e-01	7.357906e+13	2.061052e+14	9.161516e+13	6.853595e+03	4.537590e+03	2.845704e+03	0	4.060990e-04
1.780000e+09	1.981313e+12	0.000000e+00	6.025642e-01	7.322705e+13	2.055693e+14	9.127476e+13	6.848514e+03	4.535677e+03	2.844505e+03	0	4.044609e-04
1.790000e+09	1.957353e+12	0.000000e+00	6.025642e-01	7.287796e+13	2.050324e+14	9.093646e+13	6.843457e+03	4.533758e+03	2.843301e+03	0	4.028239e-04
1.800000e+09	1.933601e+12	0.000000e+00	6.025642e-01	7.253178e+13	2.044946e+14	9.060024e+13	6.838425e+03	4.531831e+03	2.842093e+03	0	4.011878e-04
1.810000e+09	1.910055e+12	0.000000e+00	6.025642e-01	7.218846e+13	2.039560e+14	9.026611e+13	6.833416e+03	4.529898e+03	2.840880e+03	0	3.995527e-04
1.820000e+09	1.886713e+12	0.000000e+00	6.025642e-01	7.184797e+13	2.034167e+14	8.993403e+13	6.828432e+03	4.527959e+03	2.839664e+03	0	3.979184e-04
1.830000e+09	1.863571e+12	0.000000e+00	6.025642e-01	7.151028e+13	2.028768e+14	8.960399e+13	6.823470e+03	4.526013e+03	2.838444e+03	0	3.962848e-04
1.840000e+09	1.840628e+12	0.000000e+00	6.025642e-01	7.117536e+13	2.023363e+14	8.927599e+13	6.818532e+03	4.524061e+03	2.837220e+03	0	3.946518e-04
1.850000e+09	1.817882e+12	0.000000e+00	6.025642e-01	7.084316e+13	2.017952e+14	8.894999e+13	6.813617e+03	4.522104e+03	2.835992e+03	0	3.930194e-04
1.860000e+09	1.795329e+12	0.000000e+00	6.025642e-01	7.051367e+13	2.012538e+14	8.862600e+13	6.808725e+03	4.520141e+03	2.834761e+03	0	3.913873e-04
1.870000e+09	1.772968e+12	0.000000e+00	6.025642e-01	7.018685e+13	2.007120e+14	8.830399e+13	6.803856e+03	4.518173e+03	2.833527e+03	0	3.897556e-04
1.880000e+09	1.750796e+12	0.000000e+00	6.025642e-01	6.986267e+13	2.001700e+14	8.798395e+13	6.799009e+03	4.516200e+03	2.832290e+03	0	3.881241e-04
1.890000e+09	1.728812e+12	0.000000e+00	6.025642e-01	6.954110e+13	1.996277e+14	8.766586e+13	6.794184e+03	4.514222e+03	2.831049e+03	0	3.864927e-04
1.900000e+09	1.707012e+12	0.000000e+00	6.025642e-01	6.922211e+13	1.990853e+14	8.734972e+13	6.789382e+03	4.512240e+03	2.829806e+03	0	3.848614e-04
1.910000e+09	1.685396e+12	0.000000e+00	6.025642e-01	6.890567e+13	1.985429e+14	8.703550e+13	6.784601e+03	4.510253e+03	2.828560e+03	0	3.832299e-04
1.920000e+09	1.663961e+12	0.000000e+00	6.025642e-01	6.859175e+13	1.980004e+14	8.672319e+13	6.779843e+03	4.508263e+03	2.827312e+03	0	3.815983e-04
1.930000e+09	1.642704e+12	0.000000e+00	6.025642e-01	6.828032e+13	1.974580e+14	8.641278e+13	6.775106e+03	4.506268e+03	2.826061e+03	0	3.799664e-04
1.940000e+09	1.621623e+12	0.000000e+00	6.025642e-01	6.797136e+13	1.969157e+14	8.610425e+13	6.770391e+03	4.504270e+03	2.824808e+03	0	3.783341e-04
1.950000e+09	1.600718e+12	0.000000e+00	6.025642e-01	6.766483e+13	1.963736e+14	8.579760e+13	6.765696e+03	4.502269e+03	2.823553e+03	0	3.767012e-04
1.960000e+09	1.579985e+12	0.000000e+00	6.025642e-01	6.736072e+13	1.958317e+14	8.549280e+13	6.761023e+03	4.500264e+03	2.822295e+03	0	3.750678e-04
1.970000e+09	1.559423e+12	0.000000e+00	6.025642e-01	6.705898e+13	1.952900e+14	8.518984e+13	6.756371e+03	4.498256e+03	2.821036e+03	0	3.734336e-04
1.980000e+09	1.539029e+12	0.000000e+00	6.025642e-01	6.675961e+13	1.947487e+14	8.488871e+13	6.751740e+03	4.496245e+03	2.819775e+03	0	3.717986e-04
1.990000e+09	1.518803e+12	0.000000e+00	6.025642e-01	6.646256e+13	1.942078e+14	8.458940e+13	6.747130e+03	4.494231e+03	2.818512e+03	0	3.701626e-04
2.000000e+09	1.498741e+12	0.000000e+00	6.025642e-01	6.616782e+13	1.936673e+14	8.429188e+13	6.742539e+03	4.492215e+03	2.817247e+03	0	3.685256e-04
2.010000e+09	1.478842e+12	0.000000e+00	6.025642e-01	6.587536e+13	1.931274e+14	8.399616e+13	6.737970e+03	4.490196e+03	2.815981e+03	0	3.668873e-04
2.020000e+09	1.459105e+12	0.000000e+00	6.025642e-01	6.558515e+13	1.925879e+14	8.370221e+13	6.733420e+03	4.488175e+03	2.814714e+03	0	3.652478e-04
2.030000e+09	1.439527e+12	0.000000e+00	6.025642e-01	6.529717e+13	1.920490e+14	8.341003e+13	6.728890e+03	4.486152e+03	2.813445e+03	0	3.636068e-04
2.040000e+09	1.420107e+12	0.000000e+00	6.025642e-01	6.501139e+13	1.915108e+14	8.311960e+13	6.724381e+03	4.484127e+03	2.812175e+03	0	3.619643e-04
2.050000e+09	1.400843e+12	0.000000e+00	6.025642e-01	6.472780e+13	1.909732e+14	8.283090e+13	6.719891e+03	4.482101e+03	2.810904e+03	0	3.603201e-04
2.060000e+09	1.381732e+12	0.000000e+00	6.025642e-01	6.444636e+13	1.904363e+14	8.254393e+13	6.715420e+03	4.480072e+03	2.809633e+03	0	3.586742e-04
2.070000e+09	1.362775e+12	0.000000e+00	6.025642e-01	6.416705e+13	1.899002e+14	8.225867e+13	6.710969e+03	4.478043e+03	2.808360e+03	0	3.570262e-04
2.080000e+09	1.343968e+12	0.000000e+00	6.025642e-01	6.388986e+13	1.893648e+14	8.197511e+13	6.706537e+03	4.476012e+03	2.807086e+03	0	3.553763e-04
2.090000e+09	1.325310e+12	0.000000e+00	6.025642e-01	6.361475e+13	1.888303e+14	8.169324e+13	6.702125e+03	4.473979e+03	2.805811e+03	0	3.537241e-04
2.100000e+09	1.306800e+12	0.000000e+00	6.025642e-01	6.334171e+13	1.882966e+14	8.141304e+13	6.697731e+03	4.471946e+03	2.804536e+03	0	3.520696e-04
2.110000e+09	1.288436e+12	0.000000e+00	6.025642e-01	6.307071e+13	1.877638e+14	8.113451e+13	6.693356e+03	4.469912e+03	2.803261e+03	0	3.504126e-04
2.120000e+09	1.270216e+12	0.000000e+00	6.025642e-01	6.280173e+13	1.872320e+14	8.085762e+13	6.689000e+03	4.467877e+03	2.801985e+03	0	3.487530e-04
2.130000e+09	1.252139e+12	0.000000e+00	6.025642e-01	6.253476e+13	1.867011e+14	8.058238e+13	6.684662e+03	4.465842e+03	2.800708e+03	0	3.470906e-04
2.140000e+09	1.234202e+12	0.000000e+00	6.025642e-01	6.226976e+13	1.861711e+14	8.030876e+13	6.680343e+03	4.463806e+03	2.799431e+03	0	3.454254e-04
2.150000e+09	1.216406e+12	0.000000e+00	6.025642e-01	6.200671e+13	1.856423e+14	8.003676e+13	6.676042e+03	4.461769e+03	2.798154e+03	0	3.437571e-04
2.160000e+09	1.198748e+12	0.000000e+00	6.025642e-01	6.174561e+13	1.851144e+14	7.976636e+13	6.671759e+03	4.459733e+03	2.796877e+03	0	3.420855e-04
2.170000e+09	1.181226e+12	0.000000e+00	6.025642e-01	6.148642e+13	1.845877e+14	7.949755e+13	6.667494e+03	4.457696e+03	2.795599e+03	0	3.404106e-04
2.180000e+09	1.163840e+12	0.000000e+00	6.025642e-01	6.122913e+13	1.840621e+14	7.923032e+13	6.663247e+03	4.455659e+03	2.794322e+03	0	3.387322e-04
2.190000e+09	1.146587e+12	0.000000e+00	6.025642e-01	6.097371e+13	1.835375e+14	7.896466e+13	6.659018e+03	4.453622e+03	2.793045e+03	0	3.370501e-04
2.200000e+09	1.129467e+12	0.000000e+00	6.025642e-01	6.072016e+13	1.830142e+14	7.870056e+13	6.654806e+03	4.451585e+03	2.791767e+03	0	3.353641e-04
2.210000e+09	1.112478e+12	0.000000e+00	6.025642e-01	6.046843e+13	1.824921e+14	7.843801e+13	6.650612e+03	4.449549e+03	2.790490e+03	0	3.336741e-04
2.220000e+09	1.095618e+12	0.000000e+00	6.025642e-01	6.021853e+13	1.819711e+14	7.817699e+13	6.646435e+03	4.447513e+03	2.789213e+03	0	3.319799e-04
2.230000e+09	1.078886e+12	0.000000e+00	6.025642e-01	5.997043e+13	1.814514e+14	7.791750e+13	6.642276e+03	4.445478e+03	2.787937e+03	0	3.302813e-04
2.240000e+09	1.062282e+12	0.000000e+00	6.025642e-01	5.972411e+13	1.809330e+14	7.765952e+13	6.638133e+03	4.443443e+03	2.786661e+03	0	3.285781e-04
2.250000e+09	1.045802e+12	0.000000e+00	6.025642e-01	5.947955e+13	1.804158e+14	7.740304e+13	6.634008e+03	4.441408e+03	2.785385e+03	0	3.268702e-04
2.260000e+09	1.029447e+12	0.000000e+00	6.025642e-01	5.923674e+13	1.798999e+14	7.714805e+13	6.629899e+03	4.439375e+03	2.784109e+03	0	3.251573e-04
2.270000e+09	1.013215e+12	0.000000e+00	6.025642e-01	5.899565e+13	1.793854e+14	7.689455e+13	6.625808e+03	4.437342e+03	2.782835e+03	0	3.234392e-04
2.280000e+09	9.971048e+11	0.000000e+00	6.025642e-01	5.875628e+13	1.788722e+14	7.664251e+13	6.621732e+03	4.435310e+03	2.781560e+03	0	3.217158e-04
2.290000e+09	9.811147e+11	0.000000e+00	6.025642e-01	5.851859e+13	1.783603e+14	7.639194e+13	6.617674e+03	4.433280e+03	2.780287e+03	0	3.199868e-04
2.300000e+09	9.652436e+11	0.000000e+00	6.025642e-01	5.828258e+13	1.778499e+14	7.614281e+13	6.613631e+03	4.431250e+03	2.779014e+03	0	3.182520e-04
2.310000e+09	9.494905e+11	0.000000e+00	6.025642e-01	5.804823e+13	1.773408e+14	7.589512e+13	6.609605e+03	4.429222e+03	2.777742e+03	0	3.165111e-04
2.320000e+09	9.338541e+11	0.000000e+00	6.025642e-01	5.781552e+13	1.768331e+14	7.564887e+13	6.605595e+03	4.427194e+03	2.776471e+03	0	3.147640e-04
2.330000e+09	9.183331e+11	0.000000e+00	6.025642e-01	5.758444e+13	1.763269e+14	7.540403e+13	6.601602e+03	4.425169e+03	2.775200e+03	0	3.130105e-04
2.340000e+09	9.029264e+11	0.000000e+00	6.025642e-01	5.735497e+13	1.758220e+14	7.516060e+13	6.597624e+03	4.423144e+03	2.773931e+03	0	3.112501e-04
2.350000e+09	8.876329e+11	0.000000e+00	6.025642e-01	5.712708e+13	1.753187e+14	7.491857e+13	6.593662e+03	4.421121e+03	2.772662e+03	0	3.094828e-04
2.360000e+09	8.724514e+11	0.000000e+00	6.025642e-01	5.690078e+13	1.748168e+14	7.467792e+13	6.589715e+03	4.419100e+03	2.771394e+03	0	3.077083e-04
2.370000e+09	8.573807e+11	0.000000e+00	6.025642e-01	5.667603e+13	1.743164e+14	7.443866e+13	6.585785e+03	4.417080e+03	2.770128e+03	0	3.059262e-04
2.380000e+09	8.424198e+11	0.000000e+00	6.025642e-01	5.645284e+13	1.738175e+14	7.420076e+13	6.581870e+03	4.415062e+03	2.768862e+03	0	3.041363e-04
2.390000e+09	8.275675e+11	0.000000e+00	6.025642e-01	5.623117e+13	1.733201e+14	7.396422e+13	6.577970e+03	4.413046e+03	2.767598e+03	0	3.023384e-04
2.400000e+09	8.128227e+11	0.000000e+00	6.025642e-01	5.601102e+13	1.728242e+14	7.372904e+13	6.574085e+03	4.411032e+03	2.766334e+03	0	3.005320e-04
2.410000e+09	7.981844e+11	0.000000e+00	6.025642e-01	5.579237e+13	1.723298e+14	7.349519e+13	6.570216e+03	4.409019e+03	2.765072e+03	0	2.987169e-04
2.420000e+09	7.836515e+11	0.000000e+00	6.025642e-01	5.557520e+13	1.718370e+14	7.326267e+13	6.566362e+03	4.407009e+03	2.763811e+03	0	2.968929e-04
2.430000e+09	7.692230e+11	0.000000e+00	6.025642e-01	5.535951e+13	1.713457e+14	7.303148e+13	6.562522e+03	4.405000e+03	2.762552e+03	0	2.950594e-04
2.440000e+09	7.548978e+11	0.000000e+00	6.025642e-01	5.514528e+13	1.708560e+14	7.280159e+13	6.558698e+03	4.402994e+03	2.761293e+03	0	2.932163e-04
2.450000e+09	7.406749e+11	0.000000e+00	6.025642e-01	5.493249e+13	1.703679e+14	7.257301e+13	6.554888e+03	4.400989e+03	2.760036e+03	0	2.913632e-04
2.460000e+09	7.265533e+11	0.000000e+00	6.025642e-01	5.472112e+13	1.698813e+14	7.234572e+13	6.551093e+03	4.398987e+03	2.758781e+03	0	2.894996e-04
2.470000e+09	7.125319e+11	0.000000e+00	6.025642e-01	5.451118e+13	1.693963e+14	7.211972e+13	6.547313e+03	4.396987e+03	2.757527e+03	0	2.876252e-04
2.480000e+09	6.986099e+11	0.000000e+00	6.025642e-01	5.430263e+13	1.689129e+14	7.189499e+13	6.543547e+03	4.394990e+03	2.756274e+03	0	2.857395e-04
2.490000e+09	6.847862e+11	0.000000e+00	6.025642e-01	5.409548e+13	1.684311e+14	7.167153e+13	6.539796e+03	4.392994e+03	2.755022e+03	0	2.838423e-04
2.500000e+09	6.710599e+11	0.000000e+00	6.025642e-01	5.388970e+13	1.679509e+14	7.144932e+13	6.536059e+03	4.391001e+03	2.753773e+03	0	2.819330e-04
2.510000e+09	6.574301e+11	0.000000e+00	6.025642e-01	5.368528e+13	1.674724e+14	7.122836e+13	6.532336e+03	4.389011e+03	2.752524e+03	0	2.800111e-04
2.520000e+09	6.438957e+11	0.000000e+00	6.025642e-01	5.348221e+13	1.669954e+14	7.100865e+13	6.528627e+03	4.387023e+03	2.751278e+03	0	2.780763e-04
2.530000e+09	6.304559e+11	0.000000e+00	6.025642e-01	5.328048e+13	1.665200e+14	7.079016e+13	6.524932e+03	4.385038e+03	2.750032e+03	0	2.761279e-04
2.540000e+09	6.171097e+11	0.000000e+00	6.025642e-01	5.308008e+13	1.660463e+14	7.057290e+13	6.521251e+03	4.383055e+03	2.748789e+03	0	2.741656e-04
2.550000e+09	6.038563e+11	0.000000e+00	6.025642e-01	5.288098e+13	1.655743e+14	7.035684e+13	6.517584e+03	4.381075e+03	2.747547e+03	0	2.721886e-04
2.560000e+09	5.906948e+11	0.000000e+00	6.025642e-01	5.268319e+13	1.651038e+14	7.014200e+13	6.513930e+03	4.379097e+03	2.746307e+03	0	2.701966e-04
2.570000e+09	5.776243e+11	0.000000e+00	6.025642e-01	5.248668e+13	1.646350e+14	6.992835e+13	6.510290e+03	4.377122e+03	2.745068e+03	0	2.681888e-04
2.580000e+09	5.646439e+11	0.000000e+00	6.025642e-01	5.229145e+13	1.641679e+14	6.971589e+13	6.506664e+03	4.375150e+03	2.743831e+03	0	2.661646e-04
2.590000e+09	5.517528e+11	0.000000e+00	6.025642e-01	5.209748e+13	1.637024e+14	6.950461e+13	6.503051e+03	4.373181e+03	2.742596e+03	0	2.641234e-04
2.600000e+09	5.389500e+11	0.000000e+00	6.025642e-01	5.190476e+13	1.632386e+14	6.929450e+13	6.499452e+03	4.371214e+03	2.741363e+03	0	2.620645e-04
2.610000e+09	5.262349e+11	0.000000e+00	6.025642e-01	5.171328e+13	1.627764e+14	6.908556e+13	6.495866e+03	4.369250e+03	2.740132e+03	0	2.599872e-04
2.620000e+09	5.136065e+11	0.000000e+00	6.025642e-01	5.152303e+13	1.623158e+14	6.887777e+13	6.492293e+03	4.367289e+03	2.738902e+03	0	2.578907e-04
2.630000e+09	5.010641e+11	0.000000e+00	6.025642e-01	5.133400e+13	1.618570e+14	6.867113e+13	6.488733e+03	4.365332e+03	2.737674e+03	0	2.557741e-04
2.640000e+09	4.886068e+11	0.000000e+00	6.025642e-01	5.114618e+13	1.613998e+14	6.846563e+13	6.485187e+03	4.363377e+03	2.736448e+03	0	2.536366e-04
2.650000e+09	4.762339e+11	0.000000e+00	6.025642e-01	5.095955e+13	1.609442e+14	6.826126e+13	6.481653e+03	4.361425e+03	2.735224e+03	0	2.514773e-04
2.660000e+09	4.639445e+11	0.000000e+00	6.025642e-01	5.077411e+13	1.604904e+14	6.805801e+13	6.478132e+03	4.359476e+03	2.734001e+03	0	2.492953e-04
2.670000e+09	4.517378e+11	0.000000e+00	6.025642e-01	5.058984e+13	1.600381e+14	6.785589e+13	6.474624e+03	4.357530e+03	2.732781e+03	0	2.470895e-04
2.680000e+09	4.396132e+11	0.000000e+00	6.025642e-01	5.040673e+13	1.595876e+14	6.765486e+13	6.471129e+03	4.355587e+03	2.731563e+03	0	2.448588e-04
2.690000e+09	4.275699e+11	0.000000e+00	6.025642e-01	5.022477e+13	1.591387e+14	6.745494e+13	6.467646e+03	4.353647e+03	2.730346e+03	0	2.426020e-04
2.700000e+09	4.156070e+11	0.000000e+00	6.025642e-01	5.004396e+13	1.586915e+14	6.725612e+13	6.464176e+03	4.351710e+03	2.729132e+03	0	2.403180e-04
2.710000e+09	4.037239e+11	0.000000e+00	6.025642e-01	4.986428e+13	1.582460e+14	6.705838e+13	6.460718e+03	4.349777e+03	2.727919e+03	0	2.380055e-04
2.720000e+09	3.919198e+11	0.000000e+00	6.025642e-01	4.968572e+13	1.578021e+14	6.686171e+13	6.457273e+03	4.347847e+03	2.726708e+03	0	2.356629e-04
2.730000e+09	3.801940e+11	0.000000e+00	6.025642e-01	4.950827e+13	1.573599e+14	6.666612e+13	6.453840e+03	4.345919e+03	2.725500e+03	0	2.332888e-04
2.740000e+09	3.685458e+11	0.000000e+00	6.025642e-01	4.933193e+13	1.569194e+14	6.647159e+13	6.450419e+03	4.343996e+03	2.724293e+03	0	2.308816e-04
2.750000e+09	3.569745e+11	0.000000e+00	6.025642e-01	4.915668e+13	1.564805e+14	6.627812e+13	6.447011e+03	4.342075e+03	2.723089e+03	0	2.284395e-04
2.760000e+09	3.454794e+11	0.000000e+00	6.025642e-01	4.898250e+13	1.560434e+14	6.608569e+13	6.443614e+03	4.340158e+03	2.721886e+03	0	2.259607e-04
2.770000e+09	3.340598e+11	0.000000e+00	6.025642e-01	4.880941e+13	1.556078e+14	6.589431e+13	6.440230e+03	4.338243e+03	2.720686e+03	0	2.234430e-04
2.780000e+09	3.227150e+11	0.000000e+00	6.025642e-01	4.863737e+13	1.551740e+14	6.570396e+13	6.436857e+03	4.336333e+03	2.719488e+03	0	2.208845e-04
2.790000e+09	3.114444e+11	0.000000e+00	6.025642e-01	4.846639e+13	1.547418e+14	6.551464e+13	6.433497e+03	4.334425e+03	2.718291e+03	0	2.182825e-04
2.800000e+09	3.002472e+11	0.000000e+00	6.025642e-01	4.829646e+13	1.543112e+14	6.532634e+13	6.430148e+03	4.332521e+03	2.717097e+03	0	2.156346e-04
2.810000e+09	2.891228e+11	0.000000e+00	6.025642e-01	4.812756e+13	1.538824e+14	6.513905e+13	6.426811e+03	4.330620e+03	2.715905e+03	0	2.129379e-04
2.820000e+09	2.780706e+11	0.000000e+00	6.025642e-01	4.795969e+13	1.534552e+14	6.495277e+13	6.423485e+03	4.328723e+03	2.714715e+03	0	2.101892e-04
2.830000e+09	2.670899e+11	0.000000e+00	6.025642e-01	4.779283e+13	1.530296e+14	6.476748e+13	6.420172e+03	4.326829e+03	2.713528e+03	0	2.073853e-04
2.840000e+09	2.561801e+11	0.000000e+00	6.025642e-01	4.762699e+13	1.526057e+14	6.458319e+13	6.416869e+03	4.324939e+03	2.712342e+03	0	2.045223e-04
2.850000e+09	2.453406e+11	0.000000e+00	6.025642e-01	4.746214e+13	1.521834e+14	6.439989e+13	6.413578e+03	4.323052e+03	2.711159e+03	0	2.015960e-04
2.860000e+09	2.345707e+11	0.000000e+00	6.025642e-01	4.729829e+13	1.517628e+14	6.421756e+13	6.410299e+03	4.321168e+03	2.709977e+03	0	1.986019e-04
2.870000e+09	2.238698e+11	0.000000e+00	6.025642e-01	4.713542e+13	1.513439e+14	6.403621e+13	6.407031e+03	4.319288e+03	2.708798e+03	0	1.955348e-04
2.880000e+09	2.132374e+11	0.000000e+00	6.025642e-01	4.697352e+13	1.509266e+14	6.385582e+13	6.403774e+03	4.317411e+03	2.707621e+03	0	1.923888e-04
2.890000e+09	2.026727e+11	0.000000e+00	6.025642e-01	4.681259e+13	1.505109e+14	6.367639e+13	6.400528e+03	4.315538e+03	2.706447e+03	0	1.891576e-04
2.900000e+09	1.921753e+11	0.000000e+00	6.025642e-01	4.665262e+13	1.500968e+14	6.349792e+13	6.397293e+03	4.313669e+03	2.705274e+03	0	1.858338e-04
2.910000e+09	1.817446e+11	0.000000e+00	6.025642e-01	4.649360e+13	1.496844e+14	6.332039e+13	6.394069e+03	4.311803e+03	2.704104e+03	0	1.824088e-04
2.920000e+09	1.713798e+11	0.000000e+00	6.025642e-01	4.633552e+13	1.492737e+14	6.314380e+13	6.390857e+03	4.309940e+03	2.702936e+03	0	1.788732e-04
2.930000e+09	1.610806e+11	0.000000e+00	6.025642e-01	4.617837e+13	1.488645e+14	6.296814e+13	6.387655e+03	4.308081e+03	2.701770e+03	0	1.752158e-04
2.940000e+09	1.508463e+11	0.000000e+00	6.025642e-01	4.602215e+13	1.484570e+14	6.279342e+13	6.384464e+03	4.306226e+03	2.700606e+03	0	1.714235e-04
2.950000e+09	1.406763e+11	0.000000e+00	6.025642e-01	4.586685e+13	1.480511e+14	6.261961e+13	6.381284e+03	4.304374e+03	2.699445e+03	0	1.674811e-04
2.960000e+09	1.305702e+11	0.000000e+00	6.025642e-01	4.571246e+13	1.476468e+14	6.244672e+13	6.378114e+03	4.302525e+03	2.698286e+03	0	1.633704e-04
2.970000e+09	1.205272e+11	0.000000e+00	6.025642e-01	4.555897e+13	1.472442e+14	6.227473e+13	6.374956e+03	4.300681e+03	2.697129e+03	0	1.590696e-04
2.980000e+09	1.105470e+11	0.000000e+00	6.025642e-01	4.540638e+13	1.468431e+14	6.210365e+13	6.371807e+03	4.298840e+03	2.695974e+03	0	1.545519e-04
2.990000e+09	1.006290e+11	0.000000e+00	6.025642e-01	4.525468e+13	1.464437e+14	6.193346e+13	6.368670e+03	4.297002e+03	2.694822e+03	0	1.497844e-04
3.000000e+09	9.077265e+10	0.000000e+00	6.025642e-01	4.510385e+13	1.460458e+14	6.176417e+13	6.365542e+03	4.295168e+03	2.693672e+03	0	1.447251e-04
3.010000e+09	8.097739e+10	0.000000e+00	6.025642e-01	4.495390e+13	1.456496e+14	6.159575e+13	6.362426e+03	4.293338e+03	2.692524e+03	0	1.393200e-04
3.020000e+09	7.124273e+10	0.000000e+00	6.025642e-01	4.480482e+13	1.452549e+14	6.142822e+13	6.359319e+03	4.291511e+03	2.691378e+03	0	1.334972e-04
3.030000e+09	6.156816e+10	0.000000e+00	6.025642e-01	4.465659e+13	1.448618e+14	6.126156e+13	6.356223e+03	4.289688e+03	2.690235e+03	0	1.271581e-04
3.040000e+09	5.195316e+10	0.000000e+00	6.025642e-01	4.450922e+13	1.444704e+14	6.109576e+13	6.353137e+03	4.287869e+03	2.689094e+03	0	1.201608e-04
3.050000e+09	4.239725e+10	0.000000e+00	6.025642e-01	4.436269e+13	1.440804e+14	6.093083e+13	6.350061e+03	4.286053e+03	2.687956e+03	0	1.122892e-04
3.060000e+09	3.289992e+10	0.000000e+00	6.025642e-01	4.421700e+13	1.436921e+14	6.076675e+13	6.346996e+03	4.284241e+03	2.686819e+03	0	1.031867e-04
3.070000e+09	2.346068e+10	0.000000e+00	6.025642e-01	4.407214e+13	1.433054e+14	6.060352e+13	6.343940e+03	4.282433e+03	2.685685e+03	0	9.218756e-05
3.080000e+09	1.407905e+10	0.000000e+00	6.025642e-01	4.392811e+13	1.429202e+14	6.044114e+13	6.340895e+03	4.280628e+03	2.684553e+03	0	7.775886e-05
3.090000e+09	4.754542e+09	0.000000e+00	6.025642e-01	4.378489e+13	1.425365e+14	6.027959e+13	6.337859e+03	4.278827e+03	2.683424e+03	0	5.414957e-05
3.100000e+09	-4.513317e+09	0.000000e+00	6.025642e-01	4.364248e+13	1.421544e+14	6.011887e+13	6.334833e+03	4.277030e+03	2.682297e+03	0	nan
