#t		Qconv[W]	Ri[Rp]		R*[Rp]		Qc[W]		Qm[W]		Qr[W]		Tcmb[K]		Tl[K]		Tup[K]		RiFlag		Bs[T]
0.000000e+00	4.262571e+13	0.000000e+00	5.961541e-01	6.201404e+14	8.038162e+13	2.372231e+14	1.065270e+04	4.425409e+03	2.518818e+03	0	1.127066e-03
1.000000e+07	4.204464e+13	0.000000e+00	5.961541e-01	6.126342e+14	8.457255e+13	2.359087e+14	1.061516e+04	4.458634e+03	2.537728e+03	0	1.121921e-03
2.000000e+07	4.146790e+13	0.000000e+00	5.961541e-01	6.051854e+14	8.885333e+13	2.346042e+14	1.057807e+04	4.491298e+03	2.556320e+03	0	1.116768e-03
3.000000e+07	4.089560e+13	0.000000e+00	5.961541e-01	5.977954e+14	9.321962e+13	2.333094e+14	1.054144e+04	4.523401e+03	2.574592e+03	0	1.111606e-03
4.000000e+07	4.032787e+13	0.000000e+00	5.961541e-01	5.904657e+14	9.766677e+13	2.320242e+14	1.050525e+04	4.554943e+03	2.592545e+03	0	1.106438e-03
5.000000e+07	3.976482e+13	0.000000e+00	5.961541e-01	5.831977e+14	1.021900e+14	2.307487e+14	1.046950e+04	4.585923e+03	2.610178e+03	0	1.101265e-03
6.000000e+07	3.920657e+13	0.000000e+00	5.961541e-01	5.759928e+14	1.067844e+14	2.294826e+14	1.043418e+04	4.616340e+03	2.627490e+03	0	1.096087e-03
7.000000e+07	3.865322e+13	0.000000e+00	5.961541e-01	5.688522e+14	1.114447e+14	2.282260e+14	1.039931e+04	4.646196e+03	2.644483e+03	0	1.090906e-03
8.000000e+07	3.810487e+13	0.000000e+00	5.961541e-01	5.617772e+14	1.161658e+14	2.269787e+14	1.036486e+04	4.675490e+03	2.661157e+03	0	1.085723e-03
9.000000e+07	3.756163e+13	0.000000e+00	5.961541e-01	5.547691e+14	1.209423e+14	2.257407e+14	1.033084e+04	4.704224e+03	2.677511e+03	0	1.080539e-03
1.000000e+08	3.702359e+13	0.000000e+00	5.961541e-01	5.478288e+14	1.257687e+14	2.245119e+14	1.029724e+04	4.732398e+03	2.693547e+03	0	1.075355e-03
1.100000e+08	3.649084e+13	0.000000e+00	5.961541e-01	5.409577e+14	1.306395e+14	2.232922e+14	1.026406e+04	4.760013e+03	2.709265e+03	0	1.070172e-03
1.200000e+08	3.596347e+13	0.000000e+00	5.961541e-01	5.341566e+14	1.355490e+14	2.220816e+14	1.023129e+04	4.787072e+03	2.724666e+03	0	1.064991e-03
1.300000e+08	3.544156e+13	0.000000e+00	5.961541e-01	5.274265e+14	1.404918e+14	2.208799e+14	1.019893e+04	4.813575e+03	2.739751e+03	0	1.059814e-03
1.400000e+08	3.492519e+13	0.000000e+00	5.961541e-01	5.207683e+14	1.454620e+14	2.196871e+14	1.016698e+04	4.839526e+03	2.754521e+03	0	1.054642e-03
1.500000e+08	3.441442e+13	0.000000e+00	5.961541e-01	5.141830e+14	1.504541e+14	2.185031e+14	1.013543e+04	4.864926e+03	2.768978e+03	0	1.049476e-03
1.600000e+08	3.390933e+13	0.000000e+00	5.961541e-01	5.076711e+14	1.554625e+14	2.173279e+14	1.010428e+04	4.889778e+03	2.783124e+03	0	1.044316e-03
1.700000e+08	3.340997e+13	0.000000e+00	5.961541e-01	5.012336e+14	1.604815e+14	2.161613e+14	1.007352e+04	4.914086e+03	2.796959e+03	0	1.039164e-03
1.800000e+08	3.291640e+13	0.000000e+00	5.961541e-01	4.948710e+14	1.655056e+14	2.150033e+14	1.004315e+04	4.937852e+03	2.810486e+03	0	1.034022e-03
1.900000e+08	3.242867e+13	0.000000e+00	5.961541e-01	4.885839e+14	1.705294e+14	2.138539e+14	1.001316e+04	4.961080e+03	2.823706e+03	0	1.028889e-03
2.000000e+08	3.194683e+13	0.000000e+00	5.961541e-01	4.823728e+14	1.755474e+14	2.127129e+14	9.983548e+03	4.983773e+03	2.836623e+03	0	1.023768e-03
2.100000e+08	3.147091e+13	0.000000e+00	5.961541e-01	4.762381e+14	1.805545e+14	2.115804e+14	9.954314e+03	5.005936e+03	2.849237e+03	0	1.018658e-03
2.200000e+08	3.100095e+13	0.000000e+00	5.961541e-01	4.701804e+14	1.855452e+14	2.104561e+14	9.925451e+03	5.027573e+03	2.861552e+03	0	1.013562e-03
2.300000e+08	3.053699e+13	0.000000e+00	5.961541e-01	4.641998e+14	1.905148e+14	2.093401e+14	9.896952e+03	5.048688e+03	2.873570e+03	0	1.008481e-03
2.400000e+08	3.007903e+13	0.000000e+00	5.961541e-01	4.582967e+14	1.954581e+14	2.082323e+14	9.868815e+03	5.069285e+03	2.885294e+03	0	1.003414e-03
2.500000e+08	2.962711e+13	0.000000e+00	5.961541e-01	4.524712e+14	2.003705e+14	2.071325e+14	9.841034e+03	5.089371e+03	2.896726e+03	0	9.983633e-04
2.600000e+08	2.918124e+13	0.000000e+00	5.961541e-01	4.467235e+14	2.052472e+14	2.060409e+14	9.813605e+03	5.108950e+03	2.907870e+03	0	9.933297e-04
2.700000e+08	2.874143e+13	0.000000e+00	5.961541e-01	4.410537e+14	2.100840e+14	2.049572e+14	9.786522e+03	5.128027e+03	2.918728e+03	0	9.883140e-04
2.800000e+08	2.830767e+13	0.000000e+00	5.961541e-01	4.354617e+14	2.148763e+14	2.038814e+14	9.759782e+03	5.146608e+03	2.929304e+03	0	9.833170e-04
2.900000e+08	2.787998e+13	0.000000e+00	5.961541e-01	4.299475e+14	2.196202e+14	2.028135e+14	9.733380e+03	5.164698e+03	2.939600e+03	0	9.783396e-04
3.000000e+08	2.745834e+13	0.000000e+00	5.961541e-01	4.245110e+14	2.243117e+14	2.017534e+14	9.707310e+03	5.182303e+03	2.949620e+03	0	9.733826e-04
3.100000e+08	2.704274e+13	0.000000e+00	5.961541e-01	4.191521e+14	2.289471e+14	2.007009e+14	9.681569e+03	5.199430e+03	2.959368e+03	0	9.684467e-04
3.200000e+08	2.663318e+13	0.000000e+00	5.961541e-01	4.138705e+14	2.335228e+14	1.996562e+14	9.656151e+03	5.216084e+03	2.968847e+03	0	9.635328e-04
3.300000e+08	2.622963e+13	0.000000e+00	5.961541e-01	4.086660e+14	2.380355e+14	1.986190e+14	9.631053e+03	5.232271e+03	2.978061e+03	0	9.586415e-04
3.400000e+08	2.583207e+13	0.000000e+00	5.961541e-01	4.035383e+14	2.424819e+14	1.975894e+14	9.606268e+03	5.247999e+03	2.987013e+03	0	9.537735e-04
3.500000e+08	2.544048e+13	0.000000e+00	5.961541e-01	3.984869e+14	2.468591e+14	1.965672e+14	9.581794e+03	5.263273e+03	2.995707e+03	0	9.489294e-04
3.600000e+08	2.505482e+13	0.000000e+00	5.961541e-01	3.935115e+14	2.511644e+14	1.955525e+14	9.557625e+03	5.278101e+03	3.004146e+03	0	9.441100e-04
3.700000e+08	2.467506e+13	0.000000e+00	5.961541e-01	3.886116e+14	2.553951e+14	1.945451e+14	9.533756e+03	5.292489e+03	3.012335e+03	0	9.393157e-04
3.800000e+08	2.430117e+13	0.000000e+00	5.961541e-01	3.837867e+14	2.595489e+14	1.935450e+14	9.510183e+03	5.306443e+03	3.020277e+03	0	9.345471e-04
3.900000e+08	2.393309e+13	0.000000e+00	5.961541e-01	3.790363e+14	2.636237e+14	1.925521e+14	9.486902e+03	5.319971e+03	3.027977e+03	0	9.298048e-04
4.000000e+08	2.357080e+13	0.000000e+00	5.961541e-01	3.743598e+14	2.676173e+14	1.915664e+14	9.463908e+03	5.333079e+03	3.035438e+03	0	9.250892e-04
4.100000e+08	2.321424e+13	0.000000e+00	5.961541e-01	3.697566e+14	2.715279e+14	1.905878e+14	9.441197e+03	5.345775e+03	3.042664e+03	0	9.204008e-04
4.200000e+08	2.286337e+13	0.000000e+00	5.961541e-01	3.652261e+14	2.753541e+14	1.896163e+14	9.418764e+03	5.358066e+03	3.049660e+03	0	9.157400e-04
4.300000e+08	2.251812e+13	0.000000e+00	5.961541e-01	3.607675e+14	2.790943e+14	1.886517e+14	9.396604e+03	5.369958e+03	3.056429e+03	0	9.111073e-04
4.400000e+08	2.217845e+13	0.000000e+00	5.961541e-01	3.563801e+14	2.827472e+14	1.876941e+14	9.374715e+03	5.381460e+03	3.062975e+03	0	9.065030e-04
4.500000e+08	2.184431e+13	0.000000e+00	5.961541e-01	3.520633e+14	2.863119e+14	1.867434e+14	9.353090e+03	5.392577e+03	3.069302e+03	0	9.019274e-04
4.600000e+08	2.151563e+13	0.000000e+00	5.961541e-01	3.478162e+14	2.897871e+14	1.857995e+14	9.331726e+03	5.403317e+03	3.075415e+03	0	8.973809e-04
4.700000e+08	2.119235e+13	0.000000e+00	5.961541e-01	3.436381e+14	2.931724e+14	1.848623e+14	9.310620e+03	5.413687e+03	3.081318e+03	0	8.928637e-04
4.800000e+08	2.087441e+13	0.000000e+00	5.961541e-01	3.395282e+14	2.964671e+14	1.839319e+14	9.289765e+03	5.423695e+03	3.087014e+03	0	8.883761e-04
4.900000e+08	2.056174e+13	0.000000e+00	5.961541e-01	3.354856e+14	2.996707e+14	1.830082e+14	9.269160e+03	5.433347e+03	3.092507e+03	0	8.839183e-04
5.000000e+08	2.025429e+13	0.000000e+00	5.961541e-01	3.315095e+14	3.027828e+14	1.820910e+14	9.248799e+03	5.442650e+03	3.097803e+03	0	8.794905e-04
5.100000e+08	1.995198e+13	0.000000e+00	5.961541e-01	3.275990e+14	3.058034e+14	1.811804e+14	9.228678e+03	5.451613e+03	3.102904e+03	0	8.750928e-04
5.200000e+08	1.965474e+13	0.000000e+00	5.961541e-01	3.237533e+14	3.087322e+14	1.802763e+14	9.208794e+03	5.460240e+03	3.107814e+03	0	8.707255e-04
5.300000e+08	1.936252e+13	0.000000e+00	5.961541e-01	3.199715e+14	3.115696e+14	1.793787e+14	9.189142e+03	5.468541e+03	3.112539e+03	0	8.663886e-04
5.400000e+08	1.907523e+13	0.000000e+00	5.961541e-01	3.162527e+14	3.143155e+14	1.784874e+14	9.169719e+03	5.476521e+03	3.117081e+03	0	8.620823e-04
5.500000e+08	1.879280e+13	0.000000e+00	5.961541e-01	3.125960e+14	3.169704e+14	1.776025e+14	9.150521e+03	5.484187e+03	3.121444e+03	0	8.578065e-04
5.600000e+08	1.851518e+13	0.000000e+00	5.961541e-01	3.090005e+14	3.195347e+14	1.767239e+14	9.131545e+03	5.491546e+03	3.125633e+03	0	8.535614e-04
5.700000e+08	1.824228e+13	0.000000e+00	5.961541e-01	3.054652e+14	3.220088e+14	1.758515e+14	9.112786e+03	5.498606e+03	3.129651e+03	0	8.493470e-04
5.800000e+08	1.797403e+13	0.000000e+00	5.961541e-01	3.019893e+14	3.243935e+14	1.749853e+14	9.094240e+03	5.505372e+03	3.133502e+03	0	8.451633e-04
5.900000e+08	1.771036e+13	0.000000e+00	5.961541e-01	2.985717e+14	3.266894e+14	1.741252e+14	9.075906e+03	5.511852e+03	3.137190e+03	0	8.410103e-04
6.000000e+08	1.745120e+13	0.000000e+00	5.961541e-01	2.952117e+14	3.288974e+14	1.732713e+14	9.057777e+03	5.518052e+03	3.140719e+03	0	8.368879e-04
6.100000e+08	1.719648e+13	0.000000e+00	5.961541e-01	2.919082e+14	3.310182e+14	1.724233e+14	9.039853e+03	5.523978e+03	3.144092e+03	0	8.327960e-04
6.200000e+08	1.694612e+13	0.000000e+00	5.961541e-01	2.886604e+14	3.330528e+14	1.715814e+14	9.022128e+03	5.529637e+03	3.147313e+03	0	8.287348e-04
6.300000e+08	1.670005e+13	0.000000e+00	5.961541e-01	2.854673e+14	3.350022e+14	1.707454e+14	9.004599e+03	5.535035e+03	3.150385e+03	0	8.247039e-04
6.400000e+08	1.645820e+13	0.000000e+00	5.961541e-01	2.823280e+14	3.368676e+14	1.699153e+14	8.987264e+03	5.540178e+03	3.153313e+03	0	8.207034e-04
6.500000e+08	1.622049e+13	0.000000e+00	5.961541e-01	2.792416e+14	3.386499e+14	1.690910e+14	8.970119e+03	5.545073e+03	3.156099e+03	0	8.167331e-04
6.600000e+08	1.598686e+13	0.000000e+00	5.961541e-01	2.762072e+14	3.403505e+14	1.682726e+14	8.953161e+03	5.549726e+03	3.158747e+03	0	8.127929e-04
6.700000e+08	1.575723e+13	0.000000e+00	5.961541e-01	2.732238e+14	3.419704e+14	1.674599e+14	8.936387e+03	5.554142e+03	3.161261e+03	0	8.088826e-04
6.800000e+08	1.553154e+13	0.000000e+00	5.961541e-01	2.702906e+14	3.435110e+14	1.666529e+14	8.919793e+03	5.558327e+03	3.163643e+03	0	8.050021e-04
6.900000e+08	1.530971e+13	0.000000e+00	5.961541e-01	2.674066e+14	3.449736e+14	1.658516e+14	8.903376e+03	5.562288e+03	3.165897e+03	0	8.011512e-04
7.000000e+08	1.509168e+13	0.000000e+00	5.961541e-01	2.645710e+14	3.463595e+14	1.650559e+14	8.887135e+03	5.566029e+03	3.168027e+03	0	7.973298e-04
7.100000e+08	1.487736e+13	0.000000e+00	5.961541e-01	2.617829e+14	3.476701e+14	1.642657e+14	8.871064e+03	5.569557e+03	3.170035e+03	0	7.935375e-04
7.200000e+08	1.466671e+13	0.000000e+00	5.961541e-01	2.590415e+14	3.489066e+14	1.634811e+14	8.855163e+03	5.572877e+03	3.171924e+03	0	7.897743e-04
7.300000e+08	1.445964e+13	0.000000e+00	5.961541e-01	2.563459e+14	3.500707e+14	1.627020e+14	8.839428e+03	5.575995e+03	3.173699e+03	0	7.860400e-04
7.400000e+08	1.425609e+13	0.000000e+00	5.961541e-01	2.536951e+14	3.511637e+14	1.619283e+14	8.823856e+03	5.578914e+03	3.175360e+03	0	7.823342e-04
7.500000e+08	1.405600e+13	0.000000e+00	5.961541e-01	2.510885e+14	3.521870e+14	1.611600e+14	8.808444e+03	5.581642e+03	3.176913e+03	0	7.786568e-04
7.600000e+08	1.385930e+13	0.000000e+00	5.961541e-01	2.485251e+14	3.531420e+14	1.603971e+14	8.793191e+03	5.584182e+03	3.178359e+03	0	7.750075e-04
7.700000e+08	1.366592e+13	0.000000e+00	5.961541e-01	2.460041e+14	3.540302e+14	1.596394e+14	8.778092e+03	5.586540e+03	3.179701e+03	0	7.713861e-04
7.800000e+08	1.347581e+13	0.000000e+00	5.961541e-01	2.435248e+14	3.548532e+14	1.588870e+14	8.763147e+03	5.588721e+03	3.180942e+03	0	7.677923e-04
7.900000e+08	1.328889e+13	0.000000e+00	5.961541e-01	2.410862e+14	3.556123e+14	1.581399e+14	8.748351e+03	5.590730e+03	3.182085e+03	0	7.642259e-04
8.000000e+08	1.310512e+13	0.000000e+00	5.961541e-01	2.386878e+14	3.563090e+14	1.573979e+14	8.733703e+03	5.592570e+03	3.183133e+03	0	7.606866e-04
8.100000e+08	1.292442e+13	0.000000e+00	5.961541e-01	2.363286e+14	3.569448e+14	1.566611e+14	8.719201e+03	5.594248e+03	3.184088e+03	0	7.571742e-04
8.200000e+08	1.274673e+13	0.000000e+00	5.961541e-01	2.340079e+14	3.575212e+14	1.559294e+14	8.704841e+03	5.595766e+03	3.184952e+03	0	7.536883e-04
8.300000e+08	1.257201e+13	0.000000e+00	5.961541e-01	2.317250e+14	3.580395e+14	1.552027e+14	8.690622e+03	5.597131e+03	3.185729e+03	0	7.502287e-04
8.400000e+08	1.240018e+13	0.000000e+00	5.961541e-01	2.294791e+14	3.585014e+14	1.544811e+14	8.676541e+03	5.598345e+03	3.186420e+03	0	7.467951e-04
8.500000e+08	1.223120e+13	0.000000e+00	5.961541e-01	2.272695e+14	3.589081e+14	1.537644e+14	8.662596e+03	5.599413e+03	3.187028e+03	0	7.433873e-04
8.600000e+08	1.206500e+13	0.000000e+00	5.961541e-01	2.250956e+14	3.592611e+14	1.530527e+14	8.648786e+03	5.600340e+03	3.187555e+03	0	7.400049e-04
8.700000e+08	1.190153e+13	0.000000e+00	5.961541e-01	2.229565e+14	3.595618e+14	1.523459e+14	8.635107e+03	5.601128e+03	3.188004e+03	0	7.366476e-04
8.800000e+08	1.174074e+13	0.000000e+00	5.961541e-01	2.208516e+14	3.598116e+14	1.516439e+14	8.621557e+03	5.601783e+03	3.188377e+03	0	7.333152e-04
8.900000e+08	1.158258e+13	0.000000e+00	5.961541e-01	2.187802e+14	3.600119e+14	1.509467e+14	8.608135e+03	5.602308e+03	3.188676e+03	0	7.300074e-04
9.000000e+08	1.142699e+13	0.000000e+00	5.961541e-01	2.167417e+14	3.601642e+14	1.502544e+14	8.594839e+03	5.602707e+03	3.188903e+03	0	7.267238e-04
9.100000e+08	1.127391e+13	0.000000e+00	5.961541e-01	2.147354e+14	3.602696e+14	1.495668e+14	8.581666e+03	5.602983e+03	3.189060e+03	0	7.234642e-04
9.200000e+08	1.112331e+13	0.000000e+00	5.961541e-01	2.127607e+14	3.603296e+14	1.488839e+14	8.568614e+03	5.603140e+03	3.189149e+03	0	7.202283e-04
9.300000e+08	1.097513e+13	0.000000e+00	5.961541e-01	2.108169e+14	3.603454e+14	1.482056e+14	8.555683e+03	5.603182e+03	3.189173e+03	0	7.170158e-04
9.400000e+08	1.082932e+13	0.000000e+00	5.961541e-01	2.089035e+14	3.603184e+14	1.475320e+14	8.542869e+03	5.603111e+03	3.189132e+03	0	7.138264e-04
9.500000e+08	1.068584e+13	0.000000e+00	5.961541e-01	2.070198e+14	3.602499e+14	1.468630e+14	8.530171e+03	5.602931e+03	3.189030e+03	0	7.106597e-04
9.600000e+08	1.054464e+13	0.000000e+00	5.961541e-01	2.051653e+14	3.601409e+14	1.461986e+14	8.517587e+03	5.602646e+03	3.188868e+03	0	7.075156e-04
9.700000e+08	1.040566e+13	0.000000e+00	5.961541e-01	2.033393e+14	3.599929e+14	1.455387e+14	8.505116e+03	5.602259e+03	3.188647e+03	0	7.043936e-04
9.800000e+08	1.026888e+13	0.000000e+00	5.961541e-01	2.015413e+14	3.598071e+14	1.448833e+14	8.492755e+03	5.601772e+03	3.188370e+03	0	7.012936e-04
9.900000e+08	1.013424e+13	0.000000e+00	5.961541e-01	1.997708e+14	3.595845e+14	1.442323e+14	8.480504e+03	5.601188e+03	3.188038e+03	0	6.982151e-04
1.000000e+09	1.000171e+13	0.000000e+00	5.961541e-01	1.980272e+14	3.593264e+14	1.435858e+14	8.468359e+03	5.600511e+03	3.187653e+03	0	6.951580e-04
1.010000e+09	9.871232e+12	0.000000e+00	5.961541e-01	1.963099e+14	3.590338e+14	1.429436e+14	8.456321e+03	5.599743e+03	3.187216e+03	0	6.921219e-04
1.020000e+09	9.742774e+12	0.000000e+00	5.961541e-01	1.946185e+14	3.587081e+14	1.423058e+14	8.444386e+03	5.598888e+03	3.186729e+03	0	6.891065e-04
1.030000e+09	9.616296e+12	0.000000e+00	5.961541e-01	1.929525e+14	3.583501e+14	1.416723e+14	8.432554e+03	5.597947e+03	3.186193e+03	0	6.861116e-04
1.040000e+09	9.491756e+12	0.000000e+00	5.961541e-01	1.913112e+14	3.579609e+14	1.410431e+14	8.420823e+03	5.596924e+03	3.185611e+03	0	6.831368e-04
1.050000e+09	9.369117e+12	0.000000e+00	5.961541e-01	1.896943e+14	3.575417e+14	1.404181e+14	8.409192e+03	5.595821e+03	3.184983e+03	0	6.801819e-04
1.060000e+09	9.248342e+12	0.000000e+00	5.961541e-01	1.881013e+14	3.570935e+14	1.397974e+14	8.397658e+03	5.594640e+03	3.184311e+03	0	6.772465e-04
1.070000e+09	9.129392e+12	0.000000e+00	5.961541e-01	1.865317e+14	3.566173e+14	1.391808e+14	8.386221e+03	5.593384e+03	3.183596e+03	0	6.743304e-04
1.080000e+09	9.012232e+12	0.000000e+00	5.961541e-01	1.849850e+14	3.561139e+14	1.385684e+14	8.374880e+03	5.592055e+03	3.182840e+03	0	6.714334e-04
1.090000e+09	8.896826e+12	0.000000e+00	5.961541e-01	1.834609e+14	3.555846e+14	1.379601e+14	8.363632e+03	5.590656e+03	3.182044e+03	0	6.685551e-04
1.100000e+09	8.783141e+12	0.000000e+00	5.961541e-01	1.819587e+14	3.550299e+14	1.373559e+14	8.352476e+03	5.589189e+03	3.181209e+03	0	6.656952e-04
1.110000e+09	8.671141e+12	0.000000e+00	5.961541e-01	1.804782e+14	3.544510e+14	1.367557e+14	8.341412e+03	5.587656e+03	3.180336e+03	0	6.628535e-04
1.120000e+09	8.560795e+12	0.000000e+00	5.961541e-01	1.790189e+14	3.538489e+14	1.361595e+14	8.330438e+03	5.586059e+03	3.179427e+03	0	6.600298e-04
1.130000e+09	8.452069e+12	0.000000e+00	5.961541e-01	1.775804e+14	3.532241e+14	1.355674e+14	8.319551e+03	5.584401e+03	3.178483e+03	0	6.572236e-04
1.140000e+09	8.344932e+12	0.000000e+00	5.961541e-01	1.761623e+14	3.525777e+14	1.349792e+14	8.308753e+03	5.582682e+03	3.177505e+03	0	6.544349e-04
1.150000e+09	8.239354e+12	0.000000e+00	5.961541e-01	1.747642e+14	3.519106e+14	1.343949e+14	8.298040e+03	5.580906e+03	3.176494e+03	0	6.516632e-04
1.160000e+09	8.135302e+12	0.000000e+00	5.961541e-01	1.733857e+14	3.512233e+14	1.338146e+14	8.287412e+03	5.579073e+03	3.175451e+03	0	6.489084e-04
1.170000e+09	8.032749e+12	0.000000e+00	5.961541e-01	1.720264e+14	3.505169e+14	1.332380e+14	8.276867e+03	5.577187e+03	3.174377e+03	0	6.461702e-04
1.180000e+09	7.931665e+12	0.000000e+00	5.961541e-01	1.706860e+14	3.497919e+14	1.326654e+14	8.266405e+03	5.575248e+03	3.173274e+03	0	6.434482e-04
1.190000e+09	7.832022e+12	0.000000e+00	5.961541e-01	1.693641e+14	3.490492e+14	1.320965e+14	8.256025e+03	5.573259e+03	3.172142e+03	0	6.407424e-04
1.200000e+09	7.733792e+12	0.000000e+00	5.961541e-01	1.680604e+14	3.482894e+14	1.315314e+14	8.245724e+03	5.571221e+03	3.170982e+03	0	6.380524e-04
1.210000e+09	7.636948e+12	0.000000e+00	5.961541e-01	1.667745e+14	3.475134e+14	1.309701e+14	8.235503e+03	5.569136e+03	3.169795e+03	0	6.353779e-04
1.220000e+09	7.541464e+12	0.000000e+00	5.961541e-01	1.655060e+14	3.467218e+14	1.304125e+14	8.225359e+03	5.567006e+03	3.168582e+03	0	6.327188e-04
1.230000e+09	7.447313e+12	0.000000e+00	5.961541e-01	1.642547e+14	3.459152e+14	1.298585e+14	8.215293e+03	5.564831e+03	3.167345e+03	0	6.300747e-04
1.240000e+09	7.354471e+12	0.000000e+00	5.961541e-01	1.630203e+14	3.450942e+14	1.293083e+14	8.205302e+03	5.562614e+03	3.166083e+03	0	6.274454e-04
1.250000e+09	7.262912e+12	0.000000e+00	5.961541e-01	1.618023e+14	3.442596e+14	1.287616e+14	8.195387e+03	5.560356e+03	3.164797e+03	0	6.248308e-04
1.260000e+09	7.172612e+12	0.000000e+00	5.961541e-01	1.606006e+14	3.434118e+14	1.282186e+14	8.185545e+03	5.558058e+03	3.163490e+03	0	6.222305e-04
1.270000e+09	7.083549e+12	0.000000e+00	5.961541e-01	1.594147e+14	3.425516e+14	1.276791e+14	8.175776e+03	5.555722e+03	3.162160e+03	0	6.196443e-04
1.280000e+09	6.995697e+12	0.000000e+00	5.961541e-01	1.582445e+14	3.416795e+14	1.271432e+14	8.166079e+03	5.553350e+03	3.160810e+03	0	6.170720e-04
1.290000e+09	6.909036e+12	0.000000e+00	5.961541e-01	1.570895e+14	3.407960e+14	1.266108e+14	8.156453e+03	5.550942e+03	3.159439e+03	0	6.145133e-04
1.300000e+09	6.823543e+12	0.000000e+00	5.961541e-01	1.559496e+14	3.399016e+14	1.260820e+14	8.146897e+03	5.548499e+03	3.158049e+03	0	6.119681e-04
1.310000e+09	6.739195e+12	0.000000e+00	5.961541e-01	1.548245e+14	3.389971e+14	1.255565e+14	8.137411e+03	5.546024e+03	3.156640e+03	0	6.094361e-04
1.320000e+09	6.655973e+12	0.000000e+00	5.961541e-01	1.537139e+14	3.380827e+14	1.250345e+14	8.127992e+03	5.543517e+03	3.155213e+03	0	6.069171e-04
1.330000e+09	6.573856e+12	0.000000e+00	5.961541e-01	1.526175e+14	3.371590e+14	1.245160e+14	8.118641e+03	5.540980e+03	3.153769e+03	0	6.044108e-04
1.340000e+09	6.492822e+12	0.000000e+00	5.961541e-01	1.515351e+14	3.362266e+14	1.240008e+14	8.109357e+03	5.538413e+03	3.152308e+03	0	6.019171e-04
1.350000e+09	6.412853e+12	0.000000e+00	5.961541e-01	1.504663e+14	3.352857e+14	1.234890e+14	8.100138e+03	5.535818e+03	3.150831e+03	0	5.994357e-04
1.360000e+09	6.333928e+12	0.000000e+00	5.961541e-01	1.494111e+14	3.343371e+14	1.229805e+14	8.090984e+03	5.533195e+03	3.149339e+03	0	5.969664e-04
1.370000e+09	6.256030e+12	0.000000e+00	5.961541e-01	1.483691e+14	3.333810e+14	1.224753e+14	8.081894e+03	5.530547e+03	3.147831e+03	0	5.945090e-04
1.380000e+09	6.179139e+12	0.000000e+00	5.961541e-01	1.473401e+14	3.324178e+14	1.219734e+14	8.072868e+03	5.527873e+03	3.146309e+03	0	5.920633e-04
1.390000e+09	6.103238e+12	0.000000e+00	5.961541e-01	1.463239e+14	3.314480e+14	1.214748e+14	8.063904e+03	5.525176e+03	3.144774e+03	0	5.896291e-04
1.400000e+09	6.028309e+12	0.000000e+00	5.961541e-01	1.453202e+14	3.304721e+14	1.209794e+14	8.055001e+03	5.522455e+03	3.143225e+03	0	5.872062e-04
1.410000e+09	5.954334e+12	0.000000e+00	5.961541e-01	1.443289e+14	3.294903e+14	1.204872e+14	8.046159e+03	5.519711e+03	3.141664e+03	0	5.847944e-04
1.420000e+09	5.881296e+12	0.000000e+00	5.961541e-01	1.433496e+14	3.285030e+14	1.199982e+14	8.037378e+03	5.516947e+03	3.140090e+03	0	5.823935e-04
1.430000e+09	5.809180e+12	0.000000e+00	5.961541e-01	1.423823e+14	3.275107e+14	1.195124e+14	8.028656e+03	5.514162e+03	3.138505e+03	0	5.800033e-04
1.440000e+09	5.737968e+12	0.000000e+00	5.961541e-01	1.414266e+14	3.265136e+14	1.190297e+14	8.019993e+03	5.511357e+03	3.136909e+03	0	5.776235e-04
1.450000e+09	5.667645e+12	0.000000e+00	5.961541e-01	1.404824e+14	3.255121e+14	1.185501e+14	8.011387e+03	5.508534e+03	3.135302e+03	0	5.752541e-04
1.460000e+09	5.598196e+12	0.000000e+00	5.961541e-01	1.395496e+14	3.245066e+14	1.180736e+14	8.002839e+03	5.505692e+03	3.133684e+03	0	5.728948e-04
1.470000e+09	5.529605e+12	0.000000e+00	5.961541e-01	1.386278e+14	3.234973e+14	1.176002e+14	7.994348e+03	5.502834e+03	3.132057e+03	0	5.705454e-04
1.480000e+09	5.461857e+12	0.000000e+00	5.961541e-01	1.377169e+14	3.224845e+14	1.171298e+14	7.985913e+03	5.499959e+03	3.130421e+03	0	5.682057e-04
1.490000e+09	5.394938e+12	0.000000e+00	5.961541e-01	1.368167e+14	3.214686e+14	1.166624e+14	7.977533e+03	5.497068e+03	3.128776e+03	0	5.658756e-04
1.500000e+09	5.328834e+12	0.000000e+00	5.961541e-01	1.359271e+14	3.204498e+14	1.161980e+14	7.969207e+03	5.494162e+03	3.127122e+03	0	5.635549e-04
1.510000e+09	5.263530e+12	0.000000e+00	5.961541e-01	1.350479e+14	3.194284e+14	1.157366e+14	7.960936e+03	5.491242e+03	3.125460e+03	0	5.612433e-04
1.520000e+09	5.199014e+12	0.000000e+00	5.961541e-01	1.341788e+14	3.184047e+14	1.152782e+14	7.952718e+03	5.488309e+03	3.123790e+03	0	5.589408e-04
1.530000e+09	5.135271e+12	0.000000e+00	5.961541e-01	1.333198e+14	3.173790e+14	1.148227e+14	7.944552e+03	5.485362e+03	3.122113e+03	0	5.566471e-04
1.540000e+09	5.072289e+12	0.000000e+00	5.961541e-01	1.324706e+14	3.163514e+14	1.143701e+14	7.936439e+03	5.482404e+03	3.120429e+03	0	5.543620e-04
1.550000e+09	5.010055e+12	0.000000e+00	5.961541e-01	1.316311e+14	3.153222e+14	1.139203e+14	7.928378e+03	5.479433e+03	3.118739e+03	0	5.520855e-04
1.560000e+09	4.948556e+12	0.000000e+00	5.961541e-01	1.308011e+14	3.142917e+14	1.134735e+14	7.920367e+03	5.476452e+03	3.117042e+03	0	5.498172e-04
1.570000e+09	4.887780e+12	0.000000e+00	5.961541e-01	1.299805e+14	3.132602e+14	1.130294e+14	7.912407e+03	5.473460e+03	3.115339e+03	0	5.475571e-04
1.580000e+09	4.827716e+12	0.000000e+00	5.961541e-01	1.291691e+14	3.122276e+14	1.125882e+14	7.904496e+03	5.470458e+03	3.113630e+03	0	5.453049e-04
1.590000e+09	4.768351e+12	0.000000e+00	5.961541e-01	1.283668e+14	3.111945e+14	1.121498e+14	7.896635e+03	5.467447e+03	3.111916e+03	0	5.430605e-04
1.600000e+09	4.709675e+12	0.000000e+00	5.961541e-01	1.275735e+14	3.101608e+14	1.117142e+14	7.888823e+03	5.464427e+03	3.110197e+03	0	5.408238e-04
1.610000e+09	4.651674e+12	0.000000e+00	5.961541e-01	1.267889e+14	3.091269e+14	1.112813e+14	7.881059e+03	5.461398e+03	3.108474e+03	0	5.385945e-04
1.620000e+09	4.594340e+12	0.000000e+00	5.961541e-01	1.260129e+14	3.080928e+14	1.108511e+14	7.873342e+03	5.458362e+03	3.106745e+03	0	5.363725e-04
1.630000e+09	4.537661e+12	0.000000e+00	5.961541e-01	1.252455e+14	3.070588e+14	1.104237e+14	7.865672e+03	5.455318e+03	3.105013e+03	0	5.341577e-04
1.640000e+09	4.481626e+12	0.000000e+00	5.961541e-01	1.244864e+14	3.060252e+14	1.099990e+14	7.858050e+03	5.452268e+03	3.103277e+03	0	5.319498e-04
1.650000e+09	4.426225e+12	0.000000e+00	5.961541e-01	1.237355e+14	3.049919e+14	1.095769e+14	7.850473e+03	5.449211e+03	3.101537e+03	0	5.297488e-04
1.660000e+09	4.371448e+12	0.000000e+00	5.961541e-01	1.229928e+14	3.039592e+14	1.091575e+14	7.842942e+03	5.446149e+03	3.099794e+03	0	5.275544e-04
1.670000e+09	4.317284e+12	0.000000e+00	5.961541e-01	1.222580e+14	3.029272e+14	1.087407e+14	7.835456e+03	5.443080e+03	3.098048e+03	0	5.253665e-04
1.680000e+09	4.263725e+12	0.000000e+00	5.961541e-01	1.215311e+14	3.018961e+14	1.083266e+14	7.828014e+03	5.440007e+03	3.096298e+03	0	5.231849e-04
1.690000e+09	4.210761e+12	0.000000e+00	5.961541e-01	1.208119e+14	3.008661e+14	1.079150e+14	7.820617e+03	5.436929e+03	3.094546e+03	0	5.210096e-04
1.700000e+09	4.158382e+12	0.000000e+00	5.961541e-01	1.201004e+14	2.998373e+14	1.075060e+14	7.813263e+03	5.433847e+03	3.092792e+03	0	5.188402e-04
1.710000e+09	4.106579e+12	0.000000e+00	5.961541e-01	1.193963e+14	2.988098e+14	1.070996e+14	7.805953e+03	5.430760e+03	3.091035e+03	0	5.166767e-04
1.720000e+09	4.055344e+12	0.000000e+00	5.961541e-01	1.186996e+14	2.977836e+14	1.066957e+14	7.798685e+03	5.427671e+03	3.089277e+03	0	5.145190e-04
1.730000e+09	4.004667e+12	0.000000e+00	5.961541e-01	1.180102e+14	2.967591e+14	1.062943e+14	7.791460e+03	5.424578e+03	3.087516e+03	0	5.123668e-04
1.740000e+09	3.954539e+12	0.000000e+00	5.961541e-01	1.173280e+14	2.957363e+14	1.058954e+14	7.784276e+03	5.421482e+03	3.085754e+03	0	5.102200e-04
1.750000e+09	3.904953e+12	0.000000e+00	5.961541e-01	1.166527e+14	2.947152e+14	1.054990e+14	7.777134e+03	5.418384e+03	3.083991e+03	0	5.080784e-04
1.760000e+09	3.855901e+12	0.000000e+00	5.961541e-01	1.159845e+14	2.936961e+14	1.051051e+14	7.770033e+03	5.415283e+03	3.082226e+03	0	5.059420e-04
1.770000e+09	3.807373e+12	0.000000e+00	5.961541e-01	1.153231e+14	2.926790e+14	1.047136e+14	7.762973e+03	5.412181e+03	3.080461e+03	0	5.038106e-04
1.780000e+09	3.759362e+12	0.000000e+00	5.961541e-01	1.146684e+14	2.916641e+14	1.043245e+14	7.755952e+03	5.409077e+03	3.078694e+03	0	5.016839e-04
1.790000e+09	3.711860e+12	0.000000e+00	5.961541e-01	1.140203e+14	2.906513e+14	1.039378e+14	7.748972e+03	5.405972e+03	3.076927e+03	0	4.995619e-04
1.800000e+09	3.664860e+12	0.000000e+00	5.961541e-01	1.133788e+14	2.896408e+14	1.035535e+14	7.742031e+03	5.402866e+03	3.075159e+03	0	4.974445e-04
1.810000e+09	3.618353e+12	0.000000e+00	5.961541e-01	1.127438e+14	2.886327e+14	1.031716e+14	7.735129e+03	5.399760e+03	3.073391e+03	0	4.953313e-04
1.820000e+09	3.572334e+12	0.000000e+00	5.961541e-01	1.121150e+14	2.876271e+14	1.027921e+14	7.728265e+03	5.396653e+03	3.071622e+03	0	4.932224e-04
1.830000e+09	3.526794e+12	0.000000e+00	5.961541e-01	1.114926e+14	2.866241e+14	1.024148e+14	7.721440e+03	5.393546e+03	3.069854e+03	0	4.911176e-04
1.840000e+09	3.481726e+12	0.000000e+00	5.961541e-01	1.108763e+14	2.856237e+14	1.020399e+14	7.714652e+03	5.390439e+03	3.068085e+03	0	4.890167e-04
1.850000e+09	3.437124e+12	0.000000e+00	5.961541e-01	1.102661e+14	2.846261e+14	1.016673e+14	7.707902e+03	5.387332e+03	3.066317e+03	0	4.869195e-04
1.860000e+09	3.392980e+12	0.000000e+00	5.961541e-01	1.096619e+14	2.836312e+14	1.012970e+14	7.701189e+03	5.384226e+03	3.064549e+03	0	4.848260e-04
1.870000e+09	3.349288e+12	0.000000e+00	5.961541e-01	1.090635e+14	2.826392e+14	1.009290e+14	7.694513e+03	5.381121e+03	3.062782e+03	0	4.827360e-04
1.880000e+09	3.306042e+12	0.000000e+00	5.961541e-01	1.084710e+14	2.816501e+14	1.005632e+14	7.687873e+03	5.378017e+03	3.061015e+03	0	4.806493e-04
1.890000e+09	3.263234e+12	0.000000e+00	5.961541e-01	1.078843e+14	2.806640e+14	1.001996e+14	7.681269e+03	5.374914e+03	3.059249e+03	0	4.785657e-04
1.900000e+09	3.220860e+12	0.000000e+00	5.961541e-01	1.073032e+14	2.796810e+14	9.983827e+13	7.674700e+03	5.371813e+03	3.057484e+03	0	4.764852e-04
1.910000e+09	3.178911e+12	0.000000e+00	5.961541e-01	1.067276e+14	2.787010e+14	9.947912e+13	7.668167e+03	5.368714e+03	3.055720e+03	0	4.744076e-04
1.920000e+09	3.137383e+12	0.000000e+00	5.961541e-01	1.061576e+14	2.777242e+14	9.912216e+13	7.661669e+03	5.365616e+03	3.053957e+03	0	4.723327e-04
1.930000e+09	3.096269e+12	0.000000e+00	5.961541e-01	1.055930e+14	2.767507e+14	9.876737e+13	7.655206e+03	5.362521e+03	3.052195e+03	0	4.702604e-04
1.940000e+09	3.055564e+12	0.000000e+00	5.961541e-01	1.050337e+14	2.757804e+14	9.841474e+13	7.648777e+03	5.359427e+03	3.050435e+03	0	4.681905e-04
1.950000e+09	3.015262e+12	0.000000e+00	5.961541e-01	1.044798e+14	2.748134e+14	9.806424e+13	7.642381e+03	5.356337e+03	3.048676e+03	0	4.661230e-04
1.960000e+09	2.975357e+12	0.000000e+00	5.961541e-01	1.039310e+14	2.738498e+14	9.771586e+13	7.636020e+03	5.353249e+03	3.046918e+03	0	4.640575e-04
1.970000e+09	2.935843e+12	0.000000e+00	5.961541e-01	1.033873e+14	2.728895e+14	9.736958e+13	7.629692e+03	5.350164e+03	3.045162e+03	0	4.619941e-04
1.980000e+09	2.896715e+12	0.000000e+00	5.961541e-01	1.028487e+14	2.719326e+14	9.702540e+13	7.623397e+03	5.347081e+03	3.043408e+03	0	4.599325e-04
1.990000e+09	2.857968e+12	0.000000e+00	5.961541e-01	1.023151e+14	2.709793e+14	9.668329e+13	7.617134e+03	5.344002e+03	3.041655e+03	0	4.578726e-04
2.000000e+09	2.819597e+12	0.000000e+00	5.961541e-01	1.017864e+14	2.700295e+14	9.634325e+13	7.610904e+03	5.340927e+03	3.039905e+03	0	4.558142e-04
2.010000e+09	2.781596e+12	0.000000e+00	5.961541e-01	1.012626e+14	2.690831e+14	9.600524e+13	7.604706e+03	5.337854e+03	3.038156e+03	0	4.537572e-04
2.020000e+09	2.743961e+12	0.000000e+00	5.961541e-01	1.007435e+14	2.681404e+14	9.566927e+13	7.598540e+03	5.334786e+03	3.036409e+03	0	4.517014e-04
2.030000e+09	2.706686e+12	0.000000e+00	5.961541e-01	1.002292e+14	2.672013e+14	9.533531e+13	7.592406e+03	5.331721e+03	3.034665e+03	0	4.496467e-04
2.040000e+09	2.669766e+12	0.000000e+00	5.961541e-01	9.971959e+13	2.662657e+14	9.500336e+13	7.586303e+03	5.328660e+03	3.032922e+03	0	4.475929e-04
2.050000e+09	2.633197e+12	0.000000e+00	5.961541e-01	9.921455e+13	2.653339e+14	9.467339e+13	7.580231e+03	5.325602e+03	3.031182e+03	0	4.455399e-04
2.060000e+09	2.596974e+12	0.000000e+00	5.961541e-01	9.871405e+13	2.644057e+14	9.434538e+13	7.574189e+03	5.322549e+03	3.029445e+03	0	4.434875e-04
2.070000e+09	2.561092e+12	0.000000e+00	5.961541e-01	9.821804e+13	2.634812e+14	9.401934e+13	7.568178e+03	5.319501e+03	3.027709e+03	0	4.414355e-04
2.080000e+09	2.525547e+12	0.000000e+00	5.961541e-01	9.772645e+13	2.625605e+14	9.369524e+13	7.562197e+03	5.316456e+03	3.025977e+03	0	4.393837e-04
2.090000e+09	2.490334e+12	0.000000e+00	5.961541e-01	9.723922e+13	2.616435e+14	9.337307e+13	7.556246e+03	5.313416e+03	3.024246e+03	0	4.373321e-04
2.100000e+09	2.455449e+12	0.000000e+00	5.961541e-01	9.675631e+13	2.607303e+14	9.305281e+13	7.550324e+03	5.310381e+03	3.022519e+03	0	4.352804e-04
2.110000e+09	2.420888e+12	0.000000e+00	5.961541e-01	9.627764e+13	2.598208e+14	9.273445e+13	7.544432e+03	5.307350e+03	3.020794e+03	0	4.332285e-04
2.120000e+09	2.386646e+12	0.000000e+00	5.961541e-01	9.580318e+13	2.589152e+14	9.241798e+13	7.538569e+03	5.304324e+03	3.019072e+03	0	4.311763e-04
2.130000e+09	2.352720e+12	0.000000e+00	5.961541e-01	9.533287e+13	2.580133e+14	9.210339e+13	7.532735e+03	5.301303e+03	3.017352e+03	0	4.291234e-04
2.140000e+09	2.319104e+12	0.000000e+00	5.961541e-01	9.486665e+13	2.571152e+14	9.179065e+13	7.526929e+03	5.298287e+03	3.015635e+03	0	4.270698e-04
2.150000e+09	2.285796e+12	0.000000e+00	5.961541e-01	9.440447e+13	2.562210e+14	9.147976e+13	7.521152e+03	5.295276e+03	3.013922e+03	0	4.250153e-04
2.160000e+09	2.252790e+12	0.000000e+00	5.961541e-01	9.394628e+13	2.553307e+14	9.117070e+13	7.515403e+03	5.292271e+03	3.012211e+03	0	4.229598e-04
2.170000e+09	2.220084e+12	0.000000e+00	5.961541e-01	9.349203e+13	2.544441e+14	9.086346e+13	7.509681e+03	5.289270e+03	3.010503e+03	0	4.209029e-04
2.180000e+09	2.187673e+12	0.000000e+00	5.961541e-01	9.304167e+13	2.535615e+14	9.055803e+13	7.503988e+03	5.286275e+03	3.008798e+03	0	4.188446e-04
2.190000e+09	2.155554e+12	0.000000e+00	5.961541e-01	9.259515e+13	2.526827e+14	9.025439e+13	7.498321e+03	5.283285e+03	3.007097e+03	0	4.167847e-04
2.200000e+09	2.123722e+12	0.000000e+00	5.961541e-01	9.215243e+13	2.518078e+14	8.995253e+13	7.492682e+03	5.280301e+03	3.005398e+03	0	4.147229e-04
2.210000e+09	2.092175e+12	0.000000e+00	5.961541e-01	9.171345e+13	2.509368e+14	8.965244e+13	7.487070e+03	5.277322e+03	3.003702e+03	0	4.126592e-04
2.220000e+09	2.060909e+12	0.000000e+00	5.961541e-01	9.127818e+13	2.500696e+14	8.935410e+13	7.481484e+03	5.274349e+03	3.002010e+03	0	4.105932e-04
2.230000e+09	2.029920e+12	0.000000e+00	5.961541e-01	9.084656e+13	2.492063e+14	8.905750e+13	7.475925e+03	5.271381e+03	3.000321e+03	0	4.085248e-04
2.240000e+09	1.999204e+12	0.000000e+00	5.961541e-01	9.041855e+13	2.483470e+14	8.876264e+13	7.470392e+03	5.268419e+03	2.998635e+03	0	4.064538e-04
2.250000e+09	1.968759e+12	0.000000e+00	5.961541e-01	8.999411e+13	2.474915e+14	8.846949e+13	7.464885e+03	5.265463e+03	2.996953e+03	0	4.043800e-04
2.260000e+09	1.938580e+12	0.000000e+00	5.961541e-01	8.957319e+13	2.466399e+14	8.817805e+13	7.459404e+03	5.262513e+03	2.995274e+03	0	4.023031e-04
2.270000e+09	1.908666e+12	0.000000e+00	5.961541e-01	8.915576e+13	2.457922e+14	8.788830e+13	7.453948e+03	5.259569e+03	2.993598e+03	0	4.002231e-04
2.280000e+09	1.879011e+12	0.000000e+00	5.961541e-01	8.874176e+13	2.449484e+14	8.760023e+13	7.448518e+03	5.256631e+03	2.991926e+03	0	3.981395e-04
2.290000e+09	1.849614e+12	0.000000e+00	5.961541e-01	8.833116e+13	2.441084e+14	8.731383e+13	7.443113e+03	5.253699e+03	2.990257e+03	0	3.960523e-04
2.300000e+09	1.820471e+12	0.000000e+00	5.961541e-01	8.792392e+13	2.432724e+14	8.702909e+13	7.437733e+03	5.250773e+03	2.988591e+03	0	3.939612e-04
2.310000e+09	1.791579e+12	0.000000e+00	5.961541e-01	8.751999e+13	2.424403e+14	8.674599e+13	7.432378e+03	5.247853e+03	2.986930e+03	0	3.918659e-04
2.320000e+09	1.762935e+12	0.000000e+00	5.961541e-01	8.711934e+13	2.416120e+14	8.646452e+13	7.427047e+03	5.244939e+03	2.985271e+03	0	3.897663e-04
2.330000e+09	1.734536e+12	0.000000e+00	5.961541e-01	8.672194e+13	2.407876e+14	8.618468e+13	7.421741e+03	5.242031e+03	2.983616e+03	0	3.876620e-04
2.340000e+09	1.706378e+12	0.000000e+00	5.961541e-01	8.632773e+13	2.399670e+14	8.590644e+13	7.416459e+03	5.239130e+03	2.981965e+03	0	3.855529e-04
2.350000e+09	1.678460e+12	0.000000e+00	5.961541e-01	8.593668e+13	2.391503e+14	8.562981e+13	7.411201e+03	5.236235e+03	2.980317e+03	0	3.834386e-04
2.360000e+09	1.650778e+12	0.000000e+00	5.961541e-01	8.554877e+13	2.383376e+14	8.535476e+13	7.405966e+03	5.233347e+03	2.978673e+03	0	3.813190e-04
2.370000e+09	1.623330e+12	0.000000e+00	5.961541e-01	8.516394e+13	2.375286e+14	8.508129e+13	7.400755e+03	5.230464e+03	2.977033e+03	0	3.791937e-04
2.380000e+09	1.596112e+12	0.000000e+00	5.961541e-01	8.478217e+13	2.367235e+14	8.480938e+13	7.395568e+03	5.227589e+03	2.975396e+03	0	3.770624e-04
2.390000e+09	1.569122e+12	0.000000e+00	5.961541e-01	8.440342e+13	2.359222e+14	8.453902e+13	7.390404e+03	5.224719e+03	2.973763e+03	0	3.749250e-04
2.400000e+09	1.542357e+12	0.000000e+00	5.961541e-01	8.402765e+13	2.351247e+14	8.427021e+13	7.385262e+03	5.221856e+03	2.972133e+03	0	3.727811e-04
2.410000e+09	1.515815e+12	0.000000e+00	5.961541e-01	8.365483e+13	2.343311e+14	8.400293e+13	7.380144e+03	5.219000e+03	2.970507e+03	0	3.706303e-04
2.420000e+09	1.489493e+12	0.000000e+00	5.961541e-01	8.328493e+13	2.335412e+14	8.373717e+13	7.375048e+03	5.216150e+03	2.968885e+03	0	3.684724e-04
2.430000e+09	1.463389e+12	0.000000e+00	5.961541e-01	8.291791e+13	2.327552e+14	8.347292e+13	7.369975e+03	5.213307e+03	2.967267e+03	0	3.663072e-04
2.440000e+09	1.437499e+12	0.000000e+00	5.961541e-01	8.255374e+13	2.319730e+14	8.321017e+13	7.364924e+03	5.210470e+03	2.965652e+03	0	3.641341e-04
2.450000e+09	1.411822e+12	0.000000e+00	5.961541e-01	8.219239e+13	2.311945e+14	8.294891e+13	7.359895e+03	5.207640e+03	2.964042e+03	0	3.619530e-04
2.460000e+09	1.386355e+12	0.000000e+00	5.961541e-01	8.183383e+13	2.304199e+14	8.268912e+13	7.354889e+03	5.204817e+03	2.962435e+03	0	3.597634e-04
2.470000e+09	1.361096e+12	0.000000e+00	5.961541e-01	8.147802e+13	2.296490e+14	8.243081e+13	7.349904e+03	5.202000e+03	2.960831e+03	0	3.575650e-04
2.480000e+09	1.336041e+12	0.000000e+00	5.961541e-01	8.112494e+13	2.288818e+14	8.217395e+13	7.344940e+03	5.199190e+03	2.959232e+03	0	3.553575e-04
2.490000e+09	1.311190e+12	0.000000e+00	5.961541e-01	8.077456e+13	2.281183e+14	8.191853e+13	7.339999e+03	5.196387e+03	2.957636e+03	0	3.531404e-04
2.500000e+09	1.286539e+12	0.000000e+00	5.961541e-01	8.042684e+13	2.273587e+14	8.166456e+13	7.335078e+03	5.193590e+03	2.956045e+03	0	3.509133e-04
2.510000e+09	1.262087e+12	0.000000e+00	5.961541e-01	8.008175e+13	2.266027e+14	8.141201e+13	7.330179e+03	5.190800e+03	2.954457e+03	0	3.486759e-04
2.520000e+09	1.237830e+12	0.000000e+00	5.961541e-01	7.973927e+13	2.258503e+14	8.116088e+13	7.325300e+03	5.188017e+03	2.952873e+03	0	3.464276e-04
2.530000e+09	1.213768e+12	0.000000e+00	5.961541e-01	7.939937e+13	2.251017e+14	8.091116e+13	7.320443e+03	5.185240e+03	2.951292e+03	0	3.441682e-04
2.540000e+09	1.189897e+12	0.000000e+00	5.961541e-01	7.906201e+13	2.243568e+14	8.066283e+13	7.315606e+03	5.182471e+03	2.949716e+03	0	3.418970e-04
2.550000e+09	1.166216e+12	0.000000e+00	5.961541e-01	7.872718e+13	2.236155e+14	8.041589e+13	7.310789e+03	5.179708e+03	2.948143e+03	0	3.396137e-04
2.560000e+09	1.142723e+12	0.000000e+00	5.961541e-01	7.839485e+13	2.228779e+14	8.017033e+13	7.305993e+03	5.176952e+03	2.946575e+03	0	3.373177e-04
2.570000e+09	1.119414e+12	0.000000e+00	5.961541e-01	7.806498e+13	2.221439e+14	7.992613e+13	7.301217e+03	5.174203e+03	2.945010e+03	0	3.350085e-04
2.580000e+09	1.096290e+12	0.000000e+00	5.961541e-01	7.773755e+13	2.214136e+14	7.968330e+13	7.296462e+03	5.171460e+03	2.943449e+03	0	3.326855e-04
2.590000e+09	1.073346e+12	0.000000e+00	5.961541e-01	7.741254e+13	2.206868e+14	7.944181e+13	7.291726e+03	5.168724e+03	2.941892e+03	0	3.303483e-04
2.600000e+09	1.050582e+12	0.000000e+00	5.961541e-01	7.708992e+13	2.199636e+14	7.920166e+13	7.287010e+03	5.165996e+03	2.940339e+03	0	3.279962e-04
2.610000e+09	1.027995e+12	0.000000e+00	5.961541e-01	7.676966e+13	2.192440e+14	7.896285e+13	7.282313e+03	5.163274e+03	2.938789e+03	0	3.256286e-04
2.620000e+09	1.005584e+12	0.000000e+00	5.961541e-01	7.645174e+13	2.185280e+14	7.872535e+13	7.277636e+03	5.160559e+03	2.937244e+03	0	3.232449e-04
2.630000e+09	9.833465e+11	0.000000e+00	5.961541e-01	7.613613e+13	2.178155e+14	7.848917e+13	7.272978e+03	5.157850e+03	2.935703e+03	0	3.208443e-04
2.640000e+09	9.612806e+11	0.000000e+00	5.961541e-01	7.582281e+13	2.171065e+14	7.825428e+13	7.268340e+03	5.155149e+03	2.934165e+03	0	3.184263e-04
2.650000e+09	9.393845e+11	0.000000e+00	5.961541e-01	7.551176e+13	2.164011e+14	7.802070e+13	7.263721e+03	5.152454e+03	2.932631e+03	0	3.159900e-04
2.660000e+09	9.176564e+11	0.000000e+00	5.961541e-01	7.520295e+13	2.156991e+14	7.778839e+13	7.259120e+03	5.149766e+03	2.931102e+03	0	3.135346e-04
2.670000e+09	8.960946e+11	0.000000e+00	5.961541e-01	7.489635e+13	2.150007e+14	7.755736e+13	7.254538e+03	5.147086e+03	2.929576e+03	0	3.110595e-04
2.680000e+09	8.746973e+11	0.000000e+00	5.961541e-01	7.459196e+13	2.143057e+14	7.732760e+13	7.249975e+03	5.144412e+03	2.928054e+03	0	3.085636e-04
2.690000e+09	8.534626e+11	0.000000e+00	5.961541e-01	7.428973e+13	2.136142e+14	7.709910e+13	7.245431e+03	5.141744e+03	2.926536e+03	0	3.060462e-04
2.700000e+09	8.323890e+11	0.000000e+00	5.961541e-01	7.398965e+13	2.129261e+14	7.687185e+13	7.240905e+03	5.139084e+03	2.925021e+03	0	3.035062e-04
2.710000e+09	8.114746e+11	0.000000e+00	5.961541e-01	7.369171e+13	2.122415e+14	7.664583e+13	7.236397e+03	5.136431e+03	2.923511e+03	0	3.009427e-04
2.720000e+09	7.907179e+11	0.000000e+00	5.961541e-01	7.339586e+13	2.115602e+14	7.642105e+13	7.231907e+03	5.133784e+03	2.922005e+03	0	2.983546e-04
2.730000e+09	7.701171e+11	0.000000e+00	5.961541e-01	7.310211e+13	2.108824e+14	7.619750e+13	7.227435e+03	5.131144e+03	2.920502e+03	0	2.957407e-04
2.740000e+09	7.496707e+11	0.000000e+00	5.961541e-01	7.281041e+13	2.102079e+14	7.597515e+13	7.222981e+03	5.128511e+03	2.919004e+03	0	2.930999e-04
2.750000e+09	7.293769e+11	0.000000e+00	5.961541e-01	7.252076e+13	2.095368e+14	7.575402e+13	7.218545e+03	5.125885e+03	2.917509e+03	0	2.904309e-04
2.760000e+09	7.092344e+11	0.000000e+00	5.961541e-01	7.223313e+13	2.088690e+14	7.553408e+13	7.214126e+03	5.123266e+03	2.916018e+03	0	2.877324e-04
2.770000e+09	6.892414e+11	0.000000e+00	5.961541e-01	7.194750e+13	2.082046e+14	7.531534e+13	7.209725e+03	5.120654e+03	2.914531e+03	0	2.850029e-04
2.780000e+09	6.693964e+11	0.000000e+00	5.961541e-01	7.166385e+13	2.075434e+14	7.509777e+13	7.205342e+03	5.118048e+03	2.913048e+03	0	2.822409e-04
2.790000e+09	6.496979e+11	0.000000e+00	5.961541e-01	7.138217e+13	2.068856e+14	7.488138e+13	7.200975e+03	5.115449e+03	2.911569e+03	0	2.794448e-04
2.800000e+09	6.301445e+11	0.000000e+00	5.961541e-01	7.110242e+13	2.062310e+14	7.466616e+13	7.196626e+03	5.112857e+03	2.910094e+03	0	2.766128e-04
2.810000e+09	6.107345e+11	0.000000e+00	5.961541e-01	7.082460e+13	2.055797e+14	7.445210e+13	7.192294e+03	5.110272e+03	2.908622e+03	0	2.737430e-04
2.820000e+09	5.914667e+11	0.000000e+00	5.961541e-01	7.054868e+13	2.049317e+14	7.423918e+13	7.187978e+03	5.107694e+03	2.907155e+03	0	2.708334e-04
2.830000e+09	5.723394e+11	0.000000e+00	5.961541e-01	7.027464e+13	2.042869e+14	7.402741e+13	7.183680e+03	5.105122e+03	2.905691e+03	0	2.678819e-04
2.840000e+09	5.533513e+11	0.000000e+00	5.961541e-01	7.000247e+13	2.036453e+14	7.381677e+13	7.179398e+03	5.102557e+03	2.904231e+03	0	2.648861e-04
2.850000e+09	5.345011e+11	0.000000e+00	5.961541e-01	6.973215e+13	2.030068e+14	7.360726e+13	7.175132e+03	5.099999e+03	2.902775e+03	0	2.618434e-04
2.860000e+09	5.157872e+11	0.000000e+00	5.961541e-01	6.946365e+13	2.023716e+14	7.339886e+13	7.170883e+03	5.097448e+03	2.901323e+03	0	2.587512e-04
2.870000e+09	4.972084e+11	0.000000e+00	5.961541e-01	6.919697e+13	2.017396e+14	7.319158e+13	7.166651e+03	5.094903e+03	2.899875e+03	0	2.556063e-04
2.880000e+09	4.787633e+11	0.000000e+00	5.961541e-01	6.893208e+13	2.011106e+14	7.298541e+13	7.162434e+03	5.092366e+03	2.898431e+03	0	2.524057e-04
2.890000e+09	4.604505e+11	0.000000e+00	5.961541e-01	6.866897e+13	2.004849e+14	7.278032e+13	7.158234e+03	5.089835e+03	2.896990e+03	0	2.491455e-04
2.900000e+09	4.422687e+11	0.000000e+00	5.961541e-01	6.840761e+13	1.998622e+14	7.257633e+13	7.154050e+03	5.087310e+03	2.895553e+03	0	2.458221e-04
2.910000e+09	4.242167e+11	0.000000e+00	5.961541e-01	6.814800e+13	1.992426e+14	7.237342e+13	7.149882e+03	5.084793e+03	2.894120e+03	0	2.424310e-04
2.920000e+09	4.062932e+11	0.000000e+00	5.961541e-01	6.789012e+13	1.986261e+14	7.217158e+13	7.145729e+03	5.082282e+03	2.892691e+03	0	2.389674e-04
2.930000e+09	3.884968e+11	0.000000e+00	5.961541e-01	6.763394e+13	1.980127e+14	7.197081e+13	7.141592e+03	5.079777e+03	2.891266e+03	0	2.354261e-04
2.940000e+09	3.708264e+11	0.000000e+00	5.961541e-01	6.737946e+13	1.974023e+14	7.177110e+13	7.137471e+03	5.077280e+03	2.889844e+03	0	2.318012e-04
2.950000e+09	3.532807e+11	0.000000e+00	5.961541e-01	6.712665e+13	1.967950e+14	7.157245e+13	7.133365e+03	5.074789e+03	2.888426e+03	0	2.280861e-04
2.960000e+09	3.358585e+11	0.000000e+00	5.961541e-01	6.687550e+13	1.961907e+14	7.137484e+13	7.129275e+03	5.072305e+03	2.887012e+03	0	2.242733e-04
2.970000e+09	3.185586e+11	0.000000e+00	5.961541e-01	6.662600e+13	1.955893e+14	7.117826e+13	7.125200e+03	5.069827e+03	2.885602e+03	0	2.203545e-04
2.980000e+09	3.013798e+11	0.000000e+00	5.961541e-01	6.637812e+13	1.949910e+14	7.098272e+13	7.121140e+03	5.067356e+03	2.884196e+03	0	2.163201e-04
2.990000e+09	2.843209e+11	0.000000e+00	5.961541e-01	6.613186e+13	1.943956e+14	7.078820e+13	7.117095e+03	5.064891e+03	2.882793e+03	0	2.121591e-04
3.000000e+09	2.673808e+11	0.000000e+00	5.961541e-01	6.588720e+13	1.938032e+14	7.059470e+13	7.113065e+03	5.062434e+03	2.881394e+03	0	2.078590e-04
3.010000e+09	2.505584e+11	0.000000e+00	5.961541e-01	6.564413e+13	1.932137e+14	7.040221e+13	7.109050e+03	5.059982e+03	2.879999e+03	0	2.034051e-04
3.020000e+09	2.338524e+11	0.000000e+00	5.961541e-01	6.540262e+13	1.926271e+14	7.021072e+13	7.105050e+03	5.057538e+03	2.878608e+03	0	1.987800e-04
3.030000e+09	2.172619e+11	0.000000e+00	5.961541e-01	6.516266e+13	1.920434e+14	7.002024e+13	7.101064e+03	5.055100e+03	2.877220e+03	0	1.939635e-04
3.040000e+09	2.007857e+11	0.000000e+00	5.961541e-01	6.492425e+13	1.914626e+14	6.983074e+13	7.097093e+03	5.052668e+03	2.875836e+03	0	1.889309e-04
3.050000e+09	1.844226e+11	0.000000e+00	5.961541e-01	6.468736e+13	1.908847e+14	6.964222e+13	7.093137e+03	5.050243e+03	2.874456e+03	0	1.836525e-04
3.060000e+09	1.681717e+11	0.000000e+00	5.961541e-01	6.445198e+13	1.903097e+14	6.945468e+13	7.089195e+03	5.047824e+03	2.873079e+03	0	1.780915e-04
3.070000e+09	1.520319e+11	0.000000e+00	5.961541e-01	6.421811e+13	1.897374e+14	6.926812e+13	7.085267e+03	5.045412e+03	2.871706e+03	0	1.722015e-04
3.080000e+09	1.360021e+11	0.000000e+00	5.961541e-01	6.398571e+13	1.891680e+14	6.908251e+13	7.081354e+03	5.043007e+03	2.870337e+03	0	1.659233e-04
3.090000e+09	1.200813e+11	0.000000e+00	5.961541e-01	6.375479e+13	1.886015e+14	6.889787e+13	7.077454e+03	5.040607e+03	2.868971e+03	0	1.591783e-04
3.100000e+09	1.042685e+11	0.000000e+00	5.961541e-01	6.352532e+13	1.880376e+14	6.871417e+13	7.073569e+03	5.038215e+03	2.867609e+03	0	1.518599e-04
3.110000e+09	8.856264e+10	0.000000e+00	5.961541e-01	6.329730e+13	1.874766e+14	6.853143e+13	7.069698e+03	5.035828e+03	2.866251e+03	0	1.438166e-04
3.120000e+09	7.296276e+10	0.000000e+00	5.961541e-01	6.307070e+13	1.869183e+14	6.834962e+13	7.065840e+03	5.033449e+03	2.864897e+03	0	1.348215e-04
3.130000e+09	5.746787e+10	0.000000e+00	5.961541e-01	6.284553e+13	1.863628e+14	6.816874e+13	7.061997e+03	5.031075e+03	2.863546e+03	0	1.245089e-04
3.140000e+09	4.207700e+10	0.000000e+00	5.961541e-01	6.262176e+13	1.858100e+14	6.798879e+13	7.058167e+03	5.028708e+03	2.862199e+03	0	1.122209e-04
3.150000e+09	2.678918e+10	0.000000e+00	5.961541e-01	6.239938e+13	1.852599e+14	6.780975e+13	7.054351e+03	5.026347e+03	2.860855e+03	0	9.654103e-05
3.160000e+09	1.160346e+10	0.000000e+00	5.961541e-01	6.217839e+13	1.847125e+14	6.763164e+13	7.050548e+03	5.023993e+03	2.859515e+03	0	7.304458e-05
3.170000e+09	-3.481088e+09	0.000000e+00	5.961541e-01	6.195876e+13	1.841678e+14	6.745443e+13	7.046758e+03	5.021645e+03	2.858178e+03	0	nan
