#t		Qconv[W]	Ri[Rp]		R*[Rp]		Qc[W]		Qm[W]		Qr[W]		Tcmb[K]		Tl[K]		Tup[K]		RiFlag		Bs[T]
0.000000e+00	2.575152e+13	0.000000e+00	5.974026e-01	7.594829e+14	6.124945e+13	4.452190e+14	1.456615e+04	5.399448e+03	2.843679e+03	0	9.325265e-04
1.000000e+07	2.563647e+13	0.000000e+00	5.974026e-01	7.577753e+14	6.357839e+13	4.427521e+14	1.454650e+04	5.426383e+03	2.857865e+03	0	9.311357e-04
2.000000e+07	2.551679e+13	0.000000e+00	5.974026e-01	7.560300e+14	6.596198e+13	4.403037e+14	1.452689e+04	5.453165e+03	2.871969e+03	0	9.296845e-04
3.000000e+07	2.539254e+13	0.000000e+00	5.974026e-01	7.542474e+14	6.840022e+13	4.378736e+14	1.450733e+04	5.479790e+03	2.885992e+03	0	9.281730e-04
4.000000e+07	2.526378e+13	0.000000e+00	5.974026e-01	7.524283e+14	7.089311e+13	4.354617e+14	1.448782e+04	5.506259e+03	2.899932e+03	0	9.266015e-04
5.000000e+07	2.513058e+13	0.000000e+00	5.974026e-01	7.505730e+14	7.344058e+13	4.330677e+14	1.446835e+04	5.532568e+03	2.913788e+03	0	9.249702e-04
6.000000e+07	2.499300e+13	0.000000e+00	5.974026e-01	7.486824e+14	7.604249e+13	4.306916e+14	1.444893e+04	5.558716e+03	2.927559e+03	0	9.232791e-04
7.000000e+07	2.485111e+13	0.000000e+00	5.974026e-01	7.467568e+14	7.869871e+13	4.283332e+14	1.442956e+04	5.584701e+03	2.941245e+03	0	9.215286e-04
8.000000e+07	2.470497e+13	0.000000e+00	5.974026e-01	7.447970e+14	8.140903e+13	4.259923e+14	1.441024e+04	5.610523e+03	2.954844e+03	0	9.197187e-04
9.000000e+07	2.455466e+13	0.000000e+00	5.974026e-01	7.428036e+14	8.417319e+13	4.236688e+14	1.439097e+04	5.636178e+03	2.968356e+03	0	9.178497e-04
1.000000e+08	2.440024e+13	0.000000e+00	5.974026e-01	7.407771e+14	8.699089e+13	4.213626e+14	1.437175e+04	5.661666e+03	2.981779e+03	0	9.159216e-04
1.100000e+08	2.424179e+13	0.000000e+00	5.974026e-01	7.387182e+14	8.986178e+13	4.190735e+14	1.435259e+04	5.686985e+03	2.995113e+03	0	9.139346e-04
1.200000e+08	2.407936e+13	0.000000e+00	5.974026e-01	7.366276e+14	9.278549e+13	4.168014e+14	1.433347e+04	5.712133e+03	3.008358e+03	0	9.118888e-04
1.300000e+08	2.391304e+13	0.000000e+00	5.974026e-01	7.345058e+14	9.576154e+13	4.145460e+14	1.431441e+04	5.737108e+03	3.021511e+03	0	9.097844e-04
1.400000e+08	2.374289e+13	0.000000e+00	5.974026e-01	7.323534e+14	9.878951e+13	4.123074e+14	1.429541e+04	5.761909e+03	3.034573e+03	0	9.076214e-04
1.500000e+08	2.356898e+13	0.000000e+00	5.974026e-01	7.301713e+14	1.018688e+14	4.100853e+14	1.427646e+04	5.786535e+03	3.047543e+03	0	9.054000e-04
1.600000e+08	2.339140e+13	0.000000e+00	5.974026e-01	7.279598e+14	1.049989e+14	4.078797e+14	1.425757e+04	5.810984e+03	3.060419e+03	0	9.031203e-04
1.700000e+08	2.321020e+13	0.000000e+00	5.974026e-01	7.257199e+14	1.081791e+14	4.056903e+14	1.423873e+04	5.835254e+03	3.073201e+03	0	9.007823e-04
1.800000e+08	2.302547e+13	0.000000e+00	5.974026e-01	7.234520e+14	1.114088e+14	4.035170e+14	1.421996e+04	5.859345e+03	3.085889e+03	0	8.983862e-04
1.900000e+08	2.283728e+13	0.000000e+00	5.974026e-01	7.211568e+14	1.146873e+14	4.013598e+14	1.420124e+04	5.883253e+03	3.098480e+03	0	8.959320e-04
2.000000e+08	2.264571e+13	0.000000e+00	5.974026e-01	7.188350e+14	1.180138e+14	3.992184e+14	1.418258e+04	5.906979e+03	3.110976e+03	0	8.934197e-04
2.100000e+08	2.245082e+13	0.000000e+00	5.974026e-01	7.164873e+14	1.213875e+14	3.970928e+14	1.416398e+04	5.930521e+03	3.123374e+03	0	8.908494e-04
2.200000e+08	2.225270e+13	0.000000e+00	5.974026e-01	7.141144e+14	1.248076e+14	3.949828e+14	1.414544e+04	5.953877e+03	3.135675e+03	0	8.882212e-04
2.300000e+08	2.205142e+13	0.000000e+00	5.974026e-01	7.117168e+14	1.282732e+14	3.928883e+14	1.412696e+04	5.977046e+03	3.147877e+03	0	8.855350e-04
2.400000e+08	2.184706e+13	0.000000e+00	5.974026e-01	7.092954e+14	1.317833e+14	3.908091e+14	1.410854e+04	6.000027e+03	3.159981e+03	0	8.827910e-04
2.500000e+08	2.163969e+13	0.000000e+00	5.974026e-01	7.068506e+14	1.353370e+14	3.887451e+14	1.409019e+04	6.022818e+03	3.171984e+03	0	8.799890e-04
2.600000e+08	2.142939e+13	0.000000e+00	5.974026e-01	7.043833e+14	1.389334e+14	3.866963e+14	1.407190e+04	6.045419e+03	3.183887e+03	0	8.771291e-04
2.700000e+08	2.121624e+13	0.000000e+00	5.974026e-01	7.018941e+14	1.425712e+14	3.846624e+14	1.405367e+04	6.067828e+03	3.195689e+03	0	8.742112e-04
2.800000e+08	2.100031e+13	0.000000e+00	5.974026e-01	6.993837e+14	1.462496e+14	3.826434e+14	1.403551e+04	6.090045e+03	3.207389e+03	0	8.712354e-04
2.900000e+08	2.078169e+13	0.000000e+00	5.974026e-01	6.968528e+14	1.499672e+14	3.806392e+14	1.401742e+04	6.112067e+03	3.218987e+03	0	8.682015e-04
3.000000e+08	2.056045e+13	0.000000e+00	5.974026e-01	6.943020e+14	1.537231e+14	3.786495e+14	1.399938e+04	6.133894e+03	3.230483e+03	0	8.651095e-04
3.100000e+08	2.033666e+13	0.000000e+00	5.974026e-01	6.917320e+14	1.575160e+14	3.766744e+14	1.398142e+04	6.155524e+03	3.241875e+03	0	8.619593e-04
3.200000e+08	2.011041e+13	0.000000e+00	5.974026e-01	6.891435e+14	1.613448e+14	3.747136e+14	1.396352e+04	6.176958e+03	3.253163e+03	0	8.587509e-04
3.300000e+08	1.988177e+13	0.000000e+00	5.974026e-01	6.865372e+14	1.652080e+14	3.727670e+14	1.394568e+04	6.198194e+03	3.264347e+03	0	8.554841e-04
3.400000e+08	1.965082e+13	0.000000e+00	5.974026e-01	6.839137e+14	1.691046e+14	3.708346e+14	1.392792e+04	6.219231e+03	3.275427e+03	0	8.521587e-04
3.500000e+08	1.941764e+13	0.000000e+00	5.974026e-01	6.812738e+14	1.730330e+14	3.689163e+14	1.391022e+04	6.240068e+03	3.286401e+03	0	8.487747e-04
3.600000e+08	1.918231e+13	0.000000e+00	5.974026e-01	6.786180e+14	1.769922e+14	3.670118e+14	1.389259e+04	6.260705e+03	3.297269e+03	0	8.453318e-04
3.700000e+08	1.894489e+13	0.000000e+00	5.974026e-01	6.759471e+14	1.809806e+14	3.651211e+14	1.387503e+04	6.281140e+03	3.308032e+03	0	8.418298e-04
3.800000e+08	1.870548e+13	0.000000e+00	5.974026e-01	6.732618e+14	1.849969e+14	3.632441e+14	1.385754e+04	6.301373e+03	3.318688e+03	0	8.382686e-04
3.900000e+08	1.846414e+13	0.000000e+00	5.974026e-01	6.705627e+14	1.890397e+14	3.613807e+14	1.384012e+04	6.321404e+03	3.329237e+03	0	8.346478e-04
4.000000e+08	1.822095e+13	0.000000e+00	5.974026e-01	6.678504e+14	1.931076e+14	3.595307e+14	1.382276e+04	6.341231e+03	3.339680e+03	0	8.309673e-04
4.100000e+08	1.797599e+13	0.000000e+00	5.974026e-01	6.651257e+14	1.971992e+14	3.576941e+14	1.380548e+04	6.360855e+03	3.350015e+03	0	8.272266e-04
4.200000e+08	1.772933e+13	0.000000e+00	5.974026e-01	6.623891e+14	2.013129e+14	3.558707e+14	1.378827e+04	6.380274e+03	3.360242e+03	0	8.234256e-04
4.300000e+08	1.748106e+13	0.000000e+00	5.974026e-01	6.596414e+14	2.054473e+14	3.540604e+14	1.377113e+04	6.399488e+03	3.370361e+03	0	8.195638e-04
4.400000e+08	1.723123e+13	0.000000e+00	5.974026e-01	6.568831e+14	2.096009e+14	3.522632e+14	1.375405e+04	6.418498e+03	3.380373e+03	0	8.156409e-04
4.500000e+08	1.697993e+13	0.000000e+00	5.974026e-01	6.541150e+14	2.137723e+14	3.504789e+14	1.373705e+04	6.437301e+03	3.390276e+03	0	8.116564e-04
4.600000e+08	1.672723e+13	0.000000e+00	5.974026e-01	6.513376e+14	2.179598e+14	3.487074e+14	1.372013e+04	6.455898e+03	3.400070e+03	0	8.076098e-04
4.700000e+08	1.647321e+13	0.000000e+00	5.974026e-01	6.485516e+14	2.221621e+14	3.469486e+14	1.370327e+04	6.474290e+03	3.409756e+03	0	8.035008e-04
4.800000e+08	1.621793e+13	0.000000e+00	5.974026e-01	6.457576e+14	2.263775e+14	3.452024e+14	1.368649e+04	6.492474e+03	3.419333e+03	0	7.993287e-04
4.900000e+08	1.596147e+13	0.000000e+00	5.974026e-01	6.429562e+14	2.306046e+14	3.434687e+14	1.366977e+04	6.510452e+03	3.428802e+03	0	7.950929e-04
5.000000e+08	1.570390e+13	0.000000e+00	5.974026e-01	6.401481e+14	2.348417e+14	3.417474e+14	1.365313e+04	6.528224e+03	3.438161e+03	0	7.907929e-04
5.100000e+08	1.544529e+13	0.000000e+00	5.974026e-01	6.373338e+14	2.390875e+14	3.400383e+14	1.363657e+04	6.545788e+03	3.447412e+03	0	7.864280e-04
5.200000e+08	1.518572e+13	0.000000e+00	5.974026e-01	6.345140e+14	2.433402e+14	3.383415e+14	1.362007e+04	6.563145e+03	3.456553e+03	0	7.819974e-04
5.300000e+08	1.492523e+13	0.000000e+00	5.974026e-01	6.316892e+14	2.475985e+14	3.366568e+14	1.360365e+04	6.580296e+03	3.465586e+03	0	7.775004e-04
5.400000e+08	1.466392e+13	0.000000e+00	5.974026e-01	6.288600e+14	2.518607e+14	3.349841e+14	1.358730e+04	6.597240e+03	3.474509e+03	0	7.729361e-04
5.500000e+08	1.440184e+13	0.000000e+00	5.974026e-01	6.260270e+14	2.561254e+14	3.333233e+14	1.357103e+04	6.613976e+03	3.483324e+03	0	7.683037e-04
5.600000e+08	1.413906e+13	0.000000e+00	5.974026e-01	6.231908e+14	2.603910e+14	3.316743e+14	1.355482e+04	6.630507e+03	3.492030e+03	0	7.636021e-04
5.700000e+08	1.387565e+13	0.000000e+00	5.974026e-01	6.203520e+14	2.646560e+14	3.300370e+14	1.353869e+04	6.646830e+03	3.500627e+03	0	7.588303e-04
5.800000e+08	1.361167e+13	0.000000e+00	5.974026e-01	6.175110e+14	2.689188e+14	3.284113e+14	1.352264e+04	6.662948e+03	3.509115e+03	0	7.539873e-04
5.900000e+08	1.334718e+13	0.000000e+00	5.974026e-01	6.146684e+14	2.731781e+14	3.267972e+14	1.350665e+04	6.678860e+03	3.517495e+03	0	7.490718e-04
6.000000e+08	1.308226e+13	0.000000e+00	5.974026e-01	6.118248e+14	2.774323e+14	3.251945e+14	1.349075e+04	6.694566e+03	3.525767e+03	0	7.440825e-04
6.100000e+08	1.281695e+13	0.000000e+00	5.974026e-01	6.089807e+14	2.816799e+14	3.236031e+14	1.347491e+04	6.710067e+03	3.533931e+03	0	7.390181e-04
6.200000e+08	1.255132e+13	0.000000e+00	5.974026e-01	6.061366e+14	2.859195e+14	3.220229e+14	1.345915e+04	6.725363e+03	3.541987e+03	0	7.338771e-04
6.300000e+08	1.228543e+13	0.000000e+00	5.974026e-01	6.032930e+14	2.901497e+14	3.204539e+14	1.344346e+04	6.740455e+03	3.549935e+03	0	7.286579e-04
6.400000e+08	1.201934e+13	0.000000e+00	5.974026e-01	6.004504e+14	2.943690e+14	3.188960e+14	1.342784e+04	6.755343e+03	3.557776e+03	0	7.233589e-04
6.500000e+08	1.175311e+13	0.000000e+00	5.974026e-01	5.976094e+14	2.985760e+14	3.173491e+14	1.341230e+04	6.770028e+03	3.565510e+03	0	7.179781e-04
6.600000e+08	1.148679e+13	0.000000e+00	5.974026e-01	5.947703e+14	3.027694e+14	3.158130e+14	1.339683e+04	6.784511e+03	3.573138e+03	0	7.125136e-04
6.700000e+08	1.122044e+13	0.000000e+00	5.974026e-01	5.919337e+14	3.069477e+14	3.142878e+14	1.338144e+04	6.798791e+03	3.580659e+03	0	7.069634e-04
6.800000e+08	1.095412e+13	0.000000e+00	5.974026e-01	5.891000e+14	3.111097e+14	3.127732e+14	1.336612e+04	6.812870e+03	3.588074e+03	0	7.013251e-04
6.900000e+08	1.068787e+13	0.000000e+00	5.974026e-01	5.862697e+14	3.152539e+14	3.112693e+14	1.335087e+04	6.826749e+03	3.595383e+03	0	6.955964e-04
7.000000e+08	1.042175e+13	0.000000e+00	5.974026e-01	5.834432e+14	3.193792e+14	3.097759e+14	1.333569e+04	6.840428e+03	3.602587e+03	0	6.897746e-04
7.100000e+08	1.015582e+13	0.000000e+00	5.974026e-01	5.806209e+14	3.234842e+14	3.082930e+14	1.332059e+04	6.853908e+03	3.609686e+03	0	6.838568e-04
7.200000e+08	9.890111e+12	0.000000e+00	5.974026e-01	5.778034e+14	3.275677e+14	3.068204e+14	1.330556e+04	6.867189e+03	3.616681e+03	0	6.778401e-04
7.300000e+08	9.624684e+12	0.000000e+00	5.974026e-01	5.749909e+14	3.316285e+14	3.053581e+14	1.329060e+04	6.880274e+03	3.623572e+03	0	6.717212e-04
7.400000e+08	9.359586e+12	0.000000e+00	5.974026e-01	5.721839e+14	3.356653e+14	3.039061e+14	1.327572e+04	6.893162e+03	3.630360e+03	0	6.654965e-04
7.500000e+08	9.094861e+12	0.000000e+00	5.974026e-01	5.693827e+14	3.396771e+14	3.024641e+14	1.326091e+04	6.905854e+03	3.637045e+03	0	6.591621e-04
7.600000e+08	8.830557e+12	0.000000e+00	5.974026e-01	5.665878e+14	3.436627e+14	3.010322e+14	1.324617e+04	6.918352e+03	3.643627e+03	0	6.527140e-04
7.700000e+08	8.566717e+12	0.000000e+00	5.974026e-01	5.637996e+14	3.476209e+14	2.996103e+14	1.323150e+04	6.930657e+03	3.650107e+03	0	6.461475e-04
7.800000e+08	8.303384e+12	0.000000e+00	5.974026e-01	5.610183e+14	3.515507e+14	2.981983e+14	1.321691e+04	6.942770e+03	3.656486e+03	0	6.394579e-04
7.900000e+08	8.040601e+12	0.000000e+00	5.974026e-01	5.582444e+14	3.554510e+14	2.967960e+14	1.320239e+04	6.954691e+03	3.662765e+03	0	6.326396e-04
8.000000e+08	7.778408e+12	0.000000e+00	5.974026e-01	5.554781e+14	3.593208e+14	2.954035e+14	1.318793e+04	6.966422e+03	3.668943e+03	0	6.256870e-04
8.100000e+08	7.516846e+12	0.000000e+00	5.974026e-01	5.527199e+14	3.631592e+14	2.940206e+14	1.317355e+04	6.977964e+03	3.675022e+03	0	6.185936e-04
8.200000e+08	7.255952e+12	0.000000e+00	5.974026e-01	5.499700e+14	3.669651e+14	2.926474e+14	1.315925e+04	6.989318e+03	3.681001e+03	0	6.113525e-04
8.300000e+08	6.995765e+12	0.000000e+00	5.974026e-01	5.472288e+14	3.707377e+14	2.912836e+14	1.314501e+04	7.000485e+03	3.686883e+03	0	6.039560e-04
8.400000e+08	6.736321e+12	0.000000e+00	5.974026e-01	5.444965e+14	3.744760e+14	2.899292e+14	1.313084e+04	7.011467e+03	3.692667e+03	0	5.963957e-04
8.500000e+08	6.477655e+12	0.000000e+00	5.974026e-01	5.417734e+14	3.781793e+14	2.885841e+14	1.311675e+04	7.022265e+03	3.698353e+03	0	5.886622e-04
8.600000e+08	6.219801e+12	0.000000e+00	5.974026e-01	5.390599e+14	3.818466e+14	2.872484e+14	1.310272e+04	7.032879e+03	3.703944e+03	0	5.807453e-04
8.700000e+08	5.962793e+12	0.000000e+00	5.974026e-01	5.363561e+14	3.854771e+14	2.859218e+14	1.308876e+04	7.043313e+03	3.709439e+03	0	5.726336e-04
8.800000e+08	5.706662e+12	0.000000e+00	5.974026e-01	5.336624e+14	3.890701e+14	2.846044e+14	1.307488e+04	7.053566e+03	3.714838e+03	0	5.643141e-04
8.900000e+08	5.451438e+12	0.000000e+00	5.974026e-01	5.309790e+14	3.926250e+14	2.832960e+14	1.306106e+04	7.063640e+03	3.720144e+03	0	5.557728e-04
9.000000e+08	5.197153e+12	0.000000e+00	5.974026e-01	5.283062e+14	3.961408e+14	2.819965e+14	1.304732e+04	7.073536e+03	3.725356e+03	0	5.469934e-04
9.100000e+08	4.943834e+12	0.000000e+00	5.974026e-01	5.256441e+14	3.996170e+14	2.807060e+14	1.303364e+04	7.083256e+03	3.730475e+03	0	5.379578e-04
9.200000e+08	4.691510e+12	0.000000e+00	5.974026e-01	5.229931e+14	4.030531e+14	2.794244e+14	1.302003e+04	7.092802e+03	3.735502e+03	0	5.286454e-04
9.300000e+08	4.440206e+12	0.000000e+00	5.974026e-01	5.203532e+14	4.064482e+14	2.781515e+14	1.300649e+04	7.102174e+03	3.740438e+03	0	5.190326e-04
9.400000e+08	4.189948e+12	0.000000e+00	5.974026e-01	5.177248e+14	4.098019e+14	2.768873e+14	1.299302e+04	7.111374e+03	3.745284e+03	0	5.090922e-04
9.500000e+08	3.940762e+12	0.000000e+00	5.974026e-01	5.151081e+14	4.131137e+14	2.756317e+14	1.297961e+04	7.120403e+03	3.750039e+03	0	4.987929e-04
9.600000e+08	3.692670e+12	0.000000e+00	5.974026e-01	5.125031e+14	4.163830e+14	2.743847e+14	1.296628e+04	7.129264e+03	3.754706e+03	0	4.880980e-04
9.700000e+08	3.445695e+12	0.000000e+00	5.974026e-01	5.099102e+14	4.196093e+14	2.731462e+14	1.295301e+04	7.137957e+03	3.759284e+03	0	4.769642e-04
9.800000e+08	3.199858e+12	0.000000e+00	5.974026e-01	5.073294e+14	4.227921e+14	2.719161e+14	1.293981e+04	7.146485e+03	3.763775e+03	0	4.653401e-04
9.900000e+08	2.955181e+12	0.000000e+00	5.974026e-01	5.047609e+14	4.259312e+14	2.706944e+14	1.292667e+04	7.154847e+03	3.768179e+03	0	4.531635e-04
1.000000e+09	2.711683e+12	0.000000e+00	5.974026e-01	5.022050e+14	4.290261e+14	2.694809e+14	1.291360e+04	7.163047e+03	3.772498e+03	0	4.403586e-04
1.010000e+09	2.469382e+12	0.000000e+00	5.974026e-01	4.996617e+14	4.320763e+14	2.682757e+14	1.290060e+04	7.171086e+03	3.776732e+03	0	4.268314e-04
1.020000e+09	2.228297e+12	0.000000e+00	5.974026e-01	4.971311e+14	4.350817e+14	2.670787e+14	1.288766e+04	7.178964e+03	3.780881e+03	0	4.124626e-04
1.030000e+09	1.988444e+12	0.000000e+00	5.974026e-01	4.946135e+14	4.380418e+14	2.658897e+14	1.287479e+04	7.186684e+03	3.784947e+03	0	3.970983e-04
1.040000e+09	1.749840e+12	0.000000e+00	5.974026e-01	4.921089e+14	4.409566e+14	2.647088e+14	1.286198e+04	7.194248e+03	3.788930e+03	0	3.805336e-04
1.050000e+09	1.512500e+12	0.000000e+00	5.974026e-01	4.896175e+14	4.438256e+14	2.635359e+14	1.284924e+04	7.201656e+03	3.792832e+03	0	3.624867e-04
1.060000e+09	1.276438e+12	0.000000e+00	5.974026e-01	4.871393e+14	4.466486e+14	2.623709e+14	1.283656e+04	7.208911e+03	3.796653e+03	0	3.425522e-04
1.070000e+09	1.041668e+12	0.000000e+00	5.974026e-01	4.846745e+14	4.494255e+14	2.612137e+14	1.282395e+04	7.216013e+03	3.800393e+03	0	3.201130e-04
1.080000e+09	8.082017e+11	0.000000e+00	5.974026e-01	4.822231e+14	4.521561e+14	2.600643e+14	1.281140e+04	7.222966e+03	3.804055e+03	0	2.941486e-04
1.090000e+09	5.760521e+11	0.000000e+00	5.974026e-01	4.797853e+14	4.548403e+14	2.589227e+14	1.279891e+04	7.229769e+03	3.807638e+03	0	2.627529e-04
1.100000e+09	3.452301e+11	0.000000e+00	5.974026e-01	4.773611e+14	4.574779e+14	2.577887e+14	1.278649e+04	7.236426e+03	3.811144e+03	0	2.215286e-04
1.110000e+09	1.157461e+11	0.000000e+00	5.974026e-01	4.749506e+14	4.600689e+14	2.566623e+14	1.277413e+04	7.242936e+03	3.814572e+03	0	1.538966e-04
1.120000e+09	-1.123903e+11	0.000000e+00	5.974026e-01	4.725539e+14	4.626132e+14	2.555434e+14	1.276183e+04	7.249303e+03	3.817926e+03	0	nan
