#t		Qconv[W]	Ri[Rp]		R*[Rp]		Qc[W]		Qm[W]		Qr[W]		Tcmb[K]		Tl[K]		Tup[K]		RiFlag		Bs[T]
0.000000e+00	2.123524e+13	0.000000e+00	5.974026e-01	8.258714e+14	5.808325e+13	4.721252e+14	1.523054e+04	5.550763e+03	2.876005e+03	0	8.737912e-04
1.000000e+07	2.114776e+13	0.000000e+00	5.974026e-01	8.243113e+14	6.032387e+13	4.695092e+14	1.521091e+04	5.578527e+03	2.890391e+03	0	8.725896e-04
2.000000e+07	2.105507e+13	0.000000e+00	5.974026e-01	8.227098e+14	6.261938e+13	4.669129e+14	1.519133e+04	5.606147e+03	2.904701e+03	0	8.713129e-04
3.000000e+07	2.095724e+13	0.000000e+00	5.974026e-01	8.210675e+14	6.496994e+13	4.643359e+14	1.517178e+04	5.633622e+03	2.918936e+03	0	8.699613e-04
4.000000e+07	2.085432e+13	0.000000e+00	5.974026e-01	8.193850e+14	6.737569e+13	4.617782e+14	1.515227e+04	5.660948e+03	2.933095e+03	0	8.685349e-04
5.000000e+07	2.074638e+13	0.000000e+00	5.974026e-01	8.176627e+14	6.983671e+13	4.592396e+14	1.513280e+04	5.688125e+03	2.947176e+03	0	8.670339e-04
6.000000e+07	2.063348e+13	0.000000e+00	5.974026e-01	8.159012e+14	7.235302e+13	4.567199e+14	1.511337e+04	5.715150e+03	2.961179e+03	0	8.654582e-04
7.000000e+07	2.051568e+13	0.000000e+00	5.974026e-01	8.141010e+14	7.492465e+13	4.542189e+14	1.509398e+04	5.742023e+03	2.975102e+03	0	8.638081e-04
8.000000e+07	2.039305e+13	0.000000e+00	5.974026e-01	8.122629e+14	7.755154e+13	4.517366e+14	1.507463e+04	5.768741e+03	2.988946e+03	0	8.620835e-04
9.000000e+07	2.026564e+13	0.000000e+00	5.974026e-01	8.103872e+14	8.023361e+13	4.492727e+14	1.505533e+04	5.795303e+03	3.002708e+03	0	8.602844e-04
1.000000e+08	2.013354e+13	0.000000e+00	5.974026e-01	8.084746e+14	8.297074e+13	4.468271e+14	1.503607e+04	5.821707e+03	3.016389e+03	0	8.584110e-04
1.100000e+08	1.999679e+13	0.000000e+00	5.974026e-01	8.065257e+14	8.576273e+13	4.443996e+14	1.501686e+04	5.847951e+03	3.029986e+03	0	8.564632e-04
1.200000e+08	1.985548e+13	0.000000e+00	5.974026e-01	8.045411e+14	8.860937e+13	4.419902e+14	1.499770e+04	5.874034e+03	3.043501e+03	0	8.544409e-04
1.300000e+08	1.970966e+13	0.000000e+00	5.974026e-01	8.025214e+14	9.151040e+13	4.395986e+14	1.497858e+04	5.899954e+03	3.056931e+03	0	8.523441e-04
1.400000e+08	1.955941e+13	0.000000e+00	5.974026e-01	8.004671e+14	9.446553e+13	4.372246e+14	1.495951e+04	5.925710e+03	3.070275e+03	0	8.501728e-04
1.500000e+08	1.940480e+13	0.000000e+00	5.974026e-01	7.983790e+14	9.747438e+13	4.348683e+14	1.494049e+04	5.951299e+03	3.083534e+03	0	8.479267e-04
1.600000e+08	1.924590e+13	0.000000e+00	5.974026e-01	7.962575e+14	1.005366e+14	4.325293e+14	1.492151e+04	5.976721e+03	3.096706e+03	0	8.456059e-04
1.700000e+08	1.908278e+13	0.000000e+00	5.974026e-01	7.941034e+14	1.036517e+14	4.302076e+14	1.490259e+04	6.001974e+03	3.109790e+03	0	8.432101e-04
1.800000e+08	1.891551e+13	0.000000e+00	5.974026e-01	7.919172e+14	1.068191e+14	4.279030e+14	1.488372e+04	6.027056e+03	3.122786e+03	0	8.407391e-04
1.900000e+08	1.874416e+13	0.000000e+00	5.974026e-01	7.896997e+14	1.100385e+14	4.256154e+14	1.486490e+04	6.051966e+03	3.135692e+03	0	8.381928e-04
2.000000e+08	1.856882e+13	0.000000e+00	5.974026e-01	7.874514e+14	1.133092e+14	4.233446e+14	1.484614e+04	6.076702e+03	3.148509e+03	0	8.355710e-04
2.100000e+08	1.838954e+13	0.000000e+00	5.974026e-01	7.851729e+14	1.166306e+14	4.210905e+14	1.482742e+04	6.101263e+03	3.161235e+03	0	8.328732e-04
2.200000e+08	1.820642e+13	0.000000e+00	5.974026e-01	7.828650e+14	1.200020e+14	4.188530e+14	1.480876e+04	6.125648e+03	3.173869e+03	0	8.300994e-04
2.300000e+08	1.801952e+13	0.000000e+00	5.974026e-01	7.805283e+14	1.234227e+14	4.166319e+14	1.479016e+04	6.149854e+03	3.186411e+03	0	8.272491e-04
2.400000e+08	1.782891e+13	0.000000e+00	5.974026e-01	7.781634e+14	1.268920e+14	4.144271e+14	1.477161e+04	6.173881e+03	3.198860e+03	0	8.243220e-04
2.500000e+08	1.763468e+13	0.000000e+00	5.974026e-01	7.757710e+14	1.304091e+14	4.122384e+14	1.475312e+04	6.197727e+03	3.211215e+03	0	8.213177e-04
2.600000e+08	1.743691e+13	0.000000e+00	5.974026e-01	7.733518e+14	1.339731e+14	4.100658e+14	1.473468e+04	6.221392e+03	3.223477e+03	0	8.182357e-04
2.700000e+08	1.723566e+13	0.000000e+00	5.974026e-01	7.709064e+14	1.375833e+14	4.079090e+14	1.471630e+04	6.244873e+03	3.235643e+03	0	8.150757e-04
2.800000e+08	1.703102e+13	0.000000e+00	5.974026e-01	7.684354e+14	1.412386e+14	4.057680e+14	1.469798e+04	6.268169e+03	3.247713e+03	0	8.118370e-04
2.900000e+08	1.682307e+13	0.000000e+00	5.974026e-01	7.659397e+14	1.449382e+14	4.036426e+14	1.467972e+04	6.291280e+03	3.259687e+03	0	8.085192e-04
3.000000e+08	1.661188e+13	0.000000e+00	5.974026e-01	7.634197e+14	1.486810e+14	4.015327e+14	1.466152e+04	6.314203e+03	3.271565e+03	0	8.051217e-04
3.100000e+08	1.639753e+13	0.000000e+00	5.974026e-01	7.608763e+14	1.524661e+14	3.994382e+14	1.464337e+04	6.336939e+03	3.283345e+03	0	8.016438e-04
3.200000e+08	1.618011e+13	0.000000e+00	5.974026e-01	7.583100e+14	1.562923e+14	3.973589e+14	1.462529e+04	6.359485e+03	3.295026e+03	0	7.980849e-04
3.300000e+08	1.595968e+13	0.000000e+00	5.974026e-01	7.557216e+14	1.601587e+14	3.952947e+14	1.460727e+04	6.381841e+03	3.306610e+03	0	7.944441e-04
3.400000e+08	1.573634e+13	0.000000e+00	5.974026e-01	7.531118e+14	1.640639e+14	3.932455e+14	1.458931e+04	6.404005e+03	3.318094e+03	0	7.907208e-04
3.500000e+08	1.551015e+13	0.000000e+00	5.974026e-01	7.504811e+14	1.680070e+14	3.912112e+14	1.457141e+04	6.425977e+03	3.329478e+03	0	7.869140e-04
3.600000e+08	1.528121e+13	0.000000e+00	5.974026e-01	7.478304e+14	1.719867e+14	3.891916e+14	1.455357e+04	6.447756e+03	3.340762e+03	0	7.830229e-04
3.700000e+08	1.504958e+13	0.000000e+00	5.974026e-01	7.451602e+14	1.760018e+14	3.871867e+14	1.453580e+04	6.469340e+03	3.351945e+03	0	7.790465e-04
3.800000e+08	1.481535e+13	0.000000e+00	5.974026e-01	7.424712e+14	1.800510e+14	3.851963e+14	1.451809e+04	6.490729e+03	3.363028e+03	0	7.749836e-04
3.900000e+08	1.457859e+13	0.000000e+00	5.974026e-01	7.397641e+14	1.841331e+14	3.832202e+14	1.450044e+04	6.511922e+03	3.374008e+03	0	7.708333e-04
4.000000e+08	1.433940e+13	0.000000e+00	5.974026e-01	7.370397e+14	1.882468e+14	3.812585e+14	1.448286e+04	6.532918e+03	3.384887e+03	0	7.665942e-04
4.100000e+08	1.409784e+13	0.000000e+00	5.974026e-01	7.342985e+14	1.923907e+14	3.793108e+14	1.446534e+04	6.553717e+03	3.395663e+03	0	7.622652e-04
4.200000e+08	1.385399e+13	0.000000e+00	5.974026e-01	7.315412e+14	1.965635e+14	3.773773e+14	1.444789e+04	6.574317e+03	3.406337e+03	0	7.578447e-04
4.300000e+08	1.360794e+13	0.000000e+00	5.974026e-01	7.287685e+14	2.007637e+14	3.754576e+14	1.443050e+04	6.594718e+03	3.416907e+03	0	7.533314e-04
4.400000e+08	1.335976e+13	0.000000e+00	5.974026e-01	7.259811e+14	2.049901e+14	3.735517e+14	1.441318e+04	6.614920e+03	3.427374e+03	0	7.487236e-04
4.500000e+08	1.310954e+13	0.000000e+00	5.974026e-01	7.231796e+14	2.092413e+14	3.716596e+14	1.439593e+04	6.634921e+03	3.437738e+03	0	7.440196e-04
4.600000e+08	1.285734e+13	0.000000e+00	5.974026e-01	7.203647e+14	2.135157e+14	3.697810e+14	1.437874e+04	6.654722e+03	3.447997e+03	0	7.392176e-04
4.700000e+08	1.260325e+13	0.000000e+00	5.974026e-01	7.175371e+14	2.178120e+14	3.679159e+14	1.436162e+04	6.674321e+03	3.458152e+03	0	7.343157e-04
4.800000e+08	1.234735e+13	0.000000e+00	5.974026e-01	7.146973e+14	2.221286e+14	3.660642e+14	1.434456e+04	6.693718e+03	3.468202e+03	0	7.293117e-04
4.900000e+08	1.208971e+13	0.000000e+00	5.974026e-01	7.118461e+14	2.264641e+14	3.642257e+14	1.432758e+04	6.712913e+03	3.478148e+03	0	7.242033e-04
5.000000e+08	1.183040e+13	0.000000e+00	5.974026e-01	7.089841e+14	2.308171e+14	3.624004e+14	1.431066e+04	6.731906e+03	3.487988e+03	0	7.189882e-04
5.100000e+08	1.156951e+13	0.000000e+00	5.974026e-01	7.061118e+14	2.351860e+14	3.605881e+14	1.429380e+04	6.750696e+03	3.497724e+03	0	7.136638e-04
5.200000e+08	1.130712e+13	0.000000e+00	5.974026e-01	7.032301e+14	2.395694e+14	3.587887e+14	1.427702e+04	6.769283e+03	3.507354e+03	0	7.082271e-04
5.300000e+08	1.104328e+13	0.000000e+00	5.974026e-01	7.003394e+14	2.439657e+14	3.570022e+14	1.426031e+04	6.787666e+03	3.516879e+03	0	7.026752e-04
5.400000e+08	1.077809e+13	0.000000e+00	5.974026e-01	6.974404e+14	2.483734e+14	3.552284e+14	1.424366e+04	6.805846e+03	3.526299e+03	0	6.970049e-04
5.500000e+08	1.051160e+13	0.000000e+00	5.974026e-01	6.945337e+14	2.527910e+14	3.534672e+14	1.422708e+04	6.823822e+03	3.535613e+03	0	6.912125e-04
5.600000e+08	1.024391e+13	0.000000e+00	5.974026e-01	6.916200e+14	2.572170e+14	3.517186e+14	1.421057e+04	6.841594e+03	3.544821e+03	0	6.852944e-04
5.700000e+08	9.975069e+12	0.000000e+00	5.974026e-01	6.886998e+14	2.616499e+14	3.499824e+14	1.419413e+04	6.859163e+03	3.553924e+03	0	6.792462e-04
5.800000e+08	9.705160e+12	0.000000e+00	5.974026e-01	6.857737e+14	2.660882e+14	3.482584e+14	1.417776e+04	6.876527e+03	3.562921e+03	0	6.730637e-04
5.900000e+08	9.434250e+12	0.000000e+00	5.974026e-01	6.828424e+14	2.705303e+14	3.465467e+14	1.416146e+04	6.893688e+03	3.571812e+03	0	6.667419e-04
6.000000e+08	9.162411e+12	0.000000e+00	5.974026e-01	6.799063e+14	2.749747e+14	3.448471e+14	1.414523e+04	6.910645e+03	3.580598e+03	0	6.602755e-04
6.100000e+08	8.889710e+12	0.000000e+00	5.974026e-01	6.769661e+14	2.794200e+14	3.431596e+14	1.412907e+04	6.927399e+03	3.589278e+03	0	6.536588e-04
6.200000e+08	8.616217e+12	0.000000e+00	5.974026e-01	6.740224e+14	2.838647e+14	3.414840e+14	1.411298e+04	6.943949e+03	3.597853e+03	0	6.468856e-04
6.300000e+08	8.341998e+12	0.000000e+00	5.974026e-01	6.710756e+14	2.883072e+14	3.398201e+14	1.409695e+04	6.960295e+03	3.606323e+03	0	6.399489e-04
6.400000e+08	8.067120e+12	0.000000e+00	5.974026e-01	6.681264e+14	2.927461e+14	3.381681e+14	1.408100e+04	6.976439e+03	3.614688e+03	0	6.328412e-04
6.500000e+08	7.791649e+12	0.000000e+00	5.974026e-01	6.651753e+14	2.971799e+14	3.365276e+14	1.406512e+04	6.992380e+03	3.622947e+03	0	6.255544e-04
6.600000e+08	7.515649e+12	0.000000e+00	5.974026e-01	6.622228e+14	3.016071e+14	3.348987e+14	1.404931e+04	7.008119e+03	3.631102e+03	0	6.180792e-04
6.700000e+08	7.239183e+12	0.000000e+00	5.974026e-01	6.592695e+14	3.060265e+14	3.332813e+14	1.403356e+04	7.023656e+03	3.639152e+03	0	6.104055e-04
6.800000e+08	6.962315e+12	0.000000e+00	5.974026e-01	6.563159e+14	3.104363e+14	3.316752e+14	1.401789e+04	7.038992e+03	3.647098e+03	0	6.025223e-04
6.900000e+08	6.685106e+12	0.000000e+00	5.974026e-01	6.533624e+14	3.148354e+14	3.300804e+14	1.400229e+04	7.054126e+03	3.654940e+03	0	5.944172e-04
7.000000e+08	6.407615e+12	0.000000e+00	5.974026e-01	6.504096e+14	3.192224e+14	3.284968e+14	1.398676e+04	7.069060e+03	3.662677e+03	0	5.860762e-04
7.100000e+08	6.129904e+12	0.000000e+00	5.974026e-01	6.474580e+14	3.235958e+14	3.269242e+14	1.397130e+04	7.083795e+03	3.670312e+03	0	5.774838e-04
7.200000e+08	5.852030e+12	0.000000e+00	5.974026e-01	6.445080e+14	3.279541e+14	3.253627e+14	1.395590e+04	7.098329e+03	3.677842e+03	0	5.686226e-04
7.300000e+08	5.574050e+12	0.000000e+00	5.974026e-01	6.415602e+14	3.322963e+14	3.238120e+14	1.394058e+04	7.112665e+03	3.685270e+03	0	5.594727e-04
7.400000e+08	5.296022e+12	0.000000e+00	5.974026e-01	6.386149e+14	3.366209e+14	3.222722e+14	1.392533e+04	7.126803e+03	3.692596e+03	0	5.500116e-04
7.500000e+08	5.017999e+12	0.000000e+00	5.974026e-01	6.356727e+14	3.409267e+14	3.207431e+14	1.391015e+04	7.140744e+03	3.699819e+03	0	5.402135e-04
7.600000e+08	4.740037e+12	0.000000e+00	5.974026e-01	6.327339e+14	3.452123e+14	3.192247e+14	1.389504e+04	7.154488e+03	3.706940e+03	0	5.300488e-04
7.700000e+08	4.462187e+12	0.000000e+00	5.974026e-01	6.297991e+14	3.494766e+14	3.177169e+14	1.387999e+04	7.168037e+03	3.713960e+03	0	5.194828e-04
7.800000e+08	4.184503e+12	0.000000e+00	5.974026e-01	6.268686e+14	3.537183e+14	3.162195e+14	1.386502e+04	7.181390e+03	3.720878e+03	0	5.084753e-04
7.900000e+08	3.907034e+12	0.000000e+00	5.974026e-01	6.239428e+14	3.579363e+14	3.147325e+14	1.385012e+04	7.194549e+03	3.727697e+03	0	4.969786e-04
8.000000e+08	3.629831e+12	0.000000e+00	5.974026e-01	6.210222e+14	3.621293e+14	3.132558e+14	1.383529e+04	7.207515e+03	3.734415e+03	0	4.849356e-04
8.100000e+08	3.352941e+12	0.000000e+00	5.974026e-01	6.181072e+14	3.662963e+14	3.117894e+14	1.382052e+04	7.220289e+03	3.741033e+03	0	4.722775e-04
8.200000e+08	3.076412e+12	0.000000e+00	5.974026e-01	6.151980e+14	3.704360e+14	3.103331e+14	1.380583e+04	7.232871e+03	3.747552e+03	0	4.589198e-04
8.300000e+08	2.800290e+12	0.000000e+00	5.974026e-01	6.122952e+14	3.745476e+14	3.088869e+14	1.379120e+04	7.245263e+03	3.753973e+03	0	4.447571e-04
8.400000e+08	2.524620e+12	0.000000e+00	5.974026e-01	6.093991e+14	3.786298e+14	3.074506e+14	1.377664e+04	7.257465e+03	3.760295e+03	0	4.296557e-04
8.500000e+08	2.249446e+12	0.000000e+00	5.974026e-01	6.065100e+14	3.826818e+14	3.060243e+14	1.376215e+04	7.269480e+03	3.766520e+03	0	4.134412e-04
8.600000e+08	1.974811e+12	0.000000e+00	5.974026e-01	6.036283e+14	3.867022e+14	3.046078e+14	1.374773e+04	7.281306e+03	3.772648e+03	0	3.958802e-04
8.700000e+08	1.700755e+12	0.000000e+00	5.974026e-01	6.007542e+14	3.906906e+14	3.032011e+14	1.373338e+04	7.292947e+03	3.778679e+03	0	3.766482e-04
8.800000e+08	1.427321e+12	0.000000e+00	5.974026e-01	5.978882e+14	3.946456e+14	3.018040e+14	1.371910e+04	7.304403e+03	3.784615e+03	0	3.552732e-04
8.900000e+08	1.154546e+12	0.000000e+00	5.974026e-01	5.950306e+14	3.985665e+14	3.004166e+14	1.370488e+04	7.315675e+03	3.790455e+03	0	3.310236e-04
9.000000e+08	8.824693e+11	0.000000e+00	5.974026e-01	5.921816e+14	4.024524e+14	2.990386e+14	1.369074e+04	7.326764e+03	3.796201e+03	0	3.026601e-04
9.100000e+08	6.111277e+11	0.000000e+00	5.974026e-01	5.893416e+14	4.063024e+14	2.976701e+14	1.367666e+04	7.337671e+03	3.801852e+03	0	2.677725e-04
9.200000e+08	3.405571e+11	0.000000e+00	5.974026e-01	5.865108e+14	4.101157e+14	2.963110e+14	1.366264e+04	7.348398e+03	3.807410e+03	0	2.203528e-04
9.300000e+08	7.079224e+10	0.000000e+00	5.974026e-01	5.836895e+14	4.138917e+14	2.949612e+14	1.364870e+04	7.358947e+03	3.812875e+03	0	1.305321e-04
9.400000e+08	-1.981331e+11	0.000000e+00	5.974026e-01	5.808780e+14	4.176294e+14	2.936206e+14	1.363482e+04	7.369317e+03	3.818249e+03	0	nan
