#t		Qconv[W]	Ri[Rp]		R*[Rp]		Qc[W]		Qm[W]		Qr[W]		Tcmb[K]		Tl[K]		Tup[K]		RiFlag		Bs[T]
0.000000e+00	2.774186e+13	0.000000e+00	4.857142e-01	4.831656e+14	2.784034e+15	3.323510e+14	1.031377e+04	4.997121e+03	2.489994e+03	0	1.083698e-03
1.000000e+07	2.678598e+13	0.000000e+00	4.857142e-01	4.685584e+14	2.582463e+15	3.305096e+14	1.026871e+04	4.936005e+03	2.459541e+03	0	1.071106e-03
2.000000e+07	2.588642e+13	0.000000e+00	4.857142e-01	4.548033e+14	2.407804e+15	3.286819e+14	1.022500e+04	4.880501e+03	2.431884e+03	0	1.058979e-03
3.000000e+07	2.503862e+13	0.000000e+00	4.857142e-01	4.418316e+14	2.255231e+15	3.268678e+14	1.018256e+04	4.829836e+03	2.406638e+03	0	1.047289e-03
4.000000e+07	2.423840e+13	0.000000e+00	4.857142e-01	4.295800e+14	2.120972e+15	3.250673e+14	1.014132e+04	4.783377e+03	2.383489e+03	0	1.036011e-03
5.000000e+07	2.348192e+13	0.000000e+00	4.857142e-01	4.179909e+14	2.002046e+15	3.232803e+14	1.010122e+04	4.740599e+03	2.362173e+03	0	1.025119e-03
6.000000e+07	2.276573e+13	0.000000e+00	4.857142e-01	4.070118e+14	1.896064e+15	3.215065e+14	1.006219e+04	4.701061e+03	2.342472e+03	0	1.014590e-03
7.000000e+07	2.208668e+13	0.000000e+00	4.857142e-01	3.965955e+14	1.801100e+15	3.197460e+14	1.002417e+04	4.664392e+03	2.324200e+03	0	1.004400e-03
8.000000e+07	2.144192e+13	0.000000e+00	4.857142e-01	3.866991e+14	1.715578e+15	3.179985e+14	9.987126e+03	4.630277e+03	2.307201e+03	0	9.945297e-04
9.000000e+07	2.082890e+13	0.000000e+00	4.857142e-01	3.772837e+14	1.638203e+15	3.162641e+14	9.950996e+03	4.598446e+03	2.291340e+03	0	9.849601e-04
1.000000e+08	2.024528e+13	0.000000e+00	4.857142e-01	3.683143e+14	1.567898e+15	3.145425e+14	9.915739e+03	4.568665e+03	2.276501e+03	0	9.756735e-04
1.100000e+08	1.968897e+13	0.000000e+00	4.857142e-01	3.597592e+14	1.503767e+15	3.128337e+14	9.881316e+03	4.540734e+03	2.262583e+03	0	9.666536e-04
1.200000e+08	1.915805e+13	0.000000e+00	4.857142e-01	3.515894e+14	1.445052e+15	3.111376e+14	9.847686e+03	4.514477e+03	2.249499e+03	0	9.578855e-04
1.300000e+08	1.865078e+13	0.000000e+00	4.857142e-01	3.437787e+14	1.391112e+15	3.094540e+14	9.814814e+03	4.489739e+03	2.237173e+03	0	9.493555e-04
1.400000e+08	1.816558e+13	0.000000e+00	4.857142e-01	3.363033e+14	1.341401e+15	3.077829e+14	9.782668e+03	4.466387e+03	2.225537e+03	0	9.410506e-04
1.500000e+08	1.770102e+13	0.000000e+00	4.857142e-01	3.291413e+14	1.295453e+15	3.061242e+14	9.751217e+03	4.444301e+03	2.214532e+03	0	9.329592e-04
1.600000e+08	1.725577e+13	0.000000e+00	4.857142e-01	3.222729e+14	1.252862e+15	3.044776e+14	9.720431e+03	4.423375e+03	2.204104e+03	0	9.250701e-04
1.700000e+08	1.682863e+13	0.000000e+00	4.857142e-01	3.156798e+14	1.213282e+15	3.028433e+14	9.690284e+03	4.403514e+03	2.194208e+03	0	9.173734e-04
1.800000e+08	1.641849e+13	0.000000e+00	4.857142e-01	3.093452e+14	1.176409e+15	3.012210e+14	9.660749e+03	4.384635e+03	2.184801e+03	0	9.098594e-04
1.900000e+08	1.602434e+13	0.000000e+00	4.857142e-01	3.032539e+14	1.141979e+15	2.996106e+14	9.631804e+03	4.366662e+03	2.175846e+03	0	9.025195e-04
2.000000e+08	1.564523e+13	0.000000e+00	4.857142e-01	2.973915e+14	1.109759e+15	2.980121e+14	9.603425e+03	4.349528e+03	2.167308e+03	0	8.953453e-04
2.100000e+08	1.528032e+13	0.000000e+00	4.857142e-01	2.917452e+14	1.079545e+15	2.964254e+14	9.575591e+03	4.333171e+03	2.159157e+03	0	8.883293e-04
2.200000e+08	1.492879e+13	0.000000e+00	4.857142e-01	2.863028e+14	1.051157e+15	2.948503e+14	9.548283e+03	4.317537e+03	2.151367e+03	0	8.814644e-04
2.300000e+08	1.458992e+13	0.000000e+00	4.857142e-01	2.810532e+14	1.024435e+15	2.932867e+14	9.521481e+03	4.302574e+03	2.143911e+03	0	8.747438e-04
2.400000e+08	1.426302e+13	0.000000e+00	4.857142e-01	2.759860e+14	9.992376e+14	2.917346e+14	9.495168e+03	4.288238e+03	2.136768e+03	0	8.681612e-04
2.500000e+08	1.394746e+13	0.000000e+00	4.857142e-01	2.710917e+14	9.754377e+14	2.901939e+14	9.469327e+03	4.274488e+03	2.129916e+03	0	8.617109e-04
2.600000e+08	1.364265e+13	0.000000e+00	4.857142e-01	2.663613e+14	9.529222e+14	2.886645e+14	9.443942e+03	4.261284e+03	2.123337e+03	0	8.553873e-04
2.700000e+08	1.334804e+13	0.000000e+00	4.857142e-01	2.617866e+14	9.315893e+14	2.871463e+14	9.418997e+03	4.248593e+03	2.117013e+03	0	8.491852e-04
2.800000e+08	1.306313e+13	0.000000e+00	4.857142e-01	2.573598e+14	9.113479e+14	2.856391e+14	9.394478e+03	4.236383e+03	2.110929e+03	0	8.430996e-04
2.900000e+08	1.278743e+13	0.000000e+00	4.857142e-01	2.530736e+14	8.921156e+14	2.841429e+14	9.370371e+03	4.224625e+03	2.105071e+03	0	8.371261e-04
3.000000e+08	1.252050e+13	0.000000e+00	4.857142e-01	2.489214e+14	8.738179e+14	2.826577e+14	9.346664e+03	4.213292e+03	2.099423e+03	0	8.312603e-04
3.100000e+08	1.226192e+13	0.000000e+00	4.857142e-01	2.448969e+14	8.563875e+14	2.811832e+14	9.323344e+03	4.202359e+03	2.093976e+03	0	8.254981e-04
3.200000e+08	1.201131e+13	0.000000e+00	4.857142e-01	2.409941e+14	8.397632e+14	2.797195e+14	9.300399e+03	4.191804e+03	2.088716e+03	0	8.198355e-04
3.300000e+08	1.176831e+13	0.000000e+00	4.857142e-01	2.372074e+14	8.238893e+14	2.782665e+14	9.277818e+03	4.181604e+03	2.083634e+03	0	8.142690e-04
3.400000e+08	1.153256e+13	0.000000e+00	4.857142e-01	2.335318e+14	8.087152e+14	2.768239e+14	9.255590e+03	4.171741e+03	2.078719e+03	0	8.087949e-04
3.500000e+08	1.130375e+13	0.000000e+00	4.857142e-01	2.299622e+14	7.941945e+14	2.753919e+14	9.233705e+03	4.162197e+03	2.073963e+03	0	8.034102e-04
3.600000e+08	1.108157e+13	0.000000e+00	4.857142e-01	2.264941e+14	7.802849e+14	2.739702e+14	9.212152e+03	4.152954e+03	2.069358e+03	0	7.981115e-04
3.700000e+08	1.086573e+13	0.000000e+00	4.857142e-01	2.231232e+14	7.669475e+14	2.725589e+14	9.190923e+03	4.143997e+03	2.064895e+03	0	7.928960e-04
3.800000e+08	1.065598e+13	0.000000e+00	4.857142e-01	2.198454e+14	7.541466e+14	2.711577e+14	9.170009e+03	4.135312e+03	2.060567e+03	0	7.877607e-04
3.900000e+08	1.045205e+13	0.000000e+00	4.857142e-01	2.166567e+14	7.418495e+14	2.697667e+14	9.149400e+03	4.126884e+03	2.056367e+03	0	7.827031e-04
4.000000e+08	1.025371e+13	0.000000e+00	4.857142e-01	2.135537e+14	7.300260e+14	2.683857e+14	9.129089e+03	4.118701e+03	2.052290e+03	0	7.777205e-04
4.100000e+08	1.006073e+13	0.000000e+00	4.857142e-01	2.105328e+14	7.186482e+14	2.670147e+14	9.109067e+03	4.110751e+03	2.048329e+03	0	7.728104e-04
4.200000e+08	9.872889e+12	0.000000e+00	4.857142e-01	2.075908e+14	7.076903e+14	2.656535e+14	9.089328e+03	4.103023e+03	2.044478e+03	0	7.679706e-04
4.300000e+08	9.689995e+12	0.000000e+00	4.857142e-01	2.047247e+14	6.971286e+14	2.643022e+14	9.069863e+03	4.095506e+03	2.040732e+03	0	7.631989e-04
4.400000e+08	9.511853e+12	0.000000e+00	4.857142e-01	2.019314e+14	6.869409e+14	2.629606e+14	9.050665e+03	4.088191e+03	2.037087e+03	0	7.584930e-04
4.500000e+08	9.338280e+12	0.000000e+00	4.857142e-01	1.992082e+14	6.771068e+14	2.616286e+14	9.031728e+03	4.081068e+03	2.033538e+03	0	7.538510e-04
4.600000e+08	9.169104e+12	0.000000e+00	4.857142e-01	1.965526e+14	6.676073e+14	2.603062e+14	9.013046e+03	4.074129e+03	2.030080e+03	0	7.492708e-04
4.700000e+08	9.004161e+12	0.000000e+00	4.857142e-01	1.939619e+14	6.584247e+14	2.589933e+14	8.994611e+03	4.067365e+03	2.026710e+03	0	7.447507e-04
4.800000e+08	8.843295e+12	0.000000e+00	4.857142e-01	1.914339e+14	6.495425e+14	2.576897e+14	8.976419e+03	4.060770e+03	2.023424e+03	0	7.402889e-04
4.900000e+08	8.686357e+12	0.000000e+00	4.857142e-01	1.889662e+14	6.409454e+14	2.563955e+14	8.958462e+03	4.054335e+03	2.020217e+03	0	7.358836e-04
5.000000e+08	8.533208e+12	0.000000e+00	4.857142e-01	1.865568e+14	6.326190e+14	2.551106e+14	8.940736e+03	4.048054e+03	2.017088e+03	0	7.315331e-04
5.100000e+08	8.383713e+12	0.000000e+00	4.857142e-01	1.842036e+14	6.245499e+14	2.538349e+14	8.923235e+03	4.041921e+03	2.014032e+03	0	7.272359e-04
5.200000e+08	8.237744e+12	0.000000e+00	4.857142e-01	1.819046e+14	6.167256e+14	2.525682e+14	8.905954e+03	4.035929e+03	2.011046e+03	0	7.229906e-04
5.300000e+08	8.095179e+12	0.000000e+00	4.857142e-01	1.796579e+14	6.091345e+14	2.513106e+14	8.888888e+03	4.030073e+03	2.008128e+03	0	7.187955e-04
5.400000e+08	7.955902e+12	0.000000e+00	4.857142e-01	1.774619e+14	6.017654e+14	2.500619e+14	8.872032e+03	4.024347e+03	2.005275e+03	0	7.146494e-04
5.500000e+08	7.819803e+12	0.000000e+00	4.857142e-01	1.753148e+14	5.946082e+14	2.488222e+14	8.855380e+03	4.018746e+03	2.002484e+03	0	7.105508e-04
5.600000e+08	7.686774e+12	0.000000e+00	4.857142e-01	1.732150e+14	5.876530e+14	2.475912e+14	8.838930e+03	4.013265e+03	1.999753e+03	0	7.064985e-04
5.700000e+08	7.556715e+12	0.000000e+00	4.857142e-01	1.711609e+14	5.808909e+14	2.463690e+14	8.822676e+03	4.007900e+03	1.997079e+03	0	7.024912e-04
5.800000e+08	7.429529e+12	0.000000e+00	4.857142e-01	1.691512e+14	5.743132e+14	2.451554e+14	8.806614e+03	4.002646e+03	1.994461e+03	0	6.985277e-04
5.900000e+08	7.305123e+12	0.000000e+00	4.857142e-01	1.671842e+14	5.679120e+14	2.439505e+14	8.790739e+03	3.997499e+03	1.991897e+03	0	6.946068e-04
6.000000e+08	7.183410e+12	0.000000e+00	4.857142e-01	1.652588e+14	5.616795e+14	2.427541e+14	8.775049e+03	3.992455e+03	1.989383e+03	0	6.907275e-04
6.100000e+08	7.064303e+12	0.000000e+00	4.857142e-01	1.633736e+14	5.556087e+14	2.415661e+14	8.759538e+03	3.987510e+03	1.986919e+03	0	6.868886e-04
6.200000e+08	6.947721e+12	0.000000e+00	4.857142e-01	1.615274e+14	5.496927e+14	2.403866e+14	8.744204e+03	3.982661e+03	1.984503e+03	0	6.830891e-04
6.300000e+08	6.833588e+12	0.000000e+00	4.857142e-01	1.597190e+14	5.439253e+14	2.392153e+14	8.729043e+03	3.977904e+03	1.982133e+03	0	6.793279e-04
6.400000e+08	6.721827e+12	0.000000e+00	4.857142e-01	1.579472e+14	5.383003e+14	2.380523e+14	8.714050e+03	3.973236e+03	1.979807e+03	0	6.756041e-04
6.500000e+08	6.612367e+12	0.000000e+00	4.857142e-01	1.562109e+14	5.328121e+14	2.368976e+14	8.699223e+03	3.968654e+03	1.977524e+03	0	6.719168e-04
6.600000e+08	6.505139e+12	0.000000e+00	4.857142e-01	1.545091e+14	5.274552e+14	2.357509e+14	8.684559e+03	3.964155e+03	1.975282e+03	0	6.682650e-04
6.700000e+08	6.400078e+12	0.000000e+00	4.857142e-01	1.528408e+14	5.222245e+14	2.346123e+14	8.670054e+03	3.959736e+03	1.973080e+03	0	6.646479e-04
6.800000e+08	6.297120e+12	0.000000e+00	4.857142e-01	1.512050e+14	5.171152e+14	2.334817e+14	8.655705e+03	3.955395e+03	1.970917e+03	0	6.610645e-04
6.900000e+08	6.196203e+12	0.000000e+00	4.857142e-01	1.496008e+14	5.121227e+14	2.323591e+14	8.641509e+03	3.951128e+03	1.968791e+03	0	6.575141e-04
7.000000e+08	6.097269e+12	0.000000e+00	4.857142e-01	1.480272e+14	5.072426e+14	2.312443e+14	8.627463e+03	3.946934e+03	1.966701e+03	0	6.539959e-04
7.100000e+08	6.000262e+12	0.000000e+00	4.857142e-01	1.464835e+14	5.024707e+14	2.301373e+14	8.613564e+03	3.942810e+03	1.964646e+03	0	6.505090e-04
7.200000e+08	5.905127e+12	0.000000e+00	4.857142e-01	1.449687e+14	4.978031e+14	2.290380e+14	8.599810e+03	3.938754e+03	1.962625e+03	0	6.470527e-04
7.300000e+08	5.811813e+12	0.000000e+00	4.857142e-01	1.434822e+14	4.932360e+14	2.279465e+14	8.586197e+03	3.934763e+03	1.960636e+03	0	6.436262e-04
7.400000e+08	5.720267e+12	0.000000e+00	4.857142e-01	1.420230e+14	4.887659e+14	2.268625e+14	8.572723e+03	3.930836e+03	1.958680e+03	0	6.402290e-04
7.500000e+08	5.630444e+12	0.000000e+00	4.857142e-01	1.405905e+14	4.843894e+14	2.257861e+14	8.559387e+03	3.926971e+03	1.956754e+03	0	6.368601e-04
7.600000e+08	5.542294e+12	0.000000e+00	4.857142e-01	1.391840e+14	4.801032e+14	2.247172e+14	8.546184e+03	3.923166e+03	1.954857e+03	0	6.335191e-04
7.700000e+08	5.455774e+12	0.000000e+00	4.857142e-01	1.378027e+14	4.759042e+14	2.236558e+14	8.533112e+03	3.919418e+03	1.952990e+03	0	6.302052e-04
7.800000e+08	5.370840e+12	0.000000e+00	4.857142e-01	1.364460e+14	4.717896e+14	2.226017e+14	8.520170e+03	3.915727e+03	1.951151e+03	0	6.269178e-04
7.900000e+08	5.287450e+12	0.000000e+00	4.857142e-01	1.351132e+14	4.677564e+14	2.215549e+14	8.507356e+03	3.912090e+03	1.949339e+03	0	6.236563e-04
8.000000e+08	5.205563e+12	0.000000e+00	4.857142e-01	1.338038e+14	4.638020e+14	2.205154e+14	8.494665e+03	3.908506e+03	1.947553e+03	0	6.204200e-04
8.100000e+08	5.125141e+12	0.000000e+00	4.857142e-01	1.325171e+14	4.599239e+14	2.194832e+14	8.482098e+03	3.904973e+03	1.945792e+03	0	6.172084e-04
8.200000e+08	5.046146e+12	0.000000e+00	4.857142e-01	1.312526e+14	4.561195e+14	2.184580e+14	8.469651e+03	3.901491e+03	1.944057e+03	0	6.140209e-04
8.300000e+08	4.968541e+12	0.000000e+00	4.857142e-01	1.300097e+14	4.523866e+14	2.174399e+14	8.457322e+03	3.898056e+03	1.942346e+03	0	6.108569e-04
8.400000e+08	4.892291e+12	0.000000e+00	4.857142e-01	1.287878e+14	4.487228e+14	2.164289e+14	8.445110e+03	3.894669e+03	1.940658e+03	0	6.077160e-04
8.500000e+08	4.817363e+12	0.000000e+00	4.857142e-01	1.275865e+14	4.451262e+14	2.154249e+14	8.433012e+03	3.891328e+03	1.938993e+03	0	6.045975e-04
8.600000e+08	4.743723e+12	0.000000e+00	4.857142e-01	1.264052e+14	4.415945e+14	2.144277e+14	8.421026e+03	3.888032e+03	1.937351e+03	0	6.015009e-04
8.700000e+08	4.671339e+12	0.000000e+00	4.857142e-01	1.252434e+14	4.381258e+14	2.134375e+14	8.409151e+03	3.884779e+03	1.935730e+03	0	5.984258e-04
8.800000e+08	4.600182e+12	0.000000e+00	4.857142e-01	1.241007e+14	4.347183e+14	2.124540e+14	8.397385e+03	3.881567e+03	1.934130e+03	0	5.953717e-04
8.900000e+08	4.530220e+12	0.000000e+00	4.857142e-01	1.229766e+14	4.313701e+14	2.114773e+14	8.385726e+03	3.878397e+03	1.932550e+03	0	5.923380e-04
9.000000e+08	4.461425e+12	0.000000e+00	4.857142e-01	1.218706e+14	4.280795e+14	2.105073e+14	8.374173e+03	3.875267e+03	1.930991e+03	0	5.893244e-04
9.100000e+08	4.393770e+12	0.000000e+00	4.857142e-01	1.207824e+14	4.248449e+14	2.095440e+14	8.362722e+03	3.872176e+03	1.929450e+03	0	5.863302e-04
9.200000e+08	4.327227e+12	0.000000e+00	4.857142e-01	1.197116e+14	4.216646e+14	2.085872e+14	8.351374e+03	3.869123e+03	1.927929e+03	0	5.833552e-04
9.300000e+08	4.261769e+12	0.000000e+00	4.857142e-01	1.186576e+14	4.185370e+14	2.076370e+14	8.340126e+03	3.866107e+03	1.926426e+03	0	5.803988e-04
9.400000e+08	4.197373e+12	0.000000e+00	4.857142e-01	1.176202e+14	4.154608e+14	2.066933e+14	8.328977e+03	3.863127e+03	1.924941e+03	0	5.774606e-04
9.500000e+08	4.134013e+12	0.000000e+00	4.857142e-01	1.165989e+14	4.124345e+14	2.057560e+14	8.317925e+03	3.860182e+03	1.923474e+03	0	5.745403e-04
9.600000e+08	4.071665e+12	0.000000e+00	4.857142e-01	1.155934e+14	4.094567e+14	2.048251e+14	8.306969e+03	3.857271e+03	1.922023e+03	0	5.716373e-04
9.700000e+08	4.010306e+12	0.000000e+00	4.857142e-01	1.146034e+14	4.065262e+14	2.039006e+14	8.296107e+03	3.854394e+03	1.920589e+03	0	5.687513e-04
9.800000e+08	3.949914e+12	0.000000e+00	4.857142e-01	1.136284e+14	4.036416e+14	2.029823e+14	8.285337e+03	3.851549e+03	1.919172e+03	0	5.658818e-04
9.900000e+08	3.890467e+12	0.000000e+00	4.857142e-01	1.126682e+14	4.008017e+14	2.020703e+14	8.274659e+03	3.848736e+03	1.917770e+03	0	5.630286e-04
1.000000e+09	3.831944e+12	0.000000e+00	4.857142e-01	1.117223e+14	3.980054e+14	2.011645e+14	8.264071e+03	3.845954e+03	1.916384e+03	0	5.601911e-04
1.010000e+09	3.774324e+12	0.000000e+00	4.857142e-01	1.107907e+14	3.952516e+14	2.002648e+14	8.253572e+03	3.843202e+03	1.915013e+03	0	5.573692e-04
1.020000e+09	3.717588e+12	0.000000e+00	4.857142e-01	1.098728e+14	3.925391e+14	1.993713e+14	8.243160e+03	3.840480e+03	1.913657e+03	0	5.545622e-04
1.030000e+09	3.661716e+12	0.000000e+00	4.857142e-01	1.089684e+14	3.898669e+14	1.984837e+14	8.232834e+03	3.837787e+03	1.912315e+03	0	5.517700e-04
1.040000e+09	3.606690e+12	0.000000e+00	4.857142e-01	1.080772e+14	3.872339e+14	1.976022e+14	8.222593e+03	3.835122e+03	1.910987e+03	0	5.489921e-04
1.050000e+09	3.552491e+12	0.000000e+00	4.857142e-01	1.071990e+14	3.846393e+14	1.967266e+14	8.212435e+03	3.832485e+03	1.909673e+03	0	5.462283e-04
1.060000e+09	3.499101e+12	0.000000e+00	4.857142e-01	1.063334e+14	3.820821e+14	1.958570e+14	8.202359e+03	3.829875e+03	1.908372e+03	0	5.434781e-04
1.070000e+09	3.446504e+12	0.000000e+00	4.857142e-01	1.054802e+14	3.795614e+14	1.949931e+14	8.192365e+03	3.827291e+03	1.907084e+03	0	5.407412e-04
1.080000e+09	3.394683e+12	0.000000e+00	4.857142e-01	1.046392e+14	3.770762e+14	1.941351e+14	8.182451e+03	3.824733e+03	1.905810e+03	0	5.380173e-04
1.090000e+09	3.343620e+12	0.000000e+00	4.857142e-01	1.038100e+14	3.746258e+14	1.932829e+14	8.172615e+03	3.822200e+03	1.904548e+03	0	5.353061e-04
1.100000e+09	3.293302e+12	0.000000e+00	4.857142e-01	1.029925e+14	3.722092e+14	1.924364e+14	8.162858e+03	3.819692e+03	1.903298e+03	0	5.326072e-04
1.110000e+09	3.243712e+12	0.000000e+00	4.857142e-01	1.021864e+14	3.698258e+14	1.915955e+14	8.153176e+03	3.817208e+03	1.902060e+03	0	5.299204e-04
1.120000e+09	3.194835e+12	0.000000e+00	4.857142e-01	1.013915e+14	3.674748e+14	1.907603e+14	8.143571e+03	3.814748e+03	1.900834e+03	0	5.272452e-04
1.130000e+09	3.146657e+12	0.000000e+00	4.857142e-01	1.006075e+14	3.651554e+14	1.899307e+14	8.134040e+03	3.812311e+03	1.899620e+03	0	5.245815e-04
1.140000e+09	3.099163e+12	0.000000e+00	4.857142e-01	9.983424e+13	3.628669e+14	1.891067e+14	8.124582e+03	3.809896e+03	1.898417e+03	0	5.219289e-04
1.150000e+09	3.052340e+12	0.000000e+00	4.857142e-01	9.907152e+13	3.606085e+14	1.882881e+14	8.115197e+03	3.807504e+03	1.897225e+03	0	5.192871e-04
1.160000e+09	3.006174e+12	0.000000e+00	4.857142e-01	9.831910e+13	3.583798e+14	1.874750e+14	8.105884e+03	3.805133e+03	1.896044e+03	0	5.166557e-04
1.170000e+09	2.960653e+12	0.000000e+00	4.857142e-01	9.757680e+13	3.561799e+14	1.866673e+14	8.096641e+03	3.802784e+03	1.894873e+03	0	5.140346e-04
1.180000e+09	2.915763e+12	0.000000e+00	4.857142e-01	9.684440e+13	3.540082e+14	1.858650e+14	8.087467e+03	3.800456e+03	1.893713e+03	0	5.114234e-04
1.190000e+09	2.871492e+12	0.000000e+00	4.857142e-01	9.612173e+13	3.518642e+14	1.850680e+14	8.078363e+03	3.798148e+03	1.892563e+03	0	5.088218e-04
1.200000e+09	2.827828e+12	0.000000e+00	4.857142e-01	9.540859e+13	3.497472e+14	1.842763e+14	8.069326e+03	3.795860e+03	1.891423e+03	0	5.062296e-04
1.210000e+09	2.784760e+12	0.000000e+00	4.857142e-01	9.470480e+13	3.476567e+14	1.834899e+14	8.060356e+03	3.793592e+03	1.890293e+03	0	5.036465e-04
1.220000e+09	2.742275e+12	0.000000e+00	4.857142e-01	9.401019e+13	3.455922e+14	1.827086e+14	8.051451e+03	3.791344e+03	1.889172e+03	0	5.010721e-04
1.230000e+09	2.700363e+12	0.000000e+00	4.857142e-01	9.332458e+13	3.435530e+14	1.819326e+14	8.042613e+03	3.789114e+03	1.888061e+03	0	4.985062e-04
1.240000e+09	2.659013e+12	0.000000e+00	4.857142e-01	9.264780e+13	3.415387e+14	1.811617e+14	8.033838e+03	3.786903e+03	1.886960e+03	0	4.959486e-04
1.250000e+09	2.618213e+12	0.000000e+00	4.857142e-01	9.197969e+13	3.395487e+14	1.803958e+14	8.025127e+03	3.784710e+03	1.885867e+03	0	4.933989e-04
1.260000e+09	2.577955e+12	0.000000e+00	4.857142e-01	9.132008e+13	3.375825e+14	1.796350e+14	8.016478e+03	3.782534e+03	1.884783e+03	0	4.908570e-04
1.270000e+09	2.538227e+12	0.000000e+00	4.857142e-01	9.066883e+13	3.356398e+14	1.788792e+14	8.007892e+03	3.780377e+03	1.883708e+03	0	4.883224e-04
1.280000e+09	2.499019e+12	0.000000e+00	4.857142e-01	9.002577e+13	3.337199e+14	1.781284e+14	7.999366e+03	3.778237e+03	1.882641e+03	0	4.857950e-04
1.290000e+09	2.460323e+12	0.000000e+00	4.857142e-01	8.939076e+13	3.318226e+14	1.773826e+14	7.990901e+03	3.776113e+03	1.881583e+03	0	4.832745e-04
1.300000e+09	2.422129e+12	0.000000e+00	4.857142e-01	8.876366e+13	3.299472e+14	1.766416e+14	7.982495e+03	3.774006e+03	1.880533e+03	0	4.807607e-04
1.310000e+09	2.384427e+12	0.000000e+00	4.857142e-01	8.814432e+13	3.280934e+14	1.759055e+14	7.974148e+03	3.771916e+03	1.879492e+03	0	4.782532e-04
1.320000e+09	2.347208e+12	0.000000e+00	4.857142e-01	8.753259e+13	3.262608e+14	1.751742e+14	7.965860e+03	3.769841e+03	1.878458e+03	0	4.757518e-04
1.330000e+09	2.310465e+12	0.000000e+00	4.857142e-01	8.692836e+13	3.244490e+14	1.744476e+14	7.957628e+03	3.767783e+03	1.877432e+03	0	4.732562e-04
1.340000e+09	2.274188e+12	0.000000e+00	4.857142e-01	8.633148e+13	3.226576e+14	1.737259e+14	7.949454e+03	3.765739e+03	1.876414e+03	0	4.707662e-04
1.350000e+09	2.238369e+12	0.000000e+00	4.857142e-01	8.574182e+13	3.208861e+14	1.730088e+14	7.941335e+03	3.763711e+03	1.875404e+03	0	4.682816e-04
1.360000e+09	2.203000e+12	0.000000e+00	4.857142e-01	8.515927e+13	3.191343e+14	1.722964e+14	7.933272e+03	3.761698e+03	1.874401e+03	0	4.658020e-04
1.370000e+09	2.168072e+12	0.000000e+00	4.857142e-01	8.458369e+13	3.174018e+14	1.715887e+14	7.925263e+03	3.759700e+03	1.873405e+03	0	4.633272e-04
1.380000e+09	2.133579e+12	0.000000e+00	4.857142e-01	8.401496e+13	3.156882e+14	1.708855e+14	7.917308e+03	3.757716e+03	1.872416e+03	0	4.608569e-04
1.390000e+09	2.099513e+12	0.000000e+00	4.857142e-01	8.345298e+13	3.139932e+14	1.701869e+14	7.909407e+03	3.755746e+03	1.871435e+03	0	4.583909e-04
1.400000e+09	2.065865e+12	0.000000e+00	4.857142e-01	8.289761e+13	3.123164e+14	1.694929e+14	7.901559e+03	3.753791e+03	1.870460e+03	0	4.559290e-04
1.410000e+09	2.032630e+12	0.000000e+00	4.857142e-01	8.234876e+13	3.106575e+14	1.688033e+14	7.893762e+03	3.751849e+03	1.869493e+03	0	4.534708e-04
1.420000e+09	1.999799e+12	0.000000e+00	4.857142e-01	8.180630e+13	3.090163e+14	1.681182e+14	7.886017e+03	3.749920e+03	1.868532e+03	0	4.510160e-04
1.430000e+09	1.967367e+12	0.000000e+00	4.857142e-01	8.127014e+13	3.073923e+14	1.674376e+14	7.878323e+03	3.748005e+03	1.867578e+03	0	4.485646e-04
1.440000e+09	1.935325e+12	0.000000e+00	4.857142e-01	8.074016e+13	3.057853e+14	1.667613e+14	7.870679e+03	3.746104e+03	1.866630e+03	0	4.461160e-04
1.450000e+09	1.903668e+12	0.000000e+00	4.857142e-01	8.021627e+13	3.041950e+14	1.660894e+14	7.863085e+03	3.744214e+03	1.865689e+03	0	4.436702e-04
1.460000e+09	1.872389e+12	0.000000e+00	4.857142e-01	7.969836e+13	3.026212e+14	1.654218e+14	7.855541e+03	3.742338e+03	1.864754e+03	0	4.412268e-04
1.470000e+09	1.841482e+12	0.000000e+00	4.857142e-01	7.918634e+13	3.010635e+14	1.647586e+14	7.848044e+03	3.740474e+03	1.863825e+03	0	4.387856e-04
1.480000e+09	1.810941e+12	0.000000e+00	4.857142e-01	7.868011e+13	2.995216e+14	1.640995e+14	7.840596e+03	3.738623e+03	1.862902e+03	0	4.363463e-04
1.490000e+09	1.780759e+12	0.000000e+00	4.857142e-01	7.817957e+13	2.979954e+14	1.634448e+14	7.833195e+03	3.736784e+03	1.861986e+03	0	4.339086e-04
1.500000e+09	1.750930e+12	0.000000e+00	4.857142e-01	7.768463e+13	2.964845e+14	1.627942e+14	7.825842e+03	3.734956e+03	1.861075e+03	0	4.314722e-04
1.510000e+09	1.721450e+12	0.000000e+00	4.857142e-01	7.719521e+13	2.949887e+14	1.621477e+14	7.818534e+03	3.733140e+03	1.860171e+03	0	4.290369e-04
1.520000e+09	1.692311e+12	0.000000e+00	4.857142e-01	7.671121e+13	2.935077e+14	1.615054e+14	7.811273e+03	3.731336e+03	1.859272e+03	0	4.266024e-04
1.530000e+09	1.663509e+12	0.000000e+00	4.857142e-01	7.623255e+13	2.920413e+14	1.608673e+14	7.804057e+03	3.729544e+03	1.858378e+03	0	4.241684e-04
1.540000e+09	1.635038e+12	0.000000e+00	4.857142e-01	7.575914e+13	2.905893e+14	1.602331e+14	7.796886e+03	3.727763e+03	1.857491e+03	0	4.217345e-04
1.550000e+09	1.606893e+12	0.000000e+00	4.857142e-01	7.529090e+13	2.891515e+14	1.596031e+14	7.789760e+03	3.725992e+03	1.856609e+03	0	4.193007e-04
1.560000e+09	1.579069e+12	0.000000e+00	4.857142e-01	7.482775e+13	2.877276e+14	1.589770e+14	7.782677e+03	3.724233e+03	1.855732e+03	0	4.168664e-04
1.570000e+09	1.551560e+12	0.000000e+00	4.857142e-01	7.436961e+13	2.863174e+14	1.583549e+14	7.775638e+03	3.722484e+03	1.854861e+03	0	4.144315e-04
1.580000e+09	1.524361e+12	0.000000e+00	4.857142e-01	7.391640e+13	2.849206e+14	1.577368e+14	7.768642e+03	3.720747e+03	1.853995e+03	0	4.119955e-04
1.590000e+09	1.497469e+12	0.000000e+00	4.857142e-01	7.346805e+13	2.835372e+14	1.571226e+14	7.761689e+03	3.719019e+03	1.853134e+03	0	4.095583e-04
1.600000e+09	1.470877e+12	0.000000e+00	4.857142e-01	7.302448e+13	2.821668e+14	1.565122e+14	7.754777e+03	3.717302e+03	1.852279e+03	0	4.071195e-04
1.610000e+09	1.444581e+12	0.000000e+00	4.857142e-01	7.258561e+13	2.808093e+14	1.559058e+14	7.747907e+03	3.715595e+03	1.851428e+03	0	4.046788e-04
1.620000e+09	1.418576e+12	0.000000e+00	4.857142e-01	7.215138e+13	2.794645e+14	1.553031e+14	7.741079e+03	3.713899e+03	1.850583e+03	0	4.022359e-04
1.630000e+09	1.392859e+12	0.000000e+00	4.857142e-01	7.172171e+13	2.781321e+14	1.547043e+14	7.734291e+03	3.712212e+03	1.849742e+03	0	3.997903e-04
1.640000e+09	1.367424e+12	0.000000e+00	4.857142e-01	7.129654e+13	2.768121e+14	1.541092e+14	7.727543e+03	3.710535e+03	1.848907e+03	0	3.973418e-04
1.650000e+09	1.342268e+12	0.000000e+00	4.857142e-01	7.087580e+13	2.755042e+14	1.535179e+14	7.720836e+03	3.708867e+03	1.848076e+03	0	3.948901e-04
1.660000e+09	1.317385e+12	0.000000e+00	4.857142e-01	7.045942e+13	2.742082e+14	1.529303e+14	7.714168e+03	3.707210e+03	1.847250e+03	0	3.924348e-04
1.670000e+09	1.292773e+12	0.000000e+00	4.857142e-01	7.004734e+13	2.729240e+14	1.523464e+14	7.707539e+03	3.705561e+03	1.846428e+03	0	3.899755e-04
1.680000e+09	1.268426e+12	0.000000e+00	4.857142e-01	6.963950e+13	2.716514e+14	1.517662e+14	7.700948e+03	3.703922e+03	1.845612e+03	0	3.875118e-04
1.690000e+09	1.244341e+12	0.000000e+00	4.857142e-01	6.923582e+13	2.703902e+14	1.511896e+14	7.694396e+03	3.702292e+03	1.844799e+03	0	3.850434e-04
1.700000e+09	1.220514e+12	0.000000e+00	4.857142e-01	6.883625e+13	2.691403e+14	1.506166e+14	7.687882e+03	3.700671e+03	1.843992e+03	0	3.825699e-04
1.710000e+09	1.196941e+12	0.000000e+00	4.857142e-01	6.844074e+13	2.679015e+14	1.500471e+14	7.681406e+03	3.699059e+03	1.843189e+03	0	3.800909e-04
1.720000e+09	1.173618e+12	0.000000e+00	4.857142e-01	6.804922e+13	2.666737e+14	1.494813e+14	7.674966e+03	3.697456e+03	1.842390e+03	0	3.776059e-04
1.730000e+09	1.150542e+12	0.000000e+00	4.857142e-01	6.766162e+13	2.654566e+14	1.489189e+14	7.668564e+03	3.695862e+03	1.841595e+03	0	3.751147e-04
1.740000e+09	1.127709e+12	0.000000e+00	4.857142e-01	6.727791e+13	2.642502e+14	1.483601e+14	7.662197e+03	3.694276e+03	1.840805e+03	0	3.726166e-04
1.750000e+09	1.105115e+12	0.000000e+00	4.857142e-01	6.689802e+13	2.630543e+14	1.478047e+14	7.655867e+03	3.692699e+03	1.840019e+03	0	3.701113e-04
1.760000e+09	1.082757e+12	0.000000e+00	4.857142e-01	6.652189e+13	2.618688e+14	1.472528e+14	7.649573e+03	3.691130e+03	1.839238e+03	0	3.675984e-04
1.770000e+09	1.060632e+12	0.000000e+00	4.857142e-01	6.614948e+13	2.606934e+14	1.467043e+14	7.643313e+03	3.689570e+03	1.838460e+03	0	3.650772e-04
1.780000e+09	1.038736e+12	0.000000e+00	4.857142e-01	6.578073e+13	2.595281e+14	1.461592e+14	7.637089e+03	3.688017e+03	1.837687e+03	0	3.625475e-04
1.790000e+09	1.017065e+12	0.000000e+00	4.857142e-01	6.541559e+13	2.583728e+14	1.456175e+14	7.630899e+03	3.686473e+03	1.836917e+03	0	3.600086e-04
1.800000e+09	9.956176e+11	0.000000e+00	4.857142e-01	6.505400e+13	2.572273e+14	1.450791e+14	7.624744e+03	3.684937e+03	1.836152e+03	0	3.574599e-04
1.810000e+09	9.743893e+11	0.000000e+00	4.857142e-01	6.469593e+13	2.560914e+14	1.445441e+14	7.618623e+03	3.683409e+03	1.835390e+03	0	3.549011e-04
1.820000e+09	9.533773e+11	0.000000e+00	4.857142e-01	6.434131e+13	2.549651e+14	1.440123e+14	7.612535e+03	3.681889e+03	1.834633e+03	0	3.523315e-04
1.830000e+09	9.325786e+11	0.000000e+00	4.857142e-01	6.399011e+13	2.538482e+14	1.434838e+14	7.606480e+03	3.680376e+03	1.833879e+03	0	3.497505e-04
1.840000e+09	9.119902e+11	0.000000e+00	4.857142e-01	6.364227e+13	2.527406e+14	1.429586e+14	7.600459e+03	3.678871e+03	1.833129e+03	0	3.471575e-04
1.850000e+09	8.916091e+11	0.000000e+00	4.857142e-01	6.329775e+13	2.516422e+14	1.424366e+14	7.594470e+03	3.677374e+03	1.832383e+03	0	3.445519e-04
1.860000e+09	8.714325e+11	0.000000e+00	4.857142e-01	6.295650e+13	2.505528e+14	1.419177e+14	7.588514e+03	3.675884e+03	1.831640e+03	0	3.419331e-04
1.870000e+09	8.514575e+11	0.000000e+00	4.857142e-01	6.261848e+13	2.494724e+14	1.414021e+14	7.582589e+03	3.674401e+03	1.830902e+03	0	3.393003e-04
1.880000e+09	8.316812e+11	0.000000e+00	4.857142e-01	6.228365e+13	2.484007e+14	1.408896e+14	7.576697e+03	3.672926e+03	1.830167e+03	0	3.366528e-04
1.890000e+09	8.121011e+11	0.000000e+00	4.857142e-01	6.195196e+13	2.473379e+14	1.403803e+14	7.570836e+03	3.671458e+03	1.829435e+03	0	3.339898e-04
1.900000e+09	7.927143e+11	0.000000e+00	4.857142e-01	6.162337e+13	2.462836e+14	1.398740e+14	7.565005e+03	3.669997e+03	1.828707e+03	0	3.313107e-04
1.910000e+09	7.735183e+11	0.000000e+00	4.857142e-01	6.129784e+13	2.452378e+14	1.393708e+14	7.559206e+03	3.668544e+03	1.827983e+03	0	3.286145e-04
1.920000e+09	7.545104e+11	0.000000e+00	4.857142e-01	6.097533e+13	2.442004e+14	1.388707e+14	7.553438e+03	3.667097e+03	1.827262e+03	0	3.259004e-04
1.930000e+09	7.356881e+11	0.000000e+00	4.857142e-01	6.065579e+13	2.431712e+14	1.383737e+14	7.547699e+03	3.665657e+03	1.826545e+03	0	3.231676e-04
1.940000e+09	7.170489e+11	0.000000e+00	4.857142e-01	6.033920e+13	2.421503e+14	1.378796e+14	7.541991e+03	3.664224e+03	1.825831e+03	0	3.204150e-04
1.950000e+09	6.985903e+11	0.000000e+00	4.857142e-01	6.002550e+13	2.411374e+14	1.373886e+14	7.536313e+03	3.662798e+03	1.825120e+03	0	3.176416e-04
1.960000e+09	6.803100e+11	0.000000e+00	4.857142e-01	5.971467e+13	2.401326e+14	1.369005e+14	7.530664e+03	3.661379e+03	1.824413e+03	0	3.148465e-04
1.970000e+09	6.622054e+11	0.000000e+00	4.857142e-01	5.940666e+13	2.391356e+14	1.364154e+14	7.525044e+03	3.659966e+03	1.823709e+03	0	3.120284e-04
1.980000e+09	6.442744e+11	0.000000e+00	4.857142e-01	5.910143e+13	2.381464e+14	1.359332e+14	7.519453e+03	3.658560e+03	1.823008e+03	0	3.091862e-04
1.990000e+09	6.265146e+11	0.000000e+00	4.857142e-01	5.879896e+13	2.371649e+14	1.354539e+14	7.513890e+03	3.657160e+03	1.822311e+03	0	3.063188e-04
2.000000e+09	6.089237e+11	0.000000e+00	4.857142e-01	5.849921e+13	2.361910e+14	1.349775e+14	7.508357e+03	3.655767e+03	1.821617e+03	0	3.034246e-04
2.010000e+09	5.914996e+11	0.000000e+00	4.857142e-01	5.820214e+13	2.352246e+14	1.345039e+14	7.502851e+03	3.654381e+03	1.820926e+03	0	3.005024e-04
2.020000e+09	5.742400e+11	0.000000e+00	4.857142e-01	5.790771e+13	2.342657e+14	1.340332e+14	7.497373e+03	3.653000e+03	1.820238e+03	0	2.975507e-04
2.030000e+09	5.571428e+11	0.000000e+00	4.857142e-01	5.761590e+13	2.333141e+14	1.335653e+14	7.491923e+03	3.651626e+03	1.819553e+03	0	2.945679e-04
2.040000e+09	5.402059e+11	0.000000e+00	4.857142e-01	5.732667e+13	2.323697e+14	1.331003e+14	7.486500e+03	3.650258e+03	1.818872e+03	0	2.915522e-04
2.050000e+09	5.234273e+11	0.000000e+00	4.857142e-01	5.703998e+13	2.314325e+14	1.326380e+14	7.481105e+03	3.648896e+03	1.818193e+03	0	2.885019e-04
2.060000e+09	5.068049e+11	0.000000e+00	4.857142e-01	5.675581e+13	2.305024e+14	1.321785e+14	7.475736e+03	3.647540e+03	1.817517e+03	0	2.854150e-04
2.070000e+09	4.903366e+11	0.000000e+00	4.857142e-01	5.647413e+13	2.295793e+14	1.317217e+14	7.470394e+03	3.646191e+03	1.816845e+03	0	2.822894e-04
2.080000e+09	4.740206e+11	0.000000e+00	4.857142e-01	5.619490e+13	2.286631e+14	1.312676e+14	7.465079e+03	3.644847e+03	1.816175e+03	0	2.791230e-04
2.090000e+09	4.578548e+11	0.000000e+00	4.857142e-01	5.591809e+13	2.277538e+14	1.308162e+14	7.459790e+03	3.643509e+03	1.815509e+03	0	2.759132e-04
2.100000e+09	4.418374e+11	0.000000e+00	4.857142e-01	5.564367e+13	2.268513e+14	1.303675e+14	7.454527e+03	3.642177e+03	1.814845e+03	0	2.726574e-04
2.110000e+09	4.259665e+11	0.000000e+00	4.857142e-01	5.537162e+13	2.259554e+14	1.299215e+14	7.449289e+03	3.640851e+03	1.814184e+03	0	2.693529e-04
2.120000e+09	4.102403e+11	0.000000e+00	4.857142e-01	5.510190e+13	2.250661e+14	1.294782e+14	7.444077e+03	3.639531e+03	1.813526e+03	0	2.659965e-04
2.130000e+09	3.946570e+11	0.000000e+00	4.857142e-01	5.483448e+13	2.241834e+14	1.290374e+14	7.438891e+03	3.638216e+03	1.812871e+03	0	2.625849e-04
2.140000e+09	3.792147e+11	0.000000e+00	4.857142e-01	5.456934e+13	2.233072e+14	1.285993e+14	7.433730e+03	3.636907e+03	1.812219e+03	0	2.591144e-04
2.150000e+09	3.639117e+11	0.000000e+00	4.857142e-01	5.430645e+13	2.224374e+14	1.281637e+14	7.428593e+03	3.635603e+03	1.811569e+03	0	2.555810e-04
2.160000e+09	3.487462e+11	0.000000e+00	4.857142e-01	5.404579e+13	2.215738e+14	1.277307e+14	7.423481e+03	3.634305e+03	1.810923e+03	0	2.519802e-04
2.170000e+09	3.337167e+11	0.000000e+00	4.857142e-01	5.378732e+13	2.207166e+14	1.273003e+14	7.418394e+03	3.633013e+03	1.810279e+03	0	2.483071e-04
2.180000e+09	3.188214e+11	0.000000e+00	4.857142e-01	5.353102e+13	2.198655e+14	1.268723e+14	7.413331e+03	3.631726e+03	1.809637e+03	0	2.445564e-04
2.190000e+09	3.040586e+11	0.000000e+00	4.857142e-01	5.327686e+13	2.190206e+14	1.264469e+14	7.408292e+03	3.630444e+03	1.808999e+03	0	2.407219e-04
2.200000e+09	2.894268e+11	0.000000e+00	4.857142e-01	5.302482e+13	2.181817e+14	1.260240e+14	7.403277e+03	3.629168e+03	1.808363e+03	0	2.367969e-04
2.210000e+09	2.749243e+11	0.000000e+00	4.857142e-01	5.277487e+13	2.173488e+14	1.256036e+14	7.398286e+03	3.627897e+03	1.807729e+03	0	2.327739e-04
2.220000e+09	2.605496e+11	0.000000e+00	4.857142e-01	5.252699e+13	2.165219e+14	1.251856e+14	7.393318e+03	3.626631e+03	1.807099e+03	0	2.286441e-04
2.230000e+09	2.463011e+11	0.000000e+00	4.857142e-01	5.228115e+13	2.157008e+14	1.247701e+14	7.388374e+03	3.625371e+03	1.806471e+03	0	2.243978e-04
2.240000e+09	2.321773e+11	0.000000e+00	4.857142e-01	5.203733e+13	2.148855e+14	1.243570e+14	7.383452e+03	3.624116e+03	1.805845e+03	0	2.200239e-04
2.250000e+09	2.181768e+11	0.000000e+00	4.857142e-01	5.179550e+13	2.140759e+14	1.239463e+14	7.378554e+03	3.622865e+03	1.805222e+03	0	2.155093e-04
2.260000e+09	2.042980e+11	0.000000e+00	4.857142e-01	5.155565e+13	2.132721e+14	1.235380e+14	7.373678e+03	3.621620e+03	1.804602e+03	0	2.108391e-04
2.270000e+09	1.905394e+11	0.000000e+00	4.857142e-01	5.131775e+13	2.124738e+14	1.231320e+14	7.368825e+03	3.620380e+03	1.803984e+03	0	2.059957e-04
2.280000e+09	1.768998e+11	0.000000e+00	4.857142e-01	5.108177e+13	2.116811e+14	1.227285e+14	7.363994e+03	3.619145e+03	1.803368e+03	0	2.009582e-04
2.290000e+09	1.633776e+11	0.000000e+00	4.857142e-01	5.084770e+13	2.108940e+14	1.223272e+14	7.359185e+03	3.617915e+03	1.802755e+03	0	1.957014e-04
2.300000e+09	1.499714e+11	0.000000e+00	4.857142e-01	5.061551e+13	2.101122e+14	1.219283e+14	7.354399e+03	3.616690e+03	1.802145e+03	0	1.901951e-04
2.310000e+09	1.366800e+11	0.000000e+00	4.857142e-01	5.038518e+13	2.093359e+14	1.215317e+14	7.349634e+03	3.615469e+03	1.801537e+03	0	1.844017e-04
2.320000e+09	1.235019e+11	0.000000e+00	4.857142e-01	5.015670e+13	2.085649e+14	1.211373e+14	7.344891e+03	3.614254e+03	1.800931e+03	0	1.782739e-04
2.330000e+09	1.104359e+11	0.000000e+00	4.857142e-01	4.993002e+13	2.077992e+14	1.207453e+14	7.340169e+03	3.613043e+03	1.800328e+03	0	1.717513e-04
2.340000e+09	9.748055e+10	0.000000e+00	4.857142e-01	4.970515e+13	2.070387e+14	1.203554e+14	7.335468e+03	3.611837e+03	1.799727e+03	0	1.647540e-04
2.350000e+09	8.463468e+10	0.000000e+00	4.857142e-01	4.948206e+13	2.062834e+14	1.199679e+14	7.330789e+03	3.610636e+03	1.799128e+03	0	1.571735e-04
2.360000e+09	7.189700e+10	0.000000e+00	4.857142e-01	4.926072e+13	2.055332e+14	1.195825e+14	7.326131e+03	3.609439e+03	1.798532e+03	0	1.488562e-04
2.370000e+09	5.926625e+10	0.000000e+00	4.857142e-01	4.904112e+13	2.047881e+14	1.191994e+14	7.321493e+03	3.608247e+03	1.797938e+03	0	1.395722e-04
2.380000e+09	4.674122e+10	0.000000e+00	4.857142e-01	4.882324e+13	2.040480e+14	1.188184e+14	7.316876e+03	3.607060e+03	1.797347e+03	0	1.289525e-04
2.390000e+09	3.432068e+10	0.000000e+00	4.857142e-01	4.860706e+13	2.033129e+14	1.184397e+14	7.312280e+03	3.605877e+03	1.796757e+03	0	1.163363e-04
2.400000e+09	2.200345e+10	0.000000e+00	4.857142e-01	4.839255e+13	2.025827e+14	1.180631e+14	7.307704e+03	3.604699e+03	1.796170e+03	0	1.003137e-04
2.410000e+09	9.788357e+09	0.000000e+00	4.857142e-01	4.817971e+13	2.018574e+14	1.176886e+14	7.303148e+03	3.603525e+03	1.795585e+03	0	7.657726e-05
2.420000e+09	-2.325761e+09	0.000000e+00	4.857142e-01	4.796852e+13	2.011369e+14	1.173163e+14	7.298612e+03	3.602356e+03	1.795003e+03	0	nan
