#t		Qconv[W]	Ri[Rp]		R*[Rp]		Qc[W]		Qm[W]		Qr[W]		Tcmb[K]		Tl[K]		Tup[K]		RiFlag		Bs[T]
0.000000e+00	7.044182e+15	0.000000e+00	7.099999e-01	6.544143e+16	3.128162e+13	1.861045e+14	4.630183e+04	4.895225e+03	2.898805e+03	0	5.734083e-03
1.000000e+07	6.255965e+15	0.000000e+00	7.099999e-01	5.816314e+16	1.028152e+15	1.850733e+14	4.404414e+04	8.352692e+03	4.946214e+03	0	5.511695e-03
2.000000e+07	5.429209e+15	0.000000e+00	7.099999e-01	5.053429e+16	4.944032e+15	1.840499e+14	4.202584e+04	1.130224e+04	6.692849e+03	0	5.257338e-03
3.000000e+07	4.666012e+15	0.000000e+00	7.099999e-01	4.349346e+16	1.153621e+16	1.830341e+14	4.026332e+04	1.356434e+04	8.032395e+03	0	4.998454e-03
4.000000e+07	4.029900e+15	0.000000e+00	7.099999e-01	3.762422e+16	1.838047e+16	1.820259e+14	3.873980e+04	1.508756e+04	8.934401e+03	0	4.760127e-03
5.000000e+07	3.530380e+15	0.000000e+00	7.099999e-01	3.301336e+16	2.344799e+16	1.810252e+14	3.741716e+04	1.597901e+04	9.462292e+03	0	4.554712e-03
6.000000e+07	3.143472e+15	0.000000e+00	7.099999e-01	2.943985e+16	2.625497e+16	1.800320e+14	3.625319e+04	1.641753e+04	9.721968e+03	0	4.381844e-03
7.000000e+07	2.838476e+15	0.000000e+00	7.099999e-01	2.662102e+16	2.726444e+16	1.790461e+14	3.521265e+04	1.656749e+04	9.810771e+03	0	4.235280e-03
8.000000e+07	2.590692e+15	0.000000e+00	7.099999e-01	2.432948e+16	2.712379e+16	1.780676e+14	3.426977e+04	1.654682e+04	9.798531e+03	0	4.108270e-03
9.000000e+07	2.383258e+15	0.000000e+00	7.099999e-01	2.240999e+16	2.633993e+16	1.770964e+14	3.340644e+04	1.643030e+04	9.729529e+03	0	3.995558e-03
1.000000e+08	2.205285e+15	0.000000e+00	7.099999e-01	2.076226e+16	2.523827e+16	1.761324e+14	3.260989e+04	1.626252e+04	9.630178e+03	0	3.893517e-03
1.100000e+08	2.049745e+15	0.000000e+00	7.099999e-01	1.932156e+16	2.400876e+16	1.751755e+14	3.187079e+04	1.606934e+04	9.515780e+03	0	3.799738e-03
1.200000e+08	1.911970e+15	0.000000e+00	7.099999e-01	1.804490e+16	2.275604e+16	1.742257e+14	3.118199e+04	1.586552e+04	9.395084e+03	0	3.712622e-03
1.300000e+08	1.788728e+15	0.000000e+00	7.099999e-01	1.690249e+16	2.153503e+16	1.732830e+14	3.053785e+04	1.565943e+04	9.273045e+03	0	3.631075e-03
1.400000e+08	1.677678e+15	0.000000e+00	7.099999e-01	1.587273e+16	2.037262e+16	1.723472e+14	2.993375e+04	1.545575e+04	9.152433e+03	0	3.554321e-03
1.500000e+08	1.577048e+15	0.000000e+00	7.099999e-01	1.493927e+16	1.928019e+16	1.714184e+14	2.936579e+04	1.525704e+04	9.034759e+03	0	3.481786e-03
1.600000e+08	1.485445e+15	0.000000e+00	7.099999e-01	1.408930e+16	1.826082e+16	1.704964e+14	2.883064e+04	1.506460e+04	8.920804e+03	0	3.413024e-03
1.700000e+08	1.401749e+15	0.000000e+00	7.099999e-01	1.331243e+16	1.731312e+16	1.695812e+14	2.832542e+04	1.487904e+04	8.810923e+03	0	3.347680e-03
1.800000e+08	1.325031e+15	0.000000e+00	7.099999e-01	1.260010e+16	1.643357e+16	1.686728e+14	2.784758e+04	1.470055e+04	8.705223e+03	0	3.285457e-03
1.900000e+08	1.254510e+15	0.000000e+00	7.099999e-01	1.194512e+16	1.561766e+16	1.677711e+14	2.739489e+04	1.452906e+04	8.603671e+03	0	3.226104e-03
2.000000e+08	1.189520e+15	0.000000e+00	7.099999e-01	1.134132e+16	1.486056e+16	1.668760e+14	2.696535e+04	1.436438e+04	8.506153e+03	0	3.169405e-03
2.100000e+08	1.129490e+15	0.000000e+00	7.099999e-01	1.078342e+16	1.415749e+16	1.659874e+14	2.655718e+04	1.420625e+04	8.412513e+03	0	3.115166e-03
2.200000e+08	1.073922e+15	0.000000e+00	7.099999e-01	1.026683e+16	1.350391e+16	1.651054e+14	2.616877e+04	1.405436e+04	8.322573e+03	0	3.063218e-03
2.300000e+08	1.022380e+15	0.000000e+00	7.099999e-01	9.787535e+15	1.289561e+16	1.642299e+14	2.579869e+04	1.390842e+04	8.236148e+03	0	3.013408e-03
2.400000e+08	9.744847e+14	0.000000e+00	7.099999e-01	9.341998e+15	1.232869e+16	1.633608e+14	2.544563e+04	1.376810e+04	8.153055e+03	0	2.965597e-03
2.500000e+08	9.298976e+14	0.000000e+00	7.099999e-01	8.927108e+15	1.179962e+16	1.624981e+14	2.510841e+04	1.363310e+04	8.073114e+03	0	2.919659e-03
2.600000e+08	8.883207e+14	0.000000e+00	7.099999e-01	8.540107e+15	1.130518e+16	1.616416e+14	2.478594e+04	1.350314e+04	7.996153e+03	0	2.875480e-03
2.700000e+08	8.494885e+14	0.000000e+00	7.099999e-01	8.178539e+15	1.084249e+16	1.607915e+14	2.447726e+04	1.337793e+04	7.922011e+03	0	2.832954e-03
2.800000e+08	8.131644e+14	0.000000e+00	7.099999e-01	7.840218e+15	1.040890e+16	1.599475e+14	2.418147e+04	1.325723e+04	7.850534e+03	0	2.791986e-03
2.900000e+08	7.791367e+14	0.000000e+00	7.099999e-01	7.523185e+15	1.000206e+16	1.591097e+14	2.389775e+04	1.314078e+04	7.781577e+03	0	2.752485e-03
3.000000e+08	7.472156e+14	0.000000e+00	7.099999e-01	7.225684e+15	9.619793e+15	1.582780e+14	2.362535e+04	1.302836e+04	7.715006e+03	0	2.714370e-03
3.100000e+08	7.172305e+14	0.000000e+00	7.099999e-01	6.946136e+15	9.260190e+15	1.574524e+14	2.336359e+04	1.291976e+04	7.650695e+03	0	2.677565e-03
3.200000e+08	6.890276e+14	0.000000e+00	7.099999e-01	6.683120e+15	8.921479e+15	1.566328e+14	2.311181e+04	1.281478e+04	7.588526e+03	0	2.641999e-03
3.300000e+08	6.624682e+14	0.000000e+00	7.099999e-01	6.435351e+15	8.602071e+15	1.558191e+14	2.286946e+04	1.271322e+04	7.528389e+03	0	2.607607e-03
3.400000e+08	6.374267e+14	0.000000e+00	7.099999e-01	6.201667e+15	8.300523e+15	1.550114e+14	2.263597e+04	1.261493e+04	7.470181e+03	0	2.574328e-03
3.500000e+08	6.137892e+14	0.000000e+00	7.099999e-01	5.981014e+15	8.015505e+15	1.542095e+14	2.241087e+04	1.251973e+04	7.413806e+03	0	2.542105e-03
3.600000e+08	5.914524e+14	0.000000e+00	7.099999e-01	5.772434e+15	7.745835e+15	1.534134e+14	2.219367e+04	1.242747e+04	7.359173e+03	0	2.510886e-03
3.700000e+08	5.703223e+14	0.000000e+00	7.099999e-01	5.575058e+15	7.490413e+15	1.526231e+14	2.198397e+04	1.233801e+04	7.306199e+03	0	2.480622e-03
3.800000e+08	5.503130e+14	0.000000e+00	7.099999e-01	5.388090e+15	7.248247e+15	1.518385e+14	2.178135e+04	1.225122e+04	7.254804e+03	0	2.451265e-03
3.900000e+08	5.313464e+14	0.000000e+00	7.099999e-01	5.210806e+15	7.018418e+15	1.510595e+14	2.158544e+04	1.216697e+04	7.204915e+03	0	2.422775e-03
4.000000e+08	5.133508e+14	0.000000e+00	7.099999e-01	5.042544e+15	6.800100e+15	1.502862e+14	2.139592e+04	1.208515e+04	7.156462e+03	0	2.395108e-03
4.100000e+08	4.962607e+14	0.000000e+00	7.099999e-01	4.882695e+15	6.592526e+15	1.495185e+14	2.121244e+04	1.200564e+04	7.109379e+03	0	2.368229e-03
4.200000e+08	4.800160e+14	0.000000e+00	7.099999e-01	4.730703e+15	6.394985e+15	1.487563e+14	2.103472e+04	1.192834e+04	7.063607e+03	0	2.342101e-03
4.300000e+08	4.645615e+14	0.000000e+00	7.099999e-01	4.586056e+15	6.206835e+15	1.479996e+14	2.086247e+04	1.185316e+04	7.019087e+03	0	2.316691e-03
4.400000e+08	4.498464e+14	0.000000e+00	7.099999e-01	4.448284e+15	6.027481e+15	1.472484e+14	2.069543e+04	1.178000e+04	6.975764e+03	0	2.291968e-03
4.500000e+08	4.358239e+14	0.000000e+00	7.099999e-01	4.316953e+15	5.856382e+15	1.465025e+14	2.053336e+04	1.170878e+04	6.933588e+03	0	2.267901e-03
4.600000e+08	4.224510e+14	0.000000e+00	7.099999e-01	4.191663e+15	5.693020e+15	1.457620e+14	2.037603e+04	1.163941e+04	6.892511e+03	0	2.244463e-03
4.700000e+08	4.096878e+14	0.000000e+00	7.099999e-01	4.072045e+15	5.536929e+15	1.450268e+14	2.022322e+04	1.157182e+04	6.852487e+03	0	2.221628e-03
4.800000e+08	3.974974e+14	0.000000e+00	7.099999e-01	3.957757e+15	5.387681e+15	1.442969e+14	2.007472e+04	1.150594e+04	6.813473e+03	0	2.199371e-03
4.900000e+08	3.858458e+14	0.000000e+00	7.099999e-01	3.848484e+15	5.244870e+15	1.435722e+14	1.993035e+04	1.144169e+04	6.775428e+03	0	2.177668e-03
5.000000e+08	3.747014e+14	0.000000e+00	7.099999e-01	3.743932e+15	5.108122e+15	1.428527e+14	1.978993e+04	1.137902e+04	6.738315e+03	0	2.156497e-03
5.100000e+08	3.640350e+14	0.000000e+00	7.099999e-01	3.643830e+15	4.977103e+15	1.421383e+14	1.965329e+04	1.131786e+04	6.702096e+03	0	2.135837e-03
5.200000e+08	3.538192e+14	0.000000e+00	7.099999e-01	3.547924e+15	4.851475e+15	1.414290e+14	1.952027e+04	1.125815e+04	6.666737e+03	0	2.115668e-03
5.300000e+08	3.440288e+14	0.000000e+00	7.099999e-01	3.455981e+15	4.730953e+15	1.407248e+14	1.939071e+04	1.119984e+04	6.632206e+03	0	2.095971e-03
5.400000e+08	3.346403e+14	0.000000e+00	7.099999e-01	3.367782e+15	4.615250e+15	1.400256e+14	1.926449e+04	1.114287e+04	6.598472e+03	0	2.076729e-03
5.500000e+08	3.256317e+14	0.000000e+00	7.099999e-01	3.283123e+15	4.504115e+15	1.393314e+14	1.914145e+04	1.108720e+04	6.565504e+03	0	2.057924e-03
5.600000e+08	3.169826e+14	0.000000e+00	7.099999e-01	3.201813e+15	4.397295e+15	1.386421e+14	1.902149e+04	1.103277e+04	6.533276e+03	0	2.039540e-03
5.700000e+08	3.086739e+14	0.000000e+00	7.099999e-01	3.123677e+15	4.294573e+15	1.379577e+14	1.890446e+04	1.097955e+04	6.501760e+03	0	2.021562e-03
5.800000e+08	3.006877e+14	0.000000e+00	7.099999e-01	3.048548e+15	4.195733e+15	1.372781e+14	1.879027e+04	1.092749e+04	6.470932e+03	0	2.003975e-03
5.900000e+08	2.930073e+14	0.000000e+00	7.099999e-01	2.976271e+15	4.100575e+15	1.366034e+14	1.867880e+04	1.087655e+04	6.440766e+03	0	1.986765e-03
6.000000e+08	2.856172e+14	0.000000e+00	7.099999e-01	2.906701e+15	4.008920e+15	1.359335e+14	1.856996e+04	1.082669e+04	6.411241e+03	0	1.969920e-03
6.100000e+08	2.785027e+14	0.000000e+00	7.099999e-01	2.839703e+15	3.920589e+15	1.352682e+14	1.846363e+04	1.077787e+04	6.382334e+03	0	1.953426e-03
6.200000e+08	2.716500e+14	0.000000e+00	7.099999e-01	2.775148e+15	3.835421e+15	1.346077e+14	1.835974e+04	1.073007e+04	6.354024e+03	0	1.937271e-03
6.300000e+08	2.650464e+14	0.000000e+00	7.099999e-01	2.712917e+15	3.753264e+15	1.339519e+14	1.825819e+04	1.068324e+04	6.326292e+03	0	1.921444e-03
6.400000e+08	2.586798e+14	0.000000e+00	7.099999e-01	2.652899e+15	3.673970e+15	1.333007e+14	1.815889e+04	1.063735e+04	6.299118e+03	0	1.905934e-03
6.500000e+08	2.525387e+14	0.000000e+00	7.099999e-01	2.594986e+15	3.597408e+15	1.326540e+14	1.806178e+04	1.059237e+04	6.272485e+03	0	1.890731e-03
6.600000e+08	2.466125e+14	0.000000e+00	7.099999e-01	2.539081e+15	3.523449e+15	1.320119e+14	1.796677e+04	1.054828e+04	6.246374e+03	0	1.875824e-03
6.700000e+08	2.408912e+14	0.000000e+00	7.099999e-01	2.485088e+15	3.451971e+15	1.313744e+14	1.787380e+04	1.050504e+04	6.220770e+03	0	1.861204e-03
6.800000e+08	2.353652e+14	0.000000e+00	7.099999e-01	2.432922e+15	3.382866e+15	1.307413e+14	1.778278e+04	1.046263e+04	6.195656e+03	0	1.846862e-03
6.900000e+08	2.300257e+14	0.000000e+00	7.099999e-01	2.382497e+15	3.316024e+15	1.301126e+14	1.769366e+04	1.042102e+04	6.171017e+03	0	1.832789e-03
7.000000e+08	2.248643e+14	0.000000e+00	7.099999e-01	2.333737e+15	3.251344e+15	1.294884e+14	1.760638e+04	1.038019e+04	6.146839e+03	0	1.818977e-03
7.100000e+08	2.198729e+14	0.000000e+00	7.099999e-01	2.286566e+15	3.188732e+15	1.288685e+14	1.752086e+04	1.034012e+04	6.123108e+03	0	1.805417e-03
7.200000e+08	2.150440e+14	0.000000e+00	7.099999e-01	2.240916e+15	3.128098e+15	1.282530e+14	1.743707e+04	1.030077e+04	6.099810e+03	0	1.792103e-03
7.300000e+08	2.103707e+14	0.000000e+00	7.099999e-01	2.196720e+15	3.069356e+15	1.276417e+14	1.735493e+04	1.026214e+04	6.076932e+03	0	1.779025e-03
7.400000e+08	2.058461e+14	0.000000e+00	7.099999e-01	2.153915e+15	3.012429e+15	1.270348e+14	1.727440e+04	1.022420e+04	6.054462e+03	0	1.766179e-03
7.500000e+08	2.014640e+14	0.000000e+00	7.099999e-01	2.112443e+15	2.957238e+15	1.264320e+14	1.719544e+04	1.018692e+04	6.032388e+03	0	1.753556e-03
7.600000e+08	1.972182e+14	0.000000e+00	7.099999e-01	2.072248e+15	2.903710e+15	1.258335e+14	1.711798e+04	1.015029e+04	6.010699e+03	0	1.741150e-03
7.700000e+08	1.931032e+14	0.000000e+00	7.099999e-01	2.033276e+15	2.851779e+15	1.252391e+14	1.704198e+04	1.011430e+04	5.989385e+03	0	1.728954e-03
7.800000e+08	1.891134e+14	0.000000e+00	7.099999e-01	1.995477e+15	2.801379e+15	1.246489e+14	1.696741e+04	1.007892e+04	5.968433e+03	0	1.716964e-03
7.900000e+08	1.852439e+14	0.000000e+00	7.099999e-01	1.958804e+15	2.752448e+15	1.240627e+14	1.689421e+04	1.004413e+04	5.947835e+03	0	1.705173e-03
8.000000e+08	1.814897e+14	0.000000e+00	7.099999e-01	1.923211e+15	2.704929e+15	1.234806e+14	1.682235e+04	1.000993e+04	5.927580e+03	0	1.693575e-03
8.100000e+08	1.778462e+14	0.000000e+00	7.099999e-01	1.888655e+15	2.658766e+15	1.229026e+14	1.675178e+04	9.976290e+03	5.907659e+03	0	1.682165e-03
8.200000e+08	1.743090e+14	0.000000e+00	7.099999e-01	1.855095e+15	2.613904e+15	1.223285e+14	1.668248e+04	9.943199e+03	5.888064e+03	0	1.670938e-03
8.300000e+08	1.708740e+14	0.000000e+00	7.099999e-01	1.822493e+15	2.570296e+15	1.217585e+14	1.661439e+04	9.910642e+03	5.868785e+03	0	1.659889e-03
8.400000e+08	1.675371e+14	0.000000e+00	7.099999e-01	1.790811e+15	2.527892e+15	1.211923e+14	1.654750e+04	9.878606e+03	5.849814e+03	0	1.649013e-03
8.500000e+08	1.642947e+14	0.000000e+00	7.099999e-01	1.760014e+15	2.486648e+15	1.206301e+14	1.648176e+04	9.847077e+03	5.831144e+03	0	1.638306e-03
8.600000e+08	1.611431e+14	0.000000e+00	7.099999e-01	1.730069e+15	2.446520e+15	1.200717e+14	1.641715e+04	9.816041e+03	5.812765e+03	0	1.627762e-03
8.700000e+08	1.580789e+14	0.000000e+00	7.099999e-01	1.700944e+15	2.407467e+15	1.195172e+14	1.635363e+04	9.785486e+03	5.794671e+03	0	1.617379e-03
8.800000e+08	1.550988e+14	0.000000e+00	7.099999e-01	1.672609e+15	2.369448e+15	1.189665e+14	1.629117e+04	9.755400e+03	5.776855e+03	0	1.607151e-03
8.900000e+08	1.521998e+14	0.000000e+00	7.099999e-01	1.645033e+15	2.332427e+15	1.184196e+14	1.622975e+04	9.725771e+03	5.759310e+03	0	1.597074e-03
9.000000e+08	1.493788e+14	0.000000e+00	7.099999e-01	1.618191e+15	2.296369e+15	1.178764e+14	1.616933e+04	9.696587e+03	5.742028e+03	0	1.587146e-03
9.100000e+08	1.466331e+14	0.000000e+00	7.099999e-01	1.592054e+15	2.261237e+15	1.173370e+14	1.610989e+04	9.667838e+03	5.725004e+03	0	1.577361e-03
9.200000e+08	1.439599e+14	0.000000e+00	7.099999e-01	1.566599e+15	2.227001e+15	1.168013e+14	1.605141e+04	9.639512e+03	5.708230e+03	0	1.567717e-03
9.300000e+08	1.413566e+14	0.000000e+00	7.099999e-01	1.541801e+15	2.193627e+15	1.162692e+14	1.599385e+04	9.611600e+03	5.691701e+03	0	1.558209e-03
9.400000e+08	1.388209e+14	0.000000e+00	7.099999e-01	1.517637e+15	2.161088e+15	1.157407e+14	1.593721e+04	9.584092e+03	5.675412e+03	0	1.548836e-03
9.500000e+08	1.363502e+14	0.000000e+00	7.099999e-01	1.494084e+15	2.129354e+15	1.152159e+14	1.588144e+04	9.556978e+03	5.659356e+03	0	1.539592e-03
9.600000e+08	1.339424e+14	0.000000e+00	7.099999e-01	1.471123e+15	2.098397e+15	1.146946e+14	1.582654e+04	9.530248e+03	5.643527e+03	0	1.530476e-03
9.700000e+08	1.315954e+14	0.000000e+00	7.099999e-01	1.448732e+15	2.068192e+15	1.141769e+14	1.577247e+04	9.503895e+03	5.627921e+03	0	1.521484e-03
9.800000e+08	1.293070e+14	0.000000e+00	7.099999e-01	1.426893e+15	2.038713e+15	1.136627e+14	1.571922e+04	9.477908e+03	5.612533e+03	0	1.512613e-03
9.900000e+08	1.270752e+14	0.000000e+00	7.099999e-01	1.405586e+15	2.009938e+15	1.131520e+14	1.566678e+04	9.452279e+03	5.597356e+03	0	1.503860e-03
1.000000e+09	1.248983e+14	0.000000e+00	7.099999e-01	1.384795e+15	1.981841e+15	1.126448e+14	1.561511e+04	9.427002e+03	5.582387e+03	0	1.495223e-03
1.010000e+09	1.227743e+14	0.000000e+00	7.099999e-01	1.364502e+15	1.954402e+15	1.121410e+14	1.556420e+04	9.402066e+03	5.567622e+03	0	1.486698e-03
1.020000e+09	1.207015e+14	0.000000e+00	7.099999e-01	1.344692e+15	1.927599e+15	1.116407e+14	1.551403e+04	9.377466e+03	5.553054e+03	0	1.478284e-03
1.030000e+09	1.186783e+14	0.000000e+00	7.099999e-01	1.325347e+15	1.901412e+15	1.111437e+14	1.546458e+04	9.353192e+03	5.538680e+03	0	1.469978e-03
1.040000e+09	1.167031e+14	0.000000e+00	7.099999e-01	1.306455e+15	1.875821e+15	1.106501e+14	1.541585e+04	9.329239e+03	5.524496e+03	0	1.461777e-03
1.050000e+09	1.147743e+14	0.000000e+00	7.099999e-01	1.287999e+15	1.850808e+15	1.101598e+14	1.536780e+04	9.305599e+03	5.510497e+03	0	1.453679e-03
1.060000e+09	1.128904e+14	0.000000e+00	7.099999e-01	1.269967e+15	1.826355e+15	1.096728e+14	1.532043e+04	9.282266e+03	5.496679e+03	0	1.445682e-03
1.070000e+09	1.110501e+14	0.000000e+00	7.099999e-01	1.252345e+15	1.802443e+15	1.091891e+14	1.527372e+04	9.259232e+03	5.483040e+03	0	1.437783e-03
1.080000e+09	1.092519e+14	0.000000e+00	7.099999e-01	1.235120e+15	1.779059e+15	1.087086e+14	1.522766e+04	9.236492e+03	5.469573e+03	0	1.429980e-03
1.090000e+09	1.074946e+14	0.000000e+00	7.099999e-01	1.218280e+15	1.756183e+15	1.082314e+14	1.518222e+04	9.214039e+03	5.456277e+03	0	1.422272e-03
1.100000e+09	1.057770e+14	0.000000e+00	7.099999e-01	1.201814e+15	1.733803e+15	1.077574e+14	1.513741e+04	9.191867e+03	5.443148e+03	0	1.414656e-03
1.110000e+09	1.040977e+14	0.000000e+00	7.099999e-01	1.185710e+15	1.711902e+15	1.072865e+14	1.509319e+04	9.169971e+03	5.430181e+03	0	1.407130e-03
1.120000e+09	1.024557e+14	0.000000e+00	7.099999e-01	1.169958e+15	1.690467e+15	1.068189e+14	1.504957e+04	9.148344e+03	5.417375e+03	0	1.399692e-03
1.130000e+09	1.008498e+14	0.000000e+00	7.099999e-01	1.154546e+15	1.669484e+15	1.063543e+14	1.500652e+04	9.126981e+03	5.404724e+03	0	1.392341e-03
1.140000e+09	9.927901e+13	0.000000e+00	7.099999e-01	1.139465e+15	1.648940e+15	1.058929e+14	1.496403e+04	9.105877e+03	5.392227e+03	0	1.385074e-03
1.150000e+09	9.774221e+13	0.000000e+00	7.099999e-01	1.124705e+15	1.628821e+15	1.054345e+14	1.492210e+04	9.085027e+03	5.379880e+03	0	1.377890e-03
1.160000e+09	9.623844e+13	0.000000e+00	7.099999e-01	1.110257e+15	1.609117e+15	1.049792e+14	1.488071e+04	9.064425e+03	5.367681e+03	0	1.370787e-03
1.170000e+09	9.476674e+13	0.000000e+00	7.099999e-01	1.096111e+15	1.589814e+15	1.045269e+14	1.483984e+04	9.044067e+03	5.355625e+03	0	1.363764e-03
1.180000e+09	9.332618e+13	0.000000e+00	7.099999e-01	1.082260e+15	1.570903e+15	1.040776e+14	1.479950e+04	9.023947e+03	5.343711e+03	0	1.356818e-03
1.190000e+09	9.191586e+13	0.000000e+00	7.099999e-01	1.068694e+15	1.552371e+15	1.036314e+14	1.475966e+04	9.004062e+03	5.331935e+03	0	1.349949e-03
1.200000e+09	9.053494e+13	0.000000e+00	7.099999e-01	1.055406e+15	1.534208e+15	1.031880e+14	1.472032e+04	8.984406e+03	5.320296e+03	0	1.343154e-03
1.210000e+09	8.918258e+13	0.000000e+00	7.099999e-01	1.042387e+15	1.516405e+15	1.027477e+14	1.468147e+04	8.964976e+03	5.308790e+03	0	1.336433e-03
1.220000e+09	8.785798e+13	0.000000e+00	7.099999e-01	1.029631e+15	1.498950e+15	1.023102e+14	1.464309e+04	8.945766e+03	5.297414e+03	0	1.329783e-03
1.230000e+09	8.656037e+13	0.000000e+00	7.099999e-01	1.017131e+15	1.481836e+15	1.018756e+14	1.460518e+04	8.926773e+03	5.286167e+03	0	1.323204e-03
1.240000e+09	8.528901e+13	0.000000e+00	7.099999e-01	1.004878e+15	1.465052e+15	1.014439e+14	1.456773e+04	8.907992e+03	5.275046e+03	0	1.316694e-03
1.250000e+09	8.404318e+13	0.000000e+00	7.099999e-01	9.928670e+14	1.448590e+15	1.010151e+14	1.453073e+04	8.889420e+03	5.264048e+03	0	1.310251e-03
1.260000e+09	8.282218e+13	0.000000e+00	7.099999e-01	9.810907e+14	1.432441e+15	1.005891e+14	1.449417e+04	8.871053e+03	5.253171e+03	0	1.303875e-03
1.270000e+09	8.162534e+13	0.000000e+00	7.099999e-01	9.695431e+14	1.416596e+15	1.001659e+14	1.445804e+04	8.852886e+03	5.242414e+03	0	1.297564e-03
1.280000e+09	8.045202e+13	0.000000e+00	7.099999e-01	9.582180e+14	1.401049e+15	9.974545e+13	1.442234e+04	8.834917e+03	5.231773e+03	0	1.291317e-03
1.290000e+09	7.930159e+13	0.000000e+00	7.099999e-01	9.471096e+14	1.385791e+15	9.932779e+13	1.438705e+04	8.817142e+03	5.221247e+03	0	1.285132e-03
1.300000e+09	7.817344e+13	0.000000e+00	7.099999e-01	9.362122e+14	1.370815e+15	9.891286e+13	1.435216e+04	8.799557e+03	5.210833e+03	0	1.279009e-03
1.310000e+09	7.706699e+13	0.000000e+00	7.099999e-01	9.255203e+14	1.356113e+15	9.850066e+13	1.431768e+04	8.782158e+03	5.200531e+03	0	1.272946e-03
1.320000e+09	7.598168e+13	0.000000e+00	7.099999e-01	9.150286e+14	1.341679e+15	9.809116e+13	1.428359e+04	8.764943e+03	5.190336e+03	0	1.266942e-03
1.330000e+09	7.491696e+13	0.000000e+00	7.099999e-01	9.047319e+14	1.327505e+15	9.768434e+13	1.424988e+04	8.747909e+03	5.180249e+03	0	1.260996e-03
1.340000e+09	7.387230e+13	0.000000e+00	7.099999e-01	8.946254e+14	1.313586e+15	9.728017e+13	1.421655e+04	8.731051e+03	5.170266e+03	0	1.255108e-03
1.350000e+09	7.284718e+13	0.000000e+00	7.099999e-01	8.847041e+14	1.299915e+15	9.687864e+13	1.418359e+04	8.714367e+03	5.160387e+03	0	1.249275e-03
1.360000e+09	7.184112e+13	0.000000e+00	7.099999e-01	8.749634e+14	1.286485e+15	9.647973e+13	1.415100e+04	8.697854e+03	5.150608e+03	0	1.243497e-03
1.370000e+09	7.085362e+13	0.000000e+00	7.099999e-01	8.653988e+14	1.273291e+15	9.608342e+13	1.411876e+04	8.681509e+03	5.140929e+03	0	1.237773e-03
1.380000e+09	6.988424e+13	0.000000e+00	7.099999e-01	8.560059e+14	1.260328e+15	9.568968e+13	1.408688e+04	8.665330e+03	5.131348e+03	0	1.232102e-03
1.390000e+09	6.893251e+13	0.000000e+00	7.099999e-01	8.467805e+14	1.247588e+15	9.529850e+13	1.405534e+04	8.649312e+03	5.121863e+03	0	1.226484e-03
1.400000e+09	6.799800e+13	0.000000e+00	7.099999e-01	8.377186e+14	1.235068e+15	9.490986e+13	1.402413e+04	8.633455e+03	5.112473e+03	0	1.220916e-03
1.410000e+09	6.708029e+13	0.000000e+00	7.099999e-01	8.288160e+14	1.222762e+15	9.452373e+13	1.399326e+04	8.617754e+03	5.103175e+03	0	1.215399e-03
1.420000e+09	6.617896e+13	0.000000e+00	7.099999e-01	8.200691e+14	1.210664e+15	9.414011e+13	1.396272e+04	8.602207e+03	5.093969e+03	0	1.209930e-03
1.430000e+09	6.529363e+13	0.000000e+00	7.099999e-01	8.114740e+14	1.198771e+15	9.375896e+13	1.393250e+04	8.586813e+03	5.084853e+03	0	1.204511e-03
1.440000e+09	6.442391e+13	0.000000e+00	7.099999e-01	8.030271e+14	1.187076e+15	9.338028e+13	1.390259e+04	8.571567e+03	5.075825e+03	0	1.199139e-03
1.450000e+09	6.356942e+13	0.000000e+00	7.099999e-01	7.947250e+14	1.175575e+15	9.300404e+13	1.387299e+04	8.556469e+03	5.066884e+03	0	1.193814e-03
1.460000e+09	6.272981e+13	0.000000e+00	7.099999e-01	7.865641e+14	1.164264e+15	9.263022e+13	1.384370e+04	8.541514e+03	5.058029e+03	0	1.188534e-03
1.470000e+09	6.190471e+13	0.000000e+00	7.099999e-01	7.785413e+14	1.153140e+15	9.225881e+13	1.381471e+04	8.526702e+03	5.049257e+03	0	1.183300e-03
1.480000e+09	6.109380e+13	0.000000e+00	7.099999e-01	7.706532e+14	1.142196e+15	9.188978e+13	1.378601e+04	8.512030e+03	5.040569e+03	0	1.178111e-03
1.490000e+09	6.029674e+13	0.000000e+00	7.099999e-01	7.628969e+14	1.131429e+15	9.152312e+13	1.375761e+04	8.497496e+03	5.031962e+03	0	1.172965e-03
1.500000e+09	5.951321e+13	0.000000e+00	7.099999e-01	7.552692e+14	1.120836e+15	9.115881e+13	1.372948e+04	8.483096e+03	5.023435e+03	0	1.167862e-03
1.510000e+09	5.874289e+13	0.000000e+00	7.099999e-01	7.477672e+14	1.110413e+15	9.079684e+13	1.370164e+04	8.468831e+03	5.014987e+03	0	1.162801e-03
1.520000e+09	5.798549e+13	0.000000e+00	7.099999e-01	7.403881e+14	1.100154e+15	9.043718e+13	1.367407e+04	8.454696e+03	5.006617e+03	0	1.157782e-03
1.530000e+09	5.724071e+13	0.000000e+00	7.099999e-01	7.331291e+14	1.090057e+15	9.007982e+13	1.364678e+04	8.440690e+03	4.998324e+03	0	1.152804e-03
1.540000e+09	5.650827e+13	0.000000e+00	7.099999e-01	7.259875e+14	1.080119e+15	8.972473e+13	1.361975e+04	8.426812e+03	4.990105e+03	0	1.147866e-03
1.550000e+09	5.578788e+13	0.000000e+00	7.099999e-01	7.189608e+14	1.070335e+15	8.937191e+13	1.359298e+04	8.413059e+03	4.981961e+03	0	1.142967e-03
1.560000e+09	5.507929e+13	0.000000e+00	7.099999e-01	7.120463e+14	1.060703e+15	8.902134e+13	1.356647e+04	8.399430e+03	4.973890e+03	0	1.138107e-03
1.570000e+09	5.438222e+13	0.000000e+00	7.099999e-01	7.052416e+14	1.051219e+15	8.867299e+13	1.354022e+04	8.385921e+03	4.965891e+03	0	1.133286e-03
1.580000e+09	5.369643e+13	0.000000e+00	7.099999e-01	6.985443e+14	1.041880e+15	8.832686e+13	1.351421e+04	8.372533e+03	4.957963e+03	0	1.128502e-03
1.590000e+09	5.302166e+13	0.000000e+00	7.099999e-01	6.919520e+14	1.032683e+15	8.798292e+13	1.348845e+04	8.359262e+03	4.950104e+03	0	1.123755e-03
1.600000e+09	5.235768e+13	0.000000e+00	7.099999e-01	6.854626e+14	1.023625e+15	8.764116e+13	1.346293e+04	8.346108e+03	4.942314e+03	0	1.119044e-03
1.610000e+09	5.170425e+13	0.000000e+00	7.099999e-01	6.790738e+14	1.014703e+15	8.730156e+13	1.343766e+04	8.333067e+03	4.934592e+03	0	1.114369e-03
1.620000e+09	5.106114e+13	0.000000e+00	7.099999e-01	6.727834e+14	1.005914e+15	8.696411e+13	1.341261e+04	8.320140e+03	4.926937e+03	0	1.109730e-03
1.630000e+09	5.042814e+13	0.000000e+00	7.099999e-01	6.665893e+14	9.972553e+14	8.662878e+13	1.338780e+04	8.307323e+03	4.919348e+03	0	1.105125e-03
1.640000e+09	4.980502e+13	0.000000e+00	7.099999e-01	6.604896e+14	9.887241e+14	8.629557e+13	1.336322e+04	8.294616e+03	4.911823e+03	0	1.100554e-03
1.650000e+09	4.919158e+13	0.000000e+00	7.099999e-01	6.544822e+14	9.803181e+14	8.596446e+13	1.333886e+04	8.282017e+03	4.904362e+03	0	1.096017e-03
1.660000e+09	4.858761e+13	0.000000e+00	7.099999e-01	6.485652e+14	9.720344e+14	8.563543e+13	1.331472e+04	8.269524e+03	4.896964e+03	0	1.091513e-03
1.670000e+09	4.799292e+13	0.000000e+00	7.099999e-01	6.427368e+14	9.638707e+14	8.530846e+13	1.329079e+04	8.257136e+03	4.889628e+03	0	1.087042e-03
1.680000e+09	4.740731e+13	0.000000e+00	7.099999e-01	6.369951e+14	9.558247e+14	8.498354e+13	1.326709e+04	8.244851e+03	4.882353e+03	0	1.082602e-03
1.690000e+09	4.683059e+13	0.000000e+00	7.099999e-01	6.313383e+14	9.478936e+14	8.466066e+13	1.324359e+04	8.232668e+03	4.875139e+03	0	1.078194e-03
1.700000e+09	4.626258e+13	0.000000e+00	7.099999e-01	6.257647e+14	9.400755e+14	8.433980e+13	1.322030e+04	8.220585e+03	4.867984e+03	0	1.073817e-03
1.710000e+09	4.570311e+13	0.000000e+00	7.099999e-01	6.202726e+14	9.323680e+14	8.402095e+13	1.319722e+04	8.208601e+03	4.860887e+03	0	1.069471e-03
1.720000e+09	4.515199e+13	0.000000e+00	7.099999e-01	6.148604e+14	9.247688e+14	8.370408e+13	1.317433e+04	8.196715e+03	4.853849e+03	0	1.065155e-03
1.730000e+09	4.460905e+13	0.000000e+00	7.099999e-01	6.095265e+14	9.172762e+14	8.338919e+13	1.315165e+04	8.184926e+03	4.846867e+03	0	1.060868e-03
1.740000e+09	4.407414e+13	0.000000e+00	7.099999e-01	6.042692e+14	9.098876e+14	8.307626e+13	1.312916e+04	8.173231e+03	4.839942e+03	0	1.056611e-03
1.750000e+09	4.354710e+13	0.000000e+00	7.099999e-01	5.990872e+14	9.026010e+14	8.276528e+13	1.310687e+04	8.161629e+03	4.833072e+03	0	1.052382e-03
1.760000e+09	4.302775e+13	0.000000e+00	7.099999e-01	5.939789e+14	8.954147e+14	8.245622e+13	1.308477e+04	8.150120e+03	4.826257e+03	0	1.048182e-03
1.770000e+09	4.251596e+13	0.000000e+00	7.099999e-01	5.889428e+14	8.883268e+14	8.214909e+13	1.306285e+04	8.138703e+03	4.819496e+03	0	1.044009e-03
1.780000e+09	4.201158e+13	0.000000e+00	7.099999e-01	5.839775e+14	8.813352e+14	8.184385e+13	1.304112e+04	8.127375e+03	4.812788e+03	0	1.039864e-03
1.790000e+09	4.151444e+13	0.000000e+00	7.099999e-01	5.790818e+14	8.744381e+14	8.154050e+13	1.301957e+04	8.116136e+03	4.806132e+03	0	1.035747e-03
1.800000e+09	4.102443e+13	0.000000e+00	7.099999e-01	5.742541e+14	8.676338e+14	8.123903e+13	1.299821e+04	8.104984e+03	4.799528e+03	0	1.031655e-03
1.810000e+09	4.054139e+13	0.000000e+00	7.099999e-01	5.694933e+14	8.609203e+14	8.093942e+13	1.297702e+04	8.093919e+03	4.792976e+03	0	1.027590e-03
1.820000e+09	4.006520e+13	0.000000e+00	7.099999e-01	5.647980e+14	8.542963e+14	8.064165e+13	1.295600e+04	8.082938e+03	4.786474e+03	0	1.023551e-03
1.830000e+09	3.959571e+13	0.000000e+00	7.099999e-01	5.601670e+14	8.477598e+14	8.034572e+13	1.293516e+04	8.072042e+03	4.780021e+03	0	1.019537e-03
1.840000e+09	3.913281e+13	0.000000e+00	7.099999e-01	5.555991e+14	8.413096e+14	8.005160e+13	1.291449e+04	8.061229e+03	4.773618e+03	0	1.015549e-03
1.850000e+09	3.867636e+13	0.000000e+00	7.099999e-01	5.510931e+14	8.349436e+14	7.975929e+13	1.289399e+04	8.050498e+03	4.767264e+03	0	1.011585e-03
1.860000e+09	3.822625e+13	0.000000e+00	7.099999e-01	5.466478e+14	8.286605e+14	7.946878e+13	1.287365e+04	8.039848e+03	4.760957e+03	0	1.007645e-03
1.870000e+09	3.778236e+13	0.000000e+00	7.099999e-01	5.422621e+14	8.224589e+14	7.918004e+13	1.285348e+04	8.029278e+03	4.754697e+03	0	1.003730e-03
1.880000e+09	3.734456e+13	0.000000e+00	7.099999e-01	5.379349e+14	8.163370e+14	7.889306e+13	1.283346e+04	8.018786e+03	4.748485e+03	0	9.998378e-04
1.890000e+09	3.691275e+13	0.000000e+00	7.099999e-01	5.336651e+14	8.102936e+14	7.860784e+13	1.281361e+04	8.008372e+03	4.742318e+03	0	9.959691e-04
1.900000e+09	3.648681e+13	0.000000e+00	7.099999e-01	5.294517e+14	8.043271e+14	7.832436e+13	1.279391e+04	7.998035e+03	4.736197e+03	0	9.921234e-04
1.910000e+09	3.606663e+13	0.000000e+00	7.099999e-01	5.252937e+14	7.984364e+14	7.804261e+13	1.277437e+04	7.987774e+03	4.730120e+03	0	9.883004e-04
1.920000e+09	3.565212e+13	0.000000e+00	7.099999e-01	5.211900e+14	7.926201e+14	7.776257e+13	1.275498e+04	7.977588e+03	4.724088e+03	0	9.844996e-04
1.930000e+09	3.524316e+13	0.000000e+00	7.099999e-01	5.171396e+14	7.868764e+14	7.748423e+13	1.273575e+04	7.967476e+03	4.718100e+03	0	9.807208e-04
1.940000e+09	3.483966e+13	0.000000e+00	7.099999e-01	5.131416e+14	7.812049e+14	7.720759e+13	1.271666e+04	7.957437e+03	4.712155e+03	0	9.769636e-04
1.950000e+09	3.444151e+13	0.000000e+00	7.099999e-01	5.091951e+14	7.756035e+14	7.693261e+13	1.269772e+04	7.947470e+03	4.706253e+03	0	9.732278e-04
1.960000e+09	3.404863e+13	0.000000e+00	7.099999e-01	5.052991e+14	7.700715e+14	7.665931e+13	1.267892e+04	7.937574e+03	4.700393e+03	0	9.695130e-04
1.970000e+09	3.366090e+13	0.000000e+00	7.099999e-01	5.014527e+14	7.646074e+14	7.638765e+13	1.266027e+04	7.927748e+03	4.694575e+03	0	9.658188e-04
1.980000e+09	3.327825e+13	0.000000e+00	7.099999e-01	4.976551e+14	7.592104e+14	7.611764e+13	1.264176e+04	7.917993e+03	4.688798e+03	0	9.621451e-04
1.990000e+09	3.290058e+13	0.000000e+00	7.099999e-01	4.939055e+14	7.538789e+14	7.584925e+13	1.262339e+04	7.908306e+03	4.683061e+03	0	9.584916e-04
2.000000e+09	3.252781e+13	0.000000e+00	7.099999e-01	4.902029e+14	7.486119e+14	7.558248e+13	1.260515e+04	7.898686e+03	4.677365e+03	0	9.548578e-04
2.010000e+09	3.215985e+13	0.000000e+00	7.099999e-01	4.865466e+14	7.434084e+14	7.531731e+13	1.258706e+04	7.889134e+03	4.671709e+03	0	9.512436e-04
2.020000e+09	3.179661e+13	0.000000e+00	7.099999e-01	4.829357e+14	7.382673e+14	7.505374e+13	1.256909e+04	7.879649e+03	4.666091e+03	0	9.476486e-04
2.030000e+09	3.143801e+13	0.000000e+00	7.099999e-01	4.793695e+14	7.331878e+14	7.479174e+13	1.255127e+04	7.870228e+03	4.660513e+03	0	9.440727e-04
2.040000e+09	3.108397e+13	0.000000e+00	7.099999e-01	4.758472e+14	7.281685e+14	7.453132e+13	1.253357e+04	7.860873e+03	4.654973e+03	0	9.405154e-04
2.050000e+09	3.073442e+13	0.000000e+00	7.099999e-01	4.723681e+14	7.232083e+14	7.427245e+13	1.251600e+04	7.851581e+03	4.649471e+03	0	9.369766e-04
2.060000e+09	3.038927e+13	0.000000e+00	7.099999e-01	4.689314e+14	7.183066e+14	7.401513e+13	1.249856e+04	7.842353e+03	4.644006e+03	0	9.334559e-04
2.070000e+09	3.004845e+13	0.000000e+00	7.099999e-01	4.655365e+14	7.134622e+14	7.375934e+13	1.248125e+04	7.833187e+03	4.638578e+03	0	9.299532e-04
2.080000e+09	2.971188e+13	0.000000e+00	7.099999e-01	4.621825e+14	7.086743e+14	7.350508e+13	1.246406e+04	7.824082e+03	4.633187e+03	0	9.264681e-04
2.090000e+09	2.937950e+13	0.000000e+00	7.099999e-01	4.588689e+14	7.039420e+14	7.325234e+13	1.244699e+04	7.815039e+03	4.627832e+03	0	9.230004e-04
2.100000e+09	2.905124e+13	0.000000e+00	7.099999e-01	4.555949e+14	6.992640e+14	7.300109e+13	1.243005e+04	7.806056e+03	4.622512e+03	0	9.195499e-04
2.110000e+09	2.872702e+13	0.000000e+00	7.099999e-01	4.523599e+14	6.946398e+14	7.275133e+13	1.241323e+04	7.797133e+03	4.617228e+03	0	9.161163e-04
2.120000e+09	2.840677e+13	0.000000e+00	7.099999e-01	4.491633e+14	6.900684e+14	7.250306e+13	1.239652e+04	7.788269e+03	4.611979e+03	0	9.126993e-04
2.130000e+09	2.809044e+13	0.000000e+00	7.099999e-01	4.460044e+14	6.855493e+14	7.225625e+13	1.237994e+04	7.779463e+03	4.606765e+03	0	9.092987e-04
2.140000e+09	2.777795e+13	0.000000e+00	7.099999e-01	4.428826e+14	6.810811e+14	7.201091e+13	1.236347e+04	7.770715e+03	4.601584e+03	0	9.059144e-04
2.150000e+09	2.746924e+13	0.000000e+00	7.099999e-01	4.397973e+14	6.766634e+14	7.176701e+13	1.234711e+04	7.762024e+03	4.596438e+03	0	9.025459e-04
2.160000e+09	2.716425e+13	0.000000e+00	7.099999e-01	4.367479e+14	6.722951e+14	7.152455e+13	1.233087e+04	7.753389e+03	4.591324e+03	0	8.991932e-04
2.170000e+09	2.686293e+13	0.000000e+00	7.099999e-01	4.337339e+14	6.679755e+14	7.128352e+13	1.231474e+04	7.744810e+03	4.586244e+03	0	8.958560e-04
2.180000e+09	2.656520e+13	0.000000e+00	7.099999e-01	4.307546e+14	6.637041e+14	7.104390e+13	1.229873e+04	7.736286e+03	4.581197e+03	0	8.925340e-04
2.190000e+09	2.627101e+13	0.000000e+00	7.099999e-01	4.278096e+14	6.594799e+14	7.080569e+13	1.228282e+04	7.727817e+03	4.576181e+03	0	8.892271e-04
2.200000e+09	2.598031e+13	0.000000e+00	7.099999e-01	4.248982e+14	6.553022e+14	7.056888e+13	1.226702e+04	7.719401e+03	4.571198e+03	0	8.859350e-04
2.210000e+09	2.569303e+13	0.000000e+00	7.099999e-01	4.220199e+14	6.511703e+14	7.033345e+13	1.225133e+04	7.711039e+03	4.566246e+03	0	8.826575e-04
2.220000e+09	2.540913e+13	0.000000e+00	7.099999e-01	4.191742e+14	6.470834e+14	7.009940e+13	1.223574e+04	7.702730e+03	4.561325e+03	0	8.793944e-04
2.230000e+09	2.512855e+13	0.000000e+00	7.099999e-01	4.163606e+14	6.430410e+14	6.986672e+13	1.222026e+04	7.694473e+03	4.556436e+03	0	8.761454e-04
2.240000e+09	2.485123e+13	0.000000e+00	7.099999e-01	4.135787e+14	6.390424e+14	6.963540e+13	1.220488e+04	7.686267e+03	4.551577e+03	0	8.729105e-04
2.250000e+09	2.457713e+13	0.000000e+00	7.099999e-01	4.108278e+14	6.350868e+14	6.940542e+13	1.218961e+04	7.678113e+03	4.546748e+03	0	8.696893e-04
2.260000e+09	2.430619e+13	0.000000e+00	7.099999e-01	4.081075e+14	6.311735e+14	6.917678e+13	1.217443e+04	7.670009e+03	4.541949e+03	0	8.664817e-04
2.270000e+09	2.403837e+13	0.000000e+00	7.099999e-01	4.054174e+14	6.273020e+14	6.894947e+13	1.215936e+04	7.661955e+03	4.537180e+03	0	8.632874e-04
2.280000e+09	2.377361e+13	0.000000e+00	7.099999e-01	4.027570e+14	6.234714e+14	6.872347e+13	1.214439e+04	7.653950e+03	4.532440e+03	0	8.601063e-04
2.290000e+09	2.351187e+13	0.000000e+00	7.099999e-01	4.001258e+14	6.196817e+14	6.849879e+13	1.212951e+04	7.645995e+03	4.527729e+03	0	8.569382e-04
2.300000e+09	2.325311e+13	0.000000e+00	7.099999e-01	3.975234e+14	6.159318e+14	6.827540e+13	1.211473e+04	7.638088e+03	4.523046e+03	0	8.537828e-04
2.310000e+09	2.299727e+13	0.000000e+00	7.099999e-01	3.949493e+14	6.122211e+14	6.805331e+13	1.210005e+04	7.630229e+03	4.518392e+03	0	8.506400e-04
2.320000e+09	2.274431e+13	0.000000e+00	7.099999e-01	3.924032e+14	6.085493e+14	6.783250e+13	1.208546e+04	7.622417e+03	4.513767e+03	0	8.475097e-04
2.330000e+09	2.249418e+13	0.000000e+00	7.099999e-01	3.898845e+14	6.049157e+14	6.761295e+13	1.207096e+04	7.614652e+03	4.509169e+03	0	8.443915e-04
2.340000e+09	2.224686e+13	0.000000e+00	7.099999e-01	3.873929e+14	6.013195e+14	6.739468e+13	1.205656e+04	7.606934e+03	4.504598e+03	0	8.412853e-04
2.350000e+09	2.200228e+13	0.000000e+00	7.099999e-01	3.849280e+14	5.977605e+14	6.717765e+13	1.204225e+04	7.599262e+03	4.500055e+03	0	8.381910e-04
2.360000e+09	2.176041e+13	0.000000e+00	7.099999e-01	3.824894e+14	5.942382e+14	6.696187e+13	1.202803e+04	7.591635e+03	4.495538e+03	0	8.351083e-04
2.370000e+09	2.152121e+13	0.000000e+00	7.099999e-01	3.800767e+14	5.907516e+14	6.674733e+13	1.201390e+04	7.584053e+03	4.491049e+03	0	8.320371e-04
2.380000e+09	2.128465e+13	0.000000e+00	7.099999e-01	3.776895e+14	5.873006e+14	6.653401e+13	1.199986e+04	7.576516e+03	4.486585e+03	0	8.289772e-04
2.390000e+09	2.105067e+13	0.000000e+00	7.099999e-01	3.753275e+14	5.838845e+14	6.632192e+13	1.198591e+04	7.569023e+03	4.482148e+03	0	8.259284e-04
2.400000e+09	2.081924e+13	0.000000e+00	7.099999e-01	3.729902e+14	5.805030e+14	6.611103e+13	1.197205e+04	7.561574e+03	4.477737e+03	0	8.228905e-04
2.410000e+09	2.059033e+13	0.000000e+00	7.099999e-01	3.706773e+14	5.771554e+14	6.590135e+13	1.195827e+04	7.554168e+03	4.473351e+03	0	8.198634e-04
2.420000e+09	2.036389e+13	0.000000e+00	7.099999e-01	3.683885e+14	5.738413e+14	6.569285e+13	1.194457e+04	7.546804e+03	4.468991e+03	0	8.168469e-04
2.430000e+09	2.013989e+13	0.000000e+00	7.099999e-01	3.661234e+14	5.705603e+14	6.548555e+13	1.193096e+04	7.539484e+03	4.464656e+03	0	8.138409e-04
2.440000e+09	1.991830e+13	0.000000e+00	7.099999e-01	3.638816e+14	5.673118e+14	6.527941e+13	1.191744e+04	7.532205e+03	4.460346e+03	0	8.108451e-04
2.450000e+09	1.969908e+13	0.000000e+00	7.099999e-01	3.616629e+14	5.640955e+14	6.507445e+13	1.190399e+04	7.524968e+03	4.456060e+03	0	8.078593e-04
2.460000e+09	1.948220e+13	0.000000e+00	7.099999e-01	3.594669e+14	5.609108e+14	6.487065e+13	1.189063e+04	7.517772e+03	4.451799e+03	0	8.048836e-04
2.470000e+09	1.926761e+13	0.000000e+00	7.099999e-01	3.572933e+14	5.577572e+14	6.466799e+13	1.187735e+04	7.510616e+03	4.447562e+03	0	8.019175e-04
2.480000e+09	1.905529e+13	0.000000e+00	7.099999e-01	3.551417e+14	5.546347e+14	6.446648e+13	1.186415e+04	7.503502e+03	4.443349e+03	0	7.989611e-04
2.490000e+09	1.884521e+13	0.000000e+00	7.099999e-01	3.530119e+14	5.515422e+14	6.426611e+13	1.185103e+04	7.496427e+03	4.439159e+03	0	7.960141e-04
2.500000e+09	1.863734e+13	0.000000e+00	7.099999e-01	3.509035e+14	5.484799e+14	6.406686e+13	1.183798e+04	7.489391e+03	4.434993e+03	0	7.930764e-04
2.510000e+09	1.843163e+13	0.000000e+00	7.099999e-01	3.488163e+14	5.454471e+14	6.386874e+13	1.182502e+04	7.482395e+03	4.430850e+03	0	7.901479e-04
2.520000e+09	1.822807e+13	0.000000e+00	7.099999e-01	3.467499e+14	5.424435e+14	6.367172e+13	1.181213e+04	7.475438e+03	4.426730e+03	0	7.872282e-04
2.530000e+09	1.802662e+13	0.000000e+00	7.099999e-01	3.447041e+14	5.394684e+14	6.347581e+13	1.179932e+04	7.468519e+03	4.422633e+03	0	7.843174e-04
2.540000e+09	1.782725e+13	0.000000e+00	7.099999e-01	3.426785e+14	5.365219e+14	6.328100e+13	1.178658e+04	7.461639e+03	4.418559e+03	0	7.814153e-04
2.550000e+09	1.762994e+13	0.000000e+00	7.099999e-01	3.406730e+14	5.336033e+14	6.308727e+13	1.177392e+04	7.454796e+03	4.414506e+03	0	7.785216e-04
2.560000e+09	1.743464e+13	0.000000e+00	7.099999e-01	3.386872e+14	5.307122e+14	6.289462e+13	1.176133e+04	7.447990e+03	4.410476e+03	0	7.756363e-04
2.570000e+09	1.724135e+13	0.000000e+00	7.099999e-01	3.367208e+14	5.278486e+14	6.270305e+13	1.174882e+04	7.441222e+03	4.406468e+03	0	7.727591e-04
2.580000e+09	1.705002e+13	0.000000e+00	7.099999e-01	3.347737e+14	5.250117e+14	6.251254e+13	1.173637e+04	7.434490e+03	4.402482e+03	0	7.698901e-04
2.590000e+09	1.686063e+13	0.000000e+00	7.099999e-01	3.328454e+14	5.222013e+14	6.232309e+13	1.172400e+04	7.427795e+03	4.398517e+03	0	7.670289e-04
2.600000e+09	1.667316e+13	0.000000e+00	7.099999e-01	3.309358e+14	5.194171e+14	6.213469e+13	1.171170e+04	7.421135e+03	4.394574e+03	0	7.641754e-04
2.610000e+09	1.648758e+13	0.000000e+00	7.099999e-01	3.290447e+14	5.166587e+14	6.194734e+13	1.169948e+04	7.414512e+03	4.390651e+03	0	7.613295e-04
2.620000e+09	1.630385e+13	0.000000e+00	7.099999e-01	3.271717e+14	5.139259e+14	6.176102e+13	1.168732e+04	7.407923e+03	4.386750e+03	0	7.584911e-04
2.630000e+09	1.612197e+13	0.000000e+00	7.099999e-01	3.253167e+14	5.112181e+14	6.157573e+13	1.167523e+04	7.401370e+03	4.382869e+03	0	7.556600e-04
2.640000e+09	1.594189e+13	0.000000e+00	7.099999e-01	3.234793e+14	5.085353e+14	6.139146e+13	1.166320e+04	7.394851e+03	4.379009e+03	0	7.528360e-04
2.650000e+09	1.576361e+13	0.000000e+00	7.099999e-01	3.216594e+14	5.058769e+14	6.120821e+13	1.165125e+04	7.388367e+03	4.375169e+03	0	7.500191e-04
2.660000e+09	1.558709e+13	0.000000e+00	7.099999e-01	3.198568e+14	5.032426e+14	6.102596e+13	1.163936e+04	7.381917e+03	4.371350e+03	0	7.472090e-04
2.670000e+09	1.541230e+13	0.000000e+00	7.099999e-01	3.180711e+14	5.006323e+14	6.084472e+13	1.162754e+04	7.375501e+03	4.367550e+03	0	7.444056e-04
2.680000e+09	1.523924e+13	0.000000e+00	7.099999e-01	3.163022e+14	4.980456e+14	6.066447e+13	1.161579e+04	7.369118e+03	4.363770e+03	0	7.416088e-04
2.690000e+09	1.506787e+13	0.000000e+00	7.099999e-01	3.145498e+14	4.954821e+14	6.048520e+13	1.160410e+04	7.362768e+03	4.360010e+03	0	7.388184e-04
2.700000e+09	1.489817e+13	0.000000e+00	7.099999e-01	3.128138e+14	4.929417e+14	6.030692e+13	1.159247e+04	7.356451e+03	4.356270e+03	0	7.360343e-04
2.710000e+09	1.473012e+13	0.000000e+00	7.099999e-01	3.110940e+14	4.904239e+14	6.012961e+13	1.158091e+04	7.350167e+03	4.352548e+03	0	7.332563e-04
2.720000e+09	1.456369e+13	0.000000e+00	7.099999e-01	3.093900e+14	4.879284e+14	5.995327e+13	1.156942e+04	7.343915e+03	4.348846e+03	0	7.304844e-04
2.730000e+09	1.439887e+13	0.000000e+00	7.099999e-01	3.077018e+14	4.854552e+14	5.977788e+13	1.155798e+04	7.337695e+03	4.345163e+03	0	7.277183e-04
2.740000e+09	1.423564e+13	0.000000e+00	7.099999e-01	3.060291e+14	4.830037e+14	5.960346e+13	1.154661e+04	7.331507e+03	4.341499e+03	0	7.249579e-04
2.750000e+09	1.407398e+13	0.000000e+00	7.099999e-01	3.043717e+14	4.805739e+14	5.942997e+13	1.153530e+04	7.325350e+03	4.337853e+03	0	7.222031e-04
2.760000e+09	1.391385e+13	0.000000e+00	7.099999e-01	3.027294e+14	4.781654e+14	5.925743e+13	1.152405e+04	7.319225e+03	4.334225e+03	0	7.194537e-04
2.770000e+09	1.375525e+13	0.000000e+00	7.099999e-01	3.011020e+14	4.757778e+14	5.908582e+13	1.151286e+04	7.313130e+03	4.330616e+03	0	7.167097e-04
2.780000e+09	1.359816e+13	0.000000e+00	7.099999e-01	2.994894e+14	4.734111e+14	5.891514e+13	1.150173e+04	7.307066e+03	4.327026e+03	0	7.139708e-04
2.790000e+09	1.344255e+13	0.000000e+00	7.099999e-01	2.978913e+14	4.710649e+14	5.874538e+13	1.149066e+04	7.301033e+03	4.323453e+03	0	7.112369e-04
2.800000e+09	1.328841e+13	0.000000e+00	7.099999e-01	2.963076e+14	4.687390e+14	5.857653e+13	1.147965e+04	7.295029e+03	4.319898e+03	0	7.085079e-04
2.810000e+09	1.313571e+13	0.000000e+00	7.099999e-01	2.947381e+14	4.664332e+14	5.840860e+13	1.146870e+04	7.289056e+03	4.316360e+03	0	7.057837e-04
2.820000e+09	1.298444e+13	0.000000e+00	7.099999e-01	2.931826e+14	4.641471e+14	5.824156e+13	1.145780e+04	7.283112e+03	4.312840e+03	0	7.030640e-04
2.830000e+09	1.283459e+13	0.000000e+00	7.099999e-01	2.916410e+14	4.618805e+14	5.807542e+13	1.144697e+04	7.277197e+03	4.309338e+03	0	7.003488e-04
2.840000e+09	1.268613e+13	0.000000e+00	7.099999e-01	2.901130e+14	4.596333e+14	5.791017e+13	1.143619e+04	7.271312e+03	4.305853e+03	0	6.976380e-04
2.850000e+09	1.253904e+13	0.000000e+00	7.099999e-01	2.885985e+14	4.574051e+14	5.774581e+13	1.142546e+04	7.265455e+03	4.302384e+03	0	6.949313e-04
2.860000e+09	1.239331e+13	0.000000e+00	7.099999e-01	2.870973e+14	4.551958e+14	5.758232e+13	1.141480e+04	7.259627e+03	4.298933e+03	0	6.922286e-04
2.870000e+09	1.224892e+13	0.000000e+00	7.099999e-01	2.856093e+14	4.530052e+14	5.741971e+13	1.140419e+04	7.253827e+03	4.295499e+03	0	6.895299e-04
2.880000e+09	1.210586e+13	0.000000e+00	7.099999e-01	2.841343e+14	4.508329e+14	5.725796e+13	1.139363e+04	7.248056e+03	4.292081e+03	0	6.868349e-04
2.890000e+09	1.196411e+13	0.000000e+00	7.099999e-01	2.826722e+14	4.486787e+14	5.709707e+13	1.138312e+04	7.242312e+03	4.288680e+03	0	6.841435e-04
2.900000e+09	1.182365e+13	0.000000e+00	7.099999e-01	2.812228e+14	4.465425e+14	5.693704e+13	1.137268e+04	7.236596e+03	4.285295e+03	0	6.814556e-04
2.910000e+09	1.168446e+13	0.000000e+00	7.099999e-01	2.797858e+14	4.444243e+14	5.677785e+13	1.136228e+04	7.230907e+03	4.281926e+03	0	6.787711e-04
2.920000e+09	1.154654e+13	0.000000e+00	7.099999e-01	2.783613e+14	4.423234e+14	5.661951e+13	1.135194e+04	7.225246e+03	4.278574e+03	0	6.760897e-04
2.930000e+09	1.140986e+13	0.000000e+00	7.099999e-01	2.769491e+14	4.402399e+14	5.646200e+13	1.134165e+04	7.219612e+03	4.275237e+03	0	6.734114e-04
2.940000e+09	1.127441e+13	0.000000e+00	7.099999e-01	2.755489e+14	4.381737e+14	5.630533e+13	1.133141e+04	7.214004e+03	4.271917e+03	0	6.707360e-04
2.950000e+09	1.114017e+13	0.000000e+00	7.099999e-01	2.741606e+14	4.361243e+14	5.614948e+13	1.132122e+04	7.208423e+03	4.268612e+03	0	6.680634e-04
2.960000e+09	1.100713e+13	0.000000e+00	7.099999e-01	2.727842e+14	4.340916e+14	5.599445e+13	1.131109e+04	7.202869e+03	4.265323e+03	0	6.653934e-04
2.970000e+09	1.087528e+13	0.000000e+00	7.099999e-01	2.714194e+14	4.320755e+14	5.584023e+13	1.130100e+04	7.197340e+03	4.262049e+03	0	6.627259e-04
2.980000e+09	1.074460e+13	0.000000e+00	7.099999e-01	2.700662e+14	4.300758e+14	5.568683e+13	1.129097e+04	7.191837e+03	4.258790e+03	0	6.600607e-04
2.990000e+09	1.061508e+13	0.000000e+00	7.099999e-01	2.687244e+14	4.280922e+14	5.553423e+13	1.128099e+04	7.186361e+03	4.255547e+03	0	6.573978e-04
3.000000e+09	1.048670e+13	0.000000e+00	7.099999e-01	2.673938e+14	4.261247e+14	5.538242e+13	1.127105e+04	7.180909e+03	4.252319e+03	0	6.547368e-04
3.010000e+09	1.035946e+13	0.000000e+00	7.099999e-01	2.660743e+14	4.241730e+14	5.523141e+13	1.126117e+04	7.175483e+03	4.249106e+03	0	6.520778e-04
3.020000e+09	1.023332e+13	0.000000e+00	7.099999e-01	2.647659e+14	4.222369e+14	5.508119e+13	1.125133e+04	7.170082e+03	4.245907e+03	0	6.494205e-04
3.030000e+09	1.010829e+13	0.000000e+00	7.099999e-01	2.634683e+14	4.203161e+14	5.493175e+13	1.124154e+04	7.164706e+03	4.242724e+03	0	6.467648e-04
3.040000e+09	9.984354e+12	0.000000e+00	7.099999e-01	2.621814e+14	4.184108e+14	5.478308e+13	1.123180e+04	7.159355e+03	4.239555e+03	0	6.441105e-04
3.050000e+09	9.861491e+12	0.000000e+00	7.099999e-01	2.609052e+14	4.165205e+14	5.463519e+13	1.122211e+04	7.154028e+03	4.236401e+03	0	6.414576e-04
3.060000e+09	9.739693e+12	0.000000e+00	7.099999e-01	2.596395e+14	4.146453e+14	5.448807e+13	1.121246e+04	7.148725e+03	4.233260e+03	0	6.388058e-04
3.070000e+09	9.618947e+12	0.000000e+00	7.099999e-01	2.583841e+14	4.127846e+14	5.434170e+13	1.120286e+04	7.143447e+03	4.230135e+03	0	6.361550e-04
3.080000e+09	9.499240e+12	0.000000e+00	7.099999e-01	2.571390e+14	4.109387e+14	5.419609e+13	1.119331e+04	7.138192e+03	4.227023e+03	0	6.335050e-04
3.090000e+09	9.380561e+12	0.000000e+00	7.099999e-01	2.559040e+14	4.091072e+14	5.405124e+13	1.118380e+04	7.132961e+03	4.223926e+03	0	6.308557e-04
3.100000e+09	9.262898e+12	0.000000e+00	7.099999e-01	2.546791e+14	4.072900e+14	5.390713e+13	1.117434e+04	7.127754e+03	4.220842e+03	0	6.282069e-04
3.110000e+09	9.146238e+12	0.000000e+00	7.099999e-01	2.534641e+14	4.054869e+14	5.376376e+13	1.116493e+04	7.122570e+03	4.217772e+03	0	6.255585e-04
3.120000e+09	9.030571e+12	0.000000e+00	7.099999e-01	2.522589e+14	4.036977e+14	5.362112e+13	1.115556e+04	7.117410e+03	4.214716e+03	0	6.229103e-04
3.130000e+09	8.915885e+12	0.000000e+00	7.099999e-01	2.510633e+14	4.019225e+14	5.347922e+13	1.114623e+04	7.112272e+03	4.211674e+03	0	6.202621e-04
3.140000e+09	8.802169e+12	0.000000e+00	7.099999e-01	2.498774e+14	4.001609e+14	5.333805e+13	1.113695e+04	7.107157e+03	4.208645e+03	0	6.176138e-04
3.150000e+09	8.689411e+12	0.000000e+00	7.099999e-01	2.487009e+14	3.984128e+14	5.319760e+13	1.112771e+04	7.102065e+03	4.205630e+03	0	6.149652e-04
3.160000e+09	8.577600e+12	0.000000e+00	7.099999e-01	2.475338e+14	3.966781e+14	5.305786e+13	1.111851e+04	7.096995e+03	4.202628e+03	0	6.123161e-04
3.170000e+09	8.466727e+12	0.000000e+00	7.099999e-01	2.463760e+14	3.949566e+14	5.291884e+13	1.110936e+04	7.091948e+03	4.199639e+03	0	6.096664e-04
3.180000e+09	8.356780e+12	0.000000e+00	7.099999e-01	2.452273e+14	3.932482e+14	5.278052e+13	1.110025e+04	7.086923e+03	4.196663e+03	0	6.070159e-04
3.190000e+09	8.247749e+12	0.000000e+00	7.099999e-01	2.440877e+14	3.915527e+14	5.264291e+13	1.109118e+04	7.081920e+03	4.193701e+03	0	6.043644e-04
3.200000e+09	8.139624e+12	0.000000e+00	7.099999e-01	2.429570e+14	3.898701e+14	5.250599e+13	1.108216e+04	7.076939e+03	4.190751e+03	0	6.017118e-04
3.210000e+09	8.032393e+12	0.000000e+00	7.099999e-01	2.418352e+14	3.882001e+14	5.236977e+13	1.107317e+04	7.071979e+03	4.187814e+03	0	5.990578e-04
3.220000e+09	7.926049e+12	0.000000e+00	7.099999e-01	2.407222e+14	3.865427e+14	5.223424e+13	1.106423e+04	7.067041e+03	4.184890e+03	0	5.964023e-04
3.230000e+09	7.820579e+12	0.000000e+00	7.099999e-01	2.396178e+14	3.848977e+14	5.209939e+13	1.105533e+04	7.062124e+03	4.181978e+03	0	5.937451e-04
3.240000e+09	7.715976e+12	0.000000e+00	7.099999e-01	2.385221e+14	3.832649e+14	5.196523e+13	1.104647e+04	7.057229e+03	4.179079e+03	0	5.910860e-04
3.250000e+09	7.612229e+12	0.000000e+00	7.099999e-01	2.374348e+14	3.816442e+14	5.183173e+13	1.103765e+04	7.052354e+03	4.176192e+03	0	5.884249e-04
3.260000e+09	7.509328e+12	0.000000e+00	7.099999e-01	2.363559e+14	3.800357e+14	5.169891e+13	1.102887e+04	7.047500e+03	4.173318e+03	0	5.857614e-04
3.270000e+09	7.407265e+12	0.000000e+00	7.099999e-01	2.352852e+14	3.784390e+14	5.156676e+13	1.102013e+04	7.042667e+03	4.170456e+03	0	5.830955e-04
3.280000e+09	7.306030e+12	0.000000e+00	7.099999e-01	2.342228e+14	3.768540e+14	5.143526e+13	1.101143e+04	7.037855e+03	4.167607e+03	0	5.804270e-04
3.290000e+09	7.205614e+12	0.000000e+00	7.099999e-01	2.331686e+14	3.752807e+14	5.130443e+13	1.100277e+04	7.033063e+03	4.164769e+03	0	5.777555e-04
3.300000e+09	7.106008e+12	0.000000e+00	7.099999e-01	2.321223e+14	3.737190e+14	5.117425e+13	1.099415e+04	7.028291e+03	4.161943e+03	0	5.750810e-04
3.310000e+09	7.007204e+12	0.000000e+00	7.099999e-01	2.310840e+14	3.721686e+14	5.104472e+13	1.098557e+04	7.023540e+03	4.159130e+03	0	5.724031e-04
3.320000e+09	6.909193e+12	0.000000e+00	7.099999e-01	2.300536e+14	3.706295e+14	5.091583e+13	1.097702e+04	7.018808e+03	4.156328e+03	0	5.697218e-04
3.330000e+09	6.811965e+12	0.000000e+00	7.099999e-01	2.290310e+14	3.691017e+14	5.078759e+13	1.096851e+04	7.014096e+03	4.153537e+03	0	5.670368e-04
3.340000e+09	6.715513e+12	0.000000e+00	7.099999e-01	2.280160e+14	3.675848e+14	5.065998e+13	1.096004e+04	7.009404e+03	4.150759e+03	0	5.643478e-04
3.350000e+09	6.619828e+12	0.000000e+00	7.099999e-01	2.270087e+14	3.660789e+14	5.053300e+13	1.095161e+04	7.004732e+03	4.147992e+03	0	5.616546e-04
3.360000e+09	6.524903e+12	0.000000e+00	7.099999e-01	2.260089e+14	3.645838e+14	5.040665e+13	1.094322e+04	7.000079e+03	4.145237e+03	0	5.589570e-04
3.370000e+09	6.430728e+12	0.000000e+00	7.099999e-01	2.250166e+14	3.630995e+14	5.028093e+13	1.093486e+04	6.995445e+03	4.142493e+03	0	5.562548e-04
3.380000e+09	6.337296e+12	0.000000e+00	7.099999e-01	2.240317e+14	3.616257e+14	5.015582e+13	1.092654e+04	6.990830e+03	4.139760e+03	0	5.535478e-04
3.390000e+09	6.244599e+12	0.000000e+00	7.099999e-01	2.230541e+14	3.601624e+14	5.003134e+13	1.091825e+04	6.986235e+03	4.137038e+03	0	5.508355e-04
3.400000e+09	6.152630e+12	0.000000e+00	7.099999e-01	2.220837e+14	3.587096e+14	4.990746e+13	1.091000e+04	6.981658e+03	4.134328e+03	0	5.481179e-04
3.410000e+09	6.061380e+12	0.000000e+00	7.099999e-01	2.211204e+14	3.572671e+14	4.978419e+13	1.090179e+04	6.977100e+03	4.131629e+03	0	5.453947e-04
3.420000e+09	5.970842e+12	0.000000e+00	7.099999e-01	2.201643e+14	3.558348e+14	4.966153e+13	1.089361e+04	6.972560e+03	4.128941e+03	0	5.426656e-04
3.430000e+09	5.881008e+12	0.000000e+00	7.099999e-01	2.192151e+14	3.544125e+14	4.953947e+13	1.088547e+04	6.968039e+03	4.126264e+03	0	5.399303e-04
3.440000e+09	5.791871e+12	0.000000e+00	7.099999e-01	2.182729e+14	3.530002e+14	4.941800e+13	1.087737e+04	6.963536e+03	4.123597e+03	0	5.371885e-04
3.450000e+09	5.703424e+12	0.000000e+00	7.099999e-01	2.173376e+14	3.515978e+14	4.929713e+13	1.086929e+04	6.959052e+03	4.120942e+03	0	5.344400e-04
3.460000e+09	5.615660e+12	0.000000e+00	7.099999e-01	2.164090e+14	3.502053e+14	4.917684e+13	1.086126e+04	6.954586e+03	4.118297e+03	0	5.316845e-04
3.470000e+09	5.528571e+12	0.000000e+00	7.099999e-01	2.154872e+14	3.488223e+14	4.905714e+13	1.085325e+04	6.950137e+03	4.115663e+03	0	5.289217e-04
3.480000e+09	5.442151e+12	0.000000e+00	7.099999e-01	2.145720e+14	3.474491e+14	4.893802e+13	1.084528e+04	6.945707e+03	4.113039e+03	0	5.261512e-04
3.490000e+09	5.356392e+12	0.000000e+00	7.099999e-01	2.136635e+14	3.460853e+14	4.881948e+13	1.083735e+04	6.941294e+03	4.110426e+03	0	5.233729e-04
3.500000e+09	5.271287e+12	0.000000e+00	7.099999e-01	2.127614e+14	3.447309e+14	4.870151e+13	1.082945e+04	6.936899e+03	4.107823e+03	0	5.205862e-04
3.510000e+09	5.186831e+12	0.000000e+00	7.099999e-01	2.118658e+14	3.433859e+14	4.858412e+13	1.082158e+04	6.932521e+03	4.105231e+03	0	5.177910e-04
3.520000e+09	5.103016e+12	0.000000e+00	7.099999e-01	2.109767e+14	3.420501e+14	4.846729e+13	1.081374e+04	6.928160e+03	4.102649e+03	0	5.149868e-04
3.530000e+09	5.019836e+12	0.000000e+00	7.099999e-01	2.100938e+14	3.407235e+14	4.835102e+13	1.080594e+04	6.923817e+03	4.100077e+03	0	5.121733e-04
3.540000e+09	4.937285e+12	0.000000e+00	7.099999e-01	2.092172e+14	3.394058e+14	4.823531e+13	1.079817e+04	6.919491e+03	4.097515e+03	0	5.093502e-04
3.550000e+09	4.855355e+12	0.000000e+00	7.099999e-01	2.083469e+14	3.380972e+14	4.812015e+13	1.079043e+04	6.915182e+03	4.094963e+03	0	5.065171e-04
3.560000e+09	4.774040e+12	0.000000e+00	7.099999e-01	2.074826e+14	3.367974e+14	4.800555e+13	1.078272e+04	6.910890e+03	4.092422e+03	0	5.036735e-04
3.570000e+09	4.693336e+12	0.000000e+00	7.099999e-01	2.066245e+14	3.355064e+14	4.789150e+13	1.077505e+04	6.906615e+03	4.089890e+03	0	5.008192e-04
3.580000e+09	4.613234e+12	0.000000e+00	7.099999e-01	2.057724e+14	3.342242e+14	4.777799e+13	1.076741e+04	6.902356e+03	4.087368e+03	0	4.979536e-04
3.590000e+09	4.533729e+12	0.000000e+00	7.099999e-01	2.049262e+14	3.329505e+14	4.766502e+13	1.075980e+04	6.898114e+03	4.084856e+03	0	4.950765e-04
3.600000e+09	4.454816e+12	0.000000e+00	7.099999e-01	2.040860e+14	3.316855e+14	4.755260e+13	1.075222e+04	6.893888e+03	4.082354e+03	0	4.921872e-04
3.610000e+09	4.376488e+12	0.000000e+00	7.099999e-01	2.032516e+14	3.304289e+14	4.744070e+13	1.074467e+04	6.889679e+03	4.079861e+03	0	4.892855e-04
3.620000e+09	4.298739e+12	0.000000e+00	7.099999e-01	2.024230e+14	3.291806e+14	4.732934e+13	1.073715e+04	6.885486e+03	4.077378e+03	0	4.863708e-04
3.630000e+09	4.221564e+12	0.000000e+00	7.099999e-01	2.016001e+14	3.279407e+14	4.721850e+13	1.072967e+04	6.881309e+03	4.074904e+03	0	4.834426e-04
3.640000e+09	4.144957e+12	0.000000e+00	7.099999e-01	2.007829e+14	3.267090e+14	4.710819e+13	1.072221e+04	6.877148e+03	4.072440e+03	0	4.805004e-04
3.650000e+09	4.068912e+12	0.000000e+00	7.099999e-01	1.999713e+14	3.254854e+14	4.699840e+13	1.071478e+04	6.873002e+03	4.069986e+03	0	4.775438e-04
3.660000e+09	3.993424e+12	0.000000e+00	7.099999e-01	1.991653e+14	3.242699e+14	4.688913e+13	1.070739e+04	6.868873e+03	4.067541e+03	0	4.745721e-04
3.670000e+09	3.918488e+12	0.000000e+00	7.099999e-01	1.983649e+14	3.230625e+14	4.678037e+13	1.070002e+04	6.864760e+03	4.065105e+03	0	4.715849e-04
3.680000e+09	3.844097e+12	0.000000e+00	7.099999e-01	1.975699e+14	3.218630e+14	4.667213e+13	1.069268e+04	6.860662e+03	4.062678e+03	0	4.685816e-04
3.690000e+09	3.770246e+12	0.000000e+00	7.099999e-01	1.967803e+14	3.206712e+14	4.656439e+13	1.068538e+04	6.856579e+03	4.060260e+03	0	4.655614e-04
3.700000e+09	3.696931e+12	0.000000e+00	7.099999e-01	1.959960e+14	3.194873e+14	4.645716e+13	1.067810e+04	6.852512e+03	4.057852e+03	0	4.625239e-04
3.710000e+09	3.624146e+12	0.000000e+00	7.099999e-01	1.952171e+14	3.183110e+14	4.635043e+13	1.067085e+04	6.848460e+03	4.055453e+03	0	4.594684e-04
3.720000e+09	3.551886e+12	0.000000e+00	7.099999e-01	1.944434e+14	3.171425e+14	4.624419e+13	1.066363e+04	6.844424e+03	4.053062e+03	0	4.563942e-04
3.730000e+09	3.480146e+12	0.000000e+00	7.099999e-01	1.936750e+14	3.159815e+14	4.613846e+13	1.065643e+04	6.840402e+03	4.050681e+03	0	4.533005e-04
3.740000e+09	3.408920e+12	0.000000e+00	7.099999e-01	1.929117e+14	3.148280e+14	4.603321e+13	1.064927e+04	6.836396e+03	4.048308e+03	0	4.501867e-04
3.750000e+09	3.338204e+12	0.000000e+00	7.099999e-01	1.921535e+14	3.136819e+14	4.592846e+13	1.064213e+04	6.832404e+03	4.045945e+03	0	4.470520e-04
3.760000e+09	3.267993e+12	0.000000e+00	7.099999e-01	1.914004e+14	3.125432e+14	4.582419e+13	1.063503e+04	6.828427e+03	4.043590e+03	0	4.438956e-04
3.770000e+09	3.198282e+12	0.000000e+00	7.099999e-01	1.906523e+14	3.114117e+14	4.572040e+13	1.062795e+04	6.824465e+03	4.041244e+03	0	4.407165e-04
3.780000e+09	3.129067e+12	0.000000e+00	7.099999e-01	1.899092e+14	3.102875e+14	4.561709e+13	1.062089e+04	6.820518e+03	4.038906e+03	0	4.375141e-04
3.790000e+09	3.060341e+12	0.000000e+00	7.099999e-01	1.891710e+14	3.091705e+14	4.551426e+13	1.061387e+04	6.816585e+03	4.036577e+03	0	4.342872e-04
3.800000e+09	2.992102e+12	0.000000e+00	7.099999e-01	1.884377e+14	3.080605e+14	4.541191e+13	1.060687e+04	6.812667e+03	4.034257e+03	0	4.310350e-04
3.810000e+09	2.924344e+12	0.000000e+00	7.099999e-01	1.877092e+14	3.069576e+14	4.531002e+13	1.059990e+04	6.808763e+03	4.031945e+03	0	4.277565e-04
3.820000e+09	2.857063e+12	0.000000e+00	7.099999e-01	1.869855e+14	3.058617e+14	4.520861e+13	1.059296e+04	6.804873e+03	4.029641e+03	0	4.244505e-04
3.830000e+09	2.790254e+12	0.000000e+00	7.099999e-01	1.862665e+14	3.047727e+14	4.510766e+13	1.058604e+04	6.800997e+03	4.027346e+03	0	4.211159e-04
3.840000e+09	2.723912e+12	0.000000e+00	7.099999e-01	1.855523e+14	3.036904e+14	4.500717e+13	1.057915e+04	6.797136e+03	4.025060e+03	0	4.177516e-04
3.850000e+09	2.658034e+12	0.000000e+00	7.099999e-01	1.848427e+14	3.026150e+14	4.490714e+13	1.057229e+04	6.793288e+03	4.022781e+03	0	4.143563e-04
3.860000e+09	2.592615e+12	0.000000e+00	7.099999e-01	1.841377e+14	3.015464e+14	4.480756e+13	1.056545e+04	6.789454e+03	4.020511e+03	0	4.109286e-04
3.870000e+09	2.527650e+12	0.000000e+00	7.099999e-01	1.834373e+14	3.004844e+14	4.470845e+13	1.055864e+04	6.785634e+03	4.018249e+03	0	4.074673e-04
3.880000e+09	2.463136e+12	0.000000e+00	7.099999e-01	1.827414e+14	2.994290e+14	4.460978e+13	1.055185e+04	6.781828e+03	4.015995e+03	0	4.039707e-04
3.890000e+09	2.399069e+12	0.000000e+00	7.099999e-01	1.820501e+14	2.983801e+14	4.451156e+13	1.054509e+04	6.778036e+03	4.013750e+03	0	4.004374e-04
3.900000e+09	2.335443e+12	0.000000e+00	7.099999e-01	1.813631e+14	2.973378e+14	4.441378e+13	1.053836e+04	6.774257e+03	4.011512e+03	0	3.968657e-04
3.910000e+09	2.272255e+12	0.000000e+00	7.099999e-01	1.806806e+14	2.963018e+14	4.431645e+13	1.053165e+04	6.770492e+03	4.009282e+03	0	3.932537e-04
3.920000e+09	2.209502e+12	0.000000e+00	7.099999e-01	1.800025e+14	2.952723e+14	4.421956e+13	1.052497e+04	6.766740e+03	4.007060e+03	0	3.895996e-04
3.930000e+09	2.147178e+12	0.000000e+00	7.099999e-01	1.793287e+14	2.942491e+14	4.412310e+13	1.051831e+04	6.763001e+03	4.004846e+03	0	3.859015e-04
3.940000e+09	2.085281e+12	0.000000e+00	7.099999e-01	1.786591e+14	2.932322e+14	4.402708e+13	1.051167e+04	6.759276e+03	4.002640e+03	0	3.821571e-04
3.950000e+09	2.023805e+12	0.000000e+00	7.099999e-01	1.779939e+14	2.922214e+14	4.393149e+13	1.050506e+04	6.755563e+03	4.000442e+03	0	3.783642e-04
3.960000e+09	1.962748e+12	0.000000e+00	7.099999e-01	1.773328e+14	2.912169e+14	4.383633e+13	1.049848e+04	6.751864e+03	3.998251e+03	0	3.745202e-04
3.970000e+09	1.902105e+12	0.000000e+00	7.099999e-01	1.766760e+14	2.902184e+14	4.374160e+13	1.049192e+04	6.748178e+03	3.996069e+03	0	3.706226e-04
3.980000e+09	1.841873e+12	0.000000e+00	7.099999e-01	1.760232e+14	2.892260e+14	4.364729e+13	1.048538e+04	6.744505e+03	3.993893e+03	0	3.666685e-04
3.990000e+09	1.782048e+12	0.000000e+00	7.099999e-01	1.753746e+14	2.882396e+14	4.355340e+13	1.047887e+04	6.740845e+03	3.991726e+03	0	3.626549e-04
4.000000e+09	1.722626e+12	0.000000e+00	7.099999e-01	1.747300e+14	2.872591e+14	4.345993e+13	1.047238e+04	6.737197e+03	3.989566e+03	0	3.585784e-04
4.010000e+09	1.663603e+12	0.000000e+00	7.099999e-01	1.740895e+14	2.862846e+14	4.336687e+13	1.046592e+04	6.733562e+03	3.987413e+03	0	3.544353e-04
4.020000e+09	1.604977e+12	0.000000e+00	7.099999e-01	1.734530e+14	2.853159e+14	4.327423e+13	1.045948e+04	6.729940e+03	3.985268e+03	0	3.502220e-04
4.030000e+09	1.546743e+12	0.000000e+00	7.099999e-01	1.728204e+14	2.843530e+14	4.318200e+13	1.045306e+04	6.726330e+03	3.983131e+03	0	3.459339e-04
4.040000e+09	1.488898e+12	0.000000e+00	7.099999e-01	1.721918e+14	2.833958e+14	4.309018e+13	1.044667e+04	6.722733e+03	3.981001e+03	0	3.415666e-04
4.050000e+09	1.431439e+12	0.000000e+00	7.099999e-01	1.715671e+14	2.824444e+14	4.299877e+13	1.044030e+04	6.719148e+03	3.978878e+03	0	3.371149e-04
4.060000e+09	1.374361e+12	0.000000e+00	7.099999e-01	1.709462e+14	2.814986e+14	4.290775e+13	1.043395e+04	6.715575e+03	3.976762e+03	0	3.325733e-04
4.070000e+09	1.317662e+12	0.000000e+00	7.099999e-01	1.703292e+14	2.805584e+14	4.281714e+13	1.042763e+04	6.712015e+03	3.974654e+03	0	3.279355e-04
4.080000e+09	1.261339e+12	0.000000e+00	7.099999e-01	1.697159e+14	2.796238e+14	4.272693e+13	1.042132e+04	6.708467e+03	3.972553e+03	0	3.231948e-04
4.090000e+09	1.205387e+12	0.000000e+00	7.099999e-01	1.691064e+14	2.786947e+14	4.263711e+13	1.041505e+04	6.704931e+03	3.970459e+03	0	3.183434e-04
4.100000e+09	1.149804e+12	0.000000e+00	7.099999e-01	1.685007e+14	2.777711e+14	4.254769e+13	1.040879e+04	6.701407e+03	3.968372e+03	0	3.133731e-04
4.110000e+09	1.094586e+12	0.000000e+00	7.099999e-01	1.678986e+14	2.768529e+14	4.245866e+13	1.040256e+04	6.697895e+03	3.966292e+03	0	3.082741e-04
4.120000e+09	1.039730e+12	0.000000e+00	7.099999e-01	1.673002e+14	2.759400e+14	4.237002e+13	1.039634e+04	6.694395e+03	3.964220e+03	0	3.030358e-04
4.130000e+09	9.852335e+11	0.000000e+00	7.099999e-01	1.667055e+14	2.750325e+14	4.228176e+13	1.039015e+04	6.690906e+03	3.962154e+03	0	2.976461e-04
4.140000e+09	9.310926e+11	0.000000e+00	7.099999e-01	1.661143e+14	2.741303e+14	4.219389e+13	1.038399e+04	6.687430e+03	3.960095e+03	0	2.920909e-04
4.150000e+09	8.773045e+11	0.000000e+00	7.099999e-01	1.655267e+14	2.732333e+14	4.210640e+13	1.037784e+04	6.683965e+03	3.958043e+03	0	2.863544e-04
4.160000e+09	8.238660e+11	0.000000e+00	7.099999e-01	1.649427e+14	2.723416e+14	4.201929e+13	1.037172e+04	6.680512e+03	3.955999e+03	0	2.804180e-04
4.170000e+09	7.707741e+11	0.000000e+00	7.099999e-01	1.643621e+14	2.714550e+14	4.193256e+13	1.036561e+04	6.677070e+03	3.953961e+03	0	2.742602e-04
4.180000e+09	7.180258e+11	0.000000e+00	7.099999e-01	1.637851e+14	2.705735e+14	4.184620e+13	1.035953e+04	6.673640e+03	3.951929e+03	0	2.678554e-04
4.190000e+09	6.656181e+11	0.000000e+00	7.099999e-01	1.632115e+14	2.696971e+14	4.176022e+13	1.035347e+04	6.670221e+03	3.949905e+03	0	2.611733e-04
4.200000e+09	6.135480e+11	0.000000e+00	7.099999e-01	1.626413e+14	2.688257e+14	4.167461e+13	1.034744e+04	6.666814e+03	3.947887e+03	0	2.541772e-04
4.210000e+09	5.618128e+11	0.000000e+00	7.099999e-01	1.620746e+14	2.679594e+14	4.158936e+13	1.034142e+04	6.663418e+03	3.945876e+03	0	2.468222e-04
4.220000e+09	5.104094e+11	0.000000e+00	7.099999e-01	1.615112e+14	2.670979e+14	4.150448e+13	1.033542e+04	6.660033e+03	3.943872e+03	0	2.390525e-04
4.230000e+09	4.593350e+11	0.000000e+00	7.099999e-01	1.609511e+14	2.662414e+14	4.141997e+13	1.032945e+04	6.656659e+03	3.941874e+03	0	2.307971e-04
4.240000e+09	4.085869e+11	0.000000e+00	7.099999e-01	1.603943e+14	2.653897e+14	4.133581e+13	1.032349e+04	6.653296e+03	3.939883e+03	0	2.219637e-04
4.250000e+09	3.581622e+11	0.000000e+00	7.099999e-01	1.598409e+14	2.645429e+14	4.125202e+13	1.031756e+04	6.649945e+03	3.937898e+03	0	2.124289e-04
4.260000e+09	3.080582e+11	0.000000e+00	7.099999e-01	1.592907e+14	2.637009e+14	4.116858e+13	1.031164e+04	6.646604e+03	3.935920e+03	0	2.020217e-04
4.270000e+09	2.582721e+11	0.000000e+00	7.099999e-01	1.587437e+14	2.628637e+14	4.108550e+13	1.030575e+04	6.643275e+03	3.933948e+03	0	1.904933e-04
4.280000e+09	2.088013e+11	0.000000e+00	7.099999e-01	1.581999e+14	2.620311e+14	4.100277e+13	1.029988e+04	6.639956e+03	3.931983e+03	0	1.774591e-04
4.290000e+09	1.596431e+11	0.000000e+00	7.099999e-01	1.576593e+14	2.612033e+14	4.092039e+13	1.029402e+04	6.636648e+03	3.930024e+03	0	1.622696e-04
4.300000e+09	1.107948e+11	0.000000e+00	7.099999e-01	1.571219e+14	2.603801e+14	4.083837e+13	1.028819e+04	6.633351e+03	3.928071e+03	0	1.436680e-04
4.310000e+09	6.225382e+10	0.000000e+00	7.099999e-01	1.565875e+14	2.595615e+14	4.075669e+13	1.028237e+04	6.630064e+03	3.926125e+03	0	1.185521e-04
4.320000e+09	1.401762e+10	0.000000e+00	7.099999e-01	1.560563e+14	2.587474e+14	4.067535e+13	1.027658e+04	6.626788e+03	3.924185e+03	0	7.212378e-05
4.330000e+09	-3.391639e+10	0.000000e+00	7.099999e-01	1.555282e+14	2.579379e+14	4.059436e+13	1.027081e+04	6.623523e+03	3.922251e+03	0	nan
