#R=1.527712054959862
#interptype='linear'
#name='planet'
#norm={'P': 1000000000000.0, 'R': 1.527712054959862, 'M': 5.0, 'g': 21.058874012673236, 'rho': 4000.0}
#state=1
#composition
#layer0		Fe08FeS02		0.400000
#layer1		pv_fmw		0.600000
#Cols=
 #'ur		r		mr		rho		P		g		phi		T		composition'
#-end-
0.000000e+00	0.000000e+00	4.471016e-11	1.918263e+04	1.849015e+12	0.000000e+00	-3.777401e+08	5.000000e+03	0
5.025126e-03	7.676945e-03	2.036533e-06	1.918308e+04	1.849152e+12	4.870141e-03	-3.777337e+08	5.000000e+03	0
1.005025e-02	1.535389e-02	1.297676e-05	1.918271e+04	1.849037e+12	2.628001e-01	-3.777145e+08	5.000000e+03	0
1.507538e-02	2.303083e-02	4.357694e-05	1.918150e+04	1.848663e+12	5.255250e-01	-3.776824e+08	5.000000e+03	0
2.010050e-02	3.070778e-02	1.017269e-04	1.917952e+04	1.848051e+12	7.883529e-01	-3.776376e+08	5.000000e+03	0
2.512563e-02	3.838472e-02	1.974482e-04	1.917674e+04	1.847191e+12	1.051148e+00	-3.775799e+08	5.000000e+03	0
3.015075e-02	4.606167e-02	3.410647e-04	1.917316e+04	1.846083e+12	1.313867e+00	-3.775094e+08	5.000000e+03	0
3.517588e-02	5.373861e-02	5.384107e-04	1.916881e+04	1.844739e+12	1.576492e+00	-3.774262e+08	5.000000e+03	0
4.020101e-02	6.141556e-02	8.056742e-04	1.916363e+04	1.843136e+12	1.838989e+00	-3.773301e+08	5.000000e+03	0
4.522613e-02	6.909250e-02	1.141757e-03	1.915771e+04	1.841307e+12	2.101358e+00	-3.772213e+08	5.000000e+03	0
5.025126e-02	7.676945e-02	1.570035e-03	1.915092e+04	1.839212e+12	2.363553e+00	-3.770995e+08	5.000000e+03	0
5.527638e-02	8.444639e-02	2.085459e-03	1.914340e+04	1.836890e+12	2.625582e+00	-3.769651e+08	5.000000e+03	0
6.030151e-02	9.212334e-02	2.708348e-03	1.913505e+04	1.834313e+12	2.887403e+00	-3.768179e+08	5.000000e+03	0
6.532663e-02	9.980028e-02	3.440938e-03	1.912592e+04	1.831500e+12	3.149011e+00	-3.766580e+08	5.000000e+03	0
7.035176e-02	1.074772e-01	4.294464e-03	1.911600e+04	1.828445e+12	3.410383e+00	-3.764853e+08	5.000000e+03	0
7.537688e-02	1.151542e-01	5.281836e-03	1.910527e+04	1.825142e+12	3.671492e+00	-3.762998e+08	5.000000e+03	0
8.040201e-02	1.228311e-01	6.401806e-03	1.909378e+04	1.821611e+12	3.932338e+00	-3.761016e+08	5.000000e+03	0
8.542714e-02	1.305081e-01	7.681326e-03	1.908145e+04	1.817822e+12	4.192867e+00	-3.758907e+08	5.000000e+03	0
9.045226e-02	1.381850e-01	9.106065e-03	1.906838e+04	1.813813e+12	4.453107e+00	-3.756672e+08	5.000000e+03	0
9.547739e-02	1.458620e-01	1.071205e-02	1.905445e+04	1.809544e+12	4.712984e+00	-3.754310e+08	5.000000e+03	0
1.005025e-01	1.535389e-01	1.248312e-02	1.903978e+04	1.805053e+12	4.972528e+00	-3.751821e+08	5.000000e+03	0
1.055276e-01	1.612158e-01	1.444603e-02	1.902429e+04	1.800317e+12	5.231685e+00	-3.749205e+08	5.000000e+03	0
1.105528e-01	1.688928e-01	1.660002e-02	1.900802e+04	1.795347e+12	5.490454e+00	-3.746463e+08	5.000000e+03	0
1.155779e-01	1.765697e-01	1.895460e-02	1.899096e+04	1.790146e+12	5.748815e+00	-3.743596e+08	5.000000e+03	0
1.206030e-01	1.842467e-01	2.152773e-02	1.897308e+04	1.784702e+12	6.006731e+00	-3.740602e+08	5.000000e+03	0
1.256281e-01	1.919236e-01	2.430836e-02	1.895446e+04	1.779040e+12	6.264221e+00	-3.737483e+08	5.000000e+03	0
1.306533e-01	1.996006e-01	2.733640e-02	1.893498e+04	1.773127e+12	6.521202e+00	-3.734239e+08	5.000000e+03	0
1.356784e-01	2.072775e-01	3.058318e-02	1.891477e+04	1.767002e+12	6.777732e+00	-3.730869e+08	5.000000e+03	0
1.407035e-01	2.149545e-01	3.409532e-02	1.889371e+04	1.760630e+12	7.033714e+00	-3.727375e+08	5.000000e+03	0
1.457286e-01	2.226314e-01	3.784857e-02	1.887189e+04	1.754043e+12	7.289194e+00	-3.723756e+08	5.000000e+03	0
1.507538e-01	2.303083e-01	4.187285e-02	1.884927e+04	1.747222e+12	7.544110e+00	-3.720012e+08	5.000000e+03	0
1.557789e-01	2.379853e-01	4.616714e-02	1.882585e+04	1.740177e+12	7.798461e+00	-3.716144e+08	5.000000e+03	0
1.608040e-01	2.456622e-01	5.073631e-02	1.880166e+04	1.732912e+12	8.052235e+00	-3.712153e+08	5.000000e+03	0
1.658291e-01	2.533392e-01	5.560566e-02	1.877664e+04	1.725416e+12	8.305378e+00	-3.708038e+08	5.000000e+03	0
1.708543e-01	2.610161e-01	6.075195e-02	1.875088e+04	1.717714e+12	8.557935e+00	-3.703800e+08	5.000000e+03	0
1.758794e-01	2.686931e-01	6.622979e-02	1.872426e+04	1.709773e+12	8.809789e+00	-3.699438e+08	5.000000e+03	0
1.809045e-01	2.763700e-01	7.199546e-02	1.869692e+04	1.701631e+12	9.061031e+00	-3.694955e+08	5.000000e+03	0
1.859296e-01	2.840470e-01	7.810396e-02	1.866872e+04	1.693258e+12	9.311541e+00	-3.690349e+08	5.000000e+03	0
1.909548e-01	2.917239e-01	8.452592e-02	1.863977e+04	1.684681e+12	9.561379e+00	-3.685621e+08	5.000000e+03	0
1.959799e-01	2.994009e-01	9.129135e-02	1.861001e+04	1.675886e+12	9.810477e+00	-3.680771e+08	5.000000e+03	0
2.010050e-01	3.070778e-01	9.840139e-02	1.857946e+04	1.666880e+12	1.005883e+01	-3.675800e+08	5.000000e+03	0
2.060302e-01	3.147547e-01	1.058538e-01	1.854813e+04	1.657670e+12	1.030644e+01	-3.670709e+08	5.000000e+03	0
2.110553e-01	3.224317e-01	1.136830e-01	1.851598e+04	1.648243e+12	1.055323e+01	-3.665497e+08	5.000000e+03	0
2.160804e-01	3.301086e-01	1.218516e-01	1.848309e+04	1.638625e+12	1.079928e+01	-3.660164e+08	5.000000e+03	0
2.211055e-01	3.377856e-01	1.304303e-01	1.844933e+04	1.628784e+12	1.104443e+01	-3.654712e+08	5.000000e+03	0
2.261307e-01	3.454625e-01	1.393598e-01	1.841484e+04	1.618758e+12	1.128881e+01	-3.649141e+08	5.000000e+03	0
2.311558e-01	3.531395e-01	1.487014e-01	1.837951e+04	1.608519e+12	1.153227e+01	-3.643452e+08	5.000000e+03	0
2.361809e-01	3.608164e-01	1.584233e-01	1.834342e+04	1.598091e+12	1.177488e+01	-3.637643e+08	5.000000e+03	0
2.412060e-01	3.684934e-01	1.685527e-01	1.830652e+04	1.587465e+12	1.201659e+01	-3.631716e+08	5.000000e+03	0
2.462312e-01	3.761703e-01	1.790953e-01	1.826883e+04	1.576644e+12	1.225737e+01	-3.625672e+08	5.000000e+03	0
2.512563e-01	3.838472e-01	1.900392e-01	1.823037e+04	1.565638e+12	1.249724e+01	-3.619511e+08	5.000000e+03	0
2.562814e-01	3.915242e-01	2.014297e-01	1.819107e+04	1.554433e+12	1.273610e+01	-3.613234e+08	5.000000e+03	0
2.613065e-01	3.992011e-01	2.132147e-01	1.815103e+04	1.543056e+12	1.297406e+01	-3.606840e+08	5.000000e+03	0
2.663317e-01	4.068781e-01	2.254787e-01	1.811013e+04	1.531476e+12	1.321093e+01	-3.600330e+08	5.000000e+03	0
2.713568e-01	4.145550e-01	2.381500e-01	1.806849e+04	1.519728e+12	1.344685e+01	-3.593705e+08	5.000000e+03	0
2.763819e-01	4.222320e-01	2.512924e-01	1.802602e+04	1.507791e+12	1.368169e+01	-3.586966e+08	5.000000e+03	0
2.814070e-01	4.299089e-01	2.648749e-01	1.798277e+04	1.495683e+12	1.391550e+01	-3.580113e+08	5.000000e+03	0
2.864322e-01	4.375859e-01	2.789191e-01	1.793873e+04	1.483398e+12	1.414824e+01	-3.573146e+08	5.000000e+03	0
2.914573e-01	4.452628e-01	2.934368e-01	1.789387e+04	1.470939e+12	1.437985e+01	-3.566065e+08	5.000000e+03	0
2.964824e-01	4.529398e-01	3.084051e-01	1.784825e+04	1.458317e+12	1.461041e+01	-3.558872e+08	5.000000e+03	0
3.015075e-01	4.606167e-01	3.238807e-01	1.780179e+04	1.445517e+12	1.483975e+01	-3.551567e+08	5.000000e+03	0
3.065327e-01	4.682936e-01	3.397995e-01	1.775459e+04	1.432565e+12	1.506804e+01	-3.544151e+08	5.000000e+03	0
3.115578e-01	4.759706e-01	3.562498e-01	1.770652e+04	1.419437e+12	1.529504e+01	-3.536623e+08	5.000000e+03	0
3.165829e-01	4.836475e-01	3.731580e-01	1.765770e+04	1.406161e+12	1.552093e+01	-3.528986e+08	5.000000e+03	0
3.216080e-01	4.913245e-01	3.905849e-01	1.760805e+04	1.392721e+12	1.574556e+01	-3.521238e+08	5.000000e+03	0
3.266332e-01	4.990014e-01	4.085024e-01	1.755762e+04	1.379130e+12	1.596898e+01	-3.513382e+08	5.000000e+03	0
3.316583e-01	5.066784e-01	4.269243e-01	1.750639e+04	1.365390e+12	1.619116e+01	-3.505417e+08	5.000000e+03	0
3.366834e-01	5.143553e-01	4.458701e-01	1.745433e+04	1.351497e+12	1.641203e+01	-3.497344e+08	5.000000e+03	0
3.417085e-01	5.220323e-01	4.653044e-01	1.740152e+04	1.337466e+12	1.663167e+01	-3.489164e+08	5.000000e+03	0
3.467337e-01	5.297092e-01	4.852959e-01	1.734784e+04	1.323282e+12	1.684991e+01	-3.480877e+08	5.000000e+03	0
3.517588e-01	5.373861e-01	5.057685e-01	1.729342e+04	1.308970e+12	1.706692e+01	-3.472484e+08	5.000000e+03	0
3.567839e-01	5.450631e-01	5.268122e-01	1.723813e+04	1.294510e+12	1.728247e+01	-3.463986e+08	5.000000e+03	0
3.618090e-01	5.527400e-01	5.483539e-01	1.718208e+04	1.279925e+12	1.749673e+01	-3.455383e+08	5.000000e+03	0
3.668342e-01	5.604170e-01	5.704488e-01	1.712519e+04	1.265204e+12	1.770955e+01	-3.446677e+08	5.000000e+03	0
3.718593e-01	5.680939e-01	5.930737e-01	1.706751e+04	1.250358e+12	1.792098e+01	-3.437866e+08	5.000000e+03	0
3.768844e-01	5.757709e-01	6.162328e-01	1.700902e+04	1.235388e+12	1.813099e+01	-3.428954e+08	5.000000e+03	0
3.819095e-01	5.834478e-01	6.399539e-01	1.694970e+04	1.220293e+12	1.833950e+01	-3.419939e+08	5.000000e+03	0
3.869347e-01	5.911248e-01	6.641888e-01	1.688961e+04	1.205087e+12	1.854663e+01	-3.410823e+08	5.000000e+03	0
3.919598e-01	5.988017e-01	6.890173e-01	1.682863e+04	1.189756e+12	1.875215e+01	-3.401607e+08	5.000000e+03	0
3.969849e-01	6.064787e-01	7.143530e-01	1.676691e+04	1.174322e+12	1.895627e+01	-3.392291e+08	5.000000e+03	0
4.020101e-01	6.141556e-01	7.402840e-01	1.670430e+04	1.158772e+12	1.915875e+01	-3.382876e+08	5.000000e+03	0
4.070352e-01	6.218325e-01	7.667412e-01	1.664092e+04	1.143121e+12	1.935976e+01	-3.373363e+08	5.000000e+03	0
4.120603e-01	6.295095e-01	7.937712e-01	1.657669e+04	1.127366e+12	1.955915e+01	-3.363752e+08	5.000000e+03	0
4.170854e-01	6.371864e-01	8.213573e-01	1.651163e+04	1.111512e+12	1.975695e+01	-3.354045e+08	5.000000e+03	0
4.221106e-01	6.448634e-01	8.494928e-01	1.644577e+04	1.095565e+12	1.995318e+01	-3.344242e+08	5.000000e+03	0
4.271357e-01	6.525403e-01	8.782140e-01	1.637905e+04	1.079522e+12	2.014769e+01	-3.334343e+08	5.000000e+03	0
4.321608e-01	6.602173e-01	9.074599e-01	1.631154e+04	1.063397e+12	2.034067e+01	-3.324351e+08	5.000000e+03	0
4.371859e-01	6.678942e-01	9.373203e-01	1.624313e+04	1.047178e+12	2.053182e+01	-3.314265e+08	5.000000e+03	0
4.422111e-01	6.755712e-01	9.677000e-01	1.617394e+04	1.030884e+12	2.072141e+01	-3.304086e+08	5.000000e+03	0
4.472362e-01	6.832481e-01	9.986824e-01	1.610386e+04	1.014506e+12	2.090916e+01	-3.293815e+08	5.000000e+03	0
4.522613e-01	6.909250e-01	1.030205e+00	1.603297e+04	9.980570e+11	2.109525e+01	-3.283454e+08	5.000000e+03	0
4.572864e-01	6.986020e-01	1.062303e+00	1.596122e+04	9.815352e+11	2.127955e+01	-3.273003e+08	5.000000e+03	0
4.623116e-01	7.062789e-01	1.094967e+00	1.588861e+04	9.649454e+11	2.146206e+01	-3.262462e+08	5.000000e+03	0
4.673367e-01	7.139559e-01	1.128180e+00	1.581517e+04	9.482931e+11	2.164281e+01	-3.251833e+08	5.000000e+03	0
4.723618e-01	7.216328e-01	1.161986e+00	1.574084e+04	9.315772e+11	2.182165e+01	-3.241116e+08	5.000000e+03	0
4.773869e-01	7.293098e-01	1.196311e+00	1.566570e+04	9.148085e+11	2.199878e+01	-3.230313e+08	5.000000e+03	0
4.824121e-01	7.369867e-01	1.231253e+00	1.558961e+04	8.979812e+11	2.217387e+01	-3.219424e+08	5.000000e+03	0
4.874372e-01	7.446637e-01	1.266710e+00	1.551272e+04	8.811082e+11	2.234721e+01	-3.208450e+08	5.000000e+03	0
4.924623e-01	7.523406e-01	1.302759e+00	1.543490e+04	8.641865e+11	2.251852e+01	-3.197393e+08	5.000000e+03	0
4.974874e-01	7.600176e-01	1.339344e+00	1.535623e+04	8.472241e+11	2.268797e+01	-3.186252e+08	5.000000e+03	0
5.025126e-01	7.676945e-01	1.376490e+00	1.527667e+04	8.302227e+11	2.285544e+01	-3.175030e+08	5.000000e+03	0
5.075377e-01	7.753714e-01	1.414194e+00	1.519620e+04	8.131861e+11	2.302091e+01	-3.163727e+08	5.000000e+03	0
5.125628e-01	7.830484e-01	1.452427e+00	1.511487e+04	7.961195e+11	2.318445e+01	-3.152344e+08	5.000000e+03	0
5.175879e-01	7.907253e-01	1.491239e+00	1.503258e+04	7.790241e+11	2.334584e+01	-3.140882e+08	5.000000e+03	0
5.226131e-01	7.984023e-01	1.530551e+00	1.494945e+04	7.619072e+11	2.350534e+01	-3.129341e+08	5.000000e+03	0
5.276382e-01	8.060792e-01	1.570455e+00	1.486532e+04	7.447687e+11	2.366257e+01	-3.117724e+08	5.000000e+03	0
5.326633e-01	8.137562e-01	1.610855e+00	1.478033e+04	7.276158e+11	2.381786e+01	-3.106031e+08	5.000000e+03	0
5.376884e-01	8.214331e-01	1.651813e+00	1.469436e+04	7.104504e+11	2.397093e+01	-3.094263e+08	5.000000e+03	0
5.427136e-01	8.291101e-01	1.693285e+00	1.460748e+04	6.932774e+11	2.412191e+01	-3.082421e+08	5.000000e+03	0
5.477387e-01	8.367870e-01	1.735280e+00	1.451965e+04	6.761003e+11	2.427071e+01	-3.070506e+08	5.000000e+03	0
5.527638e-01	8.444639e-01	1.777804e+00	1.443084e+04	6.589233e+11	2.441727e+01	-3.058520e+08	5.000000e+03	0
5.577889e-01	8.521409e-01	1.820818e+00	1.434110e+04	6.417498e+11	2.456172e+01	-3.046463e+08	5.000000e+03	0
5.628141e-01	8.598178e-01	1.864372e+00	1.425033e+04	6.245849e+11	2.470377e+01	-3.034336e+08	5.000000e+03	0
5.678392e-01	8.674948e-01	1.908388e+00	1.415865e+04	6.074309e+11	2.484373e+01	-3.022141e+08	5.000000e+03	0
5.728643e-01	8.751717e-01	1.952944e+00	1.406587e+04	5.902942e+11	2.498118e+01	-3.009878e+08	5.000000e+03	0
5.778894e-01	8.828487e-01	1.996133e+00	1.310240e+04	5.738654e+11	2.509372e+01	-2.997549e+08	5.000000e+03	0
5.829146e-01	8.905256e-01	2.022131e+00	7.932702e+03	5.641589e+11	2.498520e+01	-2.985193e+08	5.000000e+03	1
5.879397e-01	8.982026e-01	2.048433e+00	7.890084e+03	5.545436e+11	2.488043e+01	-2.972885e+08	5.000000e+03	1
5.929648e-01	9.058795e-01	2.075043e+00	7.847537e+03	5.450190e+11	2.477931e+01	-2.960629e+08	5.000000e+03	1
5.979899e-01	9.135565e-01	2.101970e+00	7.805056e+03	5.355862e+11	2.468180e+01	-2.948423e+08	5.000000e+03	1
6.030151e-01	9.212334e-01	2.129187e+00	7.762629e+03	5.262362e+11	2.458750e+01	-2.936265e+08	5.000000e+03	1
6.080402e-01	9.289103e-01	2.156735e+00	7.720256e+03	5.169785e+11	2.449667e+01	-2.924154e+08	5.000000e+03	1
6.130653e-01	9.365873e-01	2.184564e+00	7.677923e+03	5.077982e+11	2.440871e+01	-2.912088e+08	5.000000e+03	1
6.180905e-01	9.442642e-01	2.212722e+00	7.635630e+03	4.987073e+11	2.432398e+01	-2.900066e+08	5.000000e+03	1
6.231156e-01	9.519412e-01	2.241165e+00	7.593366e+03	4.896926e+11	2.424192e+01	-2.888085e+08	5.000000e+03	1
6.281407e-01	9.596181e-01	2.269920e+00	7.551127e+03	4.807604e+11	2.416271e+01	-2.876146e+08	5.000000e+03	1
6.331658e-01	9.672951e-01	2.298973e+00	7.508905e+03	4.719056e+11	2.408608e+01	-2.864245e+08	5.000000e+03	1
6.381910e-01	9.749720e-01	2.328320e+00	7.466695e+03	4.631269e+11	2.401195e+01	-2.852383e+08	5.000000e+03	1
6.432161e-01	9.826490e-01	2.357976e+00	7.424491e+03	4.544268e+11	2.394031e+01	-2.840558e+08	5.000000e+03	1
6.482412e-01	9.903259e-01	2.387910e+00	7.382287e+03	4.457969e+11	2.387085e+01	-2.828768e+08	5.000000e+03	1
6.532663e-01	9.980028e-01	2.418163e+00	7.340077e+03	4.372467e+11	2.380378e+01	-2.817013e+08	5.000000e+03	1
6.582915e-01	1.005680e+00	2.448685e+00	7.297857e+03	4.287634e+11	2.373867e+01	-2.805291e+08	5.000000e+03	1
6.633166e-01	1.013357e+00	2.479519e+00	7.255618e+03	4.203568e+11	2.367574e+01	-2.793602e+08	5.000000e+03	1
6.683417e-01	1.021034e+00	2.510627e+00	7.213357e+03	4.120173e+11	2.361464e+01	-2.781944e+08	5.000000e+03	1
6.733668e-01	1.028711e+00	2.542029e+00	7.171067e+03	4.037494e+11	2.355546e+01	-2.770317e+08	5.000000e+03	1
6.783920e-01	1.036388e+00	2.573714e+00	7.128743e+03	3.955501e+11	2.349804e+01	-2.758719e+08	5.000000e+03	1
6.834171e-01	1.044065e+00	2.605675e+00	7.086381e+03	3.874175e+11	2.344229e+01	-2.747150e+08	5.000000e+03	1
6.884422e-01	1.051741e+00	2.637929e+00	7.043972e+03	3.793552e+11	2.338823e+01	-2.735609e+08	5.000000e+03	1
6.934673e-01	1.059418e+00	2.670441e+00	7.001516e+03	3.713549e+11	2.333560e+01	-2.724095e+08	5.000000e+03	1
6.984925e-01	1.067095e+00	2.703254e+00	6.959000e+03	3.634266e+11	2.328459e+01	-2.712607e+08	5.000000e+03	1
7.035176e-01	1.074772e+00	2.736316e+00	6.916428e+03	3.555585e+11	2.323488e+01	-2.701145e+08	5.000000e+03	1
7.085427e-01	1.082449e+00	2.769666e+00	6.873785e+03	3.477593e+11	2.318659e+01	-2.689707e+08	5.000000e+03	1
7.135678e-01	1.090126e+00	2.803272e+00	6.831073e+03	3.400215e+11	2.313952e+01	-2.678295e+08	5.000000e+03	1
7.185930e-01	1.097803e+00	2.837146e+00	6.788283e+03	3.323485e+11	2.309368e+01	-2.666905e+08	5.000000e+03	1
7.236181e-01	1.105480e+00	2.871282e+00	6.745410e+03	3.247389e+11	2.304900e+01	-2.655539e+08	5.000000e+03	1
7.286432e-01	1.113157e+00	2.905668e+00	6.702451e+03	3.171902e+11	2.300538e+01	-2.644196e+08	5.000000e+03	1
7.336683e-01	1.120834e+00	2.940322e+00	6.659394e+03	3.097069e+11	2.296285e+01	-2.632874e+08	5.000000e+03	1
7.386935e-01	1.128511e+00	2.975207e+00	6.616246e+03	3.022807e+11	2.292122e+01	-2.621574e+08	5.000000e+03	1
7.437186e-01	1.136188e+00	3.010365e+00	6.572983e+03	2.949222e+11	2.288060e+01	-2.610294e+08	5.000000e+03	1
7.487437e-01	1.143865e+00	3.045747e+00	6.529618e+03	2.876199e+11	2.284079e+01	-2.599036e+08	5.000000e+03	1
7.537688e-01	1.151542e+00	3.081384e+00	6.486131e+03	2.803820e+11	2.280185e+01	-2.587797e+08	5.000000e+03	1
7.587940e-01	1.159219e+00	3.117248e+00	6.442526e+03	2.732025e+11	2.276364e+01	-2.576578e+08	5.000000e+03	1
7.638191e-01	1.166896e+00	3.153348e+00	6.398791e+03	2.660838e+11	2.272617e+01	-2.565378e+08	5.000000e+03	1
7.688442e-01	1.174573e+00	3.189678e+00	6.354921e+03	2.590260e+11	2.268938e+01	-2.554198e+08	5.000000e+03	1
7.738693e-01	1.182250e+00	3.226225e+00	6.310917e+03	2.520258e+11	2.265319e+01	-2.543036e+08	5.000000e+03	1
7.788945e-01	1.189926e+00	3.263004e+00	6.266757e+03	2.450889e+11	2.261762e+01	-2.531892e+08	5.000000e+03	1
7.839196e-01	1.197603e+00	3.299982e+00	6.222457e+03	2.382067e+11	2.258255e+01	-2.520767e+08	5.000000e+03	1
7.889447e-01	1.205280e+00	3.337191e+00	6.177982e+03	2.313896e+11	2.254802e+01	-2.509659e+08	5.000000e+03	1
7.939698e-01	1.212957e+00	3.374591e+00	6.133353e+03	2.246274e+11	2.251390e+01	-2.498569e+08	5.000000e+03	1
7.989950e-01	1.220634e+00	3.412202e+00	6.088542e+03	2.179273e+11	2.248023e+01	-2.487496e+08	5.000000e+03	1
8.040201e-01	1.228311e+00	3.450003e+00	6.043556e+03	2.112847e+11	2.244691e+01	-2.476440e+08	5.000000e+03	1
8.090452e-01	1.235988e+00	3.487996e+00	5.998382e+03	2.047012e+11	2.241393e+01	-2.465402e+08	5.000000e+03	1
8.140704e-01	1.243665e+00	3.526178e+00	5.953008e+03	1.981780e+11	2.238124e+01	-2.454380e+08	5.000000e+03	1
8.190955e-01	1.251342e+00	3.564532e+00	5.907440e+03	1.917110e+11	2.234880e+01	-2.443374e+08	5.000000e+03	1
8.241206e-01	1.259019e+00	3.603073e+00	5.861646e+03	1.853072e+11	2.231660e+01	-2.432385e+08	5.000000e+03	1
8.291457e-01	1.266696e+00	3.641768e+00	5.815650e+03	1.789577e+11	2.228456e+01	-2.421413e+08	5.000000e+03	1
8.341709e-01	1.274373e+00	3.680640e+00	5.769404e+03	1.726725e+11	2.225268e+01	-2.410457e+08	5.000000e+03	1
8.391960e-01	1.282050e+00	3.719658e+00	5.722936e+03	1.664426e+11	2.222091e+01	-2.399517e+08	5.000000e+03	1
8.442211e-01	1.289727e+00	3.758832e+00	5.676209e+03	1.602744e+11	2.218921e+01	-2.388594e+08	5.000000e+03	1
8.492462e-01	1.297404e+00	3.798146e+00	5.629229e+03	1.541646e+11	2.215755e+01	-2.377686e+08	5.000000e+03	1
8.542714e-01	1.305081e+00	3.837595e+00	5.581983e+03	1.481138e+11	2.212590e+01	-2.366795e+08	5.000000e+03	1
8.592965e-01	1.312758e+00	3.877178e+00	5.534448e+03	1.421245e+11	2.209422e+01	-2.355920e+08	5.000000e+03	1
8.643216e-01	1.320435e+00	3.916876e+00	5.486637e+03	1.361918e+11	2.206248e+01	-2.345061e+08	5.000000e+03	1
8.693467e-01	1.328111e+00	3.956698e+00	5.438499e+03	1.303238e+11	2.203064e+01	-2.334218e+08	5.000000e+03	1
8.743719e-01	1.335788e+00	3.996618e+00	5.390070e+03	1.245112e+11	2.199869e+01	-2.323392e+08	5.000000e+03	1
8.793970e-01	1.343465e+00	4.036645e+00	5.341284e+03	1.187639e+11	2.196656e+01	-2.312581e+08	5.000000e+03	1
8.844221e-01	1.351142e+00	4.076757e+00	5.292171e+03	1.130739e+11	2.193425e+01	-2.301788e+08	5.000000e+03	1
8.894472e-01	1.358819e+00	4.116954e+00	5.242687e+03	1.074469e+11	2.190171e+01	-2.291010e+08	5.000000e+03	1
8.944724e-01	1.366496e+00	4.157224e+00	5.192828e+03	1.018806e+11	2.186892e+01	-2.280249e+08	5.000000e+03	1
8.994975e-01	1.374173e+00	4.197557e+00	5.142581e+03	9.637506e+10	2.183584e+01	-2.269506e+08	5.000000e+03	1
9.045226e-01	1.381850e+00	4.237947e+00	5.091904e+03	9.093385e+10	2.180242e+01	-2.258779e+08	5.000000e+03	1
9.095477e-01	1.389527e+00	4.278379e+00	5.040820e+03	8.555104e+10	2.176867e+01	-2.248068e+08	5.000000e+03	1
9.145729e-01	1.397204e+00	4.318850e+00	4.989242e+03	8.023639e+10	2.173450e+01	-2.237376e+08	5.000000e+03	1
9.195980e-01	1.404881e+00	4.359342e+00	4.937222e+03	7.497987e+10	2.169994e+01	-2.226700e+08	5.000000e+03	1
9.246231e-01	1.412558e+00	4.399850e+00	4.884662e+03	6.979153e+10	2.166489e+01	-2.216042e+08	5.000000e+03	1
9.296482e-01	1.420235e+00	4.440360e+00	4.831595e+03	6.466420e+10	2.162938e+01	-2.205402e+08	5.000000e+03	1
9.346734e-01	1.427912e+00	4.480860e+00	4.777953e+03	5.960301e+10	2.159332e+01	-2.194780e+08	5.000000e+03	1
9.396985e-01	1.435589e+00	4.521338e+00	4.723715e+03	5.460694e+10	2.155671e+01	-2.184177e+08	5.000000e+03	1
9.447236e-01	1.443266e+00	4.561783e+00	4.668863e+03	4.967505e+10	2.151951e+01	-2.173592e+08	5.000000e+03	1
9.497487e-01	1.450943e+00	4.602178e+00	4.613307e+03	4.481265e+10	2.148165e+01	-2.163026e+08	5.000000e+03	1
9.547739e-01	1.458620e+00	4.642515e+00	4.557090e+03	4.001248e+10	2.144317e+01	-2.152479e+08	5.000000e+03	1
9.597990e-01	1.466296e+00	4.682769e+00	4.500037e+03	3.528647e+10	2.140390e+01	-2.141952e+08	5.000000e+03	1
9.648241e-01	1.473973e+00	4.722938e+00	4.442231e+03	3.062355e+10	2.136394e+01	-2.131444e+08	5.000000e+03	1
9.698492e-01	1.481650e+00	4.762992e+00	4.383490e+03	2.603436e+10	2.132313e+01	-2.120958e+08	5.000000e+03	1
9.748744e-01	1.489327e+00	4.802925e+00	4.323836e+03	2.151261e+10	2.128152e+01	-2.110491e+08	5.000000e+03	1
9.798995e-01	1.497004e+00	4.842712e+00	4.263139e+03	1.706318e+10	2.123899e+01	-2.100046e+08	5.000000e+03	1
9.849246e-01	1.504681e+00	4.882335e+00	4.201311e+03	1.268657e+10	2.119552e+01	-2.089622e+08	5.000000e+03	1
9.899497e-01	1.512358e+00	4.921780e+00	4.138298e+03	8.381004e+09	2.115109e+01	-2.079221e+08	5.000000e+03	1
9.949749e-01	1.520035e+00	4.961007e+00	4.073514e+03	4.154285e+09	2.110554e+01	-2.068842e+08	5.000000e+03	1
1.000000e+00	1.527712e+00	5.000000e+00	4.000000e+03	0.000000e+00	2.105887e+01	-2.058486e+08	3.000000e+02	1
