#R=1.5928433104454465
#interptype='linear'
#name='planet'
#norm={'P': 1000000000000.0, 'R': 1.5928433104454465, 'M': 2.0, 'g': 7.748756917050863, 'rho': 1000.0}
#state=1
#composition
#layer0		Fe08FeS02		0.100000
#layer1		pv_fmw		0.900000
#layer2		ice_VII		0.500000
#Cols=
 #'ur		r		mr		rho		P		g		phi		T		composition'
#-end-
0.000000e+00	0.000000e+00	1.655644e-11	1.265587e+04	4.125538e+11	0.000000e+00	-1.608736e+08	5.000000e+03	0
5.025126e-03	8.004238e-03	1.365884e-06	1.265605e+04	4.125820e+11	5.874774e-02	-1.608690e+08	5.000000e+03	0
1.005025e-02	1.600848e-02	9.954551e-06	1.265542e+04	4.124862e+11	2.375698e-01	-1.608552e+08	5.000000e+03	0
1.507538e-02	2.401271e-02	3.233962e-05	1.265403e+04	4.122764e+11	4.182498e-01	-1.608322e+08	5.000000e+03	0
2.010050e-02	3.201695e-02	7.509103e-05	1.265188e+04	4.119525e+11	5.989559e-01	-1.608000e+08	5.000000e+03	0
2.512563e-02	4.002119e-02	1.474815e-04	1.264892e+04	4.115061e+11	7.796018e-01	-1.607587e+08	5.000000e+03	0
3.015075e-02	4.802543e-02	2.547741e-04	1.264520e+04	4.109455e+11	9.601631e-01	-1.607082e+08	5.000000e+03	0
3.517588e-02	5.602966e-02	4.033740e-04	1.264073e+04	4.102712e+11	1.140620e+00	-1.606485e+08	5.000000e+03	0
4.020101e-02	6.403390e-02	5.998116e-04	1.263550e+04	4.094836e+11	1.320953e+00	-1.605795e+08	5.000000e+03	0
4.522613e-02	7.203814e-02	8.550888e-04	1.262945e+04	4.085747e+11	1.501133e+00	-1.605015e+08	5.000000e+03	0
5.025126e-02	8.004238e-02	1.173031e-03	1.262265e+04	4.075518e+11	1.681146e+00	-1.604143e+08	5.000000e+03	0
5.527638e-02	8.804662e-02	1.559562e-03	1.261508e+04	4.064163e+11	1.860977e+00	-1.603179e+08	5.000000e+03	0
6.030151e-02	9.605085e-02	2.021136e-03	1.260676e+04	4.051686e+11	2.040607e+00	-1.602120e+08	5.000000e+03	0
6.532663e-02	1.040551e-01	2.570147e-03	1.259763e+04	4.038015e+11	2.220000e+00	-1.600978e+08	5.000000e+03	0
7.035176e-02	1.120593e-01	3.209503e-03	1.258773e+04	4.023212e+11	2.399148e+00	-1.599741e+08	5.000000e+03	0
7.537688e-02	1.200636e-01	3.944340e-03	1.257707e+04	4.007299e+11	2.578036e+00	-1.598414e+08	5.000000e+03	0
8.040201e-02	1.280678e-01	4.780994e-03	1.256565e+04	3.990279e+11	2.756644e+00	-1.596993e+08	5.000000e+03	0
8.542714e-02	1.360720e-01	5.732914e-03	1.255343e+04	3.972090e+11	2.934935e+00	-1.595483e+08	5.000000e+03	0
9.045226e-02	1.440763e-01	6.802605e-03	1.254042e+04	3.952783e+11	3.112900e+00	-1.593885e+08	5.000000e+03	0
9.547739e-02	1.520805e-01	7.994115e-03	1.252666e+04	3.932386e+11	3.290526e+00	-1.592193e+08	5.000000e+03	0
1.005025e-01	1.600848e-01	9.313623e-03	1.251213e+04	3.910904e+11	3.467795e+00	-1.590412e+08	5.000000e+03	0
1.055276e-01	1.680890e-01	1.077529e-02	1.249680e+04	3.888282e+11	3.644665e+00	-1.588540e+08	5.000000e+03	0
1.105528e-01	1.760932e-01	1.238173e-02	1.248068e+04	3.864563e+11	3.821128e+00	-1.586574e+08	5.000000e+03	0
1.155779e-01	1.840975e-01	1.413560e-02	1.246379e+04	3.839778e+11	3.997173e+00	-1.584528e+08	5.000000e+03	0
1.206030e-01	1.921017e-01	1.604290e-02	1.244614e+04	3.813935e+11	4.172782e+00	-1.582388e+08	5.000000e+03	0
1.256281e-01	2.001059e-01	1.811816e-02	1.242768e+04	3.786988e+11	4.347912e+00	-1.580159e+08	5.000000e+03	0
1.306533e-01	2.081102e-01	2.036456e-02	1.240843e+04	3.758967e+11	4.522551e+00	-1.577841e+08	5.000000e+03	0
1.356784e-01	2.161144e-01	2.278315e-02	1.238841e+04	3.729912e+11	4.696694e+00	-1.575433e+08	5.000000e+03	0
1.407035e-01	2.241187e-01	2.537965e-02	1.236762e+04	3.699831e+11	4.870322e+00	-1.572939e+08	5.000000e+03	0
1.457286e-01	2.321229e-01	2.816865e-02	1.234602e+04	3.668686e+11	5.043390e+00	-1.570356e+08	5.000000e+03	0
1.507538e-01	2.401271e-01	3.115439e-02	1.232362e+04	3.636497e+11	5.215882e+00	-1.567685e+08	5.000000e+03	0
1.557789e-01	2.481314e-01	3.433599e-02	1.230044e+04	3.603310e+11	5.387799e+00	-1.564926e+08	5.000000e+03	0
1.608040e-01	2.561356e-01	3.771892e-02	1.227648e+04	3.569135e+11	5.559120e+00	-1.562081e+08	5.000000e+03	0
1.658291e-01	2.641398e-01	4.131745e-02	1.225171e+04	3.533939e+11	5.729802e+00	-1.559148e+08	5.000000e+03	0
1.708543e-01	2.721441e-01	4.513733e-02	1.222613e+04	3.497737e+11	5.899821e+00	-1.556129e+08	5.000000e+03	0
1.758794e-01	2.801483e-01	4.917553e-02	1.219976e+04	3.460577e+11	6.069184e+00	-1.553023e+08	5.000000e+03	0
1.809045e-01	2.881526e-01	5.343719e-02	1.217262e+04	3.422471e+11	6.237872e+00	-1.549831e+08	5.000000e+03	0
1.859296e-01	2.961568e-01	5.793598e-02	1.214465e+04	3.383394e+11	6.405839e+00	-1.546554e+08	5.000000e+03	0
1.909548e-01	3.041610e-01	6.267954e-02	1.211586e+04	3.343352e+11	6.573056e+00	-1.543192e+08	5.000000e+03	0
1.959799e-01	3.121653e-01	6.766246e-02	1.208628e+04	3.302399e+11	6.739535e+00	-1.539745e+08	5.000000e+03	0
2.010050e-01	3.201695e-01	7.288954e-02	1.205590e+04	3.260545e+11	6.905258e+00	-1.536214e+08	5.000000e+03	0
2.060302e-01	3.281737e-01	7.837353e-02	1.202470e+04	3.217776e+11	7.070178e+00	-1.532575e+08	5.000000e+03	0
2.110553e-01	3.361780e-01	8.412431e-02	1.199266e+04	3.174089e+11	7.234258e+00	-1.528899e+08	5.000000e+03	0
2.160804e-01	3.441822e-01	9.013393e-02	1.195982e+04	3.129541e+11	7.397519e+00	-1.525118e+08	5.000000e+03	0
2.211055e-01	3.521865e-01	9.640676e-02	1.192618e+04	3.084144e+11	7.559939e+00	-1.521252e+08	5.000000e+03	0
2.261307e-01	3.601907e-01	1.029544e-01	1.189170e+04	3.037891e+11	7.721475e+00	-1.517304e+08	5.000000e+03	0
2.311558e-01	3.681949e-01	1.097892e-01	1.185637e+04	2.990772e+11	7.882080e+00	-1.513276e+08	5.000000e+03	0
2.361809e-01	3.761992e-01	1.169005e-01	1.182023e+04	2.942847e+11	8.041781e+00	-1.509165e+08	5.000000e+03	0
2.412060e-01	3.842034e-01	1.242923e-01	1.178326e+04	2.894131e+11	8.200557e+00	-1.504973e+08	5.000000e+03	0
2.462312e-01	3.922076e-01	1.319746e-01	1.174546e+04	2.844621e+11	8.358367e+00	-1.500701e+08	5.000000e+03	0
2.512563e-01	4.002119e-01	1.399627e-01	1.170678e+04	2.794304e+11	8.515151e+00	-1.496350e+08	5.000000e+03	0
2.562814e-01	4.082161e-01	1.482431e-01	1.166727e+04	2.743241e+11	8.670944e+00	-1.491918e+08	5.000000e+03	0
2.613065e-01	4.162204e-01	1.568191e-01	1.162693e+04	2.691448e+11	8.825726e+00	-1.487408e+08	5.000000e+03	0
2.663317e-01	4.242246e-01	1.656992e-01	1.158573e+04	2.638928e+11	8.979459e+00	-1.482820e+08	5.000000e+03	0
2.713568e-01	4.322288e-01	1.749015e-01	1.154364e+04	2.585664e+11	9.132068e+00	-1.478153e+08	5.000000e+03	0
2.763819e-01	4.402331e-01	1.844096e-01	1.150070e+04	2.531720e+11	9.283599e+00	-1.473409e+08	5.000000e+03	0
2.814070e-01	4.482373e-01	1.942263e-01	1.145690e+04	2.477111e+11	9.434030e+00	-1.468589e+08	5.000000e+03	0
2.864322e-01	4.562416e-01	2.018812e-01	6.560437e+03	2.435398e+11	9.466436e+00	-1.463696e+08	5.000000e+03	0
2.914573e-01	4.642458e-01	2.077393e-01	6.364011e+03	2.404826e+11	9.408611e+00	-1.458808e+08	5.000000e+03	1
2.964824e-01	4.722500e-01	2.137812e-01	6.345061e+03	2.374516e+11	9.357355e+00	-1.453948e+08	5.000000e+03	1
3.015075e-01	4.802543e-01	2.200089e-01	6.326167e+03	2.344446e+11	9.312231e+00	-1.449114e+08	5.000000e+03	1
3.065327e-01	4.882585e-01	2.264260e-01	6.307319e+03	2.314599e+11	9.272869e+00	-1.444303e+08	5.000000e+03	1
3.115578e-01	4.962627e-01	2.330478e-01	6.288508e+03	2.284968e+11	9.239221e+00	-1.439512e+08	5.000000e+03	1
3.165829e-01	5.042670e-01	2.398624e-01	6.269720e+03	2.255522e+11	9.210517e+00	-1.434738e+08	5.000000e+03	1
3.216080e-01	5.122712e-01	2.468717e-01	6.250945e+03	2.226244e+11	9.186442e+00	-1.429979e+08	5.000000e+03	1
3.266332e-01	5.202755e-01	2.540781e-01	6.232174e+03	2.197121e+11	9.166709e+00	-1.425221e+08	5.000000e+03	1
3.316583e-01	5.282797e-01	2.614995e-01	6.213399e+03	2.168149e+11	9.151337e+00	-1.420495e+08	5.000000e+03	1
3.366834e-01	5.362839e-01	2.691220e-01	6.194611e+03	2.139305e+11	9.139728e+00	-1.415766e+08	5.000000e+03	1
3.417085e-01	5.442882e-01	2.769476e-01	6.175801e+03	2.110576e+11	9.131651e+00	-1.411043e+08	5.000000e+03	1
3.467337e-01	5.522924e-01	2.849780e-01	6.156964e+03	2.081953e+11	9.126887e+00	-1.406325e+08	5.000000e+03	1
3.517588e-01	5.602966e-01	2.932315e-01	6.138089e+03	2.053432e+11	9.125458e+00	-1.401609e+08	5.000000e+03	1
3.567839e-01	5.683009e-01	3.016946e-01	6.119171e+03	2.024998e+11	9.126927e+00	-1.396894e+08	5.000000e+03	1
3.618090e-01	5.763051e-01	3.103683e-01	6.100205e+03	1.996641e+11	9.131108e+00	-1.392179e+08	5.000000e+03	1
3.668342e-01	5.843094e-01	3.192542e-01	6.081185e+03	1.968354e+11	9.137837e+00	-1.387461e+08	5.000000e+03	1
3.718593e-01	5.923136e-01	3.283699e-01	6.062100e+03	1.940134e+11	9.147123e+00	-1.382741e+08	5.000000e+03	1
3.768844e-01	6.003178e-01	3.377033e-01	6.042949e+03	1.911970e+11	9.158652e+00	-1.378016e+08	5.000000e+03	1
3.819095e-01	6.083221e-01	3.472540e-01	6.023727e+03	1.883856e+11	9.172271e+00	-1.373284e+08	5.000000e+03	1
3.869347e-01	6.163263e-01	3.570238e-01	6.004429e+03	1.855786e+11	9.187854e+00	-1.368548e+08	5.000000e+03	1
3.919598e-01	6.243305e-01	3.670291e-01	5.985044e+03	1.827758e+11	9.205398e+00	-1.363803e+08	5.000000e+03	1
3.969849e-01	6.323348e-01	3.772594e-01	5.965572e+03	1.799764e+11	9.224680e+00	-1.359050e+08	5.000000e+03	1
4.020101e-01	6.403390e-01	3.877133e-01	5.946011e+03	1.771800e+11	9.245571e+00	-1.354287e+08	5.000000e+03	1
4.070352e-01	6.483433e-01	3.983919e-01	5.926355e+03	1.743863e+11	9.267972e+00	-1.349513e+08	5.000000e+03	1
4.120603e-01	6.563475e-01	4.093110e-01	5.906594e+03	1.715949e+11	9.291873e+00	-1.344728e+08	5.000000e+03	1
4.170854e-01	6.643517e-01	4.204618e-01	5.886729e+03	1.688056e+11	9.317113e+00	-1.339932e+08	5.000000e+03	1
4.221106e-01	6.723560e-01	4.318414e-01	5.866757e+03	1.660179e+11	9.343584e+00	-1.335123e+08	5.000000e+03	1
4.271357e-01	6.803602e-01	4.434507e-01	5.846675e+03	1.632316e+11	9.371207e+00	-1.330301e+08	5.000000e+03	1
4.321608e-01	6.883644e-01	4.553046e-01	5.826473e+03	1.604465e+11	9.399967e+00	-1.325465e+08	5.000000e+03	1
4.371859e-01	6.963687e-01	4.673959e-01	5.806150e+03	1.576625e+11	9.429747e+00	-1.320615e+08	5.000000e+03	1
4.422111e-01	7.043729e-01	4.797203e-01	5.785707e+03	1.548793e+11	9.460457e+00	-1.315749e+08	5.000000e+03	1
4.472362e-01	7.123772e-01	4.922786e-01	5.765139e+03	1.520968e+11	9.492033e+00	-1.310869e+08	5.000000e+03	1
4.522613e-01	7.203814e-01	5.050844e-01	5.744437e+03	1.493149e+11	9.524454e+00	-1.305973e+08	5.000000e+03	1
4.572864e-01	7.283856e-01	5.181326e-01	5.723601e+03	1.465335e+11	9.557637e+00	-1.301060e+08	5.000000e+03	1
4.623116e-01	7.363899e-01	5.314173e-01	5.702630e+03	1.437524e+11	9.591505e+00	-1.296131e+08	5.000000e+03	1
4.673367e-01	7.443941e-01	5.449392e-01	5.681523e+03	1.409717e+11	9.626007e+00	-1.291186e+08	5.000000e+03	1
4.723618e-01	7.523983e-01	5.587104e-01	5.660269e+03	1.381914e+11	9.661119e+00	-1.286222e+08	5.000000e+03	1
4.773869e-01	7.604026e-01	5.727280e-01	5.638867e+03	1.354113e+11	9.696779e+00	-1.281242e+08	5.000000e+03	1
4.824121e-01	7.684068e-01	5.869845e-01	5.617318e+03	1.326315e+11	9.732924e+00	-1.276243e+08	5.000000e+03	1
4.874372e-01	7.764111e-01	6.014804e-01	5.595621e+03	1.298520e+11	9.769510e+00	-1.271227e+08	5.000000e+03	1
4.924623e-01	7.844153e-01	6.162265e-01	5.573765e+03	1.270729e+11	9.806513e+00	-1.266189e+08	5.000000e+03	1
4.974874e-01	7.924195e-01	6.312218e-01	5.551749e+03	1.242941e+11	9.843886e+00	-1.261138e+08	5.000000e+03	1
5.025126e-01	8.004238e-01	6.464575e-01	5.529574e+03	1.215159e+11	9.881576e+00	-1.256066e+08	5.000000e+03	1
5.075377e-01	8.084280e-01	6.619336e-01	5.507239e+03	1.187381e+11	9.919548e+00	-1.250975e+08	5.000000e+03	1
5.125628e-01	8.164322e-01	6.776596e-01	5.484734e+03	1.159610e+11	9.957775e+00	-1.245865e+08	5.000000e+03	1
5.175879e-01	8.244365e-01	6.936367e-01	5.462055e+03	1.131847e+11	9.996220e+00	-1.240736e+08	5.000000e+03	1
5.226131e-01	8.324407e-01	7.098544e-01	5.439207e+03	1.104092e+11	1.003484e+01	-1.235588e+08	5.000000e+03	1
5.276382e-01	8.404450e-01	7.263126e-01	5.416187e+03	1.076348e+11	1.007361e+01	-1.230420e+08	5.000000e+03	1
5.326633e-01	8.484492e-01	7.430190e-01	5.392986e+03	1.048614e+11	1.011249e+01	-1.225233e+08	5.000000e+03	1
5.376884e-01	8.564534e-01	7.599771e-01	5.369598e+03	1.020894e+11	1.015147e+01	-1.220027e+08	5.000000e+03	1
5.427136e-01	8.644577e-01	7.771749e-01	5.346028e+03	9.931886e+10	1.019050e+01	-1.214801e+08	5.000000e+03	1
5.477387e-01	8.724619e-01	7.946119e-01	5.322275e+03	9.654992e+10	1.022955e+01	-1.209555e+08	5.000000e+03	1
5.527638e-01	8.804662e-01	8.122944e-01	5.298329e+03	9.378282e+10	1.026861e+01	-1.204290e+08	5.000000e+03	1
5.577889e-01	8.884704e-01	8.302278e-01	5.274182e+03	9.101783e+10	1.030764e+01	-1.199006e+08	5.000000e+03	1
5.628141e-01	8.964746e-01	8.483986e-01	5.249841e+03	8.825504e+10	1.034662e+01	-1.193701e+08	5.000000e+03	1
5.678392e-01	9.044789e-01	8.668061e-01	5.225303e+03	8.549467e+10	1.038553e+01	-1.188378e+08	5.000000e+03	1
5.728643e-01	9.124831e-01	8.854550e-01	5.200561e+03	8.273698e+10	1.042434e+01	-1.183034e+08	5.000000e+03	1
5.778894e-01	9.204873e-01	9.043525e-01	5.175602e+03	7.998233e+10	1.046302e+01	-1.177672e+08	5.000000e+03	1
5.829146e-01	9.284916e-01	9.234838e-01	5.150436e+03	7.723080e+10	1.050156e+01	-1.172290e+08	5.000000e+03	1
5.879397e-01	9.364958e-01	9.428479e-01	5.125060e+03	7.448262e+10	1.053993e+01	-1.166889e+08	5.000000e+03	1
5.929648e-01	9.445001e-01	9.624478e-01	5.099465e+03	7.173810e+10	1.057811e+01	-1.161469e+08	5.000000e+03	1
5.979899e-01	9.525043e-01	9.822924e-01	5.073637e+03	6.899772e+10	1.061607e+01	-1.156030e+08	5.000000e+03	1
6.030151e-01	9.605085e-01	9.995073e-01	3.797626e+03	6.664948e+10	1.062350e+01	-1.150571e+08	5.000000e+03	1
6.080402e-01	9.685128e-01	1.008673e+00	2.268639e+03	6.542610e+10	1.054475e+01	-1.145123e+08	5.000000e+03	2
6.130653e-01	9.765170e-01	1.017952e+00	2.258555e+03	6.421669e+10	1.046830e+01	-1.139714e+08	5.000000e+03	2
6.180905e-01	9.845212e-01	1.027348e+00	2.248546e+03	6.302194e+10	1.039417e+01	-1.134345e+08	5.000000e+03	2
6.231156e-01	9.925255e-01	1.036853e+00	2.238603e+03	6.184054e+10	1.032214e+01	-1.129013e+08	5.000000e+03	2
6.281407e-01	1.000530e+00	1.046468e+00	2.228725e+03	6.067216e+10	1.025213e+01	-1.123719e+08	5.000000e+03	2
6.331658e-01	1.008534e+00	1.056193e+00	2.218911e+03	5.951659e+10	1.018411e+01	-1.118460e+08	5.000000e+03	2
6.381910e-01	1.016538e+00	1.066037e+00	2.209162e+03	5.837431e+10	1.011812e+01	-1.113236e+08	5.000000e+03	2
6.432161e-01	1.024542e+00	1.075991e+00	2.199471e+03	5.724408e+10	1.005396e+01	-1.108046e+08	5.000000e+03	2
6.482412e-01	1.032547e+00	1.086055e+00	2.189837e+03	5.612562e+10	9.991573e+00	-1.102889e+08	5.000000e+03	2
6.532663e-01	1.040551e+00	1.096229e+00	2.180259e+03	5.501872e+10	9.930907e+00	-1.097764e+08	5.000000e+03	2
6.582915e-01	1.048555e+00	1.106523e+00	2.170737e+03	5.392391e+10	9.872029e+00	-1.092670e+08	5.000000e+03	2
6.633166e-01	1.056559e+00	1.116927e+00	2.161268e+03	5.284005e+10	9.814753e+00	-1.087606e+08	5.000000e+03	2
6.683417e-01	1.064564e+00	1.127441e+00	2.151847e+03	5.176690e+10	9.759029e+00	-1.082572e+08	5.000000e+03	2
6.733668e-01	1.072568e+00	1.138067e+00	2.142475e+03	5.070422e+10	9.704809e+00	-1.077566e+08	5.000000e+03	2
6.783920e-01	1.080572e+00	1.148811e+00	2.133154e+03	4.965258e+10	9.652160e+00	-1.072588e+08	5.000000e+03	2
6.834171e-01	1.088576e+00	1.159667e+00	2.123877e+03	4.861095e+10	9.600918e+00	-1.067637e+08	5.000000e+03	2
6.884422e-01	1.096581e+00	1.170633e+00	2.114644e+03	4.757910e+10	9.551039e+00	-1.062711e+08	5.000000e+03	2
6.934673e-01	1.104585e+00	1.181710e+00	2.105452e+03	4.655683e+10	9.502482e+00	-1.057814e+08	5.000000e+03	2
6.984925e-01	1.112589e+00	1.192906e+00	2.096305e+03	4.554462e+10	9.455298e+00	-1.052940e+08	5.000000e+03	2
7.035176e-01	1.120593e+00	1.204213e+00	2.087197e+03	4.454164e+10	9.409359e+00	-1.048090e+08	5.000000e+03	2
7.085427e-01	1.128598e+00	1.215631e+00	2.078126e+03	4.354764e+10	9.364619e+00	-1.043264e+08	5.000000e+03	2
7.135678e-01	1.136602e+00	1.227160e+00	2.069092e+03	4.256243e+10	9.321042e+00	-1.038462e+08	5.000000e+03	2
7.185930e-01	1.144606e+00	1.238806e+00	2.060096e+03	4.158646e+10	9.278670e+00	-1.033680e+08	5.000000e+03	2
7.236181e-01	1.152610e+00	1.250565e+00	2.051135e+03	4.061902e+10	9.237400e+00	-1.028921e+08	5.000000e+03	2
7.286432e-01	1.160614e+00	1.262434e+00	2.042206e+03	3.965986e+10	9.197186e+00	-1.024183e+08	5.000000e+03	2
7.336683e-01	1.168619e+00	1.274413e+00	2.033309e+03	3.870884e+10	9.157997e+00	-1.019467e+08	5.000000e+03	2
7.386935e-01	1.176623e+00	1.286509e+00	2.024444e+03	3.776630e+10	9.119867e+00	-1.014770e+08	5.000000e+03	2
7.437186e-01	1.184627e+00	1.298717e+00	2.015609e+03	3.683171e+10	9.082713e+00	-1.010095e+08	5.000000e+03	2
7.487437e-01	1.192631e+00	1.311035e+00	2.006803e+03	3.590480e+10	9.046492e+00	-1.005435e+08	5.000000e+03	2
7.537688e-01	1.200636e+00	1.323462e+00	1.998023e+03	3.498543e+10	9.011176e+00	-1.000796e+08	5.000000e+03	2
7.587940e-01	1.208640e+00	1.336006e+00	1.989271e+03	3.407392e+10	8.976790e+00	-9.961750e+07	5.000000e+03	2
7.638191e-01	1.216644e+00	1.348661e+00	1.980545e+03	3.316984e+10	8.943271e+00	-9.915709e+07	5.000000e+03	2
7.688442e-01	1.224648e+00	1.361426e+00	1.971843e+03	3.227290e+10	8.910575e+00	-9.869858e+07	5.000000e+03	2
7.738693e-01	1.232653e+00	1.374299e+00	1.963164e+03	3.138301e+10	8.878680e+00	-9.824166e+07	5.000000e+03	2
7.788945e-01	1.240657e+00	1.387287e+00	1.954508e+03	3.050041e+10	8.847602e+00	-9.778640e+07	5.000000e+03	2
7.839196e-01	1.248661e+00	1.400386e+00	1.945875e+03	2.962479e+10	8.817295e+00	-9.733274e+07	5.000000e+03	2
7.889447e-01	1.256665e+00	1.413594e+00	1.937261e+03	2.875586e+10	8.787715e+00	-9.688064e+07	5.000000e+03	2
7.939698e-01	1.264670e+00	1.426909e+00	1.928667e+03	2.789353e+10	8.758843e+00	-9.643008e+07	5.000000e+03	2
7.989950e-01	1.272674e+00	1.440337e+00	1.920092e+03	2.703801e+10	8.730690e+00	-9.598101e+07	5.000000e+03	2
8.040201e-01	1.280678e+00	1.453876e+00	1.911535e+03	2.618908e+10	8.703221e+00	-9.553339e+07	5.000000e+03	2
8.090452e-01	1.288682e+00	1.467522e+00	1.902995e+03	2.534644e+10	8.676396e+00	-9.508718e+07	5.000000e+03	2
8.140704e-01	1.296687e+00	1.481275e+00	1.894470e+03	2.451000e+10	8.650196e+00	-9.464237e+07	5.000000e+03	2
8.190955e-01	1.304691e+00	1.495138e+00	1.885962e+03	2.367996e+10	8.624629e+00	-9.419891e+07	5.000000e+03	2
8.241206e-01	1.312695e+00	1.509112e+00	1.877468e+03	2.285617e+10	8.599670e+00	-9.375679e+07	5.000000e+03	2
8.291457e-01	1.320699e+00	1.523191e+00	1.868987e+03	2.203832e+10	8.575279e+00	-9.331595e+07	5.000000e+03	2
8.341709e-01	1.328703e+00	1.537375e+00	1.860519e+03	2.122634e+10	8.551440e+00	-9.287635e+07	5.000000e+03	2
8.391960e-01	1.336708e+00	1.551668e+00	1.852063e+03	2.042039e+10	8.528158e+00	-9.243803e+07	5.000000e+03	2
8.442211e-01	1.344712e+00	1.566069e+00	1.843619e+03	1.962039e+10	8.505415e+00	-9.200090e+07	5.000000e+03	2
8.492462e-01	1.352716e+00	1.580574e+00	1.835185e+03	1.882603e+10	8.483174e+00	-9.156494e+07	5.000000e+03	2
8.542714e-01	1.360720e+00	1.595183e+00	1.826760e+03	1.803725e+10	8.461421e+00	-9.113014e+07	5.000000e+03	2
8.592965e-01	1.368725e+00	1.609898e+00	1.818345e+03	1.725417e+10	8.440156e+00	-9.069647e+07	5.000000e+03	2
8.643216e-01	1.376729e+00	1.624720e+00	1.809937e+03	1.647679e+10	8.419368e+00	-9.026390e+07	5.000000e+03	2
8.693467e-01	1.384733e+00	1.639644e+00	1.801537e+03	1.570478e+10	8.399024e+00	-8.983241e+07	5.000000e+03	2
8.743719e-01	1.392737e+00	1.654670e+00	1.793143e+03	1.493810e+10	8.379108e+00	-8.940198e+07	5.000000e+03	2
8.793970e-01	1.400742e+00	1.669799e+00	1.784755e+03	1.417685e+10	8.359621e+00	-8.897258e+07	5.000000e+03	2
8.844221e-01	1.408746e+00	1.685033e+00	1.776372e+03	1.342107e+10	8.340556e+00	-8.854420e+07	5.000000e+03	2
8.894472e-01	1.416750e+00	1.700301e+00	1.751095e+03	1.267369e+10	8.321556e+00	-8.811675e+07	5.000000e+03	2
8.944724e-01	1.424754e+00	1.715496e+00	1.721695e+03	1.193967e+10	8.302113e+00	-8.769040e+07	5.000000e+03	2
8.994975e-01	1.432759e+00	1.730603e+00	1.692149e+03	1.121988e+10	8.282159e+00	-8.726508e+07	5.000000e+03	2
9.045226e-01	1.440763e+00	1.745611e+00	1.662430e+03	1.051482e+10	8.261668e+00	-8.684081e+07	5.000000e+03	2
9.095477e-01	1.448767e+00	1.760518e+00	1.632525e+03	9.823752e+09	8.240658e+00	-8.641773e+07	5.000000e+03	2
9.145729e-01	1.456771e+00	1.775319e+00	1.602408e+03	9.146738e+09	8.219119e+00	-8.599550e+07	5.000000e+03	2
9.195980e-01	1.464776e+00	1.790003e+00	1.572045e+03	8.484134e+09	8.197029e+00	-8.557458e+07	5.000000e+03	2
9.246231e-01	1.472780e+00	1.804559e+00	1.541389e+03	7.836623e+09	8.174351e+00	-8.515473e+07	5.000000e+03	2
9.296482e-01	1.480784e+00	1.818985e+00	1.510415e+03	7.203429e+09	8.151105e+00	-8.473619e+07	5.000000e+03	2
9.346734e-01	1.488788e+00	1.833272e+00	1.479080e+03	6.584661e+09	8.127274e+00	-8.431882e+07	5.000000e+03	2
9.396985e-01	1.496792e+00	1.847411e+00	1.447324e+03	5.980664e+09	8.102833e+00	-8.390274e+07	5.000000e+03	2
9.447236e-01	1.504797e+00	1.861381e+00	1.415054e+03	5.392359e+09	8.077728e+00	-8.348793e+07	5.000000e+03	2
9.497487e-01	1.512801e+00	1.875183e+00	1.382219e+03	4.818953e+09	8.051977e+00	-8.307444e+07	5.000000e+03	2
9.547739e-01	1.520805e+00	1.888805e+00	1.348728e+03	4.260647e+09	8.025554e+00	-8.266232e+07	5.000000e+03	2
9.597990e-01	1.528809e+00	1.902232e+00	1.314456e+03	3.717837e+09	7.998422e+00	-8.225158e+07	5.000000e+03	2
9.648241e-01	1.536814e+00	1.915435e+00	1.279185e+03	3.191806e+09	7.970499e+00	-8.184211e+07	5.000000e+03	2
9.698492e-01	1.544818e+00	1.928412e+00	1.242770e+03	2.681818e+09	7.941791e+00	-8.143443e+07	5.000000e+03	2
9.748744e-01	1.552822e+00	1.941143e+00	1.204947e+03	2.188314e+09	7.912248e+00	-8.102811e+07	5.000000e+03	2
9.798995e-01	1.560826e+00	1.953605e+00	1.165345e+03	1.711931e+09	7.881803e+00	-8.062334e+07	5.000000e+03	2
9.849246e-01	1.568831e+00	1.965744e+00	1.123195e+03	1.254744e+09	7.850295e+00	-8.022016e+07	5.000000e+03	2
9.899497e-01	1.576835e+00	1.977545e+00	1.077707e+03	8.164820e+08	7.817679e+00	-7.981857e+07	5.000000e+03	2
9.949749e-01	1.584839e+00	1.988957e+00	1.027245e+03	3.986209e+08	7.783792e+00	-7.941888e+07	5.000000e+03	2
1.000000e+00	1.592843e+00	2.000000e+00	1.000000e+03	-2.980232e-08	7.748757e+00	-7.902088e+07	3.000000e+02	2
