#t		Qconv[W]	Ri[Rp]		R*[Rp]		Qc[W]		Qm[W]		Qr[W]		Tcmb[K]		Tl[K]		Tup[K]		RiFlag		Bs[T]
0.000000e+00	2.617117e+14	0.000000e+00	4.830509e-01	3.753325e+15	3.863575e+13	3.634196e+14	2.174362e+04	4.734108e+03	2.902933e+03	0	2.370256e-03
1.000000e+07	2.457347e+14	0.000000e+00	4.830509e-01	3.531310e+15	4.611090e+13	3.614060e+14	2.139253e+04	4.845343e+03	2.971141e+03	0	2.321007e-03
2.000000e+07	2.312551e+14	0.000000e+00	4.830509e-01	3.330010e+15	5.415415e+13	3.594075e+14	2.106172e+04	4.950248e+03	3.035468e+03	0	2.274494e-03
3.000000e+07	2.180841e+14	0.000000e+00	4.830509e-01	3.146819e+15	6.272148e+13	3.574239e+14	2.074933e+04	5.049375e+03	3.096252e+03	0	2.230466e-03
4.000000e+07	2.060621e+14	0.000000e+00	4.830509e-01	2.979533e+15	7.176806e+13	3.554550e+14	2.045374e+04	5.143205e+03	3.153788e+03	0	2.188704e-03
5.000000e+07	1.950539e+14	0.000000e+00	4.830509e-01	2.826284e+15	8.124901e+13	3.535009e+14	2.017353e+04	5.232160e+03	3.208335e+03	0	2.149013e-03
6.000000e+07	1.849436e+14	0.000000e+00	4.830509e-01	2.685472e+15	9.112004e+13	3.515614e+14	1.990743e+04	5.316613e+03	3.260122e+03	0	2.111223e-03
7.000000e+07	1.756322e+14	0.000000e+00	4.830509e-01	2.555727e+15	1.013379e+14	3.496363e+14	1.965433e+04	5.396893e+03	3.309349e+03	0	2.075179e-03
8.000000e+07	1.670339e+14	0.000000e+00	4.830509e-01	2.435866e+15	1.118605e+14	3.477255e+14	1.941321e+04	5.473295e+03	3.356199e+03	0	2.040747e-03
9.000000e+07	1.590747e+14	0.000000e+00	4.830509e-01	2.324862e+15	1.226475e+14	3.458289e+14	1.918319e+04	5.546081e+03	3.400830e+03	0	2.007804e-03
1.000000e+08	1.516899e+14	0.000000e+00	4.830509e-01	2.221825e+15	1.336602e+14	3.439464e+14	1.896347e+04	5.615486e+03	3.443390e+03	0	1.976240e-03
1.100000e+08	1.448231e+14	0.000000e+00	4.830509e-01	2.125973e+15	1.448614e+14	3.420778e+14	1.875331e+04	5.681724e+03	3.484006e+03	0	1.945958e-03
1.200000e+08	1.384250e+14	0.000000e+00	4.830509e-01	2.036623e+15	1.562162e+14	3.402231e+14	1.855206e+04	5.744984e+03	3.522797e+03	0	1.916869e-03
1.300000e+08	1.324519e+14	0.000000e+00	4.830509e-01	1.953171e+15	1.676911e+14	3.383822e+14	1.835912e+04	5.805443e+03	3.559870e+03	0	1.888891e-03
1.400000e+08	1.268654e+14	0.000000e+00	4.830509e-01	1.875086e+15	1.792546e+14	3.365549e+14	1.817397e+04	5.863258e+03	3.595322e+03	0	1.861953e-03
1.500000e+08	1.216314e+14	0.000000e+00	4.830509e-01	1.801896e+15	1.908772e+14	3.347410e+14	1.799610e+04	5.918574e+03	3.629241e+03	0	1.835986e-03
1.600000e+08	1.167195e+14	0.000000e+00	4.830509e-01	1.733182e+15	2.025308e+14	3.329406e+14	1.782507e+04	5.971525e+03	3.661711e+03	0	1.810932e-03
1.700000e+08	1.121028e+14	0.000000e+00	4.830509e-01	1.668568e+15	2.141894e+14	3.311535e+14	1.766046e+04	6.022232e+03	3.692804e+03	0	1.786733e-03
1.800000e+08	1.077572e+14	0.000000e+00	4.830509e-01	1.607721e+15	2.258286e+14	3.293795e+14	1.750190e+04	6.070807e+03	3.722590e+03	0	1.763341e-03
1.900000e+08	1.036608e+14	0.000000e+00	4.830509e-01	1.550340e+15	2.374255e+14	3.276186e+14	1.734904e+04	6.117356e+03	3.751133e+03	0	1.740707e-03
2.000000e+08	9.979428e+13	0.000000e+00	4.830509e-01	1.496155e+15	2.489591e+14	3.258707e+14	1.720156e+04	6.161973e+03	3.778493e+03	0	1.718790e-03
2.100000e+08	9.614008e+13	0.000000e+00	4.830509e-01	1.444924e+15	2.604096e+14	3.241356e+14	1.705917e+04	6.204750e+03	3.804723e+03	0	1.697549e-03
2.200000e+08	9.268231e+13	0.000000e+00	4.830509e-01	1.396426e+15	2.717588e+14	3.224133e+14	1.692159e+04	6.245769e+03	3.829876e+03	0	1.676949e-03
2.300000e+08	8.940664e+13	0.000000e+00	4.830509e-01	1.350462e+15	2.829900e+14	3.207036e+14	1.678856e+04	6.285109e+03	3.853999e+03	0	1.656955e-03
2.400000e+08	8.630003e+13	0.000000e+00	4.830509e-01	1.306853e+15	2.940878e+14	3.190064e+14	1.665986e+04	6.322842e+03	3.877136e+03	0	1.637537e-03
2.500000e+08	8.335065e+13	0.000000e+00	4.830509e-01	1.265432e+15	3.050383e+14	3.173217e+14	1.653527e+04	6.359036e+03	3.899331e+03	0	1.618666e-03
2.600000e+08	8.054770e+13	0.000000e+00	4.830509e-01	1.226052e+15	3.158284e+14	3.156492e+14	1.641457e+04	6.393757e+03	3.920622e+03	0	1.600314e-03
2.700000e+08	7.788133e+13	0.000000e+00	4.830509e-01	1.188574e+15	3.264467e+14	3.139891e+14	1.629759e+04	6.427065e+03	3.941046e+03	0	1.582457e-03
2.800000e+08	7.534255e+13	0.000000e+00	4.830509e-01	1.152875e+15	3.368826e+14	3.123410e+14	1.618415e+04	6.459017e+03	3.960638e+03	0	1.565072e-03
2.900000e+08	7.292308e+13	0.000000e+00	4.830509e-01	1.118840e+15	3.471267e+14	3.107050e+14	1.607407e+04	6.489667e+03	3.979433e+03	0	1.548136e-03
3.000000e+08	7.061537e+13	0.000000e+00	4.830509e-01	1.086362e+15	3.571706e+14	3.090809e+14	1.596721e+04	6.519065e+03	3.997460e+03	0	1.531630e-03
3.100000e+08	6.841244e+13	0.000000e+00	4.830509e-01	1.055347e+15	3.670067e+14	3.074686e+14	1.586341e+04	6.547262e+03	4.014750e+03	0	1.515535e-03
3.200000e+08	6.630789e+13	0.000000e+00	4.830509e-01	1.025704e+15	3.766289e+14	3.058681e+14	1.576255e+04	6.574301e+03	4.031330e+03	0	1.499832e-03
3.300000e+08	6.429580e+13	0.000000e+00	4.830509e-01	9.973514e+14	3.860313e+14	3.042792e+14	1.566449e+04	6.600228e+03	4.047228e+03	0	1.484505e-03
3.400000e+08	6.237070e+13	0.000000e+00	4.830509e-01	9.702134e+14	3.952091e+14	3.027018e+14	1.556911e+04	6.625084e+03	4.062470e+03	0	1.469539e-03
3.500000e+08	6.052755e+13	0.000000e+00	4.830509e-01	9.442198e+14	4.041584e+14	3.011359e+14	1.547630e+04	6.648908e+03	4.077079e+03	0	1.454918e-03
3.600000e+08	5.876167e+13	0.000000e+00	4.830509e-01	9.193054e+14	4.128756e+14	2.995813e+14	1.538596e+04	6.671738e+03	4.091078e+03	0	1.440629e-03
3.700000e+08	5.706871e+13	0.000000e+00	4.830509e-01	8.954099e+14	4.213585e+14	2.980380e+14	1.529798e+04	6.693611e+03	4.104491e+03	0	1.426659e-03
3.800000e+08	5.544464e+13	0.000000e+00	4.830509e-01	8.724773e+14	4.296047e+14	2.965059e+14	1.521226e+04	6.714562e+03	4.117337e+03	0	1.412995e-03
3.900000e+08	5.388572e+13	0.000000e+00	4.830509e-01	8.504553e+14	4.376132e+14	2.949848e+14	1.512871e+04	6.734622e+03	4.129638e+03	0	1.399626e-03
4.000000e+08	5.238846e+13	0.000000e+00	4.830509e-01	8.292954e+14	4.453828e+14	2.934747e+14	1.504726e+04	6.753824e+03	4.141413e+03	0	1.386541e-03
4.100000e+08	5.094959e+13	0.000000e+00	4.830509e-01	8.089523e+14	4.529134e+14	2.919756e+14	1.496781e+04	6.772198e+03	4.152680e+03	0	1.373729e-03
4.200000e+08	4.956609e+13	0.000000e+00	4.830509e-01	7.893838e+14	4.602052e+14	2.904872e+14	1.489030e+04	6.789774e+03	4.163457e+03	0	1.361181e-03
4.300000e+08	4.823512e+13	0.000000e+00	4.830509e-01	7.705503e+14	4.672586e+14	2.890095e+14	1.481465e+04	6.806578e+03	4.173761e+03	0	1.348886e-03
4.400000e+08	4.695402e+13	0.000000e+00	4.830509e-01	7.524149e+14	4.740748e+14	2.875425e+14	1.474078e+04	6.822639e+03	4.183610e+03	0	1.336837e-03
4.500000e+08	4.572031e+13	0.000000e+00	4.830509e-01	7.349431e+14	4.806553e+14	2.860860e+14	1.466864e+04	6.837982e+03	4.193018e+03	0	1.325025e-03
4.600000e+08	4.453166e+13	0.000000e+00	4.830509e-01	7.181023e+14	4.870018e+14	2.846400e+14	1.459816e+04	6.852632e+03	4.202001e+03	0	1.313441e-03
4.700000e+08	4.338589e+13	0.000000e+00	4.830509e-01	7.018621e+14	4.931161e+14	2.832043e+14	1.452928e+04	6.866612e+03	4.210574e+03	0	1.302078e-03
4.800000e+08	4.228095e+13	0.000000e+00	4.830509e-01	6.861941e+14	4.990008e+14	2.817789e+14	1.446195e+04	6.879946e+03	4.218750e+03	0	1.290929e-03
4.900000e+08	4.121491e+13	0.000000e+00	4.830509e-01	6.710712e+14	5.046585e+14	2.803637e+14	1.439610e+04	6.892655e+03	4.226543e+03	0	1.279987e-03
5.000000e+08	4.018595e+13	0.000000e+00	4.830509e-01	6.564682e+14	5.100921e+14	2.789587e+14	1.433170e+04	6.904762e+03	4.233967e+03	0	1.269246e-03
5.100000e+08	3.919238e+13	0.000000e+00	4.830509e-01	6.423613e+14	5.153046e+14	2.775637e+14	1.426869e+04	6.916287e+03	4.241034e+03	0	1.258698e-03
5.200000e+08	3.823257e+13	0.000000e+00	4.830509e-01	6.287281e+14	5.202994e+14	2.761786e+14	1.420702e+04	6.927248e+03	4.247756e+03	0	1.248338e-03
5.300000e+08	3.730502e+13	0.000000e+00	4.830509e-01	6.155474e+14	5.250799e+14	2.748034e+14	1.414665e+04	6.937667e+03	4.254144e+03	0	1.238160e-03
5.400000e+08	3.640830e+13	0.000000e+00	4.830509e-01	6.027993e+14	5.296494e+14	2.734380e+14	1.408754e+04	6.947560e+03	4.260211e+03	0	1.228158e-03
5.500000e+08	3.554104e+13	0.000000e+00	4.830509e-01	5.904648e+14	5.340121e+14	2.720824e+14	1.402965e+04	6.956946e+03	4.265966e+03	0	1.218328e-03
5.600000e+08	3.470198e+13	0.000000e+00	4.830509e-01	5.785261e+14	5.381716e+14	2.707363e+14	1.397292e+04	6.965842e+03	4.271421e+03	0	1.208664e-03
5.700000e+08	3.388991e+13	0.000000e+00	4.830509e-01	5.669664e+14	5.421317e+14	2.693999e+14	1.391734e+04	6.974265e+03	4.276586e+03	0	1.199162e-03
5.800000e+08	3.310367e+13	0.000000e+00	4.830509e-01	5.557697e+14	5.458967e+14	2.680729e+14	1.386286e+04	6.982230e+03	4.281470e+03	0	1.189815e-03
5.900000e+08	3.234219e+13	0.000000e+00	4.830509e-01	5.449208e+14	5.494705e+14	2.667553e+14	1.380945e+04	6.989753e+03	4.286083e+03	0	1.180622e-03
6.000000e+08	3.160444e+13	0.000000e+00	4.830509e-01	5.344054e+14	5.528571e+14	2.654470e+14	1.375708e+04	6.996849e+03	4.290434e+03	0	1.171575e-03
6.100000e+08	3.088944e+13	0.000000e+00	4.830509e-01	5.242099e+14	5.560612e+14	2.641480e+14	1.370571e+04	7.003532e+03	4.294532e+03	0	1.162673e-03
6.200000e+08	3.019628e+13	0.000000e+00	4.830509e-01	5.143214e+14	5.590865e+14	2.628582e+14	1.365531e+04	7.009816e+03	4.298386e+03	0	1.153910e-03
6.300000e+08	2.952407e+13	0.000000e+00	4.830509e-01	5.047275e+14	5.619373e+14	2.615775e+14	1.360586e+04	7.015715e+03	4.302003e+03	0	1.145283e-03
6.400000e+08	2.887198e+13	0.000000e+00	4.830509e-01	4.954167e+14	5.646180e+14	2.603058e+14	1.355732e+04	7.021242e+03	4.305392e+03	0	1.136789e-03
6.500000e+08	2.823921e+13	0.000000e+00	4.830509e-01	4.863778e+14	5.671328e+14	2.590431e+14	1.350967e+04	7.026409e+03	4.308560e+03	0	1.128423e-03
6.600000e+08	2.762502e+13	0.000000e+00	4.830509e-01	4.776004e+14	5.694858e+14	2.577892e+14	1.346289e+04	7.031228e+03	4.311515e+03	0	1.120182e-03
6.700000e+08	2.702868e+13	0.000000e+00	4.830509e-01	4.690743e+14	5.716813e+14	2.565442e+14	1.341695e+04	7.035711e+03	4.314265e+03	0	1.112062e-03
6.800000e+08	2.644951e+13	0.000000e+00	4.830509e-01	4.607900e+14	5.737235e+14	2.553079e+14	1.337182e+04	7.039870e+03	4.316815e+03	0	1.104062e-03
6.900000e+08	2.588687e+13	0.000000e+00	4.830509e-01	4.527384e+14	5.756165e+14	2.540803e+14	1.332748e+04	7.043715e+03	4.319172e+03	0	1.096177e-03
7.000000e+08	2.534012e+13	0.000000e+00	4.830509e-01	4.449108e+14	5.773645e+14	2.528613e+14	1.328392e+04	7.047257e+03	4.321345e+03	0	1.088405e-03
7.100000e+08	2.480868e+13	0.000000e+00	4.830509e-01	4.372990e+14	5.789714e+14	2.516508e+14	1.324110e+04	7.050507e+03	4.323337e+03	0	1.080742e-03
7.200000e+08	2.429199e+13	0.000000e+00	4.830509e-01	4.298950e+14	5.804414e+14	2.504488e+14	1.319901e+04	7.053473e+03	4.325156e+03	0	1.073187e-03
7.300000e+08	2.378950e+13	0.000000e+00	4.830509e-01	4.226912e+14	5.817784e+14	2.492552e+14	1.315763e+04	7.056167e+03	4.326808e+03	0	1.065735e-03
7.400000e+08	2.330071e+13	0.000000e+00	4.830509e-01	4.156806e+14	5.829864e+14	2.480699e+14	1.311694e+04	7.058596e+03	4.328297e+03	0	1.058386e-03
7.500000e+08	2.282511e+13	0.000000e+00	4.830509e-01	4.088561e+14	5.840691e+14	2.468929e+14	1.307692e+04	7.060771e+03	4.329631e+03	0	1.051135e-03
7.600000e+08	2.236224e+13	0.000000e+00	4.830509e-01	4.022113e+14	5.850305e+14	2.457241e+14	1.303755e+04	7.062699e+03	4.330813e+03	0	1.043981e-03
7.700000e+08	2.191165e+13	0.000000e+00	4.830509e-01	3.957398e+14	5.858742e+14	2.445634e+14	1.299882e+04	7.064389e+03	4.331850e+03	0	1.036922e-03
7.800000e+08	2.147292e+13	0.000000e+00	4.830509e-01	3.894356e+14	5.866039e+14	2.434108e+14	1.296071e+04	7.065850e+03	4.332745e+03	0	1.029954e-03
7.900000e+08	2.104562e+13	0.000000e+00	4.830509e-01	3.832929e+14	5.872234e+14	2.422662e+14	1.292320e+04	7.067088e+03	4.333505e+03	0	1.023077e-03
8.000000e+08	2.062937e+13	0.000000e+00	4.830509e-01	3.773062e+14	5.877359e+14	2.411295e+14	1.288628e+04	7.068113e+03	4.334133e+03	0	1.016287e-03
8.100000e+08	2.022379e+13	0.000000e+00	4.830509e-01	3.714703e+14	5.881451e+14	2.400007e+14	1.284993e+04	7.068930e+03	4.334634e+03	0	1.009582e-03
8.200000e+08	1.982852e+13	0.000000e+00	4.830509e-01	3.657801e+14	5.884544e+14	2.388797e+14	1.281415e+04	7.069547e+03	4.335013e+03	0	1.002962e-03
8.300000e+08	1.944321e+13	0.000000e+00	4.830509e-01	3.602307e+14	5.886670e+14	2.377665e+14	1.277891e+04	7.069972e+03	4.335273e+03	0	9.964226e-04
8.400000e+08	1.906753e+13	0.000000e+00	4.830509e-01	3.548174e+14	5.887863e+14	2.366610e+14	1.274420e+04	7.070210e+03	4.335419e+03	0	9.899633e-04
8.500000e+08	1.870117e+13	0.000000e+00	4.830509e-01	3.495358e+14	5.888154e+14	2.355631e+14	1.271001e+04	7.070268e+03	4.335454e+03	0	9.835818e-04
8.600000e+08	1.834381e+13	0.000000e+00	4.830509e-01	3.443817e+14	5.887574e+14	2.344727e+14	1.267632e+04	7.070152e+03	4.335383e+03	0	9.772764e-04
8.700000e+08	1.799517e+13	0.000000e+00	4.830509e-01	3.393508e+14	5.886155e+14	2.333899e+14	1.264314e+04	7.069869e+03	4.335210e+03	0	9.710454e-04
8.800000e+08	1.765496e+13	0.000000e+00	4.830509e-01	3.344393e+14	5.883924e+14	2.323145e+14	1.261043e+04	7.069424e+03	4.334937e+03	0	9.648870e-04
8.900000e+08	1.732291e+13	0.000000e+00	4.830509e-01	3.296434e+14	5.880911e+14	2.312465e+14	1.257819e+04	7.068822e+03	4.334568e+03	0	9.587996e-04
9.000000e+08	1.699877e+13	0.000000e+00	4.830509e-01	3.249594e+14	5.877146e+14	2.301858e+14	1.254642e+04	7.068070e+03	4.334107e+03	0	9.527817e-04
9.100000e+08	1.668228e+13	0.000000e+00	4.830509e-01	3.203839e+14	5.872652e+14	2.291324e+14	1.251509e+04	7.067172e+03	4.333556e+03	0	9.468315e-04
9.200000e+08	1.637321e+13	0.000000e+00	4.830509e-01	3.159133e+14	5.867462e+14	2.280862e+14	1.248420e+04	7.066134e+03	4.332920e+03	0	9.409477e-04
9.300000e+08	1.607132e+13	0.000000e+00	4.830509e-01	3.115446e+14	5.861597e+14	2.270472e+14	1.245374e+04	7.064961e+03	4.332200e+03	0	9.351288e-04
9.400000e+08	1.577640e+13	0.000000e+00	4.830509e-01	3.072746e+14	5.855084e+14	2.260152e+14	1.242370e+04	7.063657e+03	4.331400e+03	0	9.293733e-04
9.500000e+08	1.548822e+13	0.000000e+00	4.830509e-01	3.031003e+14	5.847949e+14	2.249904e+14	1.239407e+04	7.062226e+03	4.330523e+03	0	9.236798e-04
9.600000e+08	1.520660e+13	0.000000e+00	4.830509e-01	2.990189e+14	5.840212e+14	2.239725e+14	1.236484e+04	7.060675e+03	4.329572e+03	0	9.180470e-04
9.700000e+08	1.493132e+13	0.000000e+00	4.830509e-01	2.950275e+14	5.831901e+14	2.229615e+14	1.233601e+04	7.059006e+03	4.328549e+03	0	9.124735e-04
9.800000e+08	1.466219e+13	0.000000e+00	4.830509e-01	2.911234e+14	5.823035e+14	2.219574e+14	1.230755e+04	7.057223e+03	4.327456e+03	0	9.069581e-04
9.900000e+08	1.439904e+13	0.000000e+00	4.830509e-01	2.873042e+14	5.813640e+14	2.209601e+14	1.227947e+04	7.055332e+03	4.326296e+03	0	9.014995e-04
1.000000e+09	1.414170e+13	0.000000e+00	4.830509e-01	2.835672e+14	5.803734e+14	2.199696e+14	1.225176e+04	7.053336e+03	4.325072e+03	0	8.960964e-04
1.010000e+09	1.388997e+13	0.000000e+00	4.830509e-01	2.799102e+14	5.793339e+14	2.189859e+14	1.222441e+04	7.051239e+03	4.323786e+03	0	8.907477e-04
1.020000e+09	1.364372e+13	0.000000e+00	4.830509e-01	2.763309e+14	5.782476e+14	2.180088e+14	1.219740e+04	7.049044e+03	4.322440e+03	0	8.854522e-04
1.030000e+09	1.340277e+13	0.000000e+00	4.830509e-01	2.728269e+14	5.771162e+14	2.170383e+14	1.217074e+04	7.046755e+03	4.321036e+03	0	8.802088e-04
1.040000e+09	1.316697e+13	0.000000e+00	4.830509e-01	2.693961e+14	5.759420e+14	2.160743e+14	1.214442e+04	7.044375e+03	4.319577e+03	0	8.750164e-04
1.050000e+09	1.293618e+13	0.000000e+00	4.830509e-01	2.660365e+14	5.747263e+14	2.151169e+14	1.211843e+04	7.041908e+03	4.318064e+03	0	8.698738e-04
1.060000e+09	1.271025e+13	0.000000e+00	4.830509e-01	2.627462e+14	5.734712e+14	2.141659e+14	1.209276e+04	7.039357e+03	4.316500e+03	0	8.647800e-04
1.070000e+09	1.248906e+13	0.000000e+00	4.830509e-01	2.595230e+14	5.721787e+14	2.132214e+14	1.206741e+04	7.036725e+03	4.314886e+03	0	8.597341e-04
1.080000e+09	1.227246e+13	0.000000e+00	4.830509e-01	2.563653e+14	5.708499e+14	2.122831e+14	1.204236e+04	7.034015e+03	4.313224e+03	0	8.547349e-04
1.090000e+09	1.206033e+13	0.000000e+00	4.830509e-01	2.532712e+14	5.694868e+14	2.113512e+14	1.201762e+04	7.031230e+03	4.311517e+03	0	8.497815e-04
1.100000e+09	1.185255e+13	0.000000e+00	4.830509e-01	2.502389e+14	5.680910e+14	2.104256e+14	1.199318e+04	7.028373e+03	4.309765e+03	0	8.448730e-04
1.110000e+09	1.164899e+13	0.000000e+00	4.830509e-01	2.472668e+14	5.666637e+14	2.095062e+14	1.196903e+04	7.025446e+03	4.307970e+03	0	8.400084e-04
1.120000e+09	1.144954e+13	0.000000e+00	4.830509e-01	2.443533e+14	5.652068e+14	2.085929e+14	1.194516e+04	7.022453e+03	4.306135e+03	0	8.351868e-04
1.130000e+09	1.125410e+13	0.000000e+00	4.830509e-01	2.414967e+14	5.637213e+14	2.076857e+14	1.192157e+04	7.019395e+03	4.304260e+03	0	8.304072e-04
1.140000e+09	1.106254e+13	0.000000e+00	4.830509e-01	2.386957e+14	5.622088e+14	2.067846e+14	1.189826e+04	7.016276e+03	4.302347e+03	0	8.256689e-04
1.150000e+09	1.087478e+13	0.000000e+00	4.830509e-01	2.359486e+14	5.606708e+14	2.058895e+14	1.187522e+04	7.013097e+03	4.300398e+03	0	8.209709e-04
1.160000e+09	1.069071e+13	0.000000e+00	4.830509e-01	2.332542e+14	5.591082e+14	2.050004e+14	1.185244e+04	7.009861e+03	4.298414e+03	0	8.163124e-04
1.170000e+09	1.051023e+13	0.000000e+00	4.830509e-01	2.306110e+14	5.575226e+14	2.041172e+14	1.182992e+04	7.006571e+03	4.296396e+03	0	8.116927e-04
1.180000e+09	1.033325e+13	0.000000e+00	4.830509e-01	2.280177e+14	5.559150e+14	2.032399e+14	1.180766e+04	7.003228e+03	4.294346e+03	0	8.071108e-04
1.190000e+09	1.015967e+13	0.000000e+00	4.830509e-01	2.254730e+14	5.542866e+14	2.023684e+14	1.178564e+04	6.999834e+03	4.292265e+03	0	8.025660e-04
1.200000e+09	9.989414e+12	0.000000e+00	4.830509e-01	2.229757e+14	5.526386e+14	2.015027e+14	1.176387e+04	6.996392e+03	4.290154e+03	0	7.980576e-04
1.210000e+09	9.822392e+12	0.000000e+00	4.830509e-01	2.205245e+14	5.509721e+14	2.006428e+14	1.174234e+04	6.992903e+03	4.288015e+03	0	7.935848e-04
1.220000e+09	9.658522e+12	0.000000e+00	4.830509e-01	2.181184e+14	5.492880e+14	1.997885e+14	1.172105e+04	6.989370e+03	4.285848e+03	0	7.891468e-04
1.230000e+09	9.497723e+12	0.000000e+00	4.830509e-01	2.157561e+14	5.475875e+14	1.989399e+14	1.169998e+04	6.985794e+03	4.283655e+03	0	7.847429e-04
1.240000e+09	9.339918e+12	0.000000e+00	4.830509e-01	2.134367e+14	5.458715e+14	1.980969e+14	1.167915e+04	6.982177e+03	4.281438e+03	0	7.803725e-04
1.250000e+09	9.185033e+12	0.000000e+00	4.830509e-01	2.111589e+14	5.441409e+14	1.972595e+14	1.165854e+04	6.978521e+03	4.279196e+03	0	7.760347e-04
1.260000e+09	9.032995e+12	0.000000e+00	4.830509e-01	2.089219e+14	5.423968e+14	1.964275e+14	1.163814e+04	6.974827e+03	4.276931e+03	0	7.717290e-04
1.270000e+09	8.883734e+12	0.000000e+00	4.830509e-01	2.067246e+14	5.406399e+14	1.956011e+14	1.161796e+04	6.971097e+03	4.274644e+03	0	7.674547e-04
1.280000e+09	8.737180e+12	0.000000e+00	4.830509e-01	2.045660e+14	5.388711e+14	1.947801e+14	1.159800e+04	6.967333e+03	4.272336e+03	0	7.632111e-04
1.290000e+09	8.593269e+12	0.000000e+00	4.830509e-01	2.024452e+14	5.370911e+14	1.939645e+14	1.157824e+04	6.963537e+03	4.270007e+03	0	7.589976e-04
1.300000e+09	8.451936e+12	0.000000e+00	4.830509e-01	2.003613e+14	5.353010e+14	1.931543e+14	1.155868e+04	6.959708e+03	4.267660e+03	0	7.548135e-04
1.310000e+09	8.313119e+12	0.000000e+00	4.830509e-01	1.983135e+14	5.335012e+14	1.923493e+14	1.153933e+04	6.955850e+03	4.265294e+03	0	7.506582e-04
1.320000e+09	8.176757e+12	0.000000e+00	4.830509e-01	1.963008e+14	5.316929e+14	1.915497e+14	1.152017e+04	6.951963e+03	4.262911e+03	0	7.465311e-04
1.330000e+09	8.042792e+12	0.000000e+00	4.830509e-01	1.943224e+14	5.298763e+14	1.907552e+14	1.150121e+04	6.948050e+03	4.260511e+03	0	7.424317e-04
1.340000e+09	7.911168e+12	0.000000e+00	4.830509e-01	1.923776e+14	5.280523e+14	1.899660e+14	1.148243e+04	6.944110e+03	4.258095e+03	0	7.383593e-04
1.350000e+09	7.781828e+12	0.000000e+00	4.830509e-01	1.904655e+14	5.262217e+14	1.891819e+14	1.146385e+04	6.940145e+03	4.255664e+03	0	7.343134e-04
1.360000e+09	7.654720e+12	0.000000e+00	4.830509e-01	1.885854e+14	5.243850e+14	1.884029e+14	1.144545e+04	6.936157e+03	4.253218e+03	0	7.302933e-04
1.370000e+09	7.529792e+12	0.000000e+00	4.830509e-01	1.867366e+14	5.225429e+14	1.876290e+14	1.142722e+04	6.932147e+03	4.250759e+03	0	7.262986e-04
1.380000e+09	7.406993e+12	0.000000e+00	4.830509e-01	1.849183e+14	5.206959e+14	1.868601e+14	1.140918e+04	6.928115e+03	4.248287e+03	0	7.223287e-04
1.390000e+09	7.286274e+12	0.000000e+00	4.830509e-01	1.831299e+14	5.188445e+14	1.860962e+14	1.139131e+04	6.924063e+03	4.245803e+03	0	7.183830e-04
1.400000e+09	7.167587e+12	0.000000e+00	4.830509e-01	1.813707e+14	5.169893e+14	1.853373e+14	1.137362e+04	6.919993e+03	4.243307e+03	0	7.144611e-04
1.410000e+09	7.050887e+12	0.000000e+00	4.830509e-01	1.796399e+14	5.151309e+14	1.845833e+14	1.135609e+04	6.915904e+03	4.240799e+03	0	7.105623e-04
1.420000e+09	6.936129e+12	0.000000e+00	4.830509e-01	1.779371e+14	5.132700e+14	1.838342e+14	1.133873e+04	6.911798e+03	4.238282e+03	0	7.066862e-04
1.430000e+09	6.823268e+12	0.000000e+00	4.830509e-01	1.762615e+14	5.114066e+14	1.830899e+14	1.132154e+04	6.907677e+03	4.235754e+03	0	7.028323e-04
1.440000e+09	6.712263e+12	0.000000e+00	4.830509e-01	1.746126e+14	5.095416e+14	1.823504e+14	1.130450e+04	6.903540e+03	4.233218e+03	0	6.990001e-04
1.450000e+09	6.603072e+12	0.000000e+00	4.830509e-01	1.729897e+14	5.076752e+14	1.816157e+14	1.128763e+04	6.899389e+03	4.230672e+03	0	6.951890e-04
1.460000e+09	6.495655e+12	0.000000e+00	4.830509e-01	1.713924e+14	5.058079e+14	1.808857e+14	1.127091e+04	6.895225e+03	4.228119e+03	0	6.913987e-04
1.470000e+09	6.389973e+12	0.000000e+00	4.830509e-01	1.698200e+14	5.039402e+14	1.801604e+14	1.125435e+04	6.891048e+03	4.225558e+03	0	6.876286e-04
1.480000e+09	6.285988e+12	0.000000e+00	4.830509e-01	1.682720e+14	5.020723e+14	1.794398e+14	1.123793e+04	6.886859e+03	4.222989e+03	0	6.838782e-04
1.490000e+09	6.183664e+12	0.000000e+00	4.830509e-01	1.667479e+14	5.002049e+14	1.787238e+14	1.122167e+04	6.882660e+03	4.220414e+03	0	6.801471e-04
1.500000e+09	6.082963e+12	0.000000e+00	4.830509e-01	1.652472e+14	4.983382e+14	1.780124e+14	1.120555e+04	6.878450e+03	4.217833e+03	0	6.764348e-04
1.510000e+09	5.983853e+12	0.000000e+00	4.830509e-01	1.637694e+14	4.964724e+14	1.773055e+14	1.118958e+04	6.874231e+03	4.215246e+03	0	6.727410e-04
1.520000e+09	5.886297e+12	0.000000e+00	4.830509e-01	1.623140e+14	4.946081e+14	1.766032e+14	1.117375e+04	6.870004e+03	4.212654e+03	0	6.690650e-04
1.530000e+09	5.790265e+12	0.000000e+00	4.830509e-01	1.608806e+14	4.927454e+14	1.759053e+14	1.115806e+04	6.865768e+03	4.210056e+03	0	6.654065e-04
1.540000e+09	5.695722e+12	0.000000e+00	4.830509e-01	1.594686e+14	4.908849e+14	1.752119e+14	1.114250e+04	6.861525e+03	4.207455e+03	0	6.617651e-04
1.550000e+09	5.602638e+12	0.000000e+00	4.830509e-01	1.580776e+14	4.890266e+14	1.745230e+14	1.112709e+04	6.857276e+03	4.204849e+03	0	6.581402e-04
1.560000e+09	5.510983e+12	0.000000e+00	4.830509e-01	1.567072e+14	4.871709e+14	1.738384e+14	1.111181e+04	6.853020e+03	4.202239e+03	0	6.545316e-04
1.570000e+09	5.420726e+12	0.000000e+00	4.830509e-01	1.553570e+14	4.853182e+14	1.731581e+14	1.109666e+04	6.848759e+03	4.199627e+03	0	6.509387e-04
1.580000e+09	5.331839e+12	0.000000e+00	4.830509e-01	1.540266e+14	4.834685e+14	1.724822e+14	1.108164e+04	6.844494e+03	4.197011e+03	0	6.473611e-04
1.590000e+09	5.244294e+12	0.000000e+00	4.830509e-01	1.527155e+14	4.816224e+14	1.718106e+14	1.106674e+04	6.840224e+03	4.194392e+03	0	6.437984e-04
1.600000e+09	5.158062e+12	0.000000e+00	4.830509e-01	1.514234e+14	4.797798e+14	1.711432e+14	1.105198e+04	6.835950e+03	4.191772e+03	0	6.402503e-04
1.610000e+09	5.073118e+12	0.000000e+00	4.830509e-01	1.501499e+14	4.779412e+14	1.704800e+14	1.103734e+04	6.831673e+03	4.189149e+03	0	6.367162e-04
1.620000e+09	4.989435e+12	0.000000e+00	4.830509e-01	1.488947e+14	4.761067e+14	1.698211e+14	1.102282e+04	6.827393e+03	4.186525e+03	0	6.331958e-04
1.630000e+09	4.906988e+12	0.000000e+00	4.830509e-01	1.476572e+14	4.742764e+14	1.691663e+14	1.100842e+04	6.823111e+03	4.183899e+03	0	6.296887e-04
1.640000e+09	4.825752e+12	0.000000e+00	4.830509e-01	1.464373e+14	4.724507e+14	1.685156e+14	1.099415e+04	6.818828e+03	4.181273e+03	0	6.261945e-04
1.650000e+09	4.745703e+12	0.000000e+00	4.830509e-01	1.452345e+14	4.706297e+14	1.678690e+14	1.097999e+04	6.814543e+03	4.178645e+03	0	6.227128e-04
1.660000e+09	4.666818e+12	0.000000e+00	4.830509e-01	1.440486e+14	4.688136e+14	1.672265e+14	1.096594e+04	6.810258e+03	4.176017e+03	0	6.192431e-04
1.670000e+09	4.589073e+12	0.000000e+00	4.830509e-01	1.428792e+14	4.670025e+14	1.665880e+14	1.095201e+04	6.805972e+03	4.173389e+03	0	6.157851e-04
1.680000e+09	4.512445e+12	0.000000e+00	4.830509e-01	1.417259e+14	4.651969e+14	1.659535e+14	1.093820e+04	6.801686e+03	4.170761e+03	0	6.123385e-04
1.690000e+09	4.436914e+12	0.000000e+00	4.830509e-01	1.405885e+14	4.633965e+14	1.653230e+14	1.092449e+04	6.797401e+03	4.168134e+03	0	6.089027e-04
1.700000e+09	4.362458e+12	0.000000e+00	4.830509e-01	1.394667e+14	4.616017e+14	1.646964e+14	1.091089e+04	6.793116e+03	4.165506e+03	0	6.054775e-04
1.710000e+09	4.289056e+12	0.000000e+00	4.830509e-01	1.383601e+14	4.598126e+14	1.640738e+14	1.089741e+04	6.788833e+03	4.162880e+03	0	6.020624e-04
1.720000e+09	4.216688e+12	0.000000e+00	4.830509e-01	1.372685e+14	4.580294e+14	1.634550e+14	1.088403e+04	6.784551e+03	4.160254e+03	0	5.986570e-04
1.730000e+09	4.145333e+12	0.000000e+00	4.830509e-01	1.361916e+14	4.562522e+14	1.628401e+14	1.087075e+04	6.780271e+03	4.157630e+03	0	5.952609e-04
1.740000e+09	4.074974e+12	0.000000e+00	4.830509e-01	1.351292e+14	4.544810e+14	1.622290e+14	1.085758e+04	6.775994e+03	4.155007e+03	0	5.918739e-04
1.750000e+09	4.005590e+12	0.000000e+00	4.830509e-01	1.340808e+14	4.527160e+14	1.616217e+14	1.084451e+04	6.771719e+03	4.152386e+03	0	5.884954e-04
1.760000e+09	3.937164e+12	0.000000e+00	4.830509e-01	1.330464e+14	4.509574e+14	1.610182e+14	1.083154e+04	6.767448e+03	4.149767e+03	0	5.851251e-04
1.770000e+09	3.869678e+12	0.000000e+00	4.830509e-01	1.320256e+14	4.492052e+14	1.604184e+14	1.081867e+04	6.763179e+03	4.147149e+03	0	5.817626e-04
1.780000e+09	3.803113e+12	0.000000e+00	4.830509e-01	1.310182e+14	4.474595e+14	1.598224e+14	1.080590e+04	6.758914e+03	4.144534e+03	0	5.784076e-04
1.790000e+09	3.737453e+12	0.000000e+00	4.830509e-01	1.300239e+14	4.457205e+14	1.592300e+14	1.079323e+04	6.754653e+03	4.141921e+03	0	5.750596e-04
1.800000e+09	3.672682e+12	0.000000e+00	4.830509e-01	1.290425e+14	4.439883e+14	1.586413e+14	1.078065e+04	6.750396e+03	4.139311e+03	0	5.717182e-04
1.810000e+09	3.608782e+12	0.000000e+00	4.830509e-01	1.280738e+14	4.422628e+14	1.580562e+14	1.076817e+04	6.746143e+03	4.136703e+03	0	5.683830e-04
1.820000e+09	3.545738e+12	0.000000e+00	4.830509e-01	1.271175e+14	4.405442e+14	1.574748e+14	1.075578e+04	6.741895e+03	4.134098e+03	0	5.650538e-04
1.830000e+09	3.483534e+12	0.000000e+00	4.830509e-01	1.261735e+14	4.388326e+14	1.568969e+14	1.074348e+04	6.737652e+03	4.131496e+03	0	5.617300e-04
1.840000e+09	3.422155e+12	0.000000e+00	4.830509e-01	1.252414e+14	4.371279e+14	1.563225e+14	1.073128e+04	6.733414e+03	4.128897e+03	0	5.584112e-04
1.850000e+09	3.361587e+12	0.000000e+00	4.830509e-01	1.243211e+14	4.354304e+14	1.557517e+14	1.071916e+04	6.729182e+03	4.126302e+03	0	5.550972e-04
1.860000e+09	3.301814e+12	0.000000e+00	4.830509e-01	1.234124e+14	4.337400e+14	1.551844e+14	1.070713e+04	6.724955e+03	4.123710e+03	0	5.517874e-04
1.870000e+09	3.242822e+12	0.000000e+00	4.830509e-01	1.225151e+14	4.320569e+14	1.546206e+14	1.069520e+04	6.720733e+03	4.121122e+03	0	5.484815e-04
1.880000e+09	3.184598e+12	0.000000e+00	4.830509e-01	1.216289e+14	4.303810e+14	1.540602e+14	1.068334e+04	6.716518e+03	4.118537e+03	0	5.451790e-04
1.890000e+09	3.127128e+12	0.000000e+00	4.830509e-01	1.207537e+14	4.287124e+14	1.535032e+14	1.067158e+04	6.712309e+03	4.115956e+03	0	5.418796e-04
1.900000e+09	3.070398e+12	0.000000e+00	4.830509e-01	1.198894e+14	4.270512e+14	1.529496e+14	1.065989e+04	6.708107e+03	4.113379e+03	0	5.385828e-04
1.910000e+09	3.014396e+12	0.000000e+00	4.830509e-01	1.190356e+14	4.253974e+14	1.523994e+14	1.064829e+04	6.703911e+03	4.110806e+03	0	5.352882e-04
1.920000e+09	2.959109e+12	0.000000e+00	4.830509e-01	1.181922e+14	4.237510e+14	1.518526e+14	1.063678e+04	6.699721e+03	4.108237e+03	0	5.319954e-04
1.930000e+09	2.904524e+12	0.000000e+00	4.830509e-01	1.173591e+14	4.221122e+14	1.513090e+14	1.062534e+04	6.695539e+03	4.105673e+03	0	5.287040e-04
1.940000e+09	2.850630e+12	0.000000e+00	4.830509e-01	1.165360e+14	4.204808e+14	1.507688e+14	1.061399e+04	6.691364e+03	4.103112e+03	0	5.254135e-04
1.950000e+09	2.797414e+12	0.000000e+00	4.830509e-01	1.157228e+14	4.188570e+14	1.502318e+14	1.060271e+04	6.687196e+03	4.100557e+03	0	5.221234e-04
1.960000e+09	2.744866e+12	0.000000e+00	4.830509e-01	1.149194e+14	4.172407e+14	1.496981e+14	1.059151e+04	6.683035e+03	4.098005e+03	0	5.188334e-04
1.970000e+09	2.692972e+12	0.000000e+00	4.830509e-01	1.141255e+14	4.156321e+14	1.491677e+14	1.058039e+04	6.678882e+03	4.095459e+03	0	5.155430e-04
1.980000e+09	2.641723e+12	0.000000e+00	4.830509e-01	1.133411e+14	4.140310e+14	1.486404e+14	1.056935e+04	6.674737e+03	4.092917e+03	0	5.122516e-04
1.990000e+09	2.591108e+12	0.000000e+00	4.830509e-01	1.125659e+14	4.124376e+14	1.481163e+14	1.055838e+04	6.670600e+03	4.090380e+03	0	5.089589e-04
2.000000e+09	2.541115e+12	0.000000e+00	4.830509e-01	1.117998e+14	4.108518e+14	1.475953e+14	1.054749e+04	6.666470e+03	4.087848e+03	0	5.056643e-04
2.010000e+09	2.491734e+12	0.000000e+00	4.830509e-01	1.110426e+14	4.092736e+14	1.470775e+14	1.053667e+04	6.662349e+03	4.085321e+03	0	5.023674e-04
2.020000e+09	2.442956e+12	0.000000e+00	4.830509e-01	1.102943e+14	4.077031e+14	1.465628e+14	1.052593e+04	6.658236e+03	4.082798e+03	0	4.990677e-04
2.030000e+09	2.394770e+12	0.000000e+00	4.830509e-01	1.095546e+14	4.061404e+14	1.460512e+14	1.051525e+04	6.654131e+03	4.080281e+03	0	4.957646e-04
2.040000e+09	2.347166e+12	0.000000e+00	4.830509e-01	1.088235e+14	4.045854e+14	1.455427e+14	1.050465e+04	6.650035e+03	4.077770e+03	0	4.924576e-04
2.050000e+09	2.300136e+12	0.000000e+00	4.830509e-01	1.081007e+14	4.030379e+14	1.450372e+14	1.049412e+04	6.645947e+03	4.075263e+03	0	4.891462e-04
2.060000e+09	2.253668e+12	0.000000e+00	4.830509e-01	1.073861e+14	4.014982e+14	1.445347e+14	1.048366e+04	6.641868e+03	4.072762e+03	0	4.858299e-04
2.070000e+09	2.207755e+12	0.000000e+00	4.830509e-01	1.066797e+14	3.999661e+14	1.440352e+14	1.047327e+04	6.637797e+03	4.070266e+03	0	4.825080e-04
2.080000e+09	2.162387e+12	0.000000e+00	4.830509e-01	1.059813e+14	3.984418e+14	1.435387e+14	1.046294e+04	6.633736e+03	4.067775e+03	0	4.791800e-04
2.090000e+09	2.117556e+12	0.000000e+00	4.830509e-01	1.052907e+14	3.969251e+14	1.430451e+14	1.045269e+04	6.629683e+03	4.065290e+03	0	4.758454e-04
2.100000e+09	2.073252e+12	0.000000e+00	4.830509e-01	1.046079e+14	3.954161e+14	1.425545e+14	1.044250e+04	6.625639e+03	4.062810e+03	0	4.725034e-04
2.110000e+09	2.029468e+12	0.000000e+00	4.830509e-01	1.039327e+14	3.939148e+14	1.420668e+14	1.043237e+04	6.621605e+03	4.060337e+03	0	4.691535e-04
2.120000e+09	1.986194e+12	0.000000e+00	4.830509e-01	1.032650e+14	3.924212e+14	1.415819e+14	1.042231e+04	6.617580e+03	4.057868e+03	0	4.657950e-04
2.130000e+09	1.943424e+12	0.000000e+00	4.830509e-01	1.026046e+14	3.909352e+14	1.411000e+14	1.041232e+04	6.613563e+03	4.055406e+03	0	4.624272e-04
2.140000e+09	1.901149e+12	0.000000e+00	4.830509e-01	1.019515e+14	3.894569e+14	1.406209e+14	1.040239e+04	6.609557e+03	4.052949e+03	0	4.590496e-04
2.150000e+09	1.859360e+12	0.000000e+00	4.830509e-01	1.013056e+14	3.879863e+14	1.401446e+14	1.039252e+04	6.605559e+03	4.050497e+03	0	4.556612e-04
2.160000e+09	1.818052e+12	0.000000e+00	4.830509e-01	1.006667e+14	3.865232e+14	1.396711e+14	1.038272e+04	6.601571e+03	4.048052e+03	0	4.522615e-04
2.170000e+09	1.777215e+12	0.000000e+00	4.830509e-01	1.000347e+14	3.850677e+14	1.392004e+14	1.037297e+04	6.597593e+03	4.045612e+03	0	4.488497e-04
2.180000e+09	1.736843e+12	0.000000e+00	4.830509e-01	9.940962e+13	3.836199e+14	1.387325e+14	1.036329e+04	6.593624e+03	4.043179e+03	0	4.454249e-04
2.190000e+09	1.696929e+12	0.000000e+00	4.830509e-01	9.879122e+13	3.821795e+14	1.382674e+14	1.035367e+04	6.589665e+03	4.040751e+03	0	4.419863e-04
2.200000e+09	1.657465e+12	0.000000e+00	4.830509e-01	9.817944e+13	3.807468e+14	1.378049e+14	1.034410e+04	6.585715e+03	4.038329e+03	0	4.385331e-04
2.210000e+09	1.618445e+12	0.000000e+00	4.830509e-01	9.757418e+13	3.793217e+14	1.373452e+14	1.033460e+04	6.581775e+03	4.035913e+03	0	4.350644e-04
2.220000e+09	1.579862e+12	0.000000e+00	4.830509e-01	9.697535e+13	3.779039e+14	1.368881e+14	1.032516e+04	6.577845e+03	4.033503e+03	0	4.315793e-04
2.230000e+09	1.541708e+12	0.000000e+00	4.830509e-01	9.638285e+13	3.764937e+14	1.364338e+14	1.031577e+04	6.573925e+03	4.031099e+03	0	4.280767e-04
2.240000e+09	1.503978e+12	0.000000e+00	4.830509e-01	9.579659e+13	3.750911e+14	1.359820e+14	1.030644e+04	6.570015e+03	4.028702e+03	0	4.245558e-04
2.250000e+09	1.466666e+12	0.000000e+00	4.830509e-01	9.521646e+13	3.736958e+14	1.355330e+14	1.029717e+04	6.566114e+03	4.026310e+03	0	4.210154e-04
2.260000e+09	1.429764e+12	0.000000e+00	4.830509e-01	9.464239e+13	3.723080e+14	1.350865e+14	1.028795e+04	6.562223e+03	4.023924e+03	0	4.174544e-04
2.270000e+09	1.393267e+12	0.000000e+00	4.830509e-01	9.407429e+13	3.709275e+14	1.346426e+14	1.027879e+04	6.558343e+03	4.021545e+03	0	4.138717e-04
2.280000e+09	1.357169e+12	0.000000e+00	4.830509e-01	9.351206e+13	3.695545e+14	1.342013e+14	1.026968e+04	6.554472e+03	4.019171e+03	0	4.102660e-04
2.290000e+09	1.321464e+12	0.000000e+00	4.830509e-01	9.295563e+13	3.681888e+14	1.337625e+14	1.026063e+04	6.550612e+03	4.016804e+03	0	4.066362e-04
2.300000e+09	1.286145e+12	0.000000e+00	4.830509e-01	9.240490e+13	3.668305e+14	1.333263e+14	1.025163e+04	6.546761e+03	4.014443e+03	0	4.029807e-04
2.310000e+09	1.251208e+12	0.000000e+00	4.830509e-01	9.185979e+13	3.654794e+14	1.328926e+14	1.024268e+04	6.542921e+03	4.012088e+03	0	3.992983e-04
2.320000e+09	1.216647e+12	0.000000e+00	4.830509e-01	9.132023e+13	3.641355e+14	1.324614e+14	1.023379e+04	6.539090e+03	4.009739e+03	0	3.955874e-04
2.330000e+09	1.182456e+12	0.000000e+00	4.830509e-01	9.078614e+13	3.627991e+14	1.320327e+14	1.022495e+04	6.535270e+03	4.007396e+03	0	3.918464e-04
2.340000e+09	1.148630e+12	0.000000e+00	4.830509e-01	9.025743e+13	3.614697e+14	1.316064e+14	1.021616e+04	6.531460e+03	4.005060e+03	0	3.880737e-04
2.350000e+09	1.115163e+12	0.000000e+00	4.830509e-01	8.973404e+13	3.601475e+14	1.311826e+14	1.020742e+04	6.527660e+03	4.002730e+03	0	3.842675e-04
2.360000e+09	1.082050e+12	0.000000e+00	4.830509e-01	8.921587e+13	3.588326e+14	1.307613e+14	1.019873e+04	6.523870e+03	4.000406e+03	0	3.804259e-04
2.370000e+09	1.049287e+12	0.000000e+00	4.830509e-01	8.870288e+13	3.575247e+14	1.303423e+14	1.019010e+04	6.520091e+03	3.998088e+03	0	3.765468e-04
2.380000e+09	1.016868e+12	0.000000e+00	4.830509e-01	8.819497e+13	3.562239e+14	1.299258e+14	1.018151e+04	6.516321e+03	3.995777e+03	0	3.726282e-04
2.390000e+09	9.847882e+11	0.000000e+00	4.830509e-01	8.769207e+13	3.549302e+14	1.295116e+14	1.017297e+04	6.512562e+03	3.993472e+03	0	3.686678e-04
2.400000e+09	9.530429e+11	0.000000e+00	4.830509e-01	8.719413e+13	3.536435e+14	1.290998e+14	1.016448e+04	6.508813e+03	3.991173e+03	0	3.646630e-04
2.410000e+09	9.216274e+11	0.000000e+00	4.830509e-01	8.670107e+13	3.523638e+14	1.286903e+14	1.015604e+04	6.505074e+03	3.988880e+03	0	3.606113e-04
2.420000e+09	8.905369e+11	0.000000e+00	4.830509e-01	8.621282e+13	3.510911e+14	1.282832e+14	1.014764e+04	6.501346e+03	3.986594e+03	0	3.565099e-04
2.430000e+09	8.597670e+11	0.000000e+00	4.830509e-01	8.572931e+13	3.498252e+14	1.278783e+14	1.013930e+04	6.497628e+03	3.984314e+03	0	3.523556e-04
2.440000e+09	8.293131e+11	0.000000e+00	4.830509e-01	8.525049e+13	3.485663e+14	1.274758e+14	1.013100e+04	6.493920e+03	3.982040e+03	0	3.481452e-04
2.450000e+09	7.991708e+11	0.000000e+00	4.830509e-01	8.477629e+13	3.473143e+14	1.270756e+14	1.012274e+04	6.490222e+03	3.979773e+03	0	3.438751e-04
2.460000e+09	7.693358e+11	0.000000e+00	4.830509e-01	8.430664e+13	3.460691e+14	1.266776e+14	1.011453e+04	6.486534e+03	3.977512e+03	0	3.395415e-04
2.470000e+09	7.398038e+11	0.000000e+00	4.830509e-01	8.384148e+13	3.448308e+14	1.262818e+14	1.010637e+04	6.482857e+03	3.975257e+03	0	3.351401e-04
2.480000e+09	7.105707e+11	0.000000e+00	4.830509e-01	8.338075e+13	3.435991e+14	1.258883e+14	1.009825e+04	6.479190e+03	3.973008e+03	0	3.306663e-04
2.490000e+09	6.816323e+11	0.000000e+00	4.830509e-01	8.292440e+13	3.423742e+14	1.254971e+14	1.009018e+04	6.475533e+03	3.970766e+03	0	3.261151e-04
2.500000e+09	6.529846e+11	0.000000e+00	4.830509e-01	8.247237e+13	3.411559e+14	1.251080e+14	1.008215e+04	6.471887e+03	3.968530e+03	0	3.214809e-04
2.510000e+09	6.246237e+11	0.000000e+00	4.830509e-01	8.202459e+13	3.399445e+14	1.247211e+14	1.007416e+04	6.468250e+03	3.966300e+03	0	3.167576e-04
2.520000e+09	5.965456e+11	0.000000e+00	4.830509e-01	8.158101e+13	3.387396e+14	1.243364e+14	1.006622e+04	6.464624e+03	3.964077e+03	0	3.119384e-04
2.530000e+09	5.687465e+11	0.000000e+00	4.830509e-01	8.114157e+13	3.375412e+14	1.239538e+14	1.005832e+04	6.461008e+03	3.961860e+03	0	3.070156e-04
2.540000e+09	5.412227e+11	0.000000e+00	4.830509e-01	8.070623e+13	3.363494e+14	1.235734e+14	1.005046e+04	6.457403e+03	3.959649e+03	0	3.019810e-04
2.550000e+09	5.139704e+11	0.000000e+00	4.830509e-01	8.027492e+13	3.351642e+14	1.231950e+14	1.004265e+04	6.453807e+03	3.957444e+03	0	2.968249e-04
2.560000e+09	4.869861e+11	0.000000e+00	4.830509e-01	7.984760e+13	3.339855e+14	1.228189e+14	1.003487e+04	6.450222e+03	3.955245e+03	0	2.915366e-04
2.570000e+09	4.602661e+11	0.000000e+00	4.830509e-01	7.942421e+13	3.328132e+14	1.224448e+14	1.002714e+04	6.446647e+03	3.953053e+03	0	2.861040e-04
2.580000e+09	4.338069e+11	0.000000e+00	4.830509e-01	7.900470e+13	3.316473e+14	1.220727e+14	1.001945e+04	6.443082e+03	3.950867e+03	0	2.805130e-04
2.590000e+09	4.076052e+11	0.000000e+00	4.830509e-01	7.858902e+13	3.304878e+14	1.217028e+14	1.001180e+04	6.439528e+03	3.948688e+03	0	2.747477e-04
2.600000e+09	3.816574e+11	0.000000e+00	4.830509e-01	7.817713e+13	3.293346e+14	1.213349e+14	1.000419e+04	6.435983e+03	3.946514e+03	0	2.687894e-04
2.610000e+09	3.559602e+11	0.000000e+00	4.830509e-01	7.776896e+13	3.281878e+14	1.209690e+14	9.996617e+03	6.432449e+03	3.944347e+03	0	2.626161e-04
2.620000e+09	3.305104e+11	0.000000e+00	4.830509e-01	7.736448e+13	3.270472e+14	1.206052e+14	9.989085e+03	6.428924e+03	3.942186e+03	0	2.562021e-04
2.630000e+09	3.053047e+11	0.000000e+00	4.830509e-01	7.696364e+13	3.259128e+14	1.202434e+14	9.981593e+03	6.425410e+03	3.940031e+03	0	2.495162e-04
2.640000e+09	2.803400e+11	0.000000e+00	4.830509e-01	7.656639e+13	3.247847e+14	1.198835e+14	9.974140e+03	6.421906e+03	3.937882e+03	0	2.425210e-04
2.650000e+09	2.556131e+11	0.000000e+00	4.830509e-01	7.617269e+13	3.236628e+14	1.195257e+14	9.966725e+03	6.418412e+03	3.935740e+03	0	2.351700e-04
2.660000e+09	2.311210e+11	0.000000e+00	4.830509e-01	7.578249e+13	3.225469e+14	1.191698e+14	9.959347e+03	6.414928e+03	3.933603e+03	0	2.274054e-04
2.670000e+09	2.068606e+11	0.000000e+00	4.830509e-01	7.539575e+13	3.214372e+14	1.188159e+14	9.952008e+03	6.411454e+03	3.931473e+03	0	2.191527e-04
2.680000e+09	1.828290e+11	0.000000e+00	4.830509e-01	7.501243e+13	3.203335e+14	1.184639e+14	9.944706e+03	6.407990e+03	3.929349e+03	0	2.103145e-04
2.690000e+09	1.590233e+11	0.000000e+00	4.830509e-01	7.463247e+13	3.192358e+14	1.181138e+14	9.937441e+03	6.404536e+03	3.927231e+03	0	2.007587e-04
2.700000e+09	1.354405e+11	0.000000e+00	4.830509e-01	7.425585e+13	3.181442e+14	1.177657e+14	9.930213e+03	6.401092e+03	3.925119e+03	0	1.902992e-04
2.710000e+09	1.120778e+11	0.000000e+00	4.830509e-01	7.388251e+13	3.170585e+14	1.174194e+14	9.923021e+03	6.397659e+03	3.923014e+03	0	1.786600e-04
2.720000e+09	8.893250e+10	0.000000e+00	4.830509e-01	7.351243e+13	3.159787e+14	1.170751e+14	9.915866e+03	6.394235e+03	3.920914e+03	0	1.654021e-04
2.730000e+09	6.600182e+10	0.000000e+00	4.830509e-01	7.314555e+13	3.149048e+14	1.167326e+14	9.908746e+03	6.390820e+03	3.918821e+03	0	1.497521e-04
2.740000e+09	4.328305e+10	0.000000e+00	4.830509e-01	7.278184e+13	3.138368e+14	1.163920e+14	9.901661e+03	6.387416e+03	3.916733e+03	0	1.301049e-04
2.750000e+09	2.077356e+10	0.000000e+00	4.830509e-01	7.242126e+13	3.127745e+14	1.160532e+14	9.894612e+03	6.384022e+03	3.914652e+03	0	1.018649e-04
2.760000e+09	-1.529268e+09	0.000000e+00	4.830509e-01	7.206378e+13	3.117181e+14	1.157162e+14	9.887598e+03	6.380638e+03	3.912576e+03	0	nan
