#R=1.446436030209868
#interptype='linear'
#name='planet'
#norm={'P': 1000000000000.0, 'R': 1.446436030209868, 'M': 4.0, 'g': 18.793587131372593, 'rho': 4000.0}
#state=1
#composition
#layer0		Fe08FeS02		0.400000
#layer1		pv_fmw		0.600000
#Cols=
 #'ur		r		mr		rho		P		g		phi		T		composition'
#-end-
0.000000e+00	0.000000e+00	1.626918e-11	1.750780e+04	1.395416e+12	0.000000e+00	-3.190004e+08	5.000000e+03	0
5.025126e-03	7.268523e-03	3.984369e-06	1.750940e+04	1.395846e+12	-1.122640e-01	-3.189950e+08	5.000000e+03	0
1.005025e-02	1.453705e-02	1.251206e-05	1.751071e+04	1.396197e+12	-1.617174e-01	-3.189795e+08	5.000000e+03	0
1.507538e-02	2.180557e-02	4.029487e-05	1.751078e+04	1.396214e+12	5.502630e-02	-3.189534e+08	5.000000e+03	0
2.010050e-02	2.907409e-02	8.620834e-05	1.751037e+04	1.396104e+12	2.759085e-01	-3.189168e+08	5.000000e+03	0
2.512563e-02	3.634261e-02	1.614762e-04	1.750918e+04	1.395788e+12	5.034911e-01	-3.188693e+08	5.000000e+03	0
3.015075e-02	4.361114e-02	2.774931e-04	1.750729e+04	1.395281e+12	7.314533e-01	-3.188116e+08	5.000000e+03	0
3.517588e-02	5.087966e-02	4.239102e-04	1.750487e+04	1.394633e+12	9.596985e-01	-3.187435e+08	5.000000e+03	0
4.020101e-02	5.814818e-02	6.426991e-04	1.750150e+04	1.393731e+12	1.187933e+00	-3.186650e+08	5.000000e+03	0
4.522613e-02	6.541670e-02	8.838889e-04	1.749783e+04	1.392751e+12	1.416165e+00	-3.185758e+08	5.000000e+03	0
5.025126e-02	7.268523e-02	1.238037e-03	1.749299e+04	1.391456e+12	1.644242e+00	-3.184762e+08	5.000000e+03	0
5.527638e-02	7.995375e-02	1.618193e-03	1.748790e+04	1.390097e+12	1.872277e+00	-3.183662e+08	5.000000e+03	0
6.030151e-02	8.722227e-02	2.119545e-03	1.748175e+04	1.388456e+12	2.100109e+00	-3.182456e+08	5.000000e+03	0
6.532663e-02	9.449080e-02	2.676471e-03	1.747519e+04	1.386705e+12	2.327842e+00	-3.181147e+08	5.000000e+03	0
7.035176e-02	1.017593e-01	3.343040e-03	1.746780e+04	1.384735e+12	2.555380e+00	-3.179732e+08	5.000000e+03	0
7.537688e-02	1.090278e-01	4.108999e-03	1.745976e+04	1.382592e+12	2.782732e+00	-3.178214e+08	5.000000e+03	0
8.040201e-02	1.162964e-01	4.964064e-03	1.745114e+04	1.380294e+12	3.009920e+00	-3.176591e+08	5.000000e+03	0
8.542714e-02	1.235649e-01	5.971129e-03	1.744162e+04	1.377762e+12	3.236819e+00	-3.174864e+08	5.000000e+03	0
9.045226e-02	1.308334e-01	7.037838e-03	1.743175e+04	1.375138e+12	3.463604e+00	-3.173033e+08	5.000000e+03	0
9.547739e-02	1.381019e-01	8.317856e-03	1.742075e+04	1.372219e+12	3.689976e+00	-3.171098e+08	5.000000e+03	0
1.005025e-01	1.453705e-01	9.644953e-03	1.740952e+04	1.369237e+12	3.916257e+00	-3.169059e+08	5.000000e+03	0
1.055276e-01	1.526390e-01	1.120377e-02	1.739717e+04	1.365966e+12	4.142081e+00	-3.166916e+08	5.000000e+03	0
1.105528e-01	1.599075e-01	1.284408e-02	1.738446e+04	1.362601e+12	4.367743e+00	-3.164670e+08	5.000000e+03	0
1.155779e-01	1.671760e-01	1.468301e-02	1.737086e+04	1.359008e+12	4.593008e+00	-3.162320e+08	5.000000e+03	0
1.206030e-01	1.744445e-01	1.666771e-02	1.735667e+04	1.355262e+12	4.817979e+00	-3.159867e+08	5.000000e+03	0
1.256281e-01	1.817131e-01	1.880919e-02	1.734184e+04	1.351350e+12	5.042634e+00	-3.157311e+08	5.000000e+03	0
1.306533e-01	1.889816e-01	2.116915e-02	1.732617e+04	1.347226e+12	5.266843e+00	-3.154652e+08	5.000000e+03	0
1.356784e-01	1.962501e-01	2.363540e-02	1.731010e+04	1.342999e+12	5.490835e+00	-3.151890e+08	5.000000e+03	0
1.407035e-01	2.035186e-01	2.640110e-02	1.729295e+04	1.338500e+12	5.714210e+00	-3.149025e+08	5.000000e+03	0
1.457286e-01	2.107872e-01	2.923418e-02	1.727556e+04	1.333942e+12	5.937445e+00	-3.146058e+08	5.000000e+03	0
1.507538e-01	2.180557e-01	3.241561e-02	1.725700e+04	1.329090e+12	6.159955e+00	-3.142989e+08	5.000000e+03	0
1.557789e-01	2.253242e-01	3.569275e-02	1.723814e+04	1.324162e+12	6.382264e+00	-3.139817e+08	5.000000e+03	0
1.608040e-01	2.325927e-01	3.926407e-02	1.721834e+04	1.319002e+12	6.603955e+00	-3.136544e+08	5.000000e+03	0
1.658291e-01	2.398613e-01	4.301475e-02	1.719799e+04	1.313710e+12	6.825266e+00	-3.133169e+08	5.000000e+03	0
1.708543e-01	2.471298e-01	4.699710e-02	1.717695e+04	1.308245e+12	7.046085e+00	-3.129693e+08	5.000000e+03	0
1.758794e-01	2.543983e-01	5.125035e-02	1.715512e+04	1.302592e+12	7.266325e+00	-3.126115e+08	5.000000e+03	0
1.809045e-01	2.616668e-01	5.566455e-02	1.713283e+04	1.296826e+12	7.486221e+00	-3.122437e+08	5.000000e+03	0
1.859296e-01	2.689353e-01	6.044886e-02	1.710953e+04	1.290817e+12	7.705319e+00	-3.118658e+08	5.000000e+03	0
1.909548e-01	2.762039e-01	6.531971e-02	1.708598e+04	1.284751e+12	7.924230e+00	-3.114778e+08	5.000000e+03	0
1.959799e-01	2.834724e-01	7.065875e-02	1.706120e+04	1.278394e+12	8.142122e+00	-3.110799e+08	5.000000e+03	0
2.010050e-01	2.907409e-01	7.609624e-02	1.703618e+04	1.271979e+12	8.359798e+00	-3.106719e+08	5.000000e+03	0
2.060302e-01	2.980094e-01	8.192755e-02	1.701015e+04	1.265332e+12	8.576609e+00	-3.102540e+08	5.000000e+03	0
2.110553e-01	3.052780e-01	8.795885e-02	1.698364e+04	1.258573e+12	8.792978e+00	-3.098261e+08	5.000000e+03	0
2.160804e-01	3.125465e-01	9.430180e-02	1.695637e+04	1.251640e+12	9.008657e+00	-3.093884e+08	5.000000e+03	0
2.211055e-01	3.198150e-01	1.009535e-01	1.692838e+04	1.244543e+12	9.223646e+00	-3.089407e+08	5.000000e+03	0
2.261307e-01	3.270835e-01	1.078270e-01	1.689986e+04	1.237329e+12	9.438140e+00	-3.084843e+08	5.000000e+03	0
2.311558e-01	3.343520e-01	1.151250e-01	1.687038e+04	1.229901e+12	9.651677e+00	-3.080159e+08	5.000000e+03	0
2.361809e-01	3.416206e-01	1.225477e-01	1.684061e+04	1.222409e+12	9.864933e+00	-3.075388e+08	5.000000e+03	0
2.412060e-01	3.488891e-01	1.305171e-01	1.680964e+04	1.214656e+12	1.007695e+01	-3.070520e+08	5.000000e+03	0
2.462312e-01	3.561576e-01	1.385975e-01	1.677844e+04	1.206851e+12	1.028870e+01	-3.065554e+08	5.000000e+03	0
2.512563e-01	3.634261e-01	1.471724e-01	1.674617e+04	1.198820e+12	1.049933e+01	-3.060492e+08	5.000000e+03	0
2.562814e-01	3.706947e-01	1.559554e-01	1.671347e+04	1.190698e+12	1.070947e+01	-3.055331e+08	5.000000e+03	0
2.613065e-01	3.779632e-01	1.651324e-01	1.667995e+04	1.182405e+12	1.091870e+01	-3.050076e+08	5.000000e+03	0
2.663317e-01	3.852317e-01	1.746413e-01	1.664576e+04	1.173973e+12	1.112715e+01	-3.044727e+08	5.000000e+03	0
2.713568e-01	3.925002e-01	1.844371e-01	1.661099e+04	1.165423e+12	1.133493e+01	-3.039281e+08	5.000000e+03	0
2.763819e-01	3.997688e-01	1.946946e-01	1.657531e+04	1.156689e+12	1.154161e+01	-3.033740e+08	5.000000e+03	0
2.814070e-01	4.070373e-01	2.051252e-01	1.653928e+04	1.147887e+12	1.174789e+01	-3.028105e+08	5.000000e+03	0
2.864322e-01	4.143058e-01	2.161532e-01	1.650210e+04	1.138858e+12	1.195274e+01	-3.022375e+08	5.000000e+03	0
2.914573e-01	4.215743e-01	2.273069e-01	1.646468e+04	1.129783e+12	1.215729e+01	-3.016551e+08	5.000000e+03	0
2.964824e-01	4.288428e-01	2.390537e-01	1.642613e+04	1.120494e+12	1.236041e+01	-3.010634e+08	5.000000e+03	0
3.015075e-01	4.361114e-01	2.510044e-01	1.638721e+04	1.111134e+12	1.256303e+01	-3.004624e+08	5.000000e+03	0
3.065327e-01	4.433799e-01	2.634311e-01	1.634740e+04	1.101610e+12	1.276449e+01	-2.998521e+08	5.000000e+03	0
3.115578e-01	4.506484e-01	2.761984e-01	1.630698e+04	1.091974e+12	1.296510e+01	-2.992326e+08	5.000000e+03	0
3.165829e-01	4.579169e-01	2.893190e-01	1.626590e+04	1.082221e+12	1.316485e+01	-2.986040e+08	5.000000e+03	0
3.216080e-01	4.651855e-01	3.029218e-01	1.622397e+04	1.072317e+12	1.336338e+01	-2.979662e+08	5.000000e+03	0
3.266332e-01	4.724540e-01	3.167495e-01	1.618163e+04	1.062342e+12	1.356136e+01	-2.973193e+08	5.000000e+03	0
3.316583e-01	4.797225e-01	3.312054e-01	1.613818e+04	1.052178e+12	1.375775e+01	-2.966634e+08	5.000000e+03	0
3.366834e-01	4.869910e-01	3.457995e-01	1.609449e+04	1.041974e+12	1.395378e+01	-2.959985e+08	5.000000e+03	0
3.417085e-01	4.942595e-01	3.610787e-01	1.604961e+04	1.031573e+12	1.414807e+01	-2.953248e+08	5.000000e+03	0
3.467337e-01	5.015281e-01	3.765470e-01	1.600440e+04	1.021120e+12	1.434186e+01	-2.946420e+08	5.000000e+03	0
3.517588e-01	5.087966e-01	3.925693e-01	1.595824e+04	1.010516e+12	1.453421e+01	-2.939505e+08	5.000000e+03	0
3.567839e-01	5.160651e-01	4.089272e-01	1.591151e+04	9.998250e+11	1.472568e+01	-2.932502e+08	5.000000e+03	0
3.618090e-01	5.233336e-01	4.257030e-01	1.586406e+04	9.890249e+11	1.491605e+01	-2.925411e+08	5.000000e+03	0
3.668342e-01	5.306022e-01	4.429647e-01	1.581580e+04	9.781043e+11	1.510512e+01	-2.918234e+08	5.000000e+03	0
3.718593e-01	5.378707e-01	4.605040e-01	1.576707e+04	9.671150e+11	1.529345e+01	-2.910970e+08	5.000000e+03	0
3.768844e-01	5.451392e-01	4.786824e-01	1.571727e+04	9.559749e+11	1.548006e+01	-2.903620e+08	5.000000e+03	0
3.819095e-01	5.524077e-01	4.970085e-01	1.566723e+04	9.448002e+11	1.566626e+01	-2.896185e+08	5.000000e+03	0
3.869347e-01	5.596763e-01	5.161013e-01	1.561591e+04	9.334537e+11	1.585035e+01	-2.888665e+08	5.000000e+03	0
3.919598e-01	5.669448e-01	5.353590e-01	1.556432e+04	9.220722e+11	1.603399e+01	-2.881061e+08	5.000000e+03	0
3.969849e-01	5.742133e-01	5.552404e-01	1.551170e+04	9.105581e+11	1.621588e+01	-2.873373e+08	5.000000e+03	0
4.020101e-01	5.814818e-01	5.754399e-01	1.545855e+04	8.989801e+11	1.639687e+01	-2.865603e+08	5.000000e+03	0
4.070352e-01	5.887503e-01	5.961166e-01	1.540463e+04	8.873059e+11	1.657650e+01	-2.857750e+08	5.000000e+03	0
4.120603e-01	5.960189e-01	6.172667e-01	1.534992e+04	8.755417e+11	1.675477e+01	-2.849815e+08	5.000000e+03	0
4.170854e-01	6.032874e-01	6.387447e-01	1.529467e+04	8.637151e+11	1.693209e+01	-2.841799e+08	5.000000e+03	0
4.221106e-01	6.105559e-01	6.608530e-01	1.523839e+04	8.517754e+11	1.710756e+01	-2.833702e+08	5.000000e+03	0
4.271357e-01	6.178244e-01	6.831373e-01	1.518182e+04	8.398041e+11	1.728251e+01	-2.825525e+08	5.000000e+03	0
4.321608e-01	6.250930e-01	7.062101e-01	1.512396e+04	8.276998e+11	1.745510e+01	-2.817268e+08	5.000000e+03	0
4.371859e-01	6.323615e-01	7.294381e-01	1.506584e+04	8.155706e+11	1.762721e+01	-2.808933e+08	5.000000e+03	0
4.422111e-01	6.396300e-01	7.533469e-01	1.500660e+04	8.033338e+11	1.779725e+01	-2.800519e+08	5.000000e+03	0
4.472362e-01	6.468985e-01	7.775450e-01	1.494688e+04	7.910541e+11	1.796639e+01	-2.792028e+08	5.000000e+03	0
4.522613e-01	6.541670e-01	8.022700e-01	1.488629e+04	7.786967e+11	1.813389e+01	-2.783462e+08	5.000000e+03	0
4.572864e-01	6.614356e-01	8.274411e-01	1.482496e+04	7.662779e+11	1.829996e+01	-2.774817e+08	5.000000e+03	0
4.623116e-01	6.687041e-01	8.529838e-01	1.476301e+04	7.538080e+11	1.846486e+01	-2.766097e+08	5.000000e+03	0
4.673367e-01	6.759726e-01	8.791289e-01	1.470005e+04	7.412616e+11	1.862780e+01	-2.757305e+08	5.000000e+03	0
4.723618e-01	6.832411e-01	9.054897e-01	1.463672e+04	7.286877e+11	1.879003e+01	-2.748440e+08	5.000000e+03	0
4.773869e-01	6.905097e-01	9.326087e-01	1.457212e+04	7.160253e+11	1.894975e+01	-2.739491e+08	5.000000e+03	0
4.824121e-01	6.977782e-01	9.598835e-01	1.450725e+04	7.033457e+11	1.910894e+01	-2.730476e+08	5.000000e+03	0
4.874372e-01	7.050467e-01	9.878778e-01	1.444114e+04	6.905895e+11	1.926568e+01	-2.721389e+08	5.000000e+03	0
4.924623e-01	7.123152e-01	1.016124e+00	1.437460e+04	6.778091e+11	1.942154e+01	-2.712229e+08	5.000000e+03	0
4.974874e-01	7.195838e-01	1.044931e+00	1.430708e+04	6.649747e+11	1.957543e+01	-2.703001e+08	5.000000e+03	0
5.025126e-01	7.268523e-01	1.074144e+00	1.423885e+04	6.521057e+11	1.972788e+01	-2.693702e+08	5.000000e+03	0
5.075377e-01	7.341208e-01	1.103761e+00	1.416990e+04	6.392020e+11	1.987887e+01	-2.684333e+08	5.000000e+03	0
5.125628e-01	7.413893e-01	1.133934e+00	1.409996e+04	6.262566e+11	2.002782e+01	-2.674896e+08	5.000000e+03	0
5.175879e-01	7.486578e-01	1.164355e+00	1.402957e+04	6.132925e+11	2.017585e+01	-2.665392e+08	5.000000e+03	0
5.226131e-01	7.559264e-01	1.195481e+00	1.395789e+04	6.002832e+11	2.032121e+01	-2.655821e+08	5.000000e+03	0
5.276382e-01	7.631949e-01	1.226759e+00	1.388592e+04	5.872647e+11	2.046598e+01	-2.646184e+08	5.000000e+03	0
5.326633e-01	7.704634e-01	1.258770e+00	1.381258e+04	5.742072e+11	2.060789e+01	-2.636481e+08	5.000000e+03	0
5.376884e-01	7.777319e-01	1.290987e+00	1.373884e+04	5.611410e+11	2.074896e+01	-2.626714e+08	5.000000e+03	0
5.427136e-01	7.850005e-01	1.323781e+00	1.366399e+04	5.480506e+11	2.088770e+01	-2.616883e+08	5.000000e+03	0
5.477387e-01	7.922690e-01	1.356926e+00	1.358845e+04	5.349495e+11	2.102498e+01	-2.606989e+08	5.000000e+03	0
5.527638e-01	7.995375e-01	1.390493e+00	1.351206e+04	5.218356e+11	2.116049e+01	-2.597033e+08	5.000000e+03	0
5.577889e-01	8.068060e-01	1.424551e+00	1.343467e+04	5.087126e+11	2.129388e+01	-2.587016e+08	5.000000e+03	0
5.628141e-01	8.140745e-01	1.458879e+00	1.335673e+04	4.955847e+11	2.142610e+01	-2.576939e+08	5.000000e+03	0
5.678392e-01	8.213431e-01	1.493833e+00	1.327746e+04	4.824530e+11	2.155550e+01	-2.566799e+08	5.000000e+03	0
5.728643e-01	8.286116e-01	1.528930e+00	1.319789e+04	4.693208e+11	2.168425e+01	-2.556606e+08	5.000000e+03	0
5.778894e-01	8.358801e-01	1.564742e+00	1.311674e+04	4.561937e+11	2.180966e+01	-2.546353e+08	5.000000e+03	0
5.829146e-01	8.431486e-01	1.597253e+00	1.236142e+04	4.443251e+11	2.188779e+01	-2.536043e+08	5.000000e+03	0
5.879397e-01	8.504172e-01	1.617940e+00	9.190311e+03	4.369656e+11	2.179648e+01	-2.525693e+08	5.000000e+03	0
5.929648e-01	8.576857e-01	1.638813e+00	7.301620e+03	4.296549e+11	2.170761e+01	-2.515355e+08	5.000000e+03	1
5.979899e-01	8.649542e-01	1.659955e+00	7.265305e+03	4.224146e+11	2.162226e+01	-2.505058e+08	5.000000e+03	1
6.030151e-01	8.722227e-01	1.681369e+00	7.229034e+03	4.152432e+11	2.154022e+01	-2.494803e+08	5.000000e+03	1
6.080402e-01	8.794913e-01	1.702965e+00	7.192792e+03	4.081177e+11	2.146040e+01	-2.484590e+08	5.000000e+03	1
6.130653e-01	8.867598e-01	1.724919e+00	7.156591e+03	4.010795e+11	2.138464e+01	-2.474415e+08	5.000000e+03	1
6.180905e-01	8.940283e-01	1.746967e+00	7.120402e+03	3.940645e+11	2.130995e+01	-2.464278e+08	5.000000e+03	1
6.231156e-01	9.012968e-01	1.769457e+00	7.084247e+03	3.871543e+11	2.123995e+01	-2.454178e+08	5.000000e+03	1
6.281407e-01	9.085653e-01	1.792033e+00	7.048096e+03	3.802638e+11	2.117080e+01	-2.444113e+08	5.000000e+03	1
6.331658e-01	9.158339e-01	1.814980e+00	7.011958e+03	3.734586e+11	2.110532e+01	-2.434082e+08	5.000000e+03	1
6.381910e-01	9.231024e-01	1.838089e+00	6.975821e+03	3.666899e+11	2.104133e+01	-2.424085e+08	5.000000e+03	1
6.432161e-01	9.303709e-01	1.861480e+00	6.939683e+03	3.599847e+11	2.097996e+01	-2.414119e+08	5.000000e+03	1
6.482412e-01	9.376394e-01	1.885117e+00	6.903535e+03	3.533334e+11	2.092070e+01	-2.404184e+08	5.000000e+03	1
6.532663e-01	9.449080e-01	1.908951e+00	6.867380e+03	3.467252e+11	2.086315e+01	-2.394278e+08	5.000000e+03	1
6.582915e-01	9.521765e-01	1.933112e+00	6.831199e+03	3.401874e+11	2.080823e+01	-2.384402e+08	5.000000e+03	1
6.633166e-01	9.594450e-01	1.957385e+00	6.795010e+03	3.336736e+11	2.075421e+01	-2.374553e+08	5.000000e+03	1
6.683417e-01	9.667135e-01	1.982064e+00	6.758775e+03	3.272459e+11	2.070325e+01	-2.364731e+08	5.000000e+03	1
6.733668e-01	9.739821e-01	2.006826e+00	6.722528e+03	3.208354e+11	2.065289e+01	-2.354935e+08	5.000000e+03	1
6.783920e-01	9.812506e-01	2.031964e+00	6.686224e+03	3.145032e+11	2.060518e+01	-2.345165e+08	5.000000e+03	1
6.834171e-01	9.885191e-01	2.057237e+00	6.649894e+03	3.081989e+11	2.055836e+01	-2.335419e+08	5.000000e+03	1
6.884422e-01	9.957876e-01	2.082800e+00	6.613509e+03	3.019544e+11	2.051344e+01	-2.325696e+08	5.000000e+03	1
6.934673e-01	1.003056e+00	2.108578e+00	6.577075e+03	2.957536e+11	2.046985e+01	-2.315997e+08	5.000000e+03	1
6.984925e-01	1.010325e+00	2.134562e+00	6.540594e+03	2.895949e+11	2.042752e+01	-2.306319e+08	5.000000e+03	1
7.035176e-01	1.017593e+00	2.160836e+00	6.504035e+03	2.834951e+11	2.038686e+01	-2.296664e+08	5.000000e+03	1
7.085427e-01	1.024862e+00	2.187236e+00	6.467442e+03	2.774206e+11	2.034691e+01	-2.287029e+08	5.000000e+03	1
7.135678e-01	1.032130e+00	2.213999e+00	6.430736e+03	2.714198e+11	2.030891e+01	-2.277414e+08	5.000000e+03	1
7.185930e-01	1.039399e+00	2.240841e+00	6.394006e+03	2.654348e+11	2.027131e+01	-2.267820e+08	5.000000e+03	1
7.236181e-01	1.046667e+00	2.268052e+00	6.357144e+03	2.595244e+11	2.023556e+01	-2.258244e+08	5.000000e+03	1
7.286432e-01	1.053936e+00	2.295371e+00	6.320240e+03	2.536360e+11	2.020030e+01	-2.248687e+08	5.000000e+03	1
7.336683e-01	1.061204e+00	2.322978e+00	6.283222e+03	2.478059e+11	2.016638e+01	-2.239148e+08	5.000000e+03	1
7.386935e-01	1.068473e+00	2.350765e+00	6.246123e+03	2.420126e+11	2.013324e+01	-2.229627e+08	5.000000e+03	1
7.437186e-01	1.075741e+00	2.378760e+00	6.208932e+03	2.362618e+11	2.010099e+01	-2.220123e+08	5.000000e+03	1
7.487437e-01	1.083010e+00	2.407004e+00	6.171617e+03	2.305623e+11	2.006973e+01	-2.210636e+08	5.000000e+03	1
7.537688e-01	1.090278e+00	2.435380e+00	6.134237e+03	2.248898e+11	2.003900e+01	-2.201165e+08	5.000000e+03	1
7.587940e-01	1.097547e+00	2.464071e+00	6.096684e+03	2.192830e+11	2.000942e+01	-2.191710e+08	5.000000e+03	1
7.638191e-01	1.104815e+00	2.492832e+00	6.059091e+03	2.136910e+11	1.998010e+01	-2.182271e+08	5.000000e+03	1
7.688442e-01	1.112084e+00	2.521943e+00	6.021285e+03	2.081731e+11	1.995197e+01	-2.172847e+08	5.000000e+03	1
7.738693e-01	1.119353e+00	2.551135e+00	5.983424e+03	2.026727e+11	1.992408e+01	-2.163438e+08	5.000000e+03	1
7.788945e-01	1.126621e+00	2.580600e+00	5.945380e+03	1.972313e+11	1.989704e+01	-2.154043e+08	5.000000e+03	1
7.839196e-01	1.133890e+00	2.610209e+00	5.907228e+03	1.918217e+11	1.987040e+01	-2.144663e+08	5.000000e+03	1
7.889447e-01	1.141158e+00	2.640018e+00	5.868927e+03	1.864563e+11	1.984433e+01	-2.135296e+08	5.000000e+03	1
7.939698e-01	1.148427e+00	2.670029e+00	5.830459e+03	1.811371e+11	1.981877e+01	-2.125944e+08	5.000000e+03	1
7.989950e-01	1.155695e+00	2.700171e+00	5.791883e+03	1.758475e+11	1.979354e+01	-2.116605e+08	5.000000e+03	1
8.040201e-01	1.162964e+00	2.730570e+00	5.753072e+03	1.706183e+11	1.976889e+01	-2.107279e+08	5.000000e+03	1
8.090452e-01	1.170232e+00	2.761033e+00	5.714202e+03	1.654042e+11	1.974438e+01	-2.097967e+08	5.000000e+03	1
8.140704e-01	1.177501e+00	2.791804e+00	5.675021e+03	1.602649e+11	1.972049e+01	-2.088665e+08	5.000000e+03	1
8.190955e-01	1.184769e+00	2.822631e+00	5.635775e+03	1.551400e+11	1.969669e+01	-2.079380e+08	5.000000e+03	1
8.241206e-01	1.192038e+00	2.853701e+00	5.596255e+03	1.500768e+11	1.967330e+01	-2.070106e+08	5.000000e+03	1
8.291457e-01	1.199306e+00	2.884876e+00	5.556600e+03	1.450417e+11	1.965007e+01	-2.060844e+08	5.000000e+03	1
8.341709e-01	1.206575e+00	2.916230e+00	5.516720e+03	1.400540e+11	1.962708e+01	-2.051595e+08	5.000000e+03	1
8.391960e-01	1.213843e+00	2.947735e+00	5.476624e+03	1.351089e+11	1.960426e+01	-2.042358e+08	5.000000e+03	1
8.442211e-01	1.221112e+00	2.979358e+00	5.436360e+03	1.301969e+11	1.958157e+01	-2.033133e+08	5.000000e+03	1
8.492462e-01	1.228380e+00	3.011173e+00	5.395786e+03	1.253421e+11	1.955903e+01	-2.023920e+08	5.000000e+03	1
8.542714e-01	1.235649e+00	3.043051e+00	5.355112e+03	1.205060e+11	1.953654e+01	-2.014719e+08	5.000000e+03	1
8.592965e-01	1.242917e+00	3.075154e+00	5.314023e+03	1.157420e+11	1.951414e+01	-2.005530e+08	5.000000e+03	1
8.643216e-01	1.250186e+00	3.107300e+00	5.272845e+03	1.109926e+11	1.949175e+01	-1.996353e+08	5.000000e+03	1
8.693467e-01	1.257454e+00	3.139638e+00	5.231262e+03	1.063095e+11	1.946937e+01	-1.987187e+08	5.000000e+03	1
8.743719e-01	1.264723e+00	3.172042e+00	5.189513e+03	1.016516e+11	1.944695e+01	-1.978034e+08	5.000000e+03	1
8.793970e-01	1.271991e+00	3.204584e+00	5.147425e+03	9.704573e+10	1.942448e+01	-1.968893e+08	5.000000e+03	1
8.844221e-01	1.279260e+00	3.237221e+00	5.105056e+03	9.248018e+10	1.940191e+01	-1.959763e+08	5.000000e+03	1
8.894472e-01	1.286529e+00	3.269948e+00	5.062426e+03	8.795214e+10	1.937926e+01	-1.950646e+08	5.000000e+03	1
8.944724e-01	1.293797e+00	3.302792e+00	5.019382e+03	8.347981e+10	1.935641e+01	-1.941540e+08	5.000000e+03	1
8.994975e-01	1.301066e+00	3.335683e+00	4.976168e+03	7.903033e+10	1.933349e+01	-1.932447e+08	5.000000e+03	1
9.045226e-01	1.308334e+00	3.368705e+00	4.932387e+03	7.465229e+10	1.931024e+01	-1.923366e+08	5.000000e+03	1
9.095477e-01	1.315603e+00	3.401751e+00	4.888481e+03	7.028949e+10	1.928691e+01	-1.914296e+08	5.000000e+03	1
9.145729e-01	1.322871e+00	3.434908e+00	4.843953e+03	6.599967e+10	1.926317e+01	-1.905239e+08	5.000000e+03	1
9.195980e-01	1.330140e+00	3.468092e+00	4.799217e+03	6.173276e+10	1.923927e+01	-1.896195e+08	5.000000e+03	1
9.246231e-01	1.337408e+00	3.501346e+00	4.753948e+03	5.752425e+10	1.921499e+01	-1.887163e+08	5.000000e+03	1
9.296482e-01	1.344677e+00	3.534633e+00	4.708296e+03	5.335472e+10	1.919040e+01	-1.878144e+08	5.000000e+03	1
9.346734e-01	1.351945e+00	3.567958e+00	4.662216e+03	4.922865e+10	1.916548e+01	-1.869137e+08	5.000000e+03	1
9.396985e-01	1.359214e+00	3.601312e+00	4.615547e+03	4.515815e+10	1.914007e+01	-1.860144e+08	5.000000e+03	1
9.447236e-01	1.366482e+00	3.634680e+00	4.568578e+03	4.111580e+10	1.911441e+01	-1.851164e+08	5.000000e+03	1
9.497487e-01	1.373751e+00	3.668060e+00	4.520772e+03	3.714621e+10	1.908804e+01	-1.842197e+08	5.000000e+03	1
9.547739e-01	1.381019e+00	3.701441e+00	4.472773e+03	3.319295e+10	1.906151e+01	-1.833244e+08	5.000000e+03	1
9.597990e-01	1.388288e+00	3.734805e+00	4.423734e+03	2.932247e+10	1.903408e+01	-1.824304e+08	5.000000e+03	1
9.648241e-01	1.395556e+00	3.768156e+00	4.374406e+03	2.547291e+10	1.900641e+01	-1.815379e+08	5.000000e+03	1
9.698492e-01	1.402825e+00	3.801466e+00	4.324146e+03	2.169094e+10	1.897794e+01	-1.806467e+08	5.000000e+03	1
9.748744e-01	1.410093e+00	3.834736e+00	4.273296e+03	1.794765e+10	1.894898e+01	-1.797572e+08	5.000000e+03	1
9.798995e-01	1.417362e+00	3.867954e+00	4.221655e+03	1.425620e+10	1.891935e+01	-1.788690e+08	5.000000e+03	1
9.849246e-01	1.424630e+00	3.901089e+00	4.169038e+03	1.062212e+10	1.888893e+01	-1.779823e+08	5.000000e+03	1
9.899497e-01	1.431899e+00	3.934172e+00	4.115817e+03	7.023476e+09	1.885803e+01	-1.770972e+08	5.000000e+03	1
9.949749e-01	1.439168e+00	3.967104e+00	4.058403e+03	3.502567e+09	1.882594e+01	-1.762138e+08	5.000000e+03	1
1.000000e+00	1.446436e+00	4.000000e+00	4.000000e+03	-1.907349e-06	1.879359e+01	-1.753318e+08	3.000000e+02	1
