#R=1.5946035540474557
#interptype='linear'
#name='planet'
#norm={'P': 1000000000000.0, 'R': 1.5946035540474557, 'M': 5.7999999999999998, 'g': 22.42181120230061, 'rho': 4000.0}
#state=1
#composition
#layer0		Fe08FeS02		0.400000
#layer1		pv_fmw		0.600000
#Cols=
 #'ur		r		mr		rho		P		g		phi		T		composition'
#-end-
0.000000e+00	0.000000e+00	3.123703e-11	1.990967e+04	2.083567e+12	0.000000e+00	-4.242169e+08	5.000000e+03	0
5.025126e-03	8.013083e-03	6.070994e-06	1.991169e+04	2.084230e+12	-1.338180e-01	-4.242094e+08	5.000000e+03	0
1.005025e-02	1.602617e-02	1.906466e-05	1.991333e+04	2.084769e+12	-1.902130e-01	-4.241881e+08	5.000000e+03	0
1.507538e-02	2.403925e-02	6.139742e-05	1.991337e+04	2.084783e+12	8.151802e-02	-4.241521e+08	5.000000e+03	0
2.010050e-02	3.205233e-02	1.313554e-04	1.991281e+04	2.084598e+12	3.584350e-01	-4.241014e+08	5.000000e+03	0
2.512563e-02	4.006542e-02	2.460399e-04	1.991125e+04	2.084088e+12	6.437483e-01	-4.240359e+08	5.000000e+03	0
3.015075e-02	4.807850e-02	4.228097e-04	1.990879e+04	2.083279e+12	9.295283e-01	-4.239561e+08	5.000000e+03	0
3.517588e-02	5.609158e-02	6.458971e-04	1.990564e+04	2.082248e+12	1.215657e+00	-4.238619e+08	5.000000e+03	0
4.020101e-02	6.410467e-02	9.792411e-04	1.990128e+04	2.080818e+12	1.501753e+00	-4.237534e+08	5.000000e+03	0
4.522613e-02	7.211775e-02	1.346712e-03	1.989654e+04	2.079266e+12	1.787841e+00	-4.236302e+08	5.000000e+03	0
5.025126e-02	8.013083e-02	1.886252e-03	1.989028e+04	2.077217e+12	2.073703e+00	-4.234926e+08	5.000000e+03	0
5.527638e-02	8.814392e-02	2.465406e-03	1.988372e+04	2.075069e+12	2.359505e+00	-4.233404e+08	5.000000e+03	0
6.030151e-02	9.615700e-02	3.229149e-03	1.987580e+04	2.072479e+12	2.645018e+00	-4.231739e+08	5.000000e+03	0
6.532663e-02	1.041701e-01	4.077519e-03	1.986734e+04	2.069714e+12	2.930390e+00	-4.229928e+08	5.000000e+03	0
7.035176e-02	1.121832e-01	5.092855e-03	1.985783e+04	2.066607e+12	3.215484e+00	-4.227974e+08	5.000000e+03	0
7.537688e-02	1.201962e-01	6.259506e-03	1.984748e+04	2.063229e+12	3.500317e+00	-4.225876e+08	5.000000e+03	0
8.040201e-02	1.282093e-01	7.561821e-03	1.983637e+04	2.059607e+12	3.784915e+00	-4.223634e+08	5.000000e+03	0
8.542714e-02	1.362224e-01	9.095490e-03	1.982413e+04	2.055618e+12	4.069104e+00	-4.221247e+08	5.000000e+03	0
9.045226e-02	1.442355e-01	1.071994e-02	1.981144e+04	2.051485e+12	4.353132e+00	-4.218718e+08	5.000000e+03	0
9.547739e-02	1.522486e-01	1.266898e-02	1.979730e+04	2.046889e+12	4.636575e+00	-4.216043e+08	5.000000e+03	0
1.005025e-01	1.602617e-01	1.468964e-02	1.978286e+04	2.042196e+12	4.919888e+00	-4.213228e+08	5.000000e+03	0
1.055276e-01	1.682747e-01	1.706279e-02	1.976698e+04	2.037049e+12	5.202555e+00	-4.210267e+08	5.000000e+03	0
1.105528e-01	1.762878e-01	1.955986e-02	1.975065e+04	2.031755e+12	5.484992e+00	-4.207163e+08	5.000000e+03	0
1.155779e-01	1.843009e-01	2.235896e-02	1.973319e+04	2.026105e+12	5.766868e+00	-4.203919e+08	5.000000e+03	0
1.206030e-01	1.923140e-01	2.537964e-02	1.971496e+04	2.020215e+12	6.048327e+00	-4.200529e+08	5.000000e+03	0
1.256281e-01	2.003271e-01	2.863863e-02	1.969591e+04	2.014067e+12	6.329339e+00	-4.196999e+08	5.000000e+03	0
1.306533e-01	2.083402e-01	3.222958e-02	1.967579e+04	2.007587e+12	6.609721e+00	-4.193327e+08	5.000000e+03	0
1.356784e-01	2.163532e-01	3.598202e-02	1.965516e+04	2.000945e+12	6.889795e+00	-4.189513e+08	5.000000e+03	0
1.407035e-01	2.243663e-01	4.018924e-02	1.963315e+04	1.993881e+12	7.168996e+00	-4.185557e+08	5.000000e+03	0
1.457286e-01	2.323794e-01	4.449878e-02	1.961084e+04	1.986724e+12	7.448000e+00	-4.181460e+08	5.000000e+03	0
1.507538e-01	2.403925e-01	4.933711e-02	1.958702e+04	1.979108e+12	7.725979e+00	-4.177222e+08	5.000000e+03	0
1.557789e-01	2.484056e-01	5.432063e-02	1.956282e+04	1.971376e+12	8.003674e+00	-4.172843e+08	5.000000e+03	0
1.608040e-01	2.564187e-01	5.975047e-02	1.953743e+04	1.963282e+12	8.280495e+00	-4.168325e+08	5.000000e+03	0
1.658291e-01	2.644317e-01	6.545227e-02	1.951134e+04	1.954981e+12	8.556779e+00	-4.163667e+08	5.000000e+03	0
1.708543e-01	2.724448e-01	7.150535e-02	1.948435e+04	1.946414e+12	8.832369e+00	-4.158869e+08	5.000000e+03	0
1.758794e-01	2.804579e-01	7.796893e-02	1.945637e+04	1.937554e+12	9.107141e+00	-4.153932e+08	5.000000e+03	0
1.809045e-01	2.884710e-01	8.467642e-02	1.942780e+04	1.928519e+12	9.381426e+00	-4.148856e+08	5.000000e+03	0
1.859296e-01	2.964841e-01	9.194439e-02	1.939794e+04	1.919108e+12	9.654585e+00	-4.143642e+08	5.000000e+03	0
1.909548e-01	3.044972e-01	9.934340e-02	1.936777e+04	1.909608e+12	9.927479e+00	-4.138288e+08	5.000000e+03	0
1.959799e-01	3.125102e-01	1.074509e-01	1.933603e+04	1.899658e+12	1.019894e+01	-4.132799e+08	5.000000e+03	0
2.010050e-01	3.205233e-01	1.157074e-01	1.930397e+04	1.889619e+12	1.047009e+01	-4.127172e+08	5.000000e+03	0
2.060302e-01	3.285364e-01	1.245593e-01	1.927065e+04	1.879222e+12	1.074002e+01	-4.121409e+08	5.000000e+03	0
2.110553e-01	3.365495e-01	1.337135e-01	1.923671e+04	1.868653e+12	1.100933e+01	-4.115508e+08	5.000000e+03	0
2.160804e-01	3.445626e-01	1.433386e-01	1.920180e+04	1.857816e+12	1.127766e+01	-4.109472e+08	5.000000e+03	0
2.211055e-01	3.525757e-01	1.534298e-01	1.916597e+04	1.846727e+12	1.154503e+01	-4.103300e+08	5.000000e+03	0
2.261307e-01	3.605887e-01	1.638560e-01	1.912948e+04	1.835458e+12	1.181169e+01	-4.096994e+08	5.000000e+03	0
2.311558e-01	3.686018e-01	1.749223e-01	1.909176e+04	1.823860e+12	1.207701e+01	-4.090553e+08	5.000000e+03	0
2.361809e-01	3.766149e-01	1.861770e-01	1.905368e+04	1.812166e+12	1.234193e+01	-4.083978e+08	5.000000e+03	0
2.412060e-01	3.846280e-01	1.982555e-01	1.901408e+04	1.800071e+12	1.260510e+01	-4.077269e+08	5.000000e+03	0
2.462312e-01	3.926411e-01	2.105013e-01	1.897418e+04	1.787897e+12	1.286791e+01	-4.070428e+08	5.000000e+03	0
2.512563e-01	4.006542e-01	2.234916e-01	1.893293e+04	1.775379e+12	1.312912e+01	-4.063454e+08	5.000000e+03	0
2.562814e-01	4.086672e-01	2.367948e-01	1.889114e+04	1.762723e+12	1.338965e+01	-4.056349e+08	5.000000e+03	0
2.613065e-01	4.166803e-01	2.506908e-01	1.884832e+04	1.749806e+12	1.364890e+01	-4.049112e+08	5.000000e+03	0
2.663317e-01	4.246934e-01	2.650855e-01	1.880464e+04	1.736679e+12	1.390705e+01	-4.041743e+08	5.000000e+03	0
2.713568e-01	4.327065e-01	2.799112e-01	1.876023e+04	1.723372e+12	1.416427e+01	-4.034246e+08	5.000000e+03	0
2.763819e-01	4.407196e-01	2.954300e-01	1.871466e+04	1.709788e+12	1.441994e+01	-4.026618e+08	5.000000e+03	0
2.814070e-01	4.487327e-01	3.112087e-01	1.866866e+04	1.696100e+12	1.467504e+01	-4.018862e+08	5.000000e+03	0
2.864322e-01	4.567457e-01	3.278827e-01	1.862121e+04	1.682071e+12	1.492813e+01	-4.010978e+08	5.000000e+03	0
2.914573e-01	4.647588e-01	3.447453e-01	1.857345e+04	1.667973e+12	1.518080e+01	-4.002965e+08	5.000000e+03	0
2.964824e-01	4.727719e-01	3.624958e-01	1.852428e+04	1.653553e+12	1.543146e+01	-3.994825e+08	5.000000e+03	0
3.015075e-01	4.807850e-01	3.805513e-01	1.847463e+04	1.639028e+12	1.568142e+01	-3.986559e+08	5.000000e+03	0
3.065327e-01	4.887981e-01	3.993187e-01	1.842387e+04	1.624258e+12	1.592975e+01	-3.978167e+08	5.000000e+03	0
3.115578e-01	4.968112e-01	4.185948e-01	1.837233e+04	1.609320e+12	1.617689e+01	-3.969650e+08	5.000000e+03	0
3.165829e-01	5.048242e-01	4.383984e-01	1.831998e+04	1.594209e+12	1.642281e+01	-3.961008e+08	5.000000e+03	0
3.216080e-01	5.128373e-01	4.589211e-01	1.826655e+04	1.578873e+12	1.666705e+01	-3.952244e+08	5.000000e+03	0
3.266332e-01	5.208504e-01	4.797793e-01	1.821261e+04	1.563433e+12	1.691049e+01	-3.943355e+08	5.000000e+03	0
3.316583e-01	5.288635e-01	5.015729e-01	1.815728e+04	1.547714e+12	1.715170e+01	-3.934344e+08	5.000000e+03	0
3.366834e-01	5.368766e-01	5.235722e-01	1.810164e+04	1.531936e+12	1.739243e+01	-3.925211e+08	5.000000e+03	0
3.417085e-01	5.448897e-01	5.465901e-01	1.804451e+04	1.515869e+12	1.763069e+01	-3.915958e+08	5.000000e+03	0
3.467337e-01	5.529027e-01	5.698889e-01	1.798697e+04	1.499728e+12	1.786827e+01	-3.906585e+08	5.000000e+03	0
3.517588e-01	5.609158e-01	5.940098e-01	1.792824e+04	1.483365e+12	1.810383e+01	-3.897092e+08	5.000000e+03	0
3.567839e-01	5.689289e-01	6.186281e-01	1.786880e+04	1.466876e+12	1.833816e+01	-3.887481e+08	5.000000e+03	0
3.618090e-01	5.769420e-01	6.438658e-01	1.780846e+04	1.450230e+12	1.857094e+01	-3.877752e+08	5.000000e+03	0
3.668342e-01	5.849551e-01	6.698221e-01	1.774711e+04	1.433410e+12	1.880192e+01	-3.867906e+08	5.000000e+03	0
3.718593e-01	5.929682e-01	6.961891e-01	1.768517e+04	1.416492e+12	1.903185e+01	-3.857943e+08	5.000000e+03	0
3.768844e-01	6.009812e-01	7.234997e-01	1.762190e+04	1.399358e+12	1.925937e+01	-3.847865e+08	5.000000e+03	0
3.819095e-01	6.089943e-01	7.510283e-01	1.755832e+04	1.382175e+12	1.948633e+01	-3.837673e+08	5.000000e+03	0
3.869347e-01	6.170074e-01	7.796867e-01	1.749316e+04	1.364748e+12	1.971034e+01	-3.827367e+08	5.000000e+03	0
3.919598e-01	6.250205e-01	8.085876e-01	1.742765e+04	1.347273e+12	1.993371e+01	-3.816948e+08	5.000000e+03	0
3.969849e-01	6.330336e-01	8.384056e-01	1.736087e+04	1.329612e+12	2.015465e+01	-3.806418e+08	5.000000e+03	0
4.020101e-01	6.410467e-01	8.686904e-01	1.729343e+04	1.311861e+12	2.037432e+01	-3.795775e+08	5.000000e+03	0
4.070352e-01	6.490597e-01	8.996753e-01	1.722502e+04	1.293978e+12	2.059211e+01	-3.785023e+08	5.000000e+03	0
4.120603e-01	6.570728e-01	9.313533e-01	1.715564e+04	1.275971e+12	2.080799e+01	-3.774162e+08	5.000000e+03	0
4.170854e-01	6.650859e-01	9.635112e-01	1.708560e+04	1.257878e+12	2.102254e+01	-3.763192e+08	5.000000e+03	0
4.221106e-01	6.730990e-01	9.965897e-01	1.701427e+04	1.239632e+12	2.123452e+01	-3.752114e+08	5.000000e+03	0
4.271357e-01	6.811121e-01	1.029925e+00	1.694258e+04	1.221343e+12	2.144577e+01	-3.740930e+08	5.000000e+03	0
4.321608e-01	6.891252e-01	1.064409e+00	1.686929e+04	1.202877e+12	2.165373e+01	-3.729641e+08	5.000000e+03	0
4.371859e-01	6.971382e-01	1.099119e+00	1.679569e+04	1.184378e+12	2.186104e+01	-3.718247e+08	5.000000e+03	0
4.422111e-01	7.051513e-01	1.134817e+00	1.672069e+04	1.165738e+12	2.206545e+01	-3.706748e+08	5.000000e+03	0
4.472362e-01	7.131644e-01	1.170935e+00	1.664510e+04	1.147043e+12	2.226861e+01	-3.695148e+08	5.000000e+03	0
4.522613e-01	7.211775e-01	1.207815e+00	1.656844e+04	1.128248e+12	2.246948e+01	-3.683459e+08	5.000000e+03	0
4.572864e-01	7.291906e-01	1.245340e+00	1.649086e+04	1.109375e+12	2.266838e+01	-3.671644e+08	5.000000e+03	0
4.623116e-01	7.372037e-01	1.283402e+00	1.641252e+04	1.090439e+12	2.286564e+01	-3.659742e+08	5.000000e+03	0
4.673367e-01	7.452167e-01	1.322331e+00	1.633293e+04	1.071409e+12	2.306017e+01	-3.647740e+08	5.000000e+03	0
4.723618e-01	7.532298e-01	1.361570e+00	1.625289e+04	1.052345e+12	2.325373e+01	-3.635649e+08	5.000000e+03	0
4.773869e-01	7.612429e-01	1.401897e+00	1.617127e+04	1.033177e+12	2.344379e+01	-3.623446e+08	5.000000e+03	0
4.824121e-01	7.692560e-01	1.442446e+00	1.608932e+04	1.013989e+12	2.363311e+01	-3.611156e+08	5.000000e+03	0
4.874372e-01	7.772691e-01	1.484025e+00	1.600585e+04	9.947147e+11	2.381904e+01	-3.598771e+08	5.000000e+03	0
4.924623e-01	7.852822e-01	1.525961e+00	1.592184e+04	9.754143e+11	2.400374e+01	-3.586295e+08	5.000000e+03	0
4.974874e-01	7.932952e-01	1.568697e+00	1.583664e+04	9.560561e+11	2.418572e+01	-3.573723e+08	5.000000e+03	0
5.025126e-01	8.013083e-01	1.612007e+00	1.575055e+04	9.366635e+11	2.436569e+01	-3.561062e+08	5.000000e+03	0
5.075377e-01	8.093214e-01	1.655891e+00	1.566358e+04	9.172364e+11	2.454364e+01	-3.548311e+08	5.000000e+03	0
5.125628e-01	8.173345e-01	1.700559e+00	1.557538e+04	8.977721e+11	2.471876e+01	-3.535471e+08	5.000000e+03	0
5.175879e-01	8.253476e-01	1.745578e+00	1.548664e+04	8.782910e+11	2.489260e+01	-3.522544e+08	5.000000e+03	0
5.226131e-01	8.333607e-01	1.791586e+00	1.539630e+04	8.587758e+11	2.506275e+01	-3.509531e+08	5.000000e+03	0
5.276382e-01	8.413737e-01	1.837807e+00	1.530562e+04	8.392541e+11	2.523208e+01	-3.496432e+08	5.000000e+03	0
5.326633e-01	8.493868e-01	1.885053e+00	1.521324e+04	8.197106e+11	2.539744e+01	-3.483251e+08	5.000000e+03	0
5.376884e-01	8.573999e-01	1.932586e+00	1.512037e+04	8.001649e+11	2.556165e+01	-3.469984e+08	5.000000e+03	0
5.427136e-01	8.654130e-01	1.980919e+00	1.502614e+04	7.806131e+11	2.572264e+01	-3.456638e+08	5.000000e+03	0
5.477387e-01	8.734261e-01	2.029737e+00	1.493104e+04	7.610646e+11	2.588159e+01	-3.443211e+08	5.000000e+03	0
5.527638e-01	8.814392e-01	2.079137e+00	1.483492e+04	7.415200e+11	2.603811e+01	-3.429705e+08	5.000000e+03	0
5.577889e-01	8.894522e-01	2.129211e+00	1.473756e+04	7.219903e+11	2.619169e+01	-3.416122e+08	5.000000e+03	0
5.628141e-01	8.974653e-01	2.179655e+00	1.463952e+04	7.024686e+11	2.634365e+01	-3.402461e+08	5.000000e+03	0
5.678392e-01	9.054784e-01	2.230951e+00	1.453984e+04	6.829793e+11	2.649172e+01	-3.388726e+08	5.000000e+03	0
5.728643e-01	9.134915e-01	2.281840e+00	1.434957e+04	6.637232e+11	2.663202e+01	-3.374917e+08	5.000000e+03	0
5.778894e-01	9.215046e-01	2.312236e+00	1.093973e+04	6.525618e+11	2.652265e+01	-3.361049e+08	5.000000e+03	0
5.829146e-01	9.295176e-01	2.342774e+00	8.263845e+03	6.414421e+11	2.641481e+01	-3.347183e+08	5.000000e+03	1
5.879397e-01	9.375307e-01	2.373820e+00	8.217915e+03	6.304721e+11	2.631245e+01	-3.333369e+08	5.000000e+03	1
5.929648e-01	9.455438e-01	2.405132e+00	8.172034e+03	6.195775e+11	2.621274e+01	-3.319611e+08	5.000000e+03	1
5.979899e-01	9.535569e-01	2.436826e+00	8.126223e+03	6.087920e+11	2.611688e+01	-3.305908e+08	5.000000e+03	1
6.030151e-01	9.615700e-01	2.468906e+00	8.080468e+03	5.981133e+11	2.602462e+01	-3.292257e+08	5.000000e+03	1
6.080402e-01	9.695831e-01	2.501243e+00	8.034751e+03	5.875058e+11	2.593477e+01	-3.278657e+08	5.000000e+03	1
6.130653e-01	9.775961e-01	2.534085e+00	7.989090e+03	5.770346e+11	2.584931e+01	-3.265106e+08	5.000000e+03	1
6.180905e-01	9.856092e-01	2.567061e+00	7.943444e+03	5.665994e+11	2.576502e+01	-3.251602e+08	5.000000e+03	1
6.231156e-01	9.936223e-01	2.600658e+00	7.897846e+03	5.563281e+11	2.568578e+01	-3.238143e+08	5.000000e+03	1
6.281407e-01	1.001635e+00	2.634375e+00	7.852254e+03	5.460879e+11	2.560746e+01	-3.224729e+08	5.000000e+03	1
6.331658e-01	1.009648e+00	2.668611e+00	7.806683e+03	5.359817e+11	2.553308e+01	-3.211358e+08	5.000000e+03	1
6.381910e-01	1.017662e+00	2.703073e+00	7.761116e+03	5.259328e+11	2.546029e+01	-3.198028e+08	5.000000e+03	1
6.432161e-01	1.025675e+00	2.737930e+00	7.715552e+03	5.159842e+11	2.539030e+01	-3.184738e+08	5.000000e+03	1
6.482412e-01	1.033688e+00	2.773128e+00	7.669980e+03	5.061209e+11	2.532255e+01	-3.171487e+08	5.000000e+03	1
6.532663e-01	1.041701e+00	2.808598e+00	7.624402e+03	4.963259e+11	2.525661e+01	-3.158274e+08	5.000000e+03	1
6.582915e-01	1.049714e+00	2.844521e+00	7.578799e+03	4.866427e+11	2.519346e+01	-3.145098e+08	5.000000e+03	1
6.633166e-01	1.057727e+00	2.880597e+00	7.533188e+03	4.769977e+11	2.513125e+01	-3.131956e+08	5.000000e+03	1
6.683417e-01	1.065740e+00	2.917234e+00	7.487526e+03	4.674899e+11	2.507227e+01	-3.118849e+08	5.000000e+03	1
6.733668e-01	1.073753e+00	2.953983e+00	7.441852e+03	4.580098e+11	2.501390e+01	-3.105776e+08	5.000000e+03	1
6.783920e-01	1.081766e+00	2.991246e+00	7.396114e+03	4.486550e+11	2.495829e+01	-3.092735e+08	5.000000e+03	1
6.834171e-01	1.089779e+00	3.028694e+00	7.350348e+03	4.393450e+11	2.490360e+01	-3.079725e+08	5.000000e+03	1
6.884422e-01	1.097792e+00	3.066536e+00	7.304519e+03	4.301311e+11	2.485089e+01	-3.066746e+08	5.000000e+03	1
6.934673e-01	1.105805e+00	3.104667e+00	7.258635e+03	4.209876e+11	2.479951e+01	-3.053796e+08	5.000000e+03	1
6.984925e-01	1.113819e+00	3.143078e+00	7.212696e+03	4.119122e+11	2.474944e+01	-3.040876e+08	5.000000e+03	1
7.035176e-01	1.121832e+00	3.181879e+00	7.166667e+03	4.029322e+11	2.470105e+01	-3.027983e+08	5.000000e+03	1
7.085427e-01	1.129845e+00	3.220848e+00	7.120600e+03	3.939930e+11	2.465339e+01	-3.015119e+08	5.000000e+03	1
7.135678e-01	1.137858e+00	3.260302e+00	7.074401e+03	3.851736e+11	2.460768e+01	-3.002281e+08	5.000000e+03	1
7.185930e-01	1.145871e+00	3.299860e+00	7.028172e+03	3.763797e+11	2.456237e+01	-2.989469e+08	5.000000e+03	1
7.236181e-01	1.153884e+00	3.339908e+00	6.981791e+03	3.677077e+11	2.451887e+01	-2.976682e+08	5.000000e+03	1
7.286432e-01	1.161897e+00	3.380097e+00	6.935358e+03	3.590714e+11	2.447586e+01	-2.963921e+08	5.000000e+03	1
7.336683e-01	1.169910e+00	3.420664e+00	6.888791e+03	3.505305e+11	2.443415e+01	-2.951184e+08	5.000000e+03	1
7.386935e-01	1.177923e+00	3.461466e+00	6.842129e+03	3.420500e+11	2.439318e+01	-2.938471e+08	5.000000e+03	1
7.437186e-01	1.185936e+00	3.502539e+00	6.795357e+03	3.336391e+11	2.435306e+01	-2.925781e+08	5.000000e+03	1
7.487437e-01	1.193949e+00	3.543933e+00	6.748437e+03	3.253125e+11	2.431386e+01	-2.913114e+08	5.000000e+03	1
7.537688e-01	1.201962e+00	3.585497e+00	6.701440e+03	3.170305e+11	2.427516e+01	-2.900470e+08	5.000000e+03	1
7.587940e-01	1.209976e+00	3.627462e+00	6.654235e+03	3.088567e+11	2.423750e+01	-2.887847e+08	5.000000e+03	1
7.638191e-01	1.217989e+00	3.669517e+00	6.606982e+03	3.007072e+11	2.420008e+01	-2.875247e+08	5.000000e+03	1
7.688442e-01	1.226002e+00	3.712014e+00	6.559472e+03	2.926804e+11	2.416369e+01	-2.862668e+08	5.000000e+03	1
7.738693e-01	1.234015e+00	3.754611e+00	6.511896e+03	2.846824e+11	2.412752e+01	-2.850110e+08	5.000000e+03	1
7.788945e-01	1.242028e+00	3.797548e+00	6.464097e+03	2.767823e+11	2.409206e+01	-2.837573e+08	5.000000e+03	1
7.839196e-01	1.250041e+00	3.840662e+00	6.416167e+03	2.689349e+11	2.405693e+01	-2.825056e+08	5.000000e+03	1
7.889447e-01	1.258054e+00	3.884021e+00	6.368055e+03	2.611611e+11	2.402224e+01	-2.812559e+08	5.000000e+03	1
7.939698e-01	1.266067e+00	3.927625e+00	6.319739e+03	2.534640e+11	2.398794e+01	-2.800082e+08	5.000000e+03	1
7.989950e-01	1.274080e+00	3.971386e+00	6.271291e+03	2.458162e+11	2.395389e+01	-2.787625e+08	5.000000e+03	1
8.040201e-01	1.282093e+00	4.015452e+00	6.222553e+03	2.382691e+11	2.392024e+01	-2.775188e+08	5.000000e+03	1
8.090452e-01	1.290106e+00	4.059595e+00	6.173742e+03	2.307472e+11	2.388668e+01	-2.762771e+08	5.000000e+03	1
8.140704e-01	1.298119e+00	4.104093e+00	6.124546e+03	2.233501e+11	2.385348e+01	-2.750372e+08	5.000000e+03	1
8.190955e-01	1.306133e+00	4.148656e+00	6.075269e+03	2.159771e+11	2.382032e+01	-2.737993e+08	5.000000e+03	1
8.241206e-01	1.314146e+00	4.193495e+00	6.025650e+03	2.087073e+11	2.378735e+01	-2.725633e+08	5.000000e+03	1
8.291457e-01	1.322159e+00	4.238449e+00	5.975863e+03	2.014847e+11	2.375442e+01	-2.713292e+08	5.000000e+03	1
8.341709e-01	1.330172e+00	4.283599e+00	5.925793e+03	1.943413e+11	2.372156e+01	-2.700970e+08	5.000000e+03	1
8.391960e-01	1.338185e+00	4.328911e+00	5.875450e+03	1.872695e+11	2.368869e+01	-2.688666e+08	5.000000e+03	1
8.442211e-01	1.346198e+00	4.374347e+00	5.824896e+03	1.802531e+11	2.365581e+01	-2.676382e+08	5.000000e+03	1
8.492462e-01	1.354211e+00	4.419980e+00	5.773948e+03	1.733328e+11	2.362282e+01	-2.664117e+08	5.000000e+03	1
8.542714e-01	1.362224e+00	4.465675e+00	5.722872e+03	1.664439e+11	2.358980e+01	-2.651870e+08	5.000000e+03	1
8.592965e-01	1.370237e+00	4.511589e+00	5.671265e+03	1.596761e+11	2.355655e+01	-2.639643e+08	5.000000e+03	1
8.643216e-01	1.378250e+00	4.557543e+00	5.619544e+03	1.529329e+11	2.352322e+01	-2.627435e+08	5.000000e+03	1
8.693467e-01	1.386263e+00	4.603669e+00	5.567299e+03	1.463012e+11	2.348958e+01	-2.615245e+08	5.000000e+03	1
8.743719e-01	1.394276e+00	4.649851e+00	5.514839e+03	1.397120e+11	2.345578e+01	-2.603075e+08	5.000000e+03	1
8.793970e-01	1.402290e+00	4.696145e+00	5.461939e+03	1.332103e+11	2.342165e+01	-2.590925e+08	5.000000e+03	1
8.844221e-01	1.410303e+00	4.742510e+00	5.408669e+03	1.267766e+11	2.338720e+01	-2.578794e+08	5.000000e+03	1
8.894472e-01	1.418316e+00	4.788939e+00	5.355057e+03	1.204061e+11	2.335247e+01	-2.566683e+08	5.000000e+03	1
8.944724e-01	1.426329e+00	4.835437e+00	5.300896e+03	1.141295e+11	2.331723e+01	-2.554590e+08	5.000000e+03	1
8.994975e-01	1.434342e+00	4.881965e+00	5.246511e+03	1.078915e+11	2.328179e+01	-2.542518e+08	5.000000e+03	1
9.045226e-01	1.442355e+00	4.928545e+00	5.191367e+03	1.017740e+11	2.324559e+01	-2.530467e+08	5.000000e+03	1
9.095477e-01	1.450368e+00	4.975134e+00	5.136054e+03	9.568216e+10	2.320923e+01	-2.518436e+08	5.000000e+03	1
9.145729e-01	1.458381e+00	5.021740e+00	5.079901e+03	8.971361e+10	2.317200e+01	-2.506425e+08	5.000000e+03	1
9.195980e-01	1.466394e+00	5.068338e+00	5.023462e+03	8.378378e+10	2.313447e+01	-2.494436e+08	5.000000e+03	1
9.246231e-01	1.474407e+00	5.114919e+00	4.966294e+03	7.795263e+10	2.309617e+01	-2.482467e+08	5.000000e+03	1
9.296482e-01	1.482420e+00	5.161465e+00	4.908594e+03	7.218739e+10	2.305730e+01	-2.470521e+08	5.000000e+03	1
9.346734e-01	1.490433e+00	5.207973e+00	4.850301e+03	6.649569e+10	2.301781e+01	-2.458596e+08	5.000000e+03	1
9.396985e-01	1.498447e+00	5.254400e+00	4.791178e+03	6.089806e+10	2.297744e+01	-2.446693e+08	5.000000e+03	1
9.447236e-01	1.506460e+00	5.300785e+00	4.731634e+03	5.534810e+10	2.293662e+01	-2.434813e+08	5.000000e+03	1
9.497487e-01	1.514473e+00	5.347019e+00	4.670890e+03	4.992149e+10	2.289455e+01	-2.422955e+08	5.000000e+03	1
9.547739e-01	1.522486e+00	5.393215e+00	4.609870e+03	4.452257e+10	2.285219e+01	-2.411121e+08	5.000000e+03	1
9.597990e-01	1.530499e+00	5.439184e+00	4.547333e+03	3.926422e+10	2.280831e+01	-2.399311e+08	5.000000e+03	1
9.648241e-01	1.538512e+00	5.485082e+00	4.484365e+03	3.404146e+10	2.276400e+01	-2.387526e+08	5.000000e+03	1
9.698492e-01	1.546525e+00	5.530746e+00	4.420009e+03	2.893372e+10	2.271835e+01	-2.375764e+08	5.000000e+03	1
9.748744e-01	1.554538e+00	5.576250e+00	4.354750e+03	2.389197e+10	2.267186e+01	-2.364029e+08	5.000000e+03	1
9.798995e-01	1.562551e+00	5.621537e+00	4.288282e+03	1.893869e+10	2.262427e+01	-2.352319e+08	5.000000e+03	1
9.849246e-01	1.570564e+00	5.666540e+00	4.220272e+03	1.408368e+10	2.257535e+01	-2.340634e+08	5.000000e+03	1
9.899497e-01	1.578577e+00	5.711367e+00	4.151310e+03	9.289375e+09	2.252562e+01	-2.328977e+08	5.000000e+03	1
9.949749e-01	1.586590e+00	5.755738e+00	4.076361e+03	4.628898e+09	2.247394e+01	-2.317349e+08	5.000000e+03	1
1.000000e+00	1.594604e+00	5.800000e+00	4.000000e+03	5.722046e-06	2.242181e+01	-2.305746e+08	3.000000e+02	1
