#t		Qconv[W]	Ri[Rp]		R*[Rp]		Qc[W]		Qm[W]		Qr[W]		Tcmb[K]		Tl[K]		Tup[K]		RiFlag		Bs[T]
0.000000e+00	3.124895e+12	0.000000e+00	4.621212e-01	1.303277e+14	5.068776e+13	8.965519e+13	6.565227e+03	2.953784e+03	2.222519e+03	0	5.935366e-04
1.000000e+07	2.971568e+12	0.000000e+00	4.621212e-01	1.240148e+14	5.255979e+13	8.915843e+13	6.496104e+03	2.970629e+03	2.235194e+03	0	5.836658e-04
2.000000e+07	2.829919e+12	0.000000e+00	4.621212e-01	1.181821e+14	5.438302e+13	8.866539e+13	6.430272e+03	2.986607e+03	2.247216e+03	0	5.742404e-04
3.000000e+07	2.698739e+12	0.000000e+00	4.621212e-01	1.127798e+14	5.615691e+13	8.817604e+13	6.367485e+03	3.001771e+03	2.258626e+03	0	5.652267e-04
4.000000e+07	2.576976e+12	0.000000e+00	4.621212e-01	1.077649e+14	5.788113e+13	8.769033e+13	6.307522e+03	3.016169e+03	2.269460e+03	0	5.565948e-04
5.000000e+07	2.463711e+12	0.000000e+00	4.621212e-01	1.030994e+14	5.955546e+13	8.720825e+13	6.250184e+03	3.029846e+03	2.279751e+03	0	5.483177e-04
6.000000e+07	2.358138e+12	0.000000e+00	4.621212e-01	9.875030e+13	6.117982e+13	8.672977e+13	6.195290e+03	3.042842e+03	2.289530e+03	0	5.403711e-04
7.000000e+07	2.259548e+12	0.000000e+00	4.621212e-01	9.468845e+13	6.275425e+13	8.625484e+13	6.142679e+03	3.055195e+03	2.298824e+03	0	5.327330e-04
8.000000e+07	2.167315e+12	0.000000e+00	4.621212e-01	9.088804e+13	6.427892e+13	8.578345e+13	6.092200e+03	3.066937e+03	2.307659e+03	0	5.253834e-04
9.000000e+07	2.080881e+12	0.000000e+00	4.621212e-01	8.732625e+13	6.575405e+13	8.531557e+13	6.043719e+03	3.078102e+03	2.316060e+03	0	5.183042e-04
1.000000e+08	1.999753e+12	0.000000e+00	4.621212e-01	8.398274e+13	6.718001e+13	8.485116e+13	5.997113e+03	3.088718e+03	2.324047e+03	0	5.114790e-04
1.100000e+08	1.923489e+12	0.000000e+00	4.621212e-01	8.083938e+13	6.855718e+13	8.439019e+13	5.952268e+03	3.098811e+03	2.331642e+03	0	5.048925e-04
1.200000e+08	1.851696e+12	0.000000e+00	4.621212e-01	7.787993e+13	6.988605e+13	8.393264e+13	5.909080e+03	3.108408e+03	2.338863e+03	0	4.985311e-04
1.300000e+08	1.784017e+12	0.000000e+00	4.621212e-01	7.508984e+13	7.116720e+13	8.347848e+13	5.867453e+03	3.117533e+03	2.345729e+03	0	4.923819e-04
1.400000e+08	1.720136e+12	0.000000e+00	4.621212e-01	7.245599e+13	7.240119e+13	8.302768e+13	5.827299e+03	3.126206e+03	2.352255e+03	0	4.864333e-04
1.500000e+08	1.659764e+12	0.000000e+00	4.621212e-01	6.996657e+13	7.358871e+13	8.258021e+13	5.788537e+03	3.134449e+03	2.358457e+03	0	4.806745e-04
1.600000e+08	1.602641e+12	0.000000e+00	4.621212e-01	6.761088e+13	7.473045e+13	8.213605e+13	5.751092e+03	3.142281e+03	2.364350e+03	0	4.750957e-04
1.700000e+08	1.548532e+12	0.000000e+00	4.621212e-01	6.537924e+13	7.582715e+13	8.169517e+13	5.714893e+03	3.149720e+03	2.369948e+03	0	4.696876e-04
1.800000e+08	1.497222e+12	0.000000e+00	4.621212e-01	6.326284e+13	7.687958e+13	8.125753e+13	5.679876e+03	3.156785e+03	2.375263e+03	0	4.644416e-04
1.900000e+08	1.448517e+12	0.000000e+00	4.621212e-01	6.125367e+13	7.788857e+13	8.082312e+13	5.645980e+03	3.163490e+03	2.380309e+03	0	4.593499e-04
2.000000e+08	1.402240e+12	0.000000e+00	4.621212e-01	5.934443e+13	7.885492e+13	8.039191e+13	5.613149e+03	3.169852e+03	2.385095e+03	0	4.544050e-04
2.100000e+08	1.358227e+12	0.000000e+00	4.621212e-01	5.752844e+13	7.977952e+13	7.996386e+13	5.581331e+03	3.175884e+03	2.389634e+03	0	4.496002e-04
2.200000e+08	1.316331e+12	0.000000e+00	4.621212e-01	5.579959e+13	8.066321e+13	7.953896e+13	5.550477e+03	3.181601e+03	2.393936e+03	0	4.449290e-04
2.300000e+08	1.276415e+12	0.000000e+00	4.621212e-01	5.415226e+13	8.150690e+13	7.911718e+13	5.520540e+03	3.187016e+03	2.398011e+03	0	4.403855e-04
2.400000e+08	1.238353e+12	0.000000e+00	4.621212e-01	5.258130e+13	8.231146e+13	7.869849e+13	5.491479e+03	3.192142e+03	2.401867e+03	0	4.359639e-04
2.500000e+08	1.202031e+12	0.000000e+00	4.621212e-01	5.108198e+13	8.307782e+13	7.828287e+13	5.463253e+03	3.196989e+03	2.405514e+03	0	4.316591e-04
2.600000e+08	1.167341e+12	0.000000e+00	4.621212e-01	4.964991e+13	8.380690e+13	7.787029e+13	5.435825e+03	3.201570e+03	2.408961e+03	0	4.274661e-04
2.700000e+08	1.134187e+12	0.000000e+00	4.621212e-01	4.828108e+13	8.449960e+13	7.746072e+13	5.409158e+03	3.205894e+03	2.412215e+03	0	4.233803e-04
2.800000e+08	1.102478e+12	0.000000e+00	4.621212e-01	4.697174e+13	8.515685e+13	7.705415e+13	5.383220e+03	3.209974e+03	2.415284e+03	0	4.193973e-04
2.900000e+08	1.072129e+12	0.000000e+00	4.621212e-01	4.571845e+13	8.577955e+13	7.665055e+13	5.357979e+03	3.213817e+03	2.418176e+03	0	4.155130e-04
3.000000e+08	1.043062e+12	0.000000e+00	4.621212e-01	4.451800e+13	8.636862e+13	7.624988e+13	5.333405e+03	3.217433e+03	2.420897e+03	0	4.117236e-04
3.100000e+08	1.015206e+12	0.000000e+00	4.621212e-01	4.336742e+13	8.692498e+13	7.585214e+13	5.309472e+03	3.220832e+03	2.423455e+03	0	4.080253e-04
3.200000e+08	9.884940e+11	0.000000e+00	4.621212e-01	4.226395e+13	8.744952e+13	7.545729e+13	5.286152e+03	3.224022e+03	2.425855e+03	0	4.044148e-04
3.300000e+08	9.628625e+11	0.000000e+00	4.621212e-01	4.120501e+13	8.794313e+13	7.506531e+13	5.263420e+03	3.227011e+03	2.428104e+03	0	4.008887e-04
3.400000e+08	9.382538e+11	0.000000e+00	4.621212e-01	4.018823e+13	8.840671e+13	7.467617e+13	5.241253e+03	3.229806e+03	2.430207e+03	0	3.974439e-04
3.500000e+08	9.146136e+11	0.000000e+00	4.621212e-01	3.921135e+13	8.884113e+13	7.428986e+13	5.219629e+03	3.232416e+03	2.432171e+03	0	3.940775e-04
3.600000e+08	8.918913e+11	0.000000e+00	4.621212e-01	3.827230e+13	8.924726e+13	7.390635e+13	5.198527e+03	3.234847e+03	2.434000e+03	0	3.907866e-04
3.700000e+08	8.700396e+11	0.000000e+00	4.621212e-01	3.736912e+13	8.962593e+13	7.352562e+13	5.177925e+03	3.237107e+03	2.435700e+03	0	3.875687e-04
3.800000e+08	8.490140e+11	0.000000e+00	4.621212e-01	3.650000e+13	8.997799e+13	7.314765e+13	5.157807e+03	3.239202e+03	2.437276e+03	0	3.844212e-04
3.900000e+08	8.287732e+11	0.000000e+00	4.621212e-01	3.566323e+13	9.030429e+13	7.277240e+13	5.138153e+03	3.241137e+03	2.438733e+03	0	3.813417e-04
4.000000e+08	8.092783e+11	0.000000e+00	4.621212e-01	3.485720e+13	9.060559e+13	7.239987e+13	5.118946e+03	3.242920e+03	2.440074e+03	0	3.783279e-04
4.100000e+08	7.904927e+11	0.000000e+00	4.621212e-01	3.408041e+13	9.088274e+13	7.203002e+13	5.100170e+03	3.244556e+03	2.441305e+03	0	3.753776e-04
4.200000e+08	7.723822e+11	0.000000e+00	4.621212e-01	3.333146e+13	9.113647e+13	7.166284e+13	5.081809e+03	3.246051e+03	2.442430e+03	0	3.724887e-04
4.300000e+08	7.549147e+11	0.000000e+00	4.621212e-01	3.260901e+13	9.136758e+13	7.129830e+13	5.063849e+03	3.247409e+03	2.443452e+03	0	3.696593e-04
4.400000e+08	7.380597e+11	0.000000e+00	4.621212e-01	3.191182e+13	9.157682e+13	7.093638e+13	5.046276e+03	3.248637e+03	2.444376e+03	0	3.668874e-04
4.500000e+08	7.217888e+11	0.000000e+00	4.621212e-01	3.123871e+13	9.176489e+13	7.057707e+13	5.029075e+03	3.249739e+03	2.445205e+03	0	3.641713e-04
4.600000e+08	7.060751e+11	0.000000e+00	4.621212e-01	3.058858e+13	9.193252e+13	7.022033e+13	5.012236e+03	3.250720e+03	2.445943e+03	0	3.615092e-04
4.700000e+08	6.908933e+11	0.000000e+00	4.621212e-01	2.996039e+13	9.208043e+13	6.986616e+13	4.995744e+03	3.251584e+03	2.446593e+03	0	3.588994e-04
4.800000e+08	6.762195e+11	0.000000e+00	4.621212e-01	2.935314e+13	9.220928e+13	6.951452e+13	4.979588e+03	3.252336e+03	2.447159e+03	0	3.563403e-04
4.900000e+08	6.620311e+11	0.000000e+00	4.621212e-01	2.876592e+13	9.231974e+13	6.916540e+13	4.963758e+03	3.252980e+03	2.447644e+03	0	3.538304e-04
5.000000e+08	6.483067e+11	0.000000e+00	4.621212e-01	2.819783e+13	9.241246e+13	6.881877e+13	4.948243e+03	3.253520e+03	2.448050e+03	0	3.513683e-04
5.100000e+08	6.350262e+11	0.000000e+00	4.621212e-01	2.764805e+13	9.248808e+13	6.847462e+13	4.933032e+03	3.253960e+03	2.448381e+03	0	3.489525e-04
5.200000e+08	6.221706e+11	0.000000e+00	4.621212e-01	2.711580e+13	9.254719e+13	6.813293e+13	4.918116e+03	3.254304e+03	2.448640e+03	0	3.465816e-04
5.300000e+08	6.097216e+11	0.000000e+00	4.621212e-01	2.660033e+13	9.259043e+13	6.779368e+13	4.903485e+03	3.254556e+03	2.448829e+03	0	3.442544e-04
5.400000e+08	5.976623e+11	0.000000e+00	4.621212e-01	2.610093e+13	9.261835e+13	6.745684e+13	4.889131e+03	3.254718e+03	2.448952e+03	0	3.419697e-04
5.500000e+08	5.859764e+11	0.000000e+00	4.621212e-01	2.561693e+13	9.263153e+13	6.712240e+13	4.875044e+03	3.254795e+03	2.449009e+03	0	3.397262e-04
5.600000e+08	5.746484e+11	0.000000e+00	4.621212e-01	2.514771e+13	9.263053e+13	6.679033e+13	4.861218e+03	3.254789e+03	2.449005e+03	0	3.375228e-04
5.700000e+08	5.636639e+11	0.000000e+00	4.621212e-01	2.469266e+13	9.261586e+13	6.646062e+13	4.847642e+03	3.254704e+03	2.448941e+03	0	3.353583e-04
5.800000e+08	5.530088e+11	0.000000e+00	4.621212e-01	2.425121e+13	9.258807e+13	6.613326e+13	4.834312e+03	3.254542e+03	2.448819e+03	0	3.332318e-04
5.900000e+08	5.426701e+11	0.000000e+00	4.621212e-01	2.382281e+13	9.254765e+13	6.580821e+13	4.821218e+03	3.254307e+03	2.448642e+03	0	3.311421e-04
6.000000e+08	5.326352e+11	0.000000e+00	4.621212e-01	2.340695e+13	9.249509e+13	6.548546e+13	4.808354e+03	3.254001e+03	2.448412e+03	0	3.290882e-04
6.100000e+08	5.228923e+11	0.000000e+00	4.621212e-01	2.300313e+13	9.243086e+13	6.516500e+13	4.795713e+03	3.253627e+03	2.448131e+03	0	3.270693e-04
6.200000e+08	5.134298e+11	0.000000e+00	4.621212e-01	2.261090e+13	9.235544e+13	6.484680e+13	4.783289e+03	3.253188e+03	2.447800e+03	0	3.250843e-04
6.300000e+08	5.042371e+11	0.000000e+00	4.621212e-01	2.222980e+13	9.226925e+13	6.453085e+13	4.771076e+03	3.252686e+03	2.447422e+03	0	3.231325e-04
6.400000e+08	4.953039e+11	0.000000e+00	4.621212e-01	2.185942e+13	9.217274e+13	6.421713e+13	4.759068e+03	3.252123e+03	2.446999e+03	0	3.212129e-04
6.500000e+08	4.866204e+11	0.000000e+00	4.621212e-01	2.149934e+13	9.206633e+13	6.390561e+13	4.747258e+03	3.251502e+03	2.446531e+03	0	3.193247e-04
6.600000e+08	4.781772e+11	0.000000e+00	4.621212e-01	2.114919e+13	9.195043e+13	6.359629e+13	4.735642e+03	3.250824e+03	2.446022e+03	0	3.174671e-04
6.700000e+08	4.699655e+11	0.000000e+00	4.621212e-01	2.080859e+13	9.182542e+13	6.328914e+13	4.724214e+03	3.250093e+03	2.445472e+03	0	3.156393e-04
6.800000e+08	4.619766e+11	0.000000e+00	4.621212e-01	2.047720e+13	9.169169e+13	6.298415e+13	4.712970e+03	3.249310e+03	2.444882e+03	0	3.138405e-04
6.900000e+08	4.542026e+11	0.000000e+00	4.621212e-01	2.015467e+13	9.154961e+13	6.268130e+13	4.701903e+03	3.248478e+03	2.444256e+03	0	3.120702e-04
7.000000e+08	4.466357e+11	0.000000e+00	4.621212e-01	1.984070e+13	9.139952e+13	6.238058e+13	4.691010e+03	3.247597e+03	2.443593e+03	0	3.103274e-04
7.100000e+08	4.392684e+11	0.000000e+00	4.621212e-01	1.953498e+13	9.124179e+13	6.208195e+13	4.680286e+03	3.246670e+03	2.442896e+03	0	3.086117e-04
7.200000e+08	4.320936e+11	0.000000e+00	4.621212e-01	1.923720e+13	9.107673e+13	6.178542e+13	4.669726e+03	3.245699e+03	2.442165e+03	0	3.069222e-04
7.300000e+08	4.251047e+11	0.000000e+00	4.621212e-01	1.894711e+13	9.090467e+13	6.149096e+13	4.659326e+03	3.244685e+03	2.441403e+03	0	3.052584e-04
7.400000e+08	4.182951e+11	0.000000e+00	4.621212e-01	1.866442e+13	9.072594e+13	6.119855e+13	4.649082e+03	3.243631e+03	2.440609e+03	0	3.036197e-04
7.500000e+08	4.116586e+11	0.000000e+00	4.621212e-01	1.838888e+13	9.054082e+13	6.090818e+13	4.638991e+03	3.242537e+03	2.439786e+03	0	3.020054e-04
7.600000e+08	4.051893e+11	0.000000e+00	4.621212e-01	1.812025e+13	9.034961e+13	6.061984e+13	4.629047e+03	3.241406e+03	2.438935e+03	0	3.004150e-04
7.700000e+08	3.988815e+11	0.000000e+00	4.621212e-01	1.785829e+13	9.015258e+13	6.033350e+13	4.619248e+03	3.240238e+03	2.438056e+03	0	2.988480e-04
7.800000e+08	3.927298e+11	0.000000e+00	4.621212e-01	1.760278e+13	8.995001e+13	6.004915e+13	4.609591e+03	3.239035e+03	2.437151e+03	0	2.973037e-04
7.900000e+08	3.867290e+11	0.000000e+00	4.621212e-01	1.735351e+13	8.974216e+13	5.976678e+13	4.600070e+03	3.237799e+03	2.436221e+03	0	2.957817e-04
8.000000e+08	3.808740e+11	0.000000e+00	4.621212e-01	1.711026e+13	8.952928e+13	5.948636e+13	4.590684e+03	3.236531e+03	2.435267e+03	0	2.942814e-04
8.100000e+08	3.751600e+11	0.000000e+00	4.621212e-01	1.687284e+13	8.931163e+13	5.920789e+13	4.581429e+03	3.235232e+03	2.434290e+03	0	2.928023e-04
8.200000e+08	3.695826e+11	0.000000e+00	4.621212e-01	1.664106e+13	8.908944e+13	5.893135e+13	4.572301e+03	3.233904e+03	2.433290e+03	0	2.913441e-04
8.300000e+08	3.641371e+11	0.000000e+00	4.621212e-01	1.641474e+13	8.886291e+13	5.865671e+13	4.563299e+03	3.232547e+03	2.432269e+03	0	2.899061e-04
8.400000e+08	3.588195e+11	0.000000e+00	4.621212e-01	1.619371e+13	8.863230e+13	5.838398e+13	4.554418e+03	3.231163e+03	2.431228e+03	0	2.884880e-04
8.500000e+08	3.536256e+11	0.000000e+00	4.621212e-01	1.597778e+13	8.839779e+13	5.811312e+13	4.545657e+03	3.229753e+03	2.430167e+03	0	2.870892e-04
8.600000e+08	3.485515e+11	0.000000e+00	4.621212e-01	1.576681e+13	8.815960e+13	5.784414e+13	4.537011e+03	3.228317e+03	2.429087e+03	0	2.857095e-04
8.700000e+08	3.435935e+11	0.000000e+00	4.621212e-01	1.556064e+13	8.791792e+13	5.757700e+13	4.528479e+03	3.226858e+03	2.427989e+03	0	2.843483e-04
8.800000e+08	3.387480e+11	0.000000e+00	4.621212e-01	1.535912e+13	8.767295e+13	5.731170e+13	4.520059e+03	3.225376e+03	2.426874e+03	0	2.830053e-04
8.900000e+08	3.340114e+11	0.000000e+00	4.621212e-01	1.516211e+13	8.742486e+13	5.704823e+13	4.511747e+03	3.223872e+03	2.425742e+03	0	2.816801e-04
9.000000e+08	3.293805e+11	0.000000e+00	4.621212e-01	1.496946e+13	8.717383e+13	5.678656e+13	4.503541e+03	3.222347e+03	2.424595e+03	0	2.803722e-04
9.100000e+08	3.248520e+11	0.000000e+00	4.621212e-01	1.478105e+13	8.692004e+13	5.652669e+13	4.495439e+03	3.220802e+03	2.423432e+03	0	2.790814e-04
9.200000e+08	3.204229e+11	0.000000e+00	4.621212e-01	1.459675e+13	8.666363e+13	5.626859e+13	4.487438e+03	3.219238e+03	2.422255e+03	0	2.778072e-04
9.300000e+08	3.160901e+11	0.000000e+00	4.621212e-01	1.441644e+13	8.640479e+13	5.601227e+13	4.479537e+03	3.217655e+03	2.421064e+03	0	2.765494e-04
9.400000e+08	3.118509e+11	0.000000e+00	4.621212e-01	1.423999e+13	8.614364e+13	5.575769e+13	4.471733e+03	3.216054e+03	2.419859e+03	0	2.753075e-04
9.500000e+08	3.077024e+11	0.000000e+00	4.621212e-01	1.406730e+13	8.588035e+13	5.550485e+13	4.464024e+03	3.214437e+03	2.418643e+03	0	2.740812e-04
9.600000e+08	3.036419e+11	0.000000e+00	4.621212e-01	1.389825e+13	8.561505e+13	5.525374e+13	4.456408e+03	3.212803e+03	2.417414e+03	0	2.728703e-04
9.700000e+08	2.996671e+11	0.000000e+00	4.621212e-01	1.373274e+13	8.534788e+13	5.500433e+13	4.448883e+03	3.211155e+03	2.416173e+03	0	2.716744e-04
9.800000e+08	2.957752e+11	0.000000e+00	4.621212e-01	1.357067e+13	8.507896e+13	5.475662e+13	4.441448e+03	3.209491e+03	2.414921e+03	0	2.704932e-04
9.900000e+08	2.919641e+11	0.000000e+00	4.621212e-01	1.341193e+13	8.480843e+13	5.451060e+13	4.434100e+03	3.207814e+03	2.413659e+03	0	2.693263e-04
1.000000e+09	2.882313e+11	0.000000e+00	4.621212e-01	1.325644e+13	8.453640e+13	5.426625e+13	4.426837e+03	3.206123e+03	2.412387e+03	0	2.681736e-04
1.010000e+09	2.845748e+11	0.000000e+00	4.621212e-01	1.310410e+13	8.426299e+13	5.402355e+13	4.419659e+03	3.204420e+03	2.411106e+03	0	2.670348e-04
1.020000e+09	2.809922e+11	0.000000e+00	4.621212e-01	1.295482e+13	8.398832e+13	5.378250e+13	4.412562e+03	3.202705e+03	2.409815e+03	0	2.659095e-04
1.030000e+09	2.774817e+11	0.000000e+00	4.621212e-01	1.280853e+13	8.371248e+13	5.354308e+13	4.405546e+03	3.200978e+03	2.408516e+03	0	2.647974e-04
1.040000e+09	2.740411e+11	0.000000e+00	4.621212e-01	1.266513e+13	8.343559e+13	5.330528e+13	4.398609e+03	3.199240e+03	2.407208e+03	0	2.636985e-04
1.050000e+09	2.706686e+11	0.000000e+00	4.621212e-01	1.252455e+13	8.315775e+13	5.306908e+13	4.391750e+03	3.197493e+03	2.405893e+03	0	2.626122e-04
1.060000e+09	2.673623e+11	0.000000e+00	4.621212e-01	1.238671e+13	8.287904e+13	5.283447e+13	4.384966e+03	3.195735e+03	2.404571e+03	0	2.615386e-04
1.070000e+09	2.641204e+11	0.000000e+00	4.621212e-01	1.225153e+13	8.259956e+13	5.260145e+13	4.378256e+03	3.193968e+03	2.403241e+03	0	2.604772e-04
1.080000e+09	2.609412e+11	0.000000e+00	4.621212e-01	1.211895e+13	8.231939e+13	5.237000e+13	4.371620e+03	3.192192e+03	2.401905e+03	0	2.594278e-04
1.090000e+09	2.578230e+11	0.000000e+00	4.621212e-01	1.198890e+13	8.203864e+13	5.214010e+13	4.365055e+03	3.190408e+03	2.400562e+03	0	2.583903e-04
1.100000e+09	2.547643e+11	0.000000e+00	4.621212e-01	1.186131e+13	8.175737e+13	5.191174e+13	4.358560e+03	3.188616e+03	2.399214e+03	0	2.573644e-04
1.110000e+09	2.517633e+11	0.000000e+00	4.621212e-01	1.173611e+13	8.147566e+13	5.168492e+13	4.352134e+03	3.186817e+03	2.397860e+03	0	2.563499e-04
1.120000e+09	2.488187e+11	0.000000e+00	4.621212e-01	1.161325e+13	8.119359e+13	5.145961e+13	4.345776e+03	3.185010e+03	2.396501e+03	0	2.553466e-04
1.130000e+09	2.459289e+11	0.000000e+00	4.621212e-01	1.149266e+13	8.091123e+13	5.123581e+13	4.339484e+03	3.183198e+03	2.395137e+03	0	2.543542e-04
1.140000e+09	2.430926e+11	0.000000e+00	4.621212e-01	1.137428e+13	8.062865e+13	5.101351e+13	4.333257e+03	3.181379e+03	2.393769e+03	0	2.533726e-04
1.150000e+09	2.403084e+11	0.000000e+00	4.621212e-01	1.125805e+13	8.034593e+13	5.079270e+13	4.327094e+03	3.179554e+03	2.392396e+03	0	2.524015e-04
1.160000e+09	2.375749e+11	0.000000e+00	4.621212e-01	1.114394e+13	8.006311e+13	5.057335e+13	4.320994e+03	3.177724e+03	2.391019e+03	0	2.514409e-04
1.170000e+09	2.348908e+11	0.000000e+00	4.621212e-01	1.103186e+13	7.978026e+13	5.035547e+13	4.314955e+03	3.175889e+03	2.389638e+03	0	2.504904e-04
1.180000e+09	2.322550e+11	0.000000e+00	4.621212e-01	1.092179e+13	7.949744e+13	5.013904e+13	4.308977e+03	3.174049e+03	2.388254e+03	0	2.495499e-04
1.190000e+09	2.296662e+11	0.000000e+00	4.621212e-01	1.081367e+13	7.921472e+13	4.992404e+13	4.303058e+03	3.172205e+03	2.386866e+03	0	2.486192e-04
1.200000e+09	2.271233e+11	0.000000e+00	4.621212e-01	1.070744e+13	7.893213e+13	4.971048e+13	4.297198e+03	3.170357e+03	2.385476e+03	0	2.476982e-04
1.210000e+09	2.246250e+11	0.000000e+00	4.621212e-01	1.060307e+13	7.864974e+13	4.949833e+13	4.291395e+03	3.168506e+03	2.384083e+03	0	2.467867e-04
1.220000e+09	2.221704e+11	0.000000e+00	4.621212e-01	1.050051e+13	7.836758e+13	4.928758e+13	4.285648e+03	3.166651e+03	2.382687e+03	0	2.458845e-04
1.230000e+09	2.197584e+11	0.000000e+00	4.621212e-01	1.039971e+13	7.808573e+13	4.907823e+13	4.279957e+03	3.164793e+03	2.381289e+03	0	2.449914e-04
1.240000e+09	2.173879e+11	0.000000e+00	4.621212e-01	1.030064e+13	7.780420e+13	4.887026e+13	4.274320e+03	3.162932e+03	2.379889e+03	0	2.441073e-04
1.250000e+09	2.150580e+11	0.000000e+00	4.621212e-01	1.020324e+13	7.752305e+13	4.866367e+13	4.268737e+03	3.161069e+03	2.378487e+03	0	2.432321e-04
1.260000e+09	2.127676e+11	0.000000e+00	4.621212e-01	1.010748e+13	7.724233e+13	4.845844e+13	4.263206e+03	3.159203e+03	2.377083e+03	0	2.423655e-04
1.270000e+09	2.105159e+11	0.000000e+00	4.621212e-01	1.001333e+13	7.696208e+13	4.825456e+13	4.257727e+03	3.157335e+03	2.375678e+03	0	2.415075e-04
1.280000e+09	2.083018e+11	0.000000e+00	4.621212e-01	9.920741e+12	7.668230e+13	4.805202e+13	4.252299e+03	3.155466e+03	2.374271e+03	0	2.406579e-04
1.290000e+09	2.061247e+11	0.000000e+00	4.621212e-01	9.829679e+12	7.640307e+13	4.785081e+13	4.246921e+03	3.153595e+03	2.372863e+03	0	2.398165e-04
1.300000e+09	2.039835e+11	0.000000e+00	4.621212e-01	9.740110e+12	7.612442e+13	4.765092e+13	4.241592e+03	3.151723e+03	2.371455e+03	0	2.389832e-04
1.310000e+09	2.018774e+11	0.000000e+00	4.621212e-01	9.651998e+12	7.584636e+13	4.745235e+13	4.236311e+03	3.149850e+03	2.370045e+03	0	2.381579e-04
1.320000e+09	1.998058e+11	0.000000e+00	4.621212e-01	9.565311e+12	7.556893e+13	4.725507e+13	4.231078e+03	3.147976e+03	2.368635e+03	0	2.373404e-04
1.330000e+09	1.977676e+11	0.000000e+00	4.621212e-01	9.480017e+12	7.529218e+13	4.705909e+13	4.225892e+03	3.146102e+03	2.367225e+03	0	2.365307e-04
1.340000e+09	1.957623e+11	0.000000e+00	4.621212e-01	9.396082e+12	7.501612e+13	4.686438e+13	4.220752e+03	3.144227e+03	2.365814e+03	0	2.357285e-04
1.350000e+09	1.937890e+11	0.000000e+00	4.621212e-01	9.313478e+12	7.474077e+13	4.667095e+13	4.215658e+03	3.142351e+03	2.364403e+03	0	2.349338e-04
1.360000e+09	1.918471e+11	0.000000e+00	4.621212e-01	9.232174e+12	7.446617e+13	4.647877e+13	4.210608e+03	3.140476e+03	2.362992e+03	0	2.341464e-04
1.370000e+09	1.899358e+11	0.000000e+00	4.621212e-01	9.152141e+12	7.419236e+13	4.628785e+13	4.205602e+03	3.138601e+03	2.361581e+03	0	2.333662e-04
1.380000e+09	1.880545e+11	0.000000e+00	4.621212e-01	9.073352e+12	7.391934e+13	4.609817e+13	4.200639e+03	3.136726e+03	2.360171e+03	0	2.325932e-04
1.390000e+09	1.862025e+11	0.000000e+00	4.621212e-01	8.995779e+12	7.364713e+13	4.590972e+13	4.195719e+03	3.134852e+03	2.358760e+03	0	2.318271e-04
1.400000e+09	1.843792e+11	0.000000e+00	4.621212e-01	8.919395e+12	7.337576e+13	4.572249e+13	4.190841e+03	3.132978e+03	2.357350e+03	0	2.310679e-04
1.410000e+09	1.825839e+11	0.000000e+00	4.621212e-01	8.844176e+12	7.310526e+13	4.553648e+13	4.186004e+03	3.131105e+03	2.355941e+03	0	2.303155e-04
1.420000e+09	1.808160e+11	0.000000e+00	4.621212e-01	8.770094e+12	7.283564e+13	4.535167e+13	4.181207e+03	3.129233e+03	2.354533e+03	0	2.295697e-04
1.430000e+09	1.790749e+11	0.000000e+00	4.621212e-01	8.697128e+12	7.256692e+13	4.516805e+13	4.176451e+03	3.127362e+03	2.353125e+03	0	2.288305e-04
1.440000e+09	1.773602e+11	0.000000e+00	4.621212e-01	8.625251e+12	7.229912e+13	4.498562e+13	4.171734e+03	3.125493e+03	2.351718e+03	0	2.280978e-04
1.450000e+09	1.756711e+11	0.000000e+00	4.621212e-01	8.554442e+12	7.203224e+13	4.480437e+13	4.167057e+03	3.123624e+03	2.350312e+03	0	2.273714e-04
1.460000e+09	1.740073e+11	0.000000e+00	4.621212e-01	8.484678e+12	7.176632e+13	4.462428e+13	4.162417e+03	3.121757e+03	2.348908e+03	0	2.266513e-04
1.470000e+09	1.723680e+11	0.000000e+00	4.621212e-01	8.415938e+12	7.150136e+13	4.444536e+13	4.157815e+03	3.119892e+03	2.347504e+03	0	2.259373e-04
1.480000e+09	1.707529e+11	0.000000e+00	4.621212e-01	8.348199e+12	7.123738e+13	4.426758e+13	4.153250e+03	3.118029e+03	2.346102e+03	0	2.252294e-04
1.490000e+09	1.691614e+11	0.000000e+00	4.621212e-01	8.281441e+12	7.097437e+13	4.409094e+13	4.148722e+03	3.116167e+03	2.344701e+03	0	2.245275e-04
1.500000e+09	1.675931e+11	0.000000e+00	4.621212e-01	8.215644e+12	7.071239e+13	4.391544e+13	4.144230e+03	3.114308e+03	2.343302e+03	0	2.238314e-04
1.510000e+09	1.660474e+11	0.000000e+00	4.621212e-01	8.150788e+12	7.045141e+13	4.374106e+13	4.139774e+03	3.112450e+03	2.341905e+03	0	2.231412e-04
1.520000e+09	1.645239e+11	0.000000e+00	4.621212e-01	8.086855e+12	7.019146e+13	4.356779e+13	4.135352e+03	3.110595e+03	2.340509e+03	0	2.224566e-04
1.530000e+09	1.630222e+11	0.000000e+00	4.621212e-01	8.023825e+12	6.993255e+13	4.339564e+13	4.130965e+03	3.108742e+03	2.339114e+03	0	2.217777e-04
1.540000e+09	1.615418e+11	0.000000e+00	4.621212e-01	7.961681e+12	6.967468e+13	4.322458e+13	4.126613e+03	3.106891e+03	2.337722e+03	0	2.211044e-04
1.550000e+09	1.600822e+11	0.000000e+00	4.621212e-01	7.900404e+12	6.941787e+13	4.305461e+13	4.122293e+03	3.105043e+03	2.336331e+03	0	2.204364e-04
1.560000e+09	1.586432e+11	0.000000e+00	4.621212e-01	7.839977e+12	6.916211e+13	4.288572e+13	4.118008e+03	3.103197e+03	2.334942e+03	0	2.197739e-04
1.570000e+09	1.572241e+11	0.000000e+00	4.621212e-01	7.780384e+12	6.890742e+13	4.271790e+13	4.113754e+03	3.101354e+03	2.333556e+03	0	2.191167e-04
1.580000e+09	1.558248e+11	0.000000e+00	4.621212e-01	7.721609e+12	6.865382e+13	4.255115e+13	4.109533e+03	3.099514e+03	2.332171e+03	0	2.184647e-04
1.590000e+09	1.544447e+11	0.000000e+00	4.621212e-01	7.663634e+12	6.840130e+13	4.238546e+13	4.105344e+03	3.097676e+03	2.330788e+03	0	2.178178e-04
1.600000e+09	1.530836e+11	0.000000e+00	4.621212e-01	7.606446e+12	6.814986e+13	4.222082e+13	4.101186e+03	3.095842e+03	2.329408e+03	0	2.171760e-04
1.610000e+09	1.517409e+11	0.000000e+00	4.621212e-01	7.550027e+12	6.789953e+13	4.205722e+13	4.097059e+03	3.094010e+03	2.328030e+03	0	2.165392e-04
1.620000e+09	1.504165e+11	0.000000e+00	4.621212e-01	7.494365e+12	6.765030e+13	4.189465e+13	4.092963e+03	3.092182e+03	2.326654e+03	0	2.159074e-04
1.630000e+09	1.491099e+11	0.000000e+00	4.621212e-01	7.439444e+12	6.740217e+13	4.173311e+13	4.088896e+03	3.090356e+03	2.325280e+03	0	2.152804e-04
1.640000e+09	1.478207e+11	0.000000e+00	4.621212e-01	7.385249e+12	6.715515e+13	4.157259e+13	4.084860e+03	3.088534e+03	2.323909e+03	0	2.146582e-04
1.650000e+09	1.465488e+11	0.000000e+00	4.621212e-01	7.331769e+12	6.690924e+13	4.141307e+13	4.080852e+03	3.086715e+03	2.322541e+03	0	2.140407e-04
1.660000e+09	1.452936e+11	0.000000e+00	4.621212e-01	7.278988e+12	6.666445e+13	4.125457e+13	4.076874e+03	3.084899e+03	2.321174e+03	0	2.134279e-04
1.670000e+09	1.440550e+11	0.000000e+00	4.621212e-01	7.226894e+12	6.642078e+13	4.109705e+13	4.072924e+03	3.083087e+03	2.319811e+03	0	2.128197e-04
1.680000e+09	1.428326e+11	0.000000e+00	4.621212e-01	7.175474e+12	6.617824e+13	4.094052e+13	4.069003e+03	3.081278e+03	2.318449e+03	0	2.122160e-04
1.690000e+09	1.416261e+11	0.000000e+00	4.621212e-01	7.124716e+12	6.593682e+13	4.078498e+13	4.065109e+03	3.079472e+03	2.317091e+03	0	2.116168e-04
1.700000e+09	1.404352e+11	0.000000e+00	4.621212e-01	7.074607e+12	6.569652e+13	4.063040e+13	4.061243e+03	3.077670e+03	2.315735e+03	0	2.110220e-04
1.710000e+09	1.392596e+11	0.000000e+00	4.621212e-01	7.025136e+12	6.545736e+13	4.047680e+13	4.057403e+03	3.075872e+03	2.314382e+03	0	2.104315e-04
1.720000e+09	1.380991e+11	0.000000e+00	4.621212e-01	6.976290e+12	6.521932e+13	4.032415e+13	4.053591e+03	3.074077e+03	2.313031e+03	0	2.098453e-04
1.730000e+09	1.369533e+11	0.000000e+00	4.621212e-01	6.928059e+12	6.498241e+13	4.017245e+13	4.049805e+03	3.072286e+03	2.311683e+03	0	2.092634e-04
1.740000e+09	1.358221e+11	0.000000e+00	4.621212e-01	6.880432e+12	6.474664e+13	4.002170e+13	4.046045e+03	3.070498e+03	2.310338e+03	0	2.086856e-04
1.750000e+09	1.347051e+11	0.000000e+00	4.621212e-01	6.833397e+12	6.451200e+13	3.987188e+13	4.042311e+03	3.068714e+03	2.308996e+03	0	2.081120e-04
1.760000e+09	1.336021e+11	0.000000e+00	4.621212e-01	6.786945e+12	6.427849e+13	3.972300e+13	4.038602e+03	3.066934e+03	2.307657e+03	0	2.075424e-04
1.770000e+09	1.325128e+11	0.000000e+00	4.621212e-01	6.741064e+12	6.404610e+13	3.957503e+13	4.034919e+03	3.065158e+03	2.306320e+03	0	2.069768e-04
1.780000e+09	1.314370e+11	0.000000e+00	4.621212e-01	6.695745e+12	6.381485e+13	3.942799e+13	4.031260e+03	3.063386e+03	2.304987e+03	0	2.064152e-04
1.790000e+09	1.303745e+11	0.000000e+00	4.621212e-01	6.650978e+12	6.358474e+13	3.928185e+13	4.027626e+03	3.061617e+03	2.303656e+03	0	2.058574e-04
1.800000e+09	1.293250e+11	0.000000e+00	4.621212e-01	6.606752e+12	6.335575e+13	3.913662e+13	4.024016e+03	3.059853e+03	2.302329e+03	0	2.053036e-04
1.810000e+09	1.282883e+11	0.000000e+00	4.621212e-01	6.563060e+12	6.312789e+13	3.899228e+13	4.020430e+03	3.058092e+03	2.301004e+03	0	2.047535e-04
1.820000e+09	1.272641e+11	0.000000e+00	4.621212e-01	6.519891e+12	6.290115e+13	3.884883e+13	4.016868e+03	3.056335e+03	2.299682e+03	0	2.042072e-04
1.830000e+09	1.262523e+11	0.000000e+00	4.621212e-01	6.477236e+12	6.267554e+13	3.870627e+13	4.013329e+03	3.054583e+03	2.298363e+03	0	2.036646e-04
1.840000e+09	1.252527e+11	0.000000e+00	4.621212e-01	6.435088e+12	6.245105e+13	3.856458e+13	4.009813e+03	3.052834e+03	2.297048e+03	0	2.031256e-04
1.850000e+09	1.242650e+11	0.000000e+00	4.621212e-01	6.393436e+12	6.222769e+13	3.842376e+13	4.006320e+03	3.051090e+03	2.295735e+03	0	2.025903e-04
1.860000e+09	1.232890e+11	0.000000e+00	4.621212e-01	6.352273e+12	6.200545e+13	3.828380e+13	4.002849e+03	3.049349e+03	2.294426e+03	0	2.020585e-04
1.870000e+09	1.223246e+11	0.000000e+00	4.621212e-01	6.311590e+12	6.178432e+13	3.814470e+13	3.999401e+03	3.047613e+03	2.293119e+03	0	2.015303e-04
1.880000e+09	1.213715e+11	0.000000e+00	4.621212e-01	6.271379e+12	6.156431e+13	3.800646e+13	3.995975e+03	3.045881e+03	2.291816e+03	0	2.010055e-04
1.890000e+09	1.204295e+11	0.000000e+00	4.621212e-01	6.231633e+12	6.134542e+13	3.786905e+13	3.992570e+03	3.044153e+03	2.290515e+03	0	2.004842e-04
1.900000e+09	1.194986e+11	0.000000e+00	4.621212e-01	6.192344e+12	6.112762e+13	3.773249e+13	3.989188e+03	3.042429e+03	2.289218e+03	0	1.999662e-04
1.910000e+09	1.185784e+11	0.000000e+00	4.621212e-01	6.153504e+12	6.091094e+13	3.759675e+13	3.985826e+03	3.040709e+03	2.287924e+03	0	1.994516e-04
1.920000e+09	1.176687e+11	0.000000e+00	4.621212e-01	6.115106e+12	6.069536e+13	3.746185e+13	3.982485e+03	3.038994e+03	2.286634e+03	0	1.989403e-04
1.930000e+09	1.167696e+11	0.000000e+00	4.621212e-01	6.077142e+12	6.048088e+13	3.732776e+13	3.979165e+03	3.037282e+03	2.285346e+03	0	1.984322e-04
1.940000e+09	1.158806e+11	0.000000e+00	4.621212e-01	6.039605e+12	6.026750e+13	3.719448e+13	3.975866e+03	3.035575e+03	2.284062e+03	0	1.979274e-04
1.950000e+09	1.150018e+11	0.000000e+00	4.621212e-01	6.002489e+12	6.005522e+13	3.706202e+13	3.972587e+03	3.033873e+03	2.282780e+03	0	1.974258e-04
1.960000e+09	1.141329e+11	0.000000e+00	4.621212e-01	5.965787e+12	5.984402e+13	3.693035e+13	3.969328e+03	3.032174e+03	2.281502e+03	0	1.969273e-04
1.970000e+09	1.132738e+11	0.000000e+00	4.621212e-01	5.929492e+12	5.963392e+13	3.679948e+13	3.966090e+03	3.030480e+03	2.280228e+03	0	1.964320e-04
1.980000e+09	1.124242e+11	0.000000e+00	4.621212e-01	5.893597e+12	5.942488e+13	3.666940e+13	3.962870e+03	3.028790e+03	2.278956e+03	0	1.959397e-04
1.990000e+09	1.115842e+11	0.000000e+00	4.621212e-01	5.858097e+12	5.921694e+13	3.654011e+13	3.959670e+03	3.027104e+03	2.277688e+03	0	1.954504e-04
2.000000e+09	1.107534e+11	0.000000e+00	4.621212e-01	5.822984e+12	5.901007e+13	3.641159e+13	3.956490e+03	3.025423e+03	2.276423e+03	0	1.949641e-04
2.010000e+09	1.099318e+11	0.000000e+00	4.621212e-01	5.788253e+12	5.880426e+13	3.628385e+13	3.953328e+03	3.023746e+03	2.275161e+03	0	1.944808e-04
2.020000e+09	1.091191e+11	0.000000e+00	4.621212e-01	5.753899e+12	5.859953e+13	3.615687e+13	3.950185e+03	3.022073e+03	2.273902e+03	0	1.940004e-04
2.030000e+09	1.083154e+11	0.000000e+00	4.621212e-01	5.719913e+12	5.839587e+13	3.603066e+13	3.947061e+03	3.020405e+03	2.272647e+03	0	1.935229e-04
2.040000e+09	1.075204e+11	0.000000e+00	4.621212e-01	5.686293e+12	5.819325e+13	3.590520e+13	3.943955e+03	3.018741e+03	2.271395e+03	0	1.930483e-04
2.050000e+09	1.067340e+11	0.000000e+00	4.621212e-01	5.653030e+12	5.799170e+13	3.578049e+13	3.940868e+03	3.017081e+03	2.270146e+03	0	1.925765e-04
2.060000e+09	1.059560e+11	0.000000e+00	4.621212e-01	5.620121e+12	5.779119e+13	3.565653e+13	3.937798e+03	3.015426e+03	2.268901e+03	0	1.921075e-04
2.070000e+09	1.051864e+11	0.000000e+00	4.621212e-01	5.587559e+12	5.759174e+13	3.553331e+13	3.934747e+03	3.013775e+03	2.267658e+03	0	1.916412e-04
2.080000e+09	1.044250e+11	0.000000e+00	4.621212e-01	5.555340e+12	5.739331e+13	3.541082e+13	3.931713e+03	3.012128e+03	2.266419e+03	0	1.911777e-04
2.090000e+09	1.036717e+11	0.000000e+00	4.621212e-01	5.523458e+12	5.719593e+13	3.528906e+13	3.928696e+03	3.010486e+03	2.265184e+03	0	1.907169e-04
2.100000e+09	1.029263e+11	0.000000e+00	4.621212e-01	5.491908e+12	5.699959e+13	3.516802e+13	3.925697e+03	3.008848e+03	2.263951e+03	0	1.902587e-04
2.110000e+09	1.021888e+11	0.000000e+00	4.621212e-01	5.460684e+12	5.680426e+13	3.504770e+13	3.922714e+03	3.007215e+03	2.262722e+03	0	1.898031e-04
2.120000e+09	1.014589e+11	0.000000e+00	4.621212e-01	5.429783e+12	5.660997e+13	3.492809e+13	3.919749e+03	3.005586e+03	2.261496e+03	0	1.893502e-04
2.130000e+09	1.007367e+11	0.000000e+00	4.621212e-01	5.399199e+12	5.641670e+13	3.480920e+13	3.916800e+03	3.003961e+03	2.260274e+03	0	1.888999e-04
2.140000e+09	1.000220e+11	0.000000e+00	4.621212e-01	5.368928e+12	5.622443e+13	3.469100e+13	3.913868e+03	3.002341e+03	2.259055e+03	0	1.884520e-04
2.150000e+09	9.931463e+10	0.000000e+00	4.621212e-01	5.338965e+12	5.603318e+13	3.457350e+13	3.910953e+03	3.000725e+03	2.257839e+03	0	1.880067e-04
2.160000e+09	9.861454e+10	0.000000e+00	4.621212e-01	5.309305e+12	5.584293e+13	3.445670e+13	3.908053e+03	2.999113e+03	2.256626e+03	0	1.875639e-04
2.170000e+09	9.792161e+10	0.000000e+00	4.621212e-01	5.279944e+12	5.565368e+13	3.434058e+13	3.905170e+03	2.997506e+03	2.255417e+03	0	1.871236e-04
2.180000e+09	9.723574e+10	0.000000e+00	4.621212e-01	5.250877e+12	5.546542e+13	3.422515e+13	3.902302e+03	2.995903e+03	2.254211e+03	0	1.866857e-04
2.190000e+09	9.655682e+10	0.000000e+00	4.621212e-01	5.222101e+12	5.527815e+13	3.411039e+13	3.899451e+03	2.994304e+03	2.253008e+03	0	1.862502e-04
2.200000e+09	9.588475e+10	0.000000e+00	4.621212e-01	5.193612e+12	5.509187e+13	3.399631e+13	3.896615e+03	2.992710e+03	2.251808e+03	0	1.858170e-04
2.210000e+09	9.521944e+10	0.000000e+00	4.621212e-01	5.165404e+12	5.490657e+13	3.388289e+13	3.893794e+03	2.991120e+03	2.250612e+03	0	1.853863e-04
2.220000e+09	9.456077e+10	0.000000e+00	4.621212e-01	5.137474e+12	5.472224e+13	3.377014e+13	3.890989e+03	2.989535e+03	2.249419e+03	0	1.849578e-04
2.230000e+09	9.390867e+10	0.000000e+00	4.621212e-01	5.109818e+12	5.453888e+13	3.365805e+13	3.888198e+03	2.987954e+03	2.248230e+03	0	1.845317e-04
2.240000e+09	9.326303e+10	0.000000e+00	4.621212e-01	5.082432e+12	5.435649e+13	3.354661e+13	3.885423e+03	2.986377e+03	2.247043e+03	0	1.841078e-04
2.250000e+09	9.262377e+10	0.000000e+00	4.621212e-01	5.055313e+12	5.417506e+13	3.343582e+13	3.882663e+03	2.984805e+03	2.245860e+03	0	1.836862e-04
2.260000e+09	9.199079e+10	0.000000e+00	4.621212e-01	5.028456e+12	5.399457e+13	3.332567e+13	3.879917e+03	2.983237e+03	2.244680e+03	0	1.832668e-04
2.270000e+09	9.136400e+10	0.000000e+00	4.621212e-01	5.001857e+12	5.381505e+13	3.321616e+13	3.877186e+03	2.981673e+03	2.243504e+03	0	1.828496e-04
2.280000e+09	9.074332e+10	0.000000e+00	4.621212e-01	4.975514e+12	5.363646e+13	3.310729e+13	3.874469e+03	2.980114e+03	2.242331e+03	0	1.824346e-04
2.290000e+09	9.012866e+10	0.000000e+00	4.621212e-01	4.949423e+12	5.345882e+13	3.299905e+13	3.871767e+03	2.978559e+03	2.241160e+03	0	1.820218e-04
2.300000e+09	8.951994e+10	0.000000e+00	4.621212e-01	4.923580e+12	5.328211e+13	3.289144e+13	3.869078e+03	2.977008e+03	2.239994e+03	0	1.816111e-04
2.310000e+09	8.891708e+10	0.000000e+00	4.621212e-01	4.897982e+12	5.310633e+13	3.278444e+13	3.866404e+03	2.975462e+03	2.238830e+03	0	1.812025e-04
2.320000e+09	8.831999e+10	0.000000e+00	4.621212e-01	4.872625e+12	5.293147e+13	3.267807e+13	3.863743e+03	2.973920e+03	2.237670e+03	0	1.807959e-04
2.330000e+09	8.772859e+10	0.000000e+00	4.621212e-01	4.847506e+12	5.275754e+13	3.257230e+13	3.861097e+03	2.972382e+03	2.236513e+03	0	1.803915e-04
2.340000e+09	8.714281e+10	0.000000e+00	4.621212e-01	4.822622e+12	5.258452e+13	3.246715e+13	3.858464e+03	2.970848e+03	2.235359e+03	0	1.799891e-04
2.350000e+09	8.656257e+10	0.000000e+00	4.621212e-01	4.797970e+12	5.241240e+13	3.236260e+13	3.855844e+03	2.969319e+03	2.234208e+03	0	1.795887e-04
2.360000e+09	8.598780e+10	0.000000e+00	4.621212e-01	4.773546e+12	5.224119e+13	3.225865e+13	3.853238e+03	2.967794e+03	2.233061e+03	0	1.791904e-04
2.370000e+09	8.541842e+10	0.000000e+00	4.621212e-01	4.749347e+12	5.207089e+13	3.215529e+13	3.850645e+03	2.966274e+03	2.231917e+03	0	1.787940e-04
2.380000e+09	8.485435e+10	0.000000e+00	4.621212e-01	4.725371e+12	5.190147e+13	3.205253e+13	3.848065e+03	2.964757e+03	2.230776e+03	0	1.783995e-04
2.390000e+09	8.429554e+10	0.000000e+00	4.621212e-01	4.701615e+12	5.173294e+13	3.195035e+13	3.845498e+03	2.963245e+03	2.229638e+03	0	1.780071e-04
2.400000e+09	8.374190e+10	0.000000e+00	4.621212e-01	4.678075e+12	5.156530e+13	3.184876e+13	3.842944e+03	2.961738e+03	2.228504e+03	0	1.776165e-04
2.410000e+09	8.319336e+10	0.000000e+00	4.621212e-01	4.654749e+12	5.139854e+13	3.174774e+13	3.840403e+03	2.960234e+03	2.227372e+03	0	1.772278e-04
2.420000e+09	8.264987e+10	0.000000e+00	4.621212e-01	4.631633e+12	5.123265e+13	3.164730e+13	3.837874e+03	2.958735e+03	2.226244e+03	0	1.768411e-04
2.430000e+09	8.211135e+10	0.000000e+00	4.621212e-01	4.608726e+12	5.106763e+13	3.154743e+13	3.835358e+03	2.957239e+03	2.225119e+03	0	1.764561e-04
2.440000e+09	8.157774e+10	0.000000e+00	4.621212e-01	4.586024e+12	5.090347e+13	3.144813e+13	3.832854e+03	2.955749e+03	2.223997e+03	0	1.760731e-04
2.450000e+09	8.104897e+10	0.000000e+00	4.621212e-01	4.563525e+12	5.074018e+13	3.134939e+13	3.830363e+03	2.954262e+03	2.222879e+03	0	1.756918e-04
2.460000e+09	8.052498e+10	0.000000e+00	4.621212e-01	4.541226e+12	5.057774e+13	3.125121e+13	3.827884e+03	2.952779e+03	2.221763e+03	0	1.753124e-04
2.470000e+09	8.000571e+10	0.000000e+00	4.621212e-01	4.519124e+12	5.041614e+13	3.115358e+13	3.825417e+03	2.951301e+03	2.220651e+03	0	1.749347e-04
2.480000e+09	7.949110e+10	0.000000e+00	4.621212e-01	4.497217e+12	5.025540e+13	3.105650e+13	3.822962e+03	2.949827e+03	2.219542e+03	0	1.745588e-04
2.490000e+09	7.898109e+10	0.000000e+00	4.621212e-01	4.475503e+12	5.009548e+13	3.095997e+13	3.820518e+03	2.948357e+03	2.218436e+03	0	1.741847e-04
2.500000e+09	7.847561e+10	0.000000e+00	4.621212e-01	4.453979e+12	4.993640e+13	3.086399e+13	3.818087e+03	2.946891e+03	2.217333e+03	0	1.738123e-04
2.510000e+09	7.797461e+10	0.000000e+00	4.621212e-01	4.432642e+12	4.977816e+13	3.076854e+13	3.815667e+03	2.945430e+03	2.216233e+03	0	1.734417e-04
2.520000e+09	7.747804e+10	0.000000e+00	4.621212e-01	4.411491e+12	4.962073e+13	3.067363e+13	3.813259e+03	2.943972e+03	2.215136e+03	0	1.730727e-04
2.530000e+09	7.698583e+10	0.000000e+00	4.621212e-01	4.390522e+12	4.946413e+13	3.057925e+13	3.810862e+03	2.942519e+03	2.214043e+03	0	1.727054e-04
2.540000e+09	7.649793e+10	0.000000e+00	4.621212e-01	4.369734e+12	4.930834e+13	3.048540e+13	3.808477e+03	2.941069e+03	2.212952e+03	0	1.723398e-04
2.550000e+09	7.601429e+10	0.000000e+00	4.621212e-01	4.349124e+12	4.915336e+13	3.039207e+13	3.806103e+03	2.939624e+03	2.211865e+03	0	1.719758e-04
2.560000e+09	7.553486e+10	0.000000e+00	4.621212e-01	4.328690e+12	4.899919e+13	3.029926e+13	3.803740e+03	2.938183e+03	2.210781e+03	0	1.716135e-04
2.570000e+09	7.505957e+10	0.000000e+00	4.621212e-01	4.308430e+12	4.884581e+13	3.020697e+13	3.801388e+03	2.936746e+03	2.209700e+03	0	1.712528e-04
2.580000e+09	7.458839e+10	0.000000e+00	4.621212e-01	4.288342e+12	4.869323e+13	3.011520e+13	3.799047e+03	2.935313e+03	2.208621e+03	0	1.708937e-04
2.590000e+09	7.412125e+10	0.000000e+00	4.621212e-01	4.268424e+12	4.854144e+13	3.002393e+13	3.796717e+03	2.933885e+03	2.207546e+03	0	1.705362e-04
2.600000e+09	7.365811e+10	0.000000e+00	4.621212e-01	4.248673e+12	4.839044e+13	2.993317e+13	3.794398e+03	2.932460e+03	2.206474e+03	0	1.701803e-04
2.610000e+09	7.319892e+10	0.000000e+00	4.621212e-01	4.229087e+12	4.824022e+13	2.984291e+13	3.792089e+03	2.931039e+03	2.205405e+03	0	1.698259e-04
2.620000e+09	7.274363e+10	0.000000e+00	4.621212e-01	4.209665e+12	4.809077e+13	2.975315e+13	3.789792e+03	2.929623e+03	2.204339e+03	0	1.694731e-04
2.630000e+09	7.229219e+10	0.000000e+00	4.621212e-01	4.190404e+12	4.794210e+13	2.966389e+13	3.787504e+03	2.928210e+03	2.203276e+03	0	1.691218e-04
2.640000e+09	7.184456e+10	0.000000e+00	4.621212e-01	4.171303e+12	4.779419e+13	2.957512e+13	3.785227e+03	2.926801e+03	2.202217e+03	0	1.687720e-04
2.650000e+09	7.140069e+10	0.000000e+00	4.621212e-01	4.152360e+12	4.764705e+13	2.948684e+13	3.782961e+03	2.925397e+03	2.201160e+03	0	1.684237e-04
2.660000e+09	7.096054e+10	0.000000e+00	4.621212e-01	4.133572e+12	4.750066e+13	2.939904e+13	3.780705e+03	2.923996e+03	2.200106e+03	0	1.680769e-04
2.670000e+09	7.052405e+10	0.000000e+00	4.621212e-01	4.114938e+12	4.735503e+13	2.931173e+13	3.778459e+03	2.922599e+03	2.199055e+03	0	1.677316e-04
2.680000e+09	7.009119e+10	0.000000e+00	4.621212e-01	4.096457e+12	4.721014e+13	2.922489e+13	3.776223e+03	2.921206e+03	2.198007e+03	0	1.673877e-04
2.690000e+09	6.966191e+10	0.000000e+00	4.621212e-01	4.078125e+12	4.706600e+13	2.913853e+13	3.773997e+03	2.919818e+03	2.196962e+03	0	1.670453e-04
2.700000e+09	6.923617e+10	0.000000e+00	4.621212e-01	4.059942e+12	4.692260e+13	2.905265e+13	3.771781e+03	2.918433e+03	2.195920e+03	0	1.667043e-04
2.710000e+09	6.881393e+10	0.000000e+00	4.621212e-01	4.041905e+12	4.677993e+13	2.896723e+13	3.769575e+03	2.917052e+03	2.194881e+03	0	1.663647e-04
2.720000e+09	6.839514e+10	0.000000e+00	4.621212e-01	4.024014e+12	4.663800e+13	2.888228e+13	3.767378e+03	2.915675e+03	2.193845e+03	0	1.660265e-04
2.730000e+09	6.797977e+10	0.000000e+00	4.621212e-01	4.006265e+12	4.649678e+13	2.879779e+13	3.765192e+03	2.914302e+03	2.192812e+03	0	1.656897e-04
2.740000e+09	6.756778e+10	0.000000e+00	4.621212e-01	3.988658e+12	4.635630e+13	2.871376e+13	3.763015e+03	2.912933e+03	2.191781e+03	0	1.653543e-04
2.750000e+09	6.715912e+10	0.000000e+00	4.621212e-01	3.971192e+12	4.621652e+13	2.863018e+13	3.760847e+03	2.911567e+03	2.190754e+03	0	1.650203e-04
2.760000e+09	6.675376e+10	0.000000e+00	4.621212e-01	3.953863e+12	4.607746e+13	2.854706e+13	3.758689e+03	2.910206e+03	2.189730e+03	0	1.646876e-04
2.770000e+09	6.635166e+10	0.000000e+00	4.621212e-01	3.936672e+12	4.593911e+13	2.846439e+13	3.756541e+03	2.908848e+03	2.188708e+03	0	1.643563e-04
2.780000e+09	6.595278e+10	0.000000e+00	4.621212e-01	3.919615e+12	4.580147e+13	2.838216e+13	3.754401e+03	2.907495e+03	2.187690e+03	0	1.640263e-04
2.790000e+09	6.555708e+10	0.000000e+00	4.621212e-01	3.902692e+12	4.566451e+13	2.830038e+13	3.752271e+03	2.906145e+03	2.186674e+03	0	1.636976e-04
2.800000e+09	6.516453e+10	0.000000e+00	4.621212e-01	3.885901e+12	4.552826e+13	2.821904e+13	3.750151e+03	2.904798e+03	2.185661e+03	0	1.633702e-04
2.810000e+09	6.477509e+10	0.000000e+00	4.621212e-01	3.869241e+12	4.539270e+13	2.813814e+13	3.748039e+03	2.903456e+03	2.184651e+03	0	1.630441e-04
2.820000e+09	6.438872e+10	0.000000e+00	4.621212e-01	3.852710e+12	4.525782e+13	2.805767e+13	3.745936e+03	2.902118e+03	2.183644e+03	0	1.627193e-04
2.830000e+09	6.400540e+10	0.000000e+00	4.621212e-01	3.836306e+12	4.512362e+13	2.797763e+13	3.743842e+03	2.900783e+03	2.182640e+03	0	1.623957e-04
2.840000e+09	6.362509e+10	0.000000e+00	4.621212e-01	3.820029e+12	4.499011e+13	2.789802e+13	3.741758e+03	2.899452e+03	2.181638e+03	0	1.620734e-04
2.850000e+09	6.324774e+10	0.000000e+00	4.621212e-01	3.803877e+12	4.485727e+13	2.781884e+13	3.739682e+03	2.898125e+03	2.180640e+03	0	1.617524e-04
2.860000e+09	6.287334e+10	0.000000e+00	4.621212e-01	3.787848e+12	4.472509e+13	2.774008e+13	3.737614e+03	2.896801e+03	2.179644e+03	0	1.614326e-04
2.870000e+09	6.250184e+10	0.000000e+00	4.621212e-01	3.771941e+12	4.459359e+13	2.766174e+13	3.735556e+03	2.895482e+03	2.178651e+03	0	1.611140e-04
2.880000e+09	6.213321e+10	0.000000e+00	4.621212e-01	3.756154e+12	4.446275e+13	2.758382e+13	3.733506e+03	2.894166e+03	2.177661e+03	0	1.607966e-04
2.890000e+09	6.176743e+10	0.000000e+00	4.621212e-01	3.740487e+12	4.433255e+13	2.750631e+13	3.731465e+03	2.892853e+03	2.176673e+03	0	1.604805e-04
2.900000e+09	6.140446e+10	0.000000e+00	4.621212e-01	3.724938e+12	4.420303e+13	2.742922e+13	3.729432e+03	2.891545e+03	2.175689e+03	0	1.601655e-04
2.910000e+09	6.104426e+10	0.000000e+00	4.621212e-01	3.709506e+12	4.407414e+13	2.735253e+13	3.727407e+03	2.890240e+03	2.174707e+03	0	1.598517e-04
2.920000e+09	6.068682e+10	0.000000e+00	4.621212e-01	3.694190e+12	4.394590e+13	2.727625e+13	3.725391e+03	2.888939e+03	2.173728e+03	0	1.595391e-04
2.930000e+09	6.033209e+10	0.000000e+00	4.621212e-01	3.678987e+12	4.381830e+13	2.720037e+13	3.723383e+03	2.887641e+03	2.172751e+03	0	1.592276e-04
2.940000e+09	5.998005e+10	0.000000e+00	4.621212e-01	3.663898e+12	4.369134e+13	2.712489e+13	3.721384e+03	2.886347e+03	2.171778e+03	0	1.589173e-04
2.950000e+09	5.963067e+10	0.000000e+00	4.621212e-01	3.648920e+12	4.356501e+13	2.704981e+13	3.719393e+03	2.885057e+03	2.170807e+03	0	1.586082e-04
2.960000e+09	5.928392e+10	0.000000e+00	4.621212e-01	3.634052e+12	4.343931e+13	2.697513e+13	3.717410e+03	2.883770e+03	2.169839e+03	0	1.583002e-04
2.970000e+09	5.893977e+10	0.000000e+00	4.621212e-01	3.619295e+12	4.331424e+13	2.690084e+13	3.715434e+03	2.882487e+03	2.168873e+03	0	1.579932e-04
2.980000e+09	5.859819e+10	0.000000e+00	4.621212e-01	3.604645e+12	4.318979e+13	2.682693e+13	3.713467e+03	2.881208e+03	2.167911e+03	0	1.576874e-04
2.990000e+09	5.825917e+10	0.000000e+00	4.621212e-01	3.590102e+12	4.306595e+13	2.675342e+13	3.711508e+03	2.879932e+03	2.166951e+03	0	1.573827e-04
3.000000e+09	2.375683e+12	6.521132e-02	4.621212e-01	3.575665e+12	4.294273e+13	2.668029e+13	3.709557e+03	2.878660e+03	2.165993e+03	0	5.154081e-04
3.100000e+09	2.428577e+12	8.647227e-02	4.621212e-01	3.574680e+12	4.282012e+13	2.596957e+13	3.709194e+03	2.877391e+03	2.165039e+03	1	5.104031e-04
3.200000e+09	2.408145e+12	9.900586e-02	4.621212e-01	3.567807e+12	4.157763e+13	2.529458e+13	3.705914e+03	2.864377e+03	2.155246e+03	1	5.037984e-04
3.300000e+09	2.480935e+12	1.108712e-01	4.621212e-01	3.558092e+12	4.041239e+13	2.465301e+13	3.702507e+03	2.851902e+03	2.145860e+03	1	5.038959e-04
3.400000e+09	2.507278e+12	1.194013e-01	4.621212e-01	3.551175e+12	3.931682e+13	2.404274e+13	3.699624e+03	2.839922e+03	2.136846e+03	1	5.021304e-04
3.500000e+09	2.498080e+12	1.264420e-01	4.621212e-01	3.544422e+12	3.828482e+13	2.346178e+13	3.696935e+03	2.828404e+03	2.128180e+03	1	4.986051e-04
3.600000e+09	2.507898e+12	1.330510e-01	4.621212e-01	3.535960e+12	3.731081e+13	2.290830e+13	3.694193e+03	2.817316e+03	2.119836e+03	1	4.965315e-04
3.700000e+09	2.514747e+12	1.394782e-01	4.621212e-01	3.527085e+12	3.638972e+13	2.238057e+13	3.691541e+03	2.806627e+03	2.111794e+03	1	4.943394e-04
3.800000e+09	2.515570e+12	1.453378e-01	4.621212e-01	3.517759e+12	3.551721e+13	2.187703e+13	3.688958e+03	2.796310e+03	2.104031e+03	1	4.919922e-04
3.900000e+09	2.548436e+12	1.507940e-01	4.621212e-01	3.507771e+12	3.468938e+13	2.139618e+13	3.686408e+03	2.786343e+03	2.096532e+03	1	4.918883e-04
4.000000e+09	2.527294e+12	1.552621e-01	4.621212e-01	3.499027e+12	3.390276e+13	2.093667e+13	3.684118e+03	2.776704e+03	2.089278e+03	1	4.887038e-04
4.100000e+09	2.522686e+12	1.599153e-01	4.621212e-01	3.488538e+12	3.315438e+13	2.049720e+13	3.681704e+03	2.767374e+03	2.082258e+03	1	4.865182e-04
4.200000e+09	2.543824e+12	1.643294e-01	4.621212e-01	3.477387e+12	3.244134e+13	2.007660e+13	3.679291e+03	2.758335e+03	2.075457e+03	1	4.860832e-04
4.300000e+09	2.535720e+12	1.684551e-01	4.621212e-01	3.467090e+12	3.176111e+13	1.967374e+13	3.677066e+03	2.749570e+03	2.068862e+03	1	4.839008e-04
4.400000e+09	2.551877e+12	1.724005e-01	4.621212e-01	3.456048e+12	3.111152e+13	1.928760e+13	3.674817e+03	2.741065e+03	2.062463e+03	1	4.833355e-04
4.500000e+09	2.539795e+12	1.759907e-01	4.621212e-01	3.445683e+12	3.049046e+13	1.891721e+13	3.672721e+03	2.732807e+03	2.056249e+03	1	4.811308e-04
4.600000e+09	2.552321e+12	1.795637e-01	4.621212e-01	3.434462e+12	2.989613e+13	1.856168e+13	3.670575e+03	2.724784e+03	2.050212e+03	1	4.804887e-04
4.700000e+09	2.531931e+12	1.829258e-01	4.621212e-01	3.423813e+12	2.932679e+13	1.822016e+13	3.668559e+03	2.716983e+03	2.044343e+03	1	4.778664e-04
4.800000e+09	2.541601e+12	1.861788e-01	4.621212e-01	3.411954e+12	2.878089e+13	1.789186e+13	3.666434e+03	2.709395e+03	2.038633e+03	1	4.771802e-04
4.900000e+09	2.550198e+12	1.893130e-01	4.621212e-01	3.400615e+12	2.825695e+13	1.757606e+13	3.664424e+03	2.702008e+03	2.033075e+03	1	4.764735e-04
5.000000e+09	2.537724e+12	1.921362e-01	4.621212e-01	3.389742e+12	2.775370e+13	1.727206e+13	3.662519e+03	2.694813e+03	2.027662e+03	1	4.745796e-04
5.100000e+09	2.544389e+12	1.950373e-01	4.621212e-01	3.378201e+12	2.726995e+13	1.697923e+13	3.660564e+03	2.687804e+03	2.022387e+03	1	4.738504e-04
5.200000e+09	2.532122e+12	1.978082e-01	4.621212e-01	3.367086e+12	2.680454e+13	1.669696e+13	3.658702e+03	2.680970e+03	2.017245e+03	1	4.719994e-04
5.300000e+09	2.537196e+12	2.005055e-01	4.621212e-01	3.355383e+12	2.635649e+13	1.642469e+13	3.656794e+03	2.674304e+03	2.012230e+03	1	4.712574e-04
5.400000e+09	2.541676e+12	2.031209e-01	4.621212e-01	3.344074e+12	2.592478e+13	1.616190e+13	3.654969e+03	2.667800e+03	2.007336e+03	1	4.705117e-04
5.500000e+09	2.528053e+12	2.056261e-01	4.621212e-01	3.333130e+12	2.550856e+13	1.590808e+13	3.653223e+03	2.661450e+03	2.002558e+03	1	4.686940e-04
5.600000e+09	2.531324e+12	2.080735e-01	4.621212e-01	3.321583e+12	2.510703e+13	1.566278e+13	3.651419e+03	2.655249e+03	1.997892e+03	1	4.679451e-04
5.700000e+09	2.534161e+12	2.104532e-01	4.621212e-01	3.310383e+12	2.471937e+13	1.542557e+13	3.649687e+03	2.649190e+03	1.993333e+03	1	4.671972e-04
5.800000e+09	2.514798e+12	2.127302e-01	4.621212e-01	3.299507e+12	2.434490e+13	1.519602e+13	3.648022e+03	2.643267e+03	1.988877e+03	1	4.651257e-04
5.900000e+09	2.516629e+12	2.149641e-01	4.621212e-01	3.287776e+12	2.398297e+13	1.497376e+13	3.646257e+03	2.637477e+03	1.984520e+03	1	4.643786e-04
6.000000e+09	2.518139e+12	2.171409e-01	4.621212e-01	3.276369e+12	2.363288e+13	1.475842e+13	3.644556e+03	2.631812e+03	1.980257e+03	1	4.636352e-04
6.100000e+09	2.519356e+12	2.192634e-01	4.621212e-01	3.265267e+12	2.329408e+13	1.454968e+13	3.642914e+03	2.626268e+03	1.976086e+03	1	4.628963e-04
6.200000e+09	2.506707e+12	2.212194e-01	4.621212e-01	3.254452e+12	2.296604e+13	1.434721e+13	3.641328e+03	2.620841e+03	1.972003e+03	1	4.613735e-04
6.300000e+09	2.507250e+12	2.232307e-01	4.621212e-01	3.243192e+12	2.264825e+13	1.415070e+13	3.639693e+03	2.615527e+03	1.968004e+03	1	4.606404e-04
6.400000e+09	2.507572e+12	2.251953e-01	4.621212e-01	3.232212e+12	2.234021e+13	1.395988e+13	3.638110e+03	2.610321e+03	1.964087e+03	1	4.599132e-04
6.500000e+09	2.507694e+12	2.271152e-01	4.621212e-01	3.221499e+12	2.204148e+13	1.377449e+13	3.636577e+03	2.605220e+03	1.960249e+03	1	4.591922e-04
6.600000e+09	2.495093e+12	2.288891e-01	4.621212e-01	3.211038e+12	2.175163e+13	1.359426e+13	3.635092e+03	2.600220e+03	1.956486e+03	1	4.577513e-04
6.700000e+09	2.494693e+12	2.307166e-01	4.621212e-01	3.200160e+12	2.147028e+13	1.341897e+13	3.633556e+03	2.595317e+03	1.952797e+03	1	4.570376e-04
6.800000e+09	2.494141e+12	2.325049e-01	4.621212e-01	3.189532e+12	2.119703e+13	1.324839e+13	3.632066e+03	2.590508e+03	1.949179e+03	1	4.563307e-04
6.900000e+09	2.493450e+12	2.342557e-01	4.621212e-01	3.179142e+12	2.093152e+13	1.308231e+13	3.630618e+03	2.585789e+03	1.945628e+03	1	4.556310e-04
7.000000e+09	2.480730e+12	2.358756e-01	4.621212e-01	3.168979e+12	2.067343e+13	1.292053e+13	3.629211e+03	2.581158e+03	1.942144e+03	1	4.542487e-04
7.100000e+09	2.479627e+12	2.375481e-01	4.621212e-01	3.158413e+12	2.042244e+13	1.276287e+13	3.627751e+03	2.576612e+03	1.938723e+03	1	4.535567e-04
7.200000e+09	2.478417e+12	2.391872e-01	4.621212e-01	3.148073e+12	2.017824e+13	1.260915e+13	3.626331e+03	2.572147e+03	1.935364e+03	1	4.528720e-04
7.300000e+09	2.477110e+12	2.407944e-01	4.621212e-01	3.137950e+12	1.994054e+13	1.245920e+13	3.624948e+03	2.567762e+03	1.932064e+03	1	4.521946e-04
7.400000e+09	2.475716e+12	2.423707e-01	4.621212e-01	3.128035e+12	1.970908e+13	1.231286e+13	3.623602e+03	2.563452e+03	1.928822e+03	1	4.515247e-04
7.500000e+09	2.459573e+12	2.438054e-01	4.621212e-01	3.118320e+12	1.948362e+13	1.216999e+13	3.622289e+03	2.559217e+03	1.925635e+03	1	4.500108e-04
7.600000e+09	2.457797e+12	2.453145e-01	4.621212e-01	3.108034e+12	1.926391e+13	1.203043e+13	3.620895e+03	2.555054e+03	1.922502e+03	1	4.493456e-04
7.700000e+09	2.455955e+12	2.467959e-01	4.621212e-01	3.097953e+12	1.904970e+13	1.189406e+13	3.619535e+03	2.550959e+03	1.919421e+03	1	4.486878e-04
7.800000e+09	2.454054e+12	2.482504e-01	4.621212e-01	3.088070e+12	1.884077e+13	1.176076e+13	3.618208e+03	2.546932e+03	1.916391e+03	1	4.480374e-04
7.900000e+09	2.452098e+12	2.496792e-01	4.621212e-01	3.078377e+12	1.863693e+13	1.163039e+13	3.616912e+03	2.542969e+03	1.913409e+03	1	4.473944e-04
8.000000e+09	2.441356e+12	2.510175e-01	4.621212e-01	3.068867e+12	1.843797e+13	1.150285e+13	3.615646e+03	2.539069e+03	1.910474e+03	1	4.462508e-04
8.100000e+09	2.439169e+12	2.523923e-01	4.621212e-01	3.059081e+12	1.824373e+13	1.137803e+13	3.614340e+03	2.535230e+03	1.907586e+03	1	4.456158e-04
8.200000e+09	2.436943e+12	2.537435e-01	4.621212e-01	3.049477e+12	1.805400e+13	1.125582e+13	3.613063e+03	2.531449e+03	1.904741e+03	1	4.449881e-04
8.300000e+09	2.434680e+12	2.550720e-01	4.621212e-01	3.040049e+12	1.786863e+13	1.113613e+13	3.611814e+03	2.527726e+03	1.901940e+03	1	4.443674e-04
8.400000e+09	2.432385e+12	2.563784e-01	4.621212e-01	3.030790e+12	1.768745e+13	1.101887e+13	3.610593e+03	2.524058e+03	1.899180e+03	1	4.437537e-04
8.500000e+09	2.421617e+12	2.576512e-01	4.621212e-01	3.021694e+12	1.751033e+13	1.090394e+13	3.609398e+03	2.520445e+03	1.896461e+03	1	4.426375e-04
8.600000e+09	2.419122e+12	2.589110e-01	4.621212e-01	3.012323e+12	1.733710e+13	1.079126e+13	3.608160e+03	2.516883e+03	1.893782e+03	1	4.420306e-04
8.700000e+09	2.416606e+12	2.601507e-01	4.621212e-01	3.003115e+12	1.716763e+13	1.068077e+13	3.606948e+03	2.513372e+03	1.891140e+03	1	4.414306e-04
8.800000e+09	2.414070e+12	2.613708e-01	4.621212e-01	2.994065e+12	1.700178e+13	1.057236e+13	3.605761e+03	2.509911e+03	1.888535e+03	1	4.408373e-04
8.900000e+09	2.411517e+12	2.625719e-01	4.621212e-01	2.985168e+12	1.683942e+13	1.046599e+13	3.604598e+03	2.506497e+03	1.885966e+03	1	4.402506e-04
9.000000e+09	2.408950e+12	2.637547e-01	4.621212e-01	2.976419e+12	1.668045e+13	1.036158e+13	3.603458e+03	2.503129e+03	1.883432e+03	1	4.396704e-04
9.100000e+09	2.406369e+12	2.649195e-01	4.621212e-01	2.967812e+12	1.652475e+13	1.025906e+13	3.602340e+03	2.499806e+03	1.880932e+03	1	4.390967e-04
9.200000e+09	2.395988e+12	2.660109e-01	4.621212e-01	2.959344e+12	1.637221e+13	1.015837e+13	3.601244e+03	2.496528e+03	1.878466e+03	1	4.380751e-04
9.300000e+09	2.393249e+12	2.671378e-01	4.621212e-01	2.950611e+12	1.622273e+13	1.005945e+13	3.600105e+03	2.493293e+03	1.876031e+03	1	4.375068e-04
9.400000e+09	2.390503e+12	2.682481e-01	4.621212e-01	2.942018e+12	1.607619e+13	9.962250e+12	3.598988e+03	2.490098e+03	1.873628e+03	1	4.369447e-04
9.500000e+09	2.387752e+12	2.693424e-01	4.621212e-01	2.933560e+12	1.593249e+13	9.866712e+12	3.597891e+03	2.486944e+03	1.871254e+03	1	4.363888e-04
9.600000e+09	2.384997e+12	2.704209e-01	4.621212e-01	2.925233e+12	1.579156e+13	9.772785e+12	3.596815e+03	2.483829e+03	1.868911e+03	1	4.358389e-04
9.700000e+09	2.382240e+12	2.714842e-01	4.621212e-01	2.917034e+12	1.565330e+13	9.680420e+12	3.595758e+03	2.480753e+03	1.866596e+03	1	4.352949e-04
9.800000e+09	2.379481e+12	2.725327e-01	4.621212e-01	2.908957e+12	1.551764e+13	9.589570e+12	3.594720e+03	2.477713e+03	1.864309e+03	1	4.347567e-04
9.900000e+09	2.367493e+12	2.735025e-01	4.621212e-01	2.901001e+12	1.538448e+13	9.500190e+12	3.593700e+03	2.474710e+03	1.862049e+03	1	4.336840e-04
1.000000e+10	2.364561e+12	2.745183e-01	4.621212e-01	2.892690e+12	1.525376e+13	9.412238e+12	3.592621e+03	2.471742e+03	1.859816e+03	1	4.331480e-04
