#t		Qconv[W]	Ri[Rp]		R*[Rp]		Qc[W]		Qm[W]		Qr[W]		Tcmb[K]		Tl[K]		Tup[K]		RiFlag		Bs[T]
0.000000e+00	2.529512e+13	0.000000e+00	4.469699e-01	6.314138e+14	6.268851e+13	2.094547e+14	1.133308e+04	3.859913e+03	2.525777e+03	0	1.159252e-03
1.000000e+07	2.390674e+13	0.000000e+00	4.469699e-01	5.975572e+14	6.673597e+13	2.082942e+14	1.118854e+04	3.895572e+03	2.549111e+03	0	1.137643e-03
2.000000e+07	2.263785e+13	0.000000e+00	4.469699e-01	5.666067e+14	7.076140e+13	2.071424e+14	1.105158e+04	3.929436e+03	2.571271e+03	0	1.117148e-03
3.000000e+07	2.147448e+13	0.000000e+00	4.469699e-01	5.382223e+14	7.475867e+13	2.059991e+14	1.092159e+04	3.961640e+03	2.592343e+03	0	1.097674e-03
4.000000e+07	2.040466e+13	0.000000e+00	4.469699e-01	5.121137e+14	7.872232e+13	2.048644e+14	1.079798e+04	3.992303e+03	2.612408e+03	0	1.079135e-03
5.000000e+07	1.941814e+13	0.000000e+00	4.469699e-01	4.880315e+14	8.264750e+13	2.037381e+14	1.068025e+04	4.021533e+03	2.631535e+03	0	1.061455e-03
6.000000e+07	1.850605e+13	0.000000e+00	4.469699e-01	4.657607e+14	8.652990e+13	2.026203e+14	1.056797e+04	4.049424e+03	2.649786e+03	0	1.044569e-03
7.000000e+07	1.766072e+13	0.000000e+00	4.469699e-01	4.451147e+14	9.036568e+13	2.015108e+14	1.046072e+04	4.076062e+03	2.667217e+03	0	1.028415e-03
8.000000e+07	1.687547e+13	0.000000e+00	4.469699e-01	4.259310e+14	9.415145e+13	2.004095e+14	1.035815e+04	4.101525e+03	2.683879e+03	0	1.012942e-03
9.000000e+07	1.614446e+13	0.000000e+00	4.469699e-01	4.080678e+14	9.788417e+13	1.993164e+14	1.025992e+04	4.125883e+03	2.699818e+03	0	9.980990e-04
1.000000e+08	1.546256e+13	0.000000e+00	4.469699e-01	3.914003e+14	1.015611e+14	1.982314e+14	1.016576e+04	4.149199e+03	2.715075e+03	0	9.838439e-04
1.100000e+08	1.482524e+13	0.000000e+00	4.469699e-01	3.758187e+14	1.051800e+14	1.971545e+14	1.007537e+04	4.171532e+03	2.729688e+03	0	9.701369e-04
1.200000e+08	1.422852e+13	0.000000e+00	4.469699e-01	3.612259e+14	1.087387e+14	1.960856e+14	9.988538e+03	4.192933e+03	2.743693e+03	0	9.569421e-04
1.300000e+08	1.366884e+13	0.000000e+00	4.469699e-01	3.475357e+14	1.122354e+14	1.950246e+14	9.905025e+03	4.213453e+03	2.757120e+03	0	9.442269e-04
1.400000e+08	1.314307e+13	0.000000e+00	4.469699e-01	3.346714e+14	1.156685e+14	1.939714e+14	9.824633e+03	4.233135e+03	2.769999e+03	0	9.319617e-04
1.500000e+08	1.264838e+13	0.000000e+00	4.469699e-01	3.225646e+14	1.190366e+14	1.929260e+14	9.747177e+03	4.252021e+03	2.782358e+03	0	9.201192e-04
1.600000e+08	1.218226e+13	0.000000e+00	4.469699e-01	3.111541e+14	1.223386e+14	1.918883e+14	9.672485e+03	4.270149e+03	2.794220e+03	0	9.086746e-04
1.700000e+08	1.174244e+13	0.000000e+00	4.469699e-01	3.003849e+14	1.255734e+14	1.908583e+14	9.600401e+03	4.287555e+03	2.805610e+03	0	8.976050e-04
1.800000e+08	1.132690e+13	0.000000e+00	4.469699e-01	2.902074e+14	1.287404e+14	1.898359e+14	9.530780e+03	4.304271e+03	2.816548e+03	0	8.868893e-04
1.900000e+08	1.093379e+13	0.000000e+00	4.469699e-01	2.805771e+14	1.318387e+14	1.888210e+14	9.463489e+03	4.320329e+03	2.827055e+03	0	8.765083e-04
2.000000e+08	1.056146e+13	0.000000e+00	4.469699e-01	2.714536e+14	1.348680e+14	1.878136e+14	9.398404e+03	4.335756e+03	2.837150e+03	0	8.664440e-04
2.100000e+08	1.020842e+13	0.000000e+00	4.469699e-01	2.628004e+14	1.378278e+14	1.868136e+14	9.335411e+03	4.350580e+03	2.846850e+03	0	8.566798e-04
2.200000e+08	9.873278e+12	0.000000e+00	4.469699e-01	2.545841e+14	1.407179e+14	1.858210e+14	9.274402e+03	4.364826e+03	2.856172e+03	0	8.472005e-04
2.300000e+08	9.554810e+12	0.000000e+00	4.469699e-01	2.467745e+14	1.435381e+14	1.848356e+14	9.215280e+03	4.378517e+03	2.865131e+03	0	8.379918e-04
2.400000e+08	9.251879e+12	0.000000e+00	4.469699e-01	2.393442e+14	1.462886e+14	1.838574e+14	9.157951e+03	4.391676e+03	2.873742e+03	0	8.290405e-04
2.500000e+08	8.963450e+12	0.000000e+00	4.469699e-01	2.322678e+14	1.489692e+14	1.828864e+14	9.102329e+03	4.404324e+03	2.882018e+03	0	8.203342e-04
2.600000e+08	8.688576e+12	0.000000e+00	4.469699e-01	2.255223e+14	1.515802e+14	1.819226e+14	9.048335e+03	4.416480e+03	2.889973e+03	0	8.118616e-04
2.700000e+08	8.426389e+12	0.000000e+00	4.469699e-01	2.190866e+14	1.541218e+14	1.809657e+14	8.995893e+03	4.428163e+03	2.897618e+03	0	8.036117e-04
2.800000e+08	8.176090e+12	0.000000e+00	4.469699e-01	2.129412e+14	1.565944e+14	1.800159e+14	8.944932e+03	4.439392e+03	2.904966e+03	0	7.955748e-04
2.900000e+08	7.936947e+12	0.000000e+00	4.469699e-01	2.070682e+14	1.589985e+14	1.790730e+14	8.895386e+03	4.450182e+03	2.912026e+03	0	7.877413e-04
3.000000e+08	7.708282e+12	0.000000e+00	4.469699e-01	2.014512e+14	1.613344e+14	1.781369e+14	8.847193e+03	4.460550e+03	2.918811e+03	0	7.801024e-04
3.100000e+08	7.489471e+12	0.000000e+00	4.469699e-01	1.960750e+14	1.636027e+14	1.772077e+14	8.800295e+03	4.470511e+03	2.925329e+03	0	7.726500e-04
3.200000e+08	7.279938e+12	0.000000e+00	4.469699e-01	1.909255e+14	1.658040e+14	1.762852e+14	8.754637e+03	4.480080e+03	2.931590e+03	0	7.653763e-04
3.300000e+08	7.079148e+12	0.000000e+00	4.469699e-01	1.859896e+14	1.679390e+14	1.753695e+14	8.710168e+03	4.489270e+03	2.937604e+03	0	7.582739e-04
3.400000e+08	6.886608e+12	0.000000e+00	4.469699e-01	1.812554e+14	1.700084e+14	1.744604e+14	8.666837e+03	4.498094e+03	2.943378e+03	0	7.513361e-04
3.500000e+08	6.701857e+12	0.000000e+00	4.469699e-01	1.767116e+14	1.720129e+14	1.735579e+14	8.624599e+03	4.506565e+03	2.948921e+03	0	7.445562e-04
3.600000e+08	6.524470e+12	0.000000e+00	4.469699e-01	1.723478e+14	1.739533e+14	1.726619e+14	8.583411e+03	4.514696e+03	2.954242e+03	0	7.379283e-04
3.700000e+08	6.354048e+12	0.000000e+00	4.469699e-01	1.681544e+14	1.758303e+14	1.717724e+14	8.543232e+03	4.522497e+03	2.959346e+03	0	7.314466e-04
3.800000e+08	6.190223e+12	0.000000e+00	4.469699e-01	1.641223e+14	1.776450e+14	1.708894e+14	8.504022e+03	4.529980e+03	2.964243e+03	0	7.251055e-04
3.900000e+08	6.032650e+12	0.000000e+00	4.469699e-01	1.602431e+14	1.793980e+14	1.700127e+14	8.465744e+03	4.537154e+03	2.968938e+03	0	7.189000e-04
4.000000e+08	5.881005e+12	0.000000e+00	4.469699e-01	1.565090e+14	1.810905e+14	1.691424e+14	8.428363e+03	4.544031e+03	2.973438e+03	0	7.128251e-04
4.100000e+08	5.734990e+12	0.000000e+00	4.469699e-01	1.529126e+14	1.827232e+14	1.682784e+14	8.391847e+03	4.550620e+03	2.977749e+03	0	7.068761e-04
4.200000e+08	5.594321e+12	0.000000e+00	4.469699e-01	1.494471e+14	1.842971e+14	1.674205e+14	8.356163e+03	4.556931e+03	2.981879e+03	0	7.010488e-04
4.300000e+08	5.458736e+12	0.000000e+00	4.469699e-01	1.461060e+14	1.858133e+14	1.665689e+14	8.321281e+03	4.562971e+03	2.985831e+03	0	6.953388e-04
4.400000e+08	5.327987e+12	0.000000e+00	4.469699e-01	1.428832e+14	1.872726e+14	1.657234e+14	8.287174e+03	4.568751e+03	2.989613e+03	0	6.897423e-04
4.500000e+08	5.201843e+12	0.000000e+00	4.469699e-01	1.397732e+14	1.886761e+14	1.648840e+14	8.253813e+03	4.574278e+03	2.993230e+03	0	6.842553e-04
4.600000e+08	5.080084e+12	0.000000e+00	4.469699e-01	1.367706e+14	1.900248e+14	1.640505e+14	8.221172e+03	4.579560e+03	2.996686e+03	0	6.788744e-04
4.700000e+08	4.962507e+12	0.000000e+00	4.469699e-01	1.338704e+14	1.913196e+14	1.632231e+14	8.189228e+03	4.584605e+03	2.999988e+03	0	6.735960e-04
4.800000e+08	4.848919e+12	0.000000e+00	4.469699e-01	1.310679e+14	1.925617e+14	1.624016e+14	8.157956e+03	4.589421e+03	3.003139e+03	0	6.684169e-04
4.900000e+08	4.739139e+12	0.000000e+00	4.469699e-01	1.283587e+14	1.937520e+14	1.615860e+14	8.127335e+03	4.594014e+03	3.006145e+03	0	6.633340e-04
5.000000e+08	4.632994e+12	0.000000e+00	4.469699e-01	1.257386e+14	1.948915e+14	1.607762e+14	8.097341e+03	4.598392e+03	3.009009e+03	0	6.583442e-04
5.100000e+08	4.530324e+12	0.000000e+00	4.469699e-01	1.232036e+14	1.959814e+14	1.599722e+14	8.067956e+03	4.602561e+03	3.011737e+03	0	6.534447e-04
5.200000e+08	4.430977e+12	0.000000e+00	4.469699e-01	1.207500e+14	1.970225e+14	1.591739e+14	8.039159e+03	4.606528e+03	3.014333e+03	0	6.486329e-04
5.300000e+08	4.334809e+12	0.000000e+00	4.469699e-01	1.183744e+14	1.980160e+14	1.583813e+14	8.010932e+03	4.610298e+03	3.016800e+03	0	6.439059e-04
5.400000e+08	4.241683e+12	0.000000e+00	4.469699e-01	1.160733e+14	1.989628e+14	1.575944e+14	7.983256e+03	4.613878e+03	3.019143e+03	0	6.392614e-04
5.500000e+08	4.151470e+12	0.000000e+00	4.469699e-01	1.138437e+14	1.998640e+14	1.568131e+14	7.956115e+03	4.617274e+03	3.021365e+03	0	6.346970e-04
5.600000e+08	4.064050e+12	0.000000e+00	4.469699e-01	1.116826e+14	2.007206e+14	1.560373e+14	7.929492e+03	4.620491e+03	3.023470e+03	0	6.302102e-04
5.700000e+08	3.979306e+12	0.000000e+00	4.469699e-01	1.095870e+14	2.015335e+14	1.552670e+14	7.903371e+03	4.623535e+03	3.025462e+03	0	6.257991e-04
5.800000e+08	3.897130e+12	0.000000e+00	4.469699e-01	1.075545e+14	2.023039e+14	1.545022e+14	7.877737e+03	4.626411e+03	3.027344e+03	0	6.214613e-04
5.900000e+08	3.817416e+12	0.000000e+00	4.469699e-01	1.055824e+14	2.030325e+14	1.537428e+14	7.852575e+03	4.629124e+03	3.029119e+03	0	6.171948e-04
6.000000e+08	3.740068e+12	0.000000e+00	4.469699e-01	1.036683e+14	2.037206e+14	1.529888e+14	7.827872e+03	4.631679e+03	3.030791e+03	0	6.129978e-04
6.100000e+08	3.664990e+12	0.000000e+00	4.469699e-01	1.018099e+14	2.043689e+14	1.522401e+14	7.803614e+03	4.634081e+03	3.032363e+03	0	6.088683e-04
6.200000e+08	3.592094e+12	0.000000e+00	4.469699e-01	1.000051e+14	2.049785e+14	1.514968e+14	7.779789e+03	4.636334e+03	3.033837e+03	0	6.048045e-04
6.300000e+08	3.521296e+12	0.000000e+00	4.469699e-01	9.825180e+13	2.055503e+14	1.507586e+14	7.756383e+03	4.638443e+03	3.035217e+03	0	6.008047e-04
6.400000e+08	3.452515e+12	0.000000e+00	4.469699e-01	9.654800e+13	2.060852e+14	1.500257e+14	7.733385e+03	4.640412e+03	3.036505e+03	0	5.968671e-04
6.500000e+08	3.385675e+12	0.000000e+00	4.469699e-01	9.489184e+13	2.065843e+14	1.492979e+14	7.710784e+03	4.642245e+03	3.037705e+03	0	5.929902e-04
6.600000e+08	3.320701e+12	0.000000e+00	4.469699e-01	9.328154e+13	2.070482e+14	1.485753e+14	7.688568e+03	4.643947e+03	3.038818e+03	0	5.891724e-04
6.700000e+08	3.257526e+12	0.000000e+00	4.469699e-01	9.171539e+13	2.074781e+14	1.478577e+14	7.666727e+03	4.645521e+03	3.039848e+03	0	5.854122e-04
6.800000e+08	3.196082e+12	0.000000e+00	4.469699e-01	9.019178e+13	2.078748e+14	1.471452e+14	7.645250e+03	4.646971e+03	3.040797e+03	0	5.817081e-04
6.900000e+08	3.136307e+12	0.000000e+00	4.469699e-01	8.870916e+13	2.082390e+14	1.464377e+14	7.624129e+03	4.648301e+03	3.041667e+03	0	5.780587e-04
7.000000e+08	3.078139e+12	0.000000e+00	4.469699e-01	8.726604e+13	2.085717e+14	1.457351e+14	7.603352e+03	4.649514e+03	3.042461e+03	0	5.744627e-04
7.100000e+08	3.021522e+12	0.000000e+00	4.469699e-01	8.586103e+13	2.088737e+14	1.450374e+14	7.582912e+03	4.650614e+03	3.043181e+03	0	5.709188e-04
7.200000e+08	2.966400e+12	0.000000e+00	4.469699e-01	8.449276e+13	2.091459e+14	1.443447e+14	7.562799e+03	4.651604e+03	3.043829e+03	0	5.674257e-04
7.300000e+08	2.912721e+12	0.000000e+00	4.469699e-01	8.315995e+13	2.093890e+14	1.436567e+14	7.543005e+03	4.652488e+03	3.044408e+03	0	5.639822e-04
7.400000e+08	2.860433e+12	0.000000e+00	4.469699e-01	8.186137e+13	2.096039e+14	1.429736e+14	7.523522e+03	4.653269e+03	3.044918e+03	0	5.605870e-04
7.500000e+08	2.809490e+12	0.000000e+00	4.469699e-01	8.059585e+13	2.097914e+14	1.422953e+14	7.504341e+03	4.653949e+03	3.045364e+03	0	5.572392e-04
7.600000e+08	2.759846e+12	0.000000e+00	4.469699e-01	7.936224e+13	2.099521e+14	1.416216e+14	7.485455e+03	4.654532e+03	3.045745e+03	0	5.539374e-04
7.700000e+08	2.711455e+12	0.000000e+00	4.469699e-01	7.815948e+13	2.100869e+14	1.409527e+14	7.466857e+03	4.655021e+03	3.046065e+03	0	5.506807e-04
7.800000e+08	2.664276e+12	0.000000e+00	4.469699e-01	7.698653e+13	2.101965e+14	1.402884e+14	7.448539e+03	4.655418e+03	3.046325e+03	0	5.474681e-04
7.900000e+08	2.618268e+12	0.000000e+00	4.469699e-01	7.584239e+13	2.102816e+14	1.396287e+14	7.430495e+03	4.655726e+03	3.046527e+03	0	5.442985e-04
8.000000e+08	2.573392e+12	0.000000e+00	4.469699e-01	7.472612e+13	2.103429e+14	1.389736e+14	7.412717e+03	4.655948e+03	3.046672e+03	0	5.411709e-04
8.100000e+08	2.529612e+12	0.000000e+00	4.469699e-01	7.363680e+13	2.103811e+14	1.383230e+14	7.395200e+03	4.656087e+03	3.046762e+03	0	5.380844e-04
8.200000e+08	2.486892e+12	0.000000e+00	4.469699e-01	7.257357e+13	2.103969e+14	1.376769e+14	7.377937e+03	4.656144e+03	3.046800e+03	0	5.350382e-04
8.300000e+08	2.445197e+12	0.000000e+00	4.469699e-01	7.153558e+13	2.103910e+14	1.370353e+14	7.360922e+03	4.656123e+03	3.046786e+03	0	5.320312e-04
8.400000e+08	2.404495e+12	0.000000e+00	4.469699e-01	7.052202e+13	2.103640e+14	1.363981e+14	7.344150e+03	4.656025e+03	3.046722e+03	0	5.290626e-04
8.500000e+08	2.364753e+12	0.000000e+00	4.469699e-01	6.953213e+13	2.103166e+14	1.357654e+14	7.327614e+03	4.655853e+03	3.046610e+03	0	5.261316e-04
8.600000e+08	2.325943e+12	0.000000e+00	4.469699e-01	6.856516e+13	2.102493e+14	1.351369e+14	7.311308e+03	4.655609e+03	3.046450e+03	0	5.232374e-04
8.700000e+08	2.288034e+12	0.000000e+00	4.469699e-01	6.762040e+13	2.101628e+14	1.345129e+14	7.295229e+03	4.655296e+03	3.046245e+03	0	5.203792e-04
8.800000e+08	2.250999e+12	0.000000e+00	4.469699e-01	6.669716e+13	2.100577e+14	1.338931e+14	7.279370e+03	4.654915e+03	3.045996e+03	0	5.175562e-04
8.900000e+08	2.214810e+12	0.000000e+00	4.469699e-01	6.579477e+13	2.099345e+14	1.332775e+14	7.263726e+03	4.654468e+03	3.045703e+03	0	5.147677e-04
9.000000e+08	2.179442e+12	0.000000e+00	4.469699e-01	6.491262e+13	2.097938e+14	1.326662e+14	7.248294e+03	4.653958e+03	3.045369e+03	0	5.120129e-04
9.100000e+08	2.144870e+12	0.000000e+00	4.469699e-01	6.405008e+13	2.096363e+14	1.320591e+14	7.233067e+03	4.653386e+03	3.044995e+03	0	5.092911e-04
9.200000e+08	2.111070e+12	0.000000e+00	4.469699e-01	6.320657e+13	2.094622e+14	1.314561e+14	7.218042e+03	4.652754e+03	3.044582e+03	0	5.066017e-04
9.300000e+08	2.078019e+12	0.000000e+00	4.469699e-01	6.238152e+13	2.092724e+14	1.308573e+14	7.203213e+03	4.652064e+03	3.044130e+03	0	5.039440e-04
9.400000e+08	2.045695e+12	0.000000e+00	4.469699e-01	6.157439e+13	2.090672e+14	1.302625e+14	7.188578e+03	4.651318e+03	3.043642e+03	0	5.013173e-04
9.500000e+08	2.014076e+12	0.000000e+00	4.469699e-01	6.078465e+13	2.088472e+14	1.296718e+14	7.174131e+03	4.650517e+03	3.043118e+03	0	4.987211e-04
9.600000e+08	1.983142e+12	0.000000e+00	4.469699e-01	6.001179e+13	2.086128e+14	1.290852e+14	7.159868e+03	4.649664e+03	3.042559e+03	0	4.961546e-04
9.700000e+08	1.952872e+12	0.000000e+00	4.469699e-01	5.925533e+13	2.083646e+14	1.285025e+14	7.145786e+03	4.648759e+03	3.041967e+03	0	4.936173e-04
9.800000e+08	1.923248e+12	0.000000e+00	4.469699e-01	5.851480e+13	2.081029e+14	1.279238e+14	7.131881e+03	4.647804e+03	3.041342e+03	0	4.911086e-04
9.900000e+08	1.894251e+12	0.000000e+00	4.469699e-01	5.778975e+13	2.078283e+14	1.273491e+14	7.118149e+03	4.646801e+03	3.040686e+03	0	4.886280e-04
1.000000e+09	1.865864e+12	0.000000e+00	4.469699e-01	5.707973e+13	2.075412e+14	1.267782e+14	7.104586e+03	4.645751e+03	3.039999e+03	0	4.861748e-04
1.010000e+09	1.838069e+12	0.000000e+00	4.469699e-01	5.638433e+13	2.072420e+14	1.262112e+14	7.091189e+03	4.644656e+03	3.039283e+03	0	4.837486e-04
1.020000e+09	1.810849e+12	0.000000e+00	4.469699e-01	5.570314e+13	2.069311e+14	1.256480e+14	7.077955e+03	4.643517e+03	3.038537e+03	0	4.813488e-04
1.030000e+09	1.784189e+12	0.000000e+00	4.469699e-01	5.503576e+13	2.066089e+14	1.250887e+14	7.064879e+03	4.642336e+03	3.037764e+03	0	4.789749e-04
1.040000e+09	1.758073e+12	0.000000e+00	4.469699e-01	5.438181e+13	2.062759e+14	1.245331e+14	7.051960e+03	4.641113e+03	3.036964e+03	0	4.766264e-04
1.050000e+09	1.732486e+12	0.000000e+00	4.469699e-01	5.374094e+13	2.059325e+14	1.239813e+14	7.039194e+03	4.639850e+03	3.036138e+03	0	4.743028e-04
1.060000e+09	1.707414e+12	0.000000e+00	4.469699e-01	5.311278e+13	2.055790e+14	1.234332e+14	7.026578e+03	4.638548e+03	3.035286e+03	0	4.720037e-04
1.070000e+09	1.682843e+12	0.000000e+00	4.469699e-01	5.249699e+13	2.052157e+14	1.228889e+14	7.014108e+03	4.637209e+03	3.034410e+03	0	4.697286e-04
1.080000e+09	1.658759e+12	0.000000e+00	4.469699e-01	5.189324e+13	2.048431e+14	1.223481e+14	7.001783e+03	4.635834e+03	3.033510e+03	0	4.674770e-04
1.090000e+09	1.635150e+12	0.000000e+00	4.469699e-01	5.130121e+13	2.044615e+14	1.218110e+14	6.989599e+03	4.634423e+03	3.032587e+03	0	4.652485e-04
1.100000e+09	1.612002e+12	0.000000e+00	4.469699e-01	5.072059e+13	2.040712e+14	1.212775e+14	6.977553e+03	4.632979e+03	3.031641e+03	0	4.630426e-04
1.110000e+09	1.589304e+12	0.000000e+00	4.469699e-01	5.015109e+13	2.036725e+14	1.207476e+14	6.965643e+03	4.631501e+03	3.030675e+03	0	4.608590e-04
1.120000e+09	1.567044e+12	0.000000e+00	4.469699e-01	4.959240e+13	2.032658e+14	1.202213e+14	6.953866e+03	4.629991e+03	3.029687e+03	0	4.586973e-04
1.130000e+09	1.545210e+12	0.000000e+00	4.469699e-01	4.904427e+13	2.028515e+14	1.196984e+14	6.942220e+03	4.628451e+03	3.028679e+03	0	4.565569e-04
1.140000e+09	1.523791e+12	0.000000e+00	4.469699e-01	4.850640e+13	2.024297e+14	1.191791e+14	6.930702e+03	4.626880e+03	3.027651e+03	0	4.544376e-04
1.150000e+09	1.502777e+12	0.000000e+00	4.469699e-01	4.797854e+13	2.020008e+14	1.186632e+14	6.919310e+03	4.625281e+03	3.026604e+03	0	4.523390e-04
1.160000e+09	1.482158e+12	0.000000e+00	4.469699e-01	4.746044e+13	2.015651e+14	1.181508e+14	6.908042e+03	4.623654e+03	3.025539e+03	0	4.502606e-04
1.170000e+09	1.461923e+12	0.000000e+00	4.469699e-01	4.695184e+13	2.011229e+14	1.176417e+14	6.896895e+03	4.621999e+03	3.024457e+03	0	4.482021e-04
1.180000e+09	1.442063e+12	0.000000e+00	4.469699e-01	4.645252e+13	2.006743e+14	1.171361e+14	6.885866e+03	4.620318e+03	3.023357e+03	0	4.461633e-04
1.190000e+09	1.422567e+12	0.000000e+00	4.469699e-01	4.596224e+13	2.002198e+14	1.166338e+14	6.874955e+03	4.618612e+03	3.022240e+03	0	4.441436e-04
1.200000e+09	1.403429e+12	0.000000e+00	4.469699e-01	4.548078e+13	1.997595e+14	1.161349e+14	6.864158e+03	4.616881e+03	3.021108e+03	0	4.421428e-04
1.210000e+09	1.384637e+12	0.000000e+00	4.469699e-01	4.500791e+13	1.992938e+14	1.156393e+14	6.853474e+03	4.615127e+03	3.019960e+03	0	4.401605e-04
1.220000e+09	1.366185e+12	0.000000e+00	4.469699e-01	4.454344e+13	1.988227e+14	1.151469e+14	6.842901e+03	4.613349e+03	3.018797e+03	0	4.381965e-04
1.230000e+09	1.348062e+12	0.000000e+00	4.469699e-01	4.408715e+13	1.983467e+14	1.146578e+14	6.832436e+03	4.611550e+03	3.017619e+03	0	4.362503e-04
1.240000e+09	1.330263e+12	0.000000e+00	4.469699e-01	4.363884e+13	1.978658e+14	1.141720e+14	6.822079e+03	4.609729e+03	3.016428e+03	0	4.343218e-04
1.250000e+09	1.312778e+12	0.000000e+00	4.469699e-01	4.319834e+13	1.973804e+14	1.136893e+14	6.811826e+03	4.607887e+03	3.015223e+03	0	4.324105e-04
1.260000e+09	1.295601e+12	0.000000e+00	4.469699e-01	4.276544e+13	1.968906e+14	1.132098e+14	6.801676e+03	4.606026e+03	3.014005e+03	0	4.305162e-04
1.270000e+09	1.278723e+12	0.000000e+00	4.469699e-01	4.233998e+13	1.963967e+14	1.127335e+14	6.791628e+03	4.604145e+03	3.012774e+03	0	4.286386e-04
1.280000e+09	1.262138e+12	0.000000e+00	4.469699e-01	4.192177e+13	1.958988e+14	1.122604e+14	6.781679e+03	4.602246e+03	3.011531e+03	0	4.267774e-04
1.290000e+09	1.245839e+12	0.000000e+00	4.469699e-01	4.151065e+13	1.953972e+14	1.117903e+14	6.771829e+03	4.600328e+03	3.010276e+03	0	4.249323e-04
1.300000e+09	1.229819e+12	0.000000e+00	4.469699e-01	4.110644e+13	1.948920e+14	1.113233e+14	6.762074e+03	4.598394e+03	3.009010e+03	0	4.231031e-04
1.310000e+09	1.214072e+12	0.000000e+00	4.469699e-01	4.070900e+13	1.943835e+14	1.108594e+14	6.752414e+03	4.596443e+03	3.007734e+03	0	4.212895e-04
1.320000e+09	1.198591e+12	0.000000e+00	4.469699e-01	4.031816e+13	1.938717e+14	1.103985e+14	6.742848e+03	4.594475e+03	3.006446e+03	0	4.194912e-04
1.330000e+09	1.183371e+12	0.000000e+00	4.469699e-01	3.993378e+13	1.933570e+14	1.099406e+14	6.733372e+03	4.592492e+03	3.005149e+03	0	4.177079e-04
1.340000e+09	1.168404e+12	0.000000e+00	4.469699e-01	3.955570e+13	1.928394e+14	1.094858e+14	6.723987e+03	4.590495e+03	3.003841e+03	0	4.159395e-04
1.350000e+09	1.153687e+12	0.000000e+00	4.469699e-01	3.918378e+13	1.923191e+14	1.090339e+14	6.714691e+03	4.588482e+03	3.002525e+03	0	4.141857e-04
1.360000e+09	1.139212e+12	0.000000e+00	4.469699e-01	3.881789e+13	1.917963e+14	1.085849e+14	6.705481e+03	4.586456e+03	3.001199e+03	0	4.124461e-04
1.370000e+09	1.124974e+12	0.000000e+00	4.469699e-01	3.845790e+13	1.912712e+14	1.081389e+14	6.696357e+03	4.584417e+03	2.999865e+03	0	4.107207e-04
1.380000e+09	1.110968e+12	0.000000e+00	4.469699e-01	3.810366e+13	1.907439e+14	1.076957e+14	6.687318e+03	4.582365e+03	2.998522e+03	0	4.090091e-04
1.390000e+09	1.097190e+12	0.000000e+00	4.469699e-01	3.775506e+13	1.902144e+14	1.072555e+14	6.678362e+03	4.580301e+03	2.997171e+03	0	4.073112e-04
1.400000e+09	1.083633e+12	0.000000e+00	4.469699e-01	3.741196e+13	1.896831e+14	1.068180e+14	6.669487e+03	4.578225e+03	2.995812e+03	0	4.056267e-04
1.410000e+09	1.070293e+12	0.000000e+00	4.469699e-01	3.707426e+13	1.891499e+14	1.063835e+14	6.660692e+03	4.576137e+03	2.994446e+03	0	4.039554e-04
1.420000e+09	1.057166e+12	0.000000e+00	4.469699e-01	3.674182e+13	1.886152e+14	1.059517e+14	6.651977e+03	4.574039e+03	2.993073e+03	0	4.022970e-04
1.430000e+09	1.044246e+12	0.000000e+00	4.469699e-01	3.641455e+13	1.880788e+14	1.055228e+14	6.643340e+03	4.571930e+03	2.991693e+03	0	4.006515e-04
1.440000e+09	1.031530e+12	0.000000e+00	4.469699e-01	3.609232e+13	1.875411e+14	1.050966e+14	6.634779e+03	4.569811e+03	2.990307e+03	0	3.990185e-04
1.450000e+09	1.019012e+12	0.000000e+00	4.469699e-01	3.577503e+13	1.870021e+14	1.046731e+14	6.626294e+03	4.567682e+03	2.988914e+03	0	3.973978e-04
1.460000e+09	1.006688e+12	0.000000e+00	4.469699e-01	3.546257e+13	1.864620e+14	1.042524e+14	6.617883e+03	4.565545e+03	2.987515e+03	0	3.957894e-04
1.470000e+09	9.945555e+11	0.000000e+00	4.469699e-01	3.515485e+13	1.859208e+14	1.038344e+14	6.609546e+03	4.563398e+03	2.986111e+03	0	3.941929e-04
1.480000e+09	9.826090e+11	0.000000e+00	4.469699e-01	3.485176e+13	1.853786e+14	1.034190e+14	6.601280e+03	4.561243e+03	2.984701e+03	0	3.926082e-04
1.490000e+09	9.708449e+11	0.000000e+00	4.469699e-01	3.455321e+13	1.848356e+14	1.030064e+14	6.593086e+03	4.559080e+03	2.983285e+03	0	3.910351e-04
1.500000e+09	9.592595e+11	0.000000e+00	4.469699e-01	3.425910e+13	1.842919e+14	1.025964e+14	6.584962e+03	4.556910e+03	2.981865e+03	0	3.894734e-04
1.510000e+09	9.478490e+11	0.000000e+00	4.469699e-01	3.396934e+13	1.837476e+14	1.021890e+14	6.576906e+03	4.554732e+03	2.980440e+03	0	3.879230e-04
1.520000e+09	9.366097e+11	0.000000e+00	4.469699e-01	3.368384e+13	1.832027e+14	1.017842e+14	6.568919e+03	4.552547e+03	2.979010e+03	0	3.863836e-04
1.530000e+09	9.255383e+11	0.000000e+00	4.469699e-01	3.340252e+13	1.826574e+14	1.013820e+14	6.560998e+03	4.550356e+03	2.977576e+03	0	3.848551e-04
1.540000e+09	9.146311e+11	0.000000e+00	4.469699e-01	3.312528e+13	1.821118e+14	1.009824e+14	6.553143e+03	4.548158e+03	2.976138e+03	0	3.833373e-04
1.550000e+09	9.038849e+11	0.000000e+00	4.469699e-01	3.285205e+13	1.815659e+14	1.005853e+14	6.545354e+03	4.545954e+03	2.974696e+03	0	3.818301e-04
1.560000e+09	8.932964e+11	0.000000e+00	4.469699e-01	3.258275e+13	1.810198e+14	1.001907e+14	6.537628e+03	4.543745e+03	2.973250e+03	0	3.803333e-04
1.570000e+09	8.828625e+11	0.000000e+00	4.469699e-01	3.231729e+13	1.804737e+14	9.979866e+13	6.529966e+03	4.541530e+03	2.971801e+03	0	3.788467e-04
1.580000e+09	8.725800e+11	0.000000e+00	4.469699e-01	3.205560e+13	1.799275e+14	9.940909e+13	6.522366e+03	4.539311e+03	2.970349e+03	0	3.773701e-04
1.590000e+09	8.624459e+11	0.000000e+00	4.469699e-01	3.179761e+13	1.793813e+14	9.902200e+13	6.514827e+03	4.537086e+03	2.968893e+03	0	3.759035e-04
1.600000e+09	8.524572e+11	0.000000e+00	4.469699e-01	3.154324e+13	1.788354e+14	9.863736e+13	6.507348e+03	4.534857e+03	2.967434e+03	0	3.744467e-04
1.610000e+09	8.426112e+11	0.000000e+00	4.469699e-01	3.129243e+13	1.782896e+14	9.825515e+13	6.499930e+03	4.532624e+03	2.965973e+03	0	3.729994e-04
1.620000e+09	8.329049e+11	0.000000e+00	4.469699e-01	3.104510e+13	1.777441e+14	9.787536e+13	6.492570e+03	4.530387e+03	2.964509e+03	0	3.715617e-04
1.630000e+09	8.233357e+11	0.000000e+00	4.469699e-01	3.080118e+13	1.771989e+14	9.749796e+13	6.485268e+03	4.528146e+03	2.963043e+03	0	3.701332e-04
1.640000e+09	8.139009e+11	0.000000e+00	4.469699e-01	3.056061e+13	1.766542e+14	9.712294e+13	6.478023e+03	4.525901e+03	2.961574e+03	0	3.687140e-04
1.650000e+09	8.045978e+11	0.000000e+00	4.469699e-01	3.032333e+13	1.761100e+14	9.675028e+13	6.470835e+03	4.523654e+03	2.960103e+03	0	3.673038e-04
1.660000e+09	7.954240e+11	0.000000e+00	4.469699e-01	3.008927e+13	1.755663e+14	9.637997e+13	6.463703e+03	4.521403e+03	2.958631e+03	0	3.659025e-04
1.670000e+09	7.863770e+11	0.000000e+00	4.469699e-01	2.985837e+13	1.750231e+14	9.601198e+13	6.456625e+03	4.519150e+03	2.957156e+03	0	3.645099e-04
1.680000e+09	7.774543e+11	0.000000e+00	4.469699e-01	2.963057e+13	1.744806e+14	9.564630e+13	6.449601e+03	4.516894e+03	2.955680e+03	0	3.631260e-04
1.690000e+09	7.686537e+11	0.000000e+00	4.469699e-01	2.940582e+13	1.739389e+14	9.528291e+13	6.442631e+03	4.514636e+03	2.954203e+03	0	3.617507e-04
1.700000e+09	7.599727e+11	0.000000e+00	4.469699e-01	2.918405e+13	1.733979e+14	9.492179e+13	6.435714e+03	4.512376e+03	2.952723e+03	0	3.603837e-04
1.710000e+09	7.514092e+11	0.000000e+00	4.469699e-01	2.896522e+13	1.728576e+14	9.456293e+13	6.428849e+03	4.510114e+03	2.951243e+03	0	3.590249e-04
1.720000e+09	7.429610e+11	0.000000e+00	4.469699e-01	2.874926e+13	1.723183e+14	9.420630e+13	6.422035e+03	4.507850e+03	2.949762e+03	0	3.576743e-04
1.730000e+09	7.346258e+11	0.000000e+00	4.469699e-01	2.853612e+13	1.717799e+14	9.385190e+13	6.415271e+03	4.505584e+03	2.948280e+03	0	3.563317e-04
1.740000e+09	7.264017e+11	0.000000e+00	4.469699e-01	2.832576e+13	1.712424e+14	9.349971e+13	6.408558e+03	4.503318e+03	2.946796e+03	0	3.549970e-04
1.750000e+09	7.182865e+11	0.000000e+00	4.469699e-01	2.811811e+13	1.707058e+14	9.314971e+13	6.401894e+03	4.501050e+03	2.945312e+03	0	3.536701e-04
1.760000e+09	7.102784e+11	0.000000e+00	4.469699e-01	2.791314e+13	1.701704e+14	9.280188e+13	6.395279e+03	4.498781e+03	2.943828e+03	0	3.523508e-04
1.770000e+09	7.023752e+11	0.000000e+00	4.469699e-01	2.771079e+13	1.696359e+14	9.245620e+13	6.388712e+03	4.496512e+03	2.942343e+03	0	3.510391e-04
1.780000e+09	6.945752e+11	0.000000e+00	4.469699e-01	2.751102e+13	1.691027e+14	9.211267e+13	6.382192e+03	4.494242e+03	2.940857e+03	0	3.497348e-04
1.790000e+09	6.868765e+11	0.000000e+00	4.469699e-01	2.731378e+13	1.685706e+14	9.177126e+13	6.375719e+03	4.491971e+03	2.939372e+03	0	3.484378e-04
1.800000e+09	6.792772e+11	0.000000e+00	4.469699e-01	2.711902e+13	1.680396e+14	9.143196e+13	6.369293e+03	4.489700e+03	2.937886e+03	0	3.471481e-04
1.810000e+09	6.717756e+11	0.000000e+00	4.469699e-01	2.692671e+13	1.675099e+14	9.109476e+13	6.362912e+03	4.487430e+03	2.936400e+03	0	3.458654e-04
1.820000e+09	6.643698e+11	0.000000e+00	4.469699e-01	2.673679e+13	1.669814e+14	9.075963e+13	6.356576e+03	4.485159e+03	2.934914e+03	0	3.445898e-04
1.830000e+09	6.570584e+11	0.000000e+00	4.469699e-01	2.654923e+13	1.664542e+14	9.042657e+13	6.350285e+03	4.482888e+03	2.933428e+03	0	3.433210e-04
1.840000e+09	6.498395e+11	0.000000e+00	4.469699e-01	2.636398e+13	1.659284e+14	9.009555e+13	6.344038e+03	4.480618e+03	2.931942e+03	0	3.420591e-04
1.850000e+09	6.427115e+11	0.000000e+00	4.469699e-01	2.618101e+13	1.654039e+14	8.976657e+13	6.337834e+03	4.478348e+03	2.930457e+03	0	3.408038e-04
1.860000e+09	6.356729e+11	0.000000e+00	4.469699e-01	2.600028e+13	1.648808e+14	8.943960e+13	6.331674e+03	4.476078e+03	2.928972e+03	0	3.395552e-04
1.870000e+09	6.287221e+11	0.000000e+00	4.469699e-01	2.582174e+13	1.643591e+14	8.911463e+13	6.325555e+03	4.473810e+03	2.927487e+03	0	3.383130e-04
1.880000e+09	6.218576e+11	0.000000e+00	4.469699e-01	2.564536e+13	1.638388e+14	8.879165e+13	6.319479e+03	4.471542e+03	2.926003e+03	0	3.370772e-04
1.890000e+09	6.150778e+11	0.000000e+00	4.469699e-01	2.547110e+13	1.633199e+14	8.847065e+13	6.313444e+03	4.469275e+03	2.924520e+03	0	3.358478e-04
1.900000e+09	6.083815e+11	0.000000e+00	4.469699e-01	2.529893e+13	1.628026e+14	8.815160e+13	6.307450e+03	4.467009e+03	2.923038e+03	0	3.346245e-04
1.910000e+09	6.017670e+11	0.000000e+00	4.469699e-01	2.512881e+13	1.622867e+14	8.783450e+13	6.301496e+03	4.464745e+03	2.921556e+03	0	3.334074e-04
1.920000e+09	5.952331e+11	0.000000e+00	4.469699e-01	2.496071e+13	1.617724e+14	8.751932e+13	6.295583e+03	4.462482e+03	2.920075e+03	0	3.321963e-04
1.930000e+09	5.887783e+11	0.000000e+00	4.469699e-01	2.479459e+13	1.612596e+14	8.720606e+13	6.289708e+03	4.460220e+03	2.918595e+03	0	3.309911e-04
1.940000e+09	5.824014e+11	0.000000e+00	4.469699e-01	2.463042e+13	1.607484e+14	8.689470e+13	6.283873e+03	4.457960e+03	2.917116e+03	0	3.297918e-04
1.950000e+09	5.761010e+11	0.000000e+00	4.469699e-01	2.446816e+13	1.602388e+14	8.658523e+13	6.278077e+03	4.455701e+03	2.915638e+03	0	3.285983e-04
1.960000e+09	5.698759e+11	0.000000e+00	4.469699e-01	2.430780e+13	1.597308e+14	8.627763e+13	6.272318e+03	4.453444e+03	2.914161e+03	0	3.274105e-04
1.970000e+09	5.637248e+11	0.000000e+00	4.469699e-01	2.414929e+13	1.592244e+14	8.597189e+13	6.266597e+03	4.451190e+03	2.912686e+03	0	3.262282e-04
1.980000e+09	5.576465e+11	0.000000e+00	4.469699e-01	2.399260e+13	1.587196e+14	8.566800e+13	6.260913e+03	4.448937e+03	2.911211e+03	0	3.250514e-04
1.990000e+09	5.516398e+11	0.000000e+00	4.469699e-01	2.383771e+13	1.582165e+14	8.536594e+13	6.255266e+03	4.446686e+03	2.909738e+03	0	3.238801e-04
2.000000e+09	5.457034e+11	0.000000e+00	4.469699e-01	2.368458e+13	1.577151e+14	8.506569e+13	6.249656e+03	4.444437e+03	2.908267e+03	0	3.227141e-04
2.010000e+09	5.398364e+11	0.000000e+00	4.469699e-01	2.353319e+13	1.572153e+14	8.476726e+13	6.244081e+03	4.442190e+03	2.906797e+03	0	3.215534e-04
2.020000e+09	5.340375e+11	0.000000e+00	4.469699e-01	2.338351e+13	1.567172e+14	8.447061e+13	6.238542e+03	4.439946e+03	2.905328e+03	0	3.203979e-04
2.030000e+09	5.283057e+11	0.000000e+00	4.469699e-01	2.323551e+13	1.562209e+14	8.417574e+13	6.233038e+03	4.437704e+03	2.903861e+03	0	3.192475e-04
2.040000e+09	5.226398e+11	0.000000e+00	4.469699e-01	2.308917e+13	1.557262e+14	8.388265e+13	6.227569e+03	4.435464e+03	2.902396e+03	0	3.181021e-04
2.050000e+09	5.170388e+11	0.000000e+00	4.469699e-01	2.294446e+13	1.552333e+14	8.359130e+13	6.222134e+03	4.433227e+03	2.900932e+03	0	3.169617e-04
2.060000e+09	5.115017e+11	0.000000e+00	4.469699e-01	2.280135e+13	1.547422e+14	8.330169e+13	6.216733e+03	4.430993e+03	2.899470e+03	0	3.158262e-04
2.070000e+09	5.060275e+11	0.000000e+00	4.469699e-01	2.265982e+13	1.542528e+14	8.301381e+13	6.211366e+03	4.428761e+03	2.898010e+03	0	3.146955e-04
2.080000e+09	5.006151e+11	0.000000e+00	4.469699e-01	2.251984e+13	1.537651e+14	8.272765e+13	6.206032e+03	4.426532e+03	2.896551e+03	0	3.135695e-04
2.090000e+09	4.952637e+11	0.000000e+00	4.469699e-01	2.238139e+13	1.532793e+14	8.244319e+13	6.200731e+03	4.424306e+03	2.895094e+03	0	3.124481e-04
2.100000e+09	4.899721e+11	0.000000e+00	4.469699e-01	2.224445e+13	1.527952e+14	8.216042e+13	6.195462e+03	4.422083e+03	2.893640e+03	0	3.113314e-04
2.110000e+09	4.847396e+11	0.000000e+00	4.469699e-01	2.210899e+13	1.523129e+14	8.187933e+13	6.190226e+03	4.419863e+03	2.892187e+03	0	3.102192e-04
2.120000e+09	4.795652e+11	0.000000e+00	4.469699e-01	2.197499e+13	1.518324e+14	8.159991e+13	6.185021e+03	4.417646e+03	2.890736e+03	0	3.091114e-04
2.130000e+09	4.744479e+11	0.000000e+00	4.469699e-01	2.184243e+13	1.513537e+14	8.132213e+13	6.179848e+03	4.415432e+03	2.889287e+03	0	3.080080e-04
2.140000e+09	4.693870e+11	0.000000e+00	4.469699e-01	2.171128e+13	1.508768e+14	8.104600e+13	6.174706e+03	4.413221e+03	2.887840e+03	0	3.069089e-04
2.150000e+09	4.643815e+11	0.000000e+00	4.469699e-01	2.158153e+13	1.504017e+14	8.077150e+13	6.169595e+03	4.411013e+03	2.886396e+03	0	3.058140e-04
2.160000e+09	4.594306e+11	0.000000e+00	4.469699e-01	2.145315e+13	1.499285e+14	8.049862e+13	6.164514e+03	4.408808e+03	2.884953e+03	0	3.047234e-04
2.170000e+09	4.545335e+11	0.000000e+00	4.469699e-01	2.132612e+13	1.494571e+14	8.022735e+13	6.159463e+03	4.406607e+03	2.883513e+03	0	3.036368e-04
2.180000e+09	4.496893e+11	0.000000e+00	4.469699e-01	2.120042e+13	1.489875e+14	7.995767e+13	6.154443e+03	4.404409e+03	2.882074e+03	0	3.025543e-04
2.190000e+09	4.448973e+11	0.000000e+00	4.469699e-01	2.107604e+13	1.485197e+14	7.968957e+13	6.149451e+03	4.402215e+03	2.880638e+03	0	3.014757e-04
2.200000e+09	4.401567e+11	0.000000e+00	4.469699e-01	2.095295e+13	1.480538e+14	7.942305e+13	6.144489e+03	4.400024e+03	2.879205e+03	0	3.004011e-04
2.210000e+09	4.354667e+11	0.000000e+00	4.469699e-01	2.083113e+13	1.475897e+14	7.915808e+13	6.139556e+03	4.397836e+03	2.877773e+03	0	2.993303e-04
2.220000e+09	4.308265e+11	0.000000e+00	4.469699e-01	2.071057e+13	1.471274e+14	7.889467e+13	6.134652e+03	4.395652e+03	2.876344e+03	0	2.982634e-04
2.230000e+09	4.262354e+11	0.000000e+00	4.469699e-01	2.059124e+13	1.466670e+14	7.863279e+13	6.129776e+03	4.393472e+03	2.874918e+03	0	2.972001e-04
2.240000e+09	4.216928e+11	0.000000e+00	4.469699e-01	2.047314e+13	1.462085e+14	7.837244e+13	6.124928e+03	4.391295e+03	2.873493e+03	0	2.961405e-04
2.250000e+09	4.171978e+11	0.000000e+00	4.469699e-01	2.035623e+13	1.457518e+14	7.811361e+13	6.120107e+03	4.389122e+03	2.872071e+03	0	2.950845e-04
2.260000e+09	4.127497e+11	0.000000e+00	4.469699e-01	2.024051e+13	1.452969e+14	7.785628e+13	6.115314e+03	4.386953e+03	2.870652e+03	0	2.940321e-04
2.270000e+09	4.083480e+11	0.000000e+00	4.469699e-01	2.012595e+13	1.448439e+14	7.760045e+13	6.110549e+03	4.384787e+03	2.869235e+03	0	2.929831e-04
2.280000e+09	4.039919e+11	0.000000e+00	4.469699e-01	2.001254e+13	1.443927e+14	7.734610e+13	6.105810e+03	4.382625e+03	2.867820e+03	0	2.919376e-04
2.290000e+09	3.996808e+11	0.000000e+00	4.469699e-01	1.990027e+13	1.439434e+14	7.709322e+13	6.101098e+03	4.380468e+03	2.866408e+03	0	2.908954e-04
2.300000e+09	3.954139e+11	0.000000e+00	4.469699e-01	1.978911e+13	1.434959e+14	7.684181e+13	6.096412e+03	4.378313e+03	2.864998e+03	0	2.898565e-04
2.310000e+09	3.911908e+11	0.000000e+00	4.469699e-01	1.967906e+13	1.430503e+14	7.659185e+13	6.091752e+03	4.376163e+03	2.863591e+03	0	2.888209e-04
2.320000e+09	3.870107e+11	0.000000e+00	4.469699e-01	1.957009e+13	1.426066e+14	7.634333e+13	6.087118e+03	4.374017e+03	2.862187e+03	0	2.877885e-04
2.330000e+09	3.828730e+11	0.000000e+00	4.469699e-01	1.946219e+13	1.421647e+14	7.609625e+13	6.082510e+03	4.371875e+03	2.860785e+03	0	2.867592e-04
2.340000e+09	3.787772e+11	0.000000e+00	4.469699e-01	1.935534e+13	1.417246e+14	7.585058e+13	6.077927e+03	4.369736e+03	2.859386e+03	0	2.857330e-04
2.350000e+09	3.747226e+11	0.000000e+00	4.469699e-01	1.924954e+13	1.412864e+14	7.560633e+13	6.073370e+03	4.367602e+03	2.857989e+03	0	2.847098e-04
2.360000e+09	3.707087e+11	0.000000e+00	4.469699e-01	1.914476e+13	1.408500e+14	7.536347e+13	6.068837e+03	4.365472e+03	2.856595e+03	0	2.836896e-04
2.370000e+09	3.667348e+11	0.000000e+00	4.469699e-01	1.904100e+13	1.404155e+14	7.512201e+13	6.064328e+03	4.363345e+03	2.855204e+03	0	2.826722e-04
2.380000e+09	3.628006e+11	0.000000e+00	4.469699e-01	1.893823e+13	1.399828e+14	7.488193e+13	6.059845e+03	4.361223e+03	2.853815e+03	0	2.816578e-04
2.390000e+09	3.589053e+11	0.000000e+00	4.469699e-01	1.883645e+13	1.395520e+14	7.464322e+13	6.055385e+03	4.359105e+03	2.852429e+03	0	2.806461e-04
2.400000e+09	3.550484e+11	0.000000e+00	4.469699e-01	1.873564e+13	1.391230e+14	7.440588e+13	6.050949e+03	4.356991e+03	2.851046e+03	0	2.796372e-04
2.410000e+09	3.512295e+11	0.000000e+00	4.469699e-01	1.863578e+13	1.386958e+14	7.416988e+13	6.046537e+03	4.354882e+03	2.849666e+03	0	2.786310e-04
2.420000e+09	3.474479e+11	0.000000e+00	4.469699e-01	1.853688e+13	1.382705e+14	7.393523e+13	6.042148e+03	4.352776e+03	2.848288e+03	0	2.776274e-04
2.430000e+09	3.437033e+11	0.000000e+00	4.469699e-01	1.843890e+13	1.378469e+14	7.370191e+13	6.037783e+03	4.350675e+03	2.846913e+03	0	2.766264e-04
2.440000e+09	3.399950e+11	0.000000e+00	4.469699e-01	1.834184e+13	1.374253e+14	7.346992e+13	6.033440e+03	4.348578e+03	2.845540e+03	0	2.756280e-04
2.450000e+09	3.363227e+11	0.000000e+00	4.469699e-01	1.824569e+13	1.370054e+14	7.323924e+13	6.029121e+03	4.346485e+03	2.844171e+03	0	2.746320e-04
2.460000e+09	3.326857e+11	0.000000e+00	4.469699e-01	1.815043e+13	1.365873e+14	7.300987e+13	6.024824e+03	4.344396e+03	2.842804e+03	0	2.736385e-04
2.470000e+09	3.290836e+11	0.000000e+00	4.469699e-01	1.805606e+13	1.361711e+14	7.278179e+13	6.020549e+03	4.342312e+03	2.841440e+03	0	2.726473e-04
2.480000e+09	3.255160e+11	0.000000e+00	4.469699e-01	1.796256e+13	1.357567e+14	7.255499e+13	6.016297e+03	4.340232e+03	2.840079e+03	0	2.716585e-04
2.490000e+09	3.219824e+11	0.000000e+00	4.469699e-01	1.786992e+13	1.353441e+14	7.232948e+13	6.012066e+03	4.338156e+03	2.838721e+03	0	2.706719e-04
2.500000e+09	3.184824e+11	0.000000e+00	4.469699e-01	1.777813e+13	1.349332e+14	7.210523e+13	6.007858e+03	4.336085e+03	2.837366e+03	0	2.696876e-04
2.510000e+09	3.150154e+11	0.000000e+00	4.469699e-01	1.768717e+13	1.345242e+14	7.188225e+13	6.003671e+03	4.334018e+03	2.836013e+03	0	2.687054e-04
2.520000e+09	3.115811e+11	0.000000e+00	4.469699e-01	1.759704e+13	1.341170e+14	7.166051e+13	5.999505e+03	4.331956e+03	2.834664e+03	0	2.677253e-04
2.530000e+09	3.081791e+11	0.000000e+00	4.469699e-01	1.750773e+13	1.337115e+14	7.144002e+13	5.995360e+03	4.329897e+03	2.833317e+03	0	2.667474e-04
2.540000e+09	3.048088e+11	0.000000e+00	4.469699e-01	1.741922e+13	1.333079e+14	7.122076e+13	5.991237e+03	4.327843e+03	2.831973e+03	0	2.657714e-04
2.550000e+09	3.014699e+11	0.000000e+00	4.469699e-01	1.733151e+13	1.329060e+14	7.100273e+13	5.987134e+03	4.325794e+03	2.830632e+03	0	2.647974e-04
2.560000e+09	2.981620e+11	0.000000e+00	4.469699e-01	1.724458e+13	1.325059e+14	7.078591e+13	5.983052e+03	4.323749e+03	2.829293e+03	0	2.638254e-04
2.570000e+09	2.948847e+11	0.000000e+00	4.469699e-01	1.715843e+13	1.321076e+14	7.057030e+13	5.978990e+03	4.321708e+03	2.827958e+03	0	2.628552e-04
2.580000e+09	2.916376e+11	0.000000e+00	4.469699e-01	1.707304e+13	1.317110e+14	7.035589e+13	5.974949e+03	4.319672e+03	2.826626e+03	0	2.618868e-04
2.590000e+09	2.884203e+11	0.000000e+00	4.469699e-01	1.698841e+13	1.313162e+14	7.014267e+13	5.970928e+03	4.317640e+03	2.825296e+03	0	2.609202e-04
2.600000e+09	2.852324e+11	0.000000e+00	4.469699e-01	1.690452e+13	1.309231e+14	6.993064e+13	5.966926e+03	4.315613e+03	2.823970e+03	0	2.599553e-04
2.610000e+09	2.820735e+11	0.000000e+00	4.469699e-01	1.682137e+13	1.305318e+14	6.971977e+13	5.962944e+03	4.313590e+03	2.822646e+03	0	2.589921e-04
2.620000e+09	2.789433e+11	0.000000e+00	4.469699e-01	1.673894e+13	1.301422e+14	6.951008e+13	5.958982e+03	4.311572e+03	2.821325e+03	0	2.580305e-04
2.630000e+09	2.758414e+11	0.000000e+00	4.469699e-01	1.665723e+13	1.297543e+14	6.930154e+13	5.955039e+03	4.309558e+03	2.820007e+03	0	2.570705e-04
2.640000e+09	2.727675e+11	0.000000e+00	4.469699e-01	1.657624e+13	1.293682e+14	6.909415e+13	5.951116e+03	4.307548e+03	2.818692e+03	0	2.561120e-04
2.650000e+09	2.697211e+11	0.000000e+00	4.469699e-01	1.649594e+13	1.289838e+14	6.888791e+13	5.947211e+03	4.305543e+03	2.817380e+03	0	2.551550e-04
2.660000e+09	2.667020e+11	0.000000e+00	4.469699e-01	1.641633e+13	1.286011e+14	6.868280e+13	5.943326e+03	4.303543e+03	2.816071e+03	0	2.541994e-04
2.670000e+09	2.637098e+11	0.000000e+00	4.469699e-01	1.633741e+13	1.282201e+14	6.847881e+13	5.939459e+03	4.301547e+03	2.814765e+03	0	2.532452e-04
2.680000e+09	2.607442e+11	0.000000e+00	4.469699e-01	1.625916e+13	1.278409e+14	6.827594e+13	5.935610e+03	4.299555e+03	2.813462e+03	0	2.522923e-04
2.690000e+09	2.578048e+11	0.000000e+00	4.469699e-01	1.618157e+13	1.274633e+14	6.807419e+13	5.931780e+03	4.297568e+03	2.812162e+03	0	2.513407e-04
2.700000e+09	2.548913e+11	0.000000e+00	4.469699e-01	1.610465e+13	1.270875e+14	6.787354e+13	5.927969e+03	4.295586e+03	2.810864e+03	0	2.503903e-04
2.710000e+09	2.520034e+11	0.000000e+00	4.469699e-01	1.602837e+13	1.267133e+14	6.767398e+13	5.924175e+03	4.293608e+03	2.809570e+03	0	2.494410e-04
2.720000e+09	2.491408e+11	0.000000e+00	4.469699e-01	1.595274e+13	1.263408e+14	6.747551e+13	5.920399e+03	4.291634e+03	2.808279e+03	0	2.484929e-04
2.730000e+09	2.463032e+11	0.000000e+00	4.469699e-01	1.587774e+13	1.259699e+14	6.727812e+13	5.916641e+03	4.289665e+03	2.806990e+03	0	2.475459e-04
2.740000e+09	2.434902e+11	0.000000e+00	4.469699e-01	1.580336e+13	1.256008e+14	6.708181e+13	5.912901e+03	4.287700e+03	2.805705e+03	0	2.465999e-04
2.750000e+09	2.407017e+11	0.000000e+00	4.469699e-01	1.572961e+13	1.252333e+14	6.688656e+13	5.909178e+03	4.285741e+03	2.804422e+03	0	2.456549e-04
2.760000e+09	2.379371e+11	0.000000e+00	4.469699e-01	1.565647e+13	1.248674e+14	6.669237e+13	5.905472e+03	4.283785e+03	2.803143e+03	0	2.447108e-04
2.770000e+09	2.351964e+11	0.000000e+00	4.469699e-01	1.558393e+13	1.245032e+14	6.649923e+13	5.901784e+03	4.281834e+03	2.801866e+03	0	2.437676e-04
2.780000e+09	2.324792e+11	0.000000e+00	4.469699e-01	1.551199e+13	1.241406e+14	6.630713e+13	5.898113e+03	4.279888e+03	2.800592e+03	0	2.428252e-04
2.790000e+09	2.297852e+11	0.000000e+00	4.469699e-01	1.544065e+13	1.237797e+14	6.611607e+13	5.894459e+03	4.277946e+03	2.799322e+03	0	2.418836e-04
2.800000e+09	2.271141e+11	0.000000e+00	4.469699e-01	1.536988e+13	1.234204e+14	6.592604e+13	5.890821e+03	4.276008e+03	2.798054e+03	0	2.409427e-04
2.810000e+09	2.244657e+11	0.000000e+00	4.469699e-01	1.529969e+13	1.230627e+14	6.573703e+13	5.887200e+03	4.274075e+03	2.796789e+03	0	2.400025e-04
2.820000e+09	2.218396e+11	0.000000e+00	4.469699e-01	1.523007e+13	1.227067e+14	6.554904e+13	5.883596e+03	4.272147e+03	2.795527e+03	0	2.390629e-04
2.830000e+09	2.192357e+11	0.000000e+00	4.469699e-01	1.516102e+13	1.223522e+14	6.536206e+13	5.880008e+03	4.270223e+03	2.794268e+03	0	2.381238e-04
2.840000e+09	2.166537e+11	0.000000e+00	4.469699e-01	1.509252e+13	1.219993e+14	6.517607e+13	5.876436e+03	4.268304e+03	2.793012e+03	0	2.371853e-04
2.850000e+09	2.140933e+11	0.000000e+00	4.469699e-01	1.502457e+13	1.216481e+14	6.499109e+13	5.872880e+03	4.266389e+03	2.791759e+03	0	2.362473e-04
2.860000e+09	2.115543e+11	0.000000e+00	4.469699e-01	1.495717e+13	1.212984e+14	6.480709e+13	5.869341e+03	4.264479e+03	2.790509e+03	0	2.353096e-04
2.870000e+09	2.090363e+11	0.000000e+00	4.469699e-01	1.489030e+13	1.209503e+14	6.462407e+13	5.865817e+03	4.262573e+03	2.789262e+03	0	2.343723e-04
2.880000e+09	2.065392e+11	0.000000e+00	4.469699e-01	1.482396e+13	1.206038e+14	6.444203e+13	5.862309e+03	4.260672e+03	2.788018e+03	0	2.334354e-04
2.890000e+09	2.040628e+11	0.000000e+00	4.469699e-01	1.475815e+13	1.202588e+14	6.426095e+13	5.858816e+03	4.258775e+03	2.786777e+03	0	2.324986e-04
2.900000e+09	2.016067e+11	0.000000e+00	4.469699e-01	1.469286e+13	1.199154e+14	6.408084e+13	5.855339e+03	4.256882e+03	2.785539e+03	0	2.315621e-04
2.910000e+09	1.991708e+11	0.000000e+00	4.469699e-01	1.462808e+13	1.195736e+14	6.390168e+13	5.851877e+03	4.254995e+03	2.784303e+03	0	2.306257e-04
2.920000e+09	1.967548e+11	0.000000e+00	4.469699e-01	1.456382e+13	1.192332e+14	6.372347e+13	5.848431e+03	4.253111e+03	2.783071e+03	0	2.296894e-04
2.930000e+09	1.943585e+11	0.000000e+00	4.469699e-01	1.450005e+13	1.188945e+14	6.354620e+13	5.844999e+03	4.251232e+03	2.781841e+03	0	2.287531e-04
2.940000e+09	1.919816e+11	0.000000e+00	4.469699e-01	1.443678e+13	1.185572e+14	6.336987e+13	5.841583e+03	4.249358e+03	2.780615e+03	0	2.278168e-04
2.950000e+09	1.896240e+11	0.000000e+00	4.469699e-01	1.437400e+13	1.182215e+14	6.319446e+13	5.838182e+03	4.247488e+03	2.779391e+03	0	2.268804e-04
2.960000e+09	1.872855e+11	0.000000e+00	4.469699e-01	1.431170e+13	1.178873e+14	6.301998e+13	5.834795e+03	4.245623e+03	2.778171e+03	0	2.259438e-04
2.970000e+09	1.849657e+11	0.000000e+00	4.469699e-01	1.424989e+13	1.175547e+14	6.284642e+13	5.831423e+03	4.243762e+03	2.776953e+03	0	2.250071e-04
2.980000e+09	1.826646e+11	0.000000e+00	4.469699e-01	1.418855e+13	1.172235e+14	6.267377e+13	5.828065e+03	4.241905e+03	2.775738e+03	0	2.240701e-04
2.990000e+09	1.803818e+11	0.000000e+00	4.469699e-01	1.412768e+13	1.168938e+14	6.250202e+13	5.824722e+03	4.240053e+03	2.774526e+03	0	2.231328e-04
3.000000e+09	1.781172e+11	0.000000e+00	4.469699e-01	1.406727e+13	1.165656e+14	6.233117e+13	5.821394e+03	4.238206e+03	2.773317e+03	0	2.221951e-04
3.010000e+09	1.758706e+11	0.000000e+00	4.469699e-01	1.400733e+13	1.162389e+14	6.216121e+13	5.818079e+03	4.236362e+03	2.772111e+03	0	2.212569e-04
3.020000e+09	1.736418e+11	0.000000e+00	4.469699e-01	1.394783e+13	1.159136e+14	6.199214e+13	5.814779e+03	4.234524e+03	2.770908e+03	0	2.203183e-04
3.030000e+09	1.714306e+11	0.000000e+00	4.469699e-01	1.388879e+13	1.155899e+14	6.182395e+13	5.811492e+03	4.232689e+03	2.769708e+03	0	2.193791e-04
3.040000e+09	1.692368e+11	0.000000e+00	4.469699e-01	1.383019e+13	1.152676e+14	6.165663e+13	5.808220e+03	4.230859e+03	2.768510e+03	0	2.184393e-04
3.050000e+09	1.670602e+11	0.000000e+00	4.469699e-01	1.377203e+13	1.149467e+14	6.149018e+13	5.804961e+03	4.229034e+03	2.767316e+03	0	2.174987e-04
3.060000e+09	1.649006e+11	0.000000e+00	4.469699e-01	1.371431e+13	1.146273e+14	6.132460e+13	5.801716e+03	4.227213e+03	2.766124e+03	0	2.165575e-04
3.070000e+09	1.627578e+11	0.000000e+00	4.469699e-01	1.365702e+13	1.143093e+14	6.115987e+13	5.798484e+03	4.225396e+03	2.764935e+03	0	2.156154e-04
3.080000e+09	1.606317e+11	0.000000e+00	4.469699e-01	1.360015e+13	1.139928e+14	6.099599e+13	5.795266e+03	4.223584e+03	2.763749e+03	0	2.146724e-04
3.090000e+09	1.585220e+11	0.000000e+00	4.469699e-01	1.354370e+13	1.136777e+14	6.083296e+13	5.792061e+03	4.221776e+03	2.762567e+03	0	2.137284e-04
3.100000e+09	1.564286e+11	0.000000e+00	4.469699e-01	1.348767e+13	1.133640e+14	6.067077e+13	5.788870e+03	4.219973e+03	2.761386e+03	0	2.127835e-04
3.110000e+09	1.543514e+11	0.000000e+00	4.469699e-01	1.343205e+13	1.130517e+14	6.050941e+13	5.785692e+03	4.218174e+03	2.760209e+03	0	2.118374e-04
3.120000e+09	1.522900e+11	0.000000e+00	4.469699e-01	1.337684e+13	1.127409e+14	6.034888e+13	5.782527e+03	4.216379e+03	2.759035e+03	0	2.108901e-04
3.130000e+09	1.502445e+11	0.000000e+00	4.469699e-01	1.332203e+13	1.124314e+14	6.018918e+13	5.779375e+03	4.214589e+03	2.757863e+03	0	2.099417e-04
3.140000e+09	1.482145e+11	0.000000e+00	4.469699e-01	1.326762e+13	1.121233e+14	6.003029e+13	5.776235e+03	4.212803e+03	2.756695e+03	0	2.089919e-04
3.150000e+09	1.462000e+11	0.000000e+00	4.469699e-01	1.321361e+13	1.118166e+14	5.987222e+13	5.773109e+03	4.211021e+03	2.755529e+03	0	2.080407e-04
3.160000e+09	1.442007e+11	0.000000e+00	4.469699e-01	1.315999e+13	1.115113e+14	5.971495e+13	5.769995e+03	4.209244e+03	2.754366e+03	0	2.070880e-04
3.170000e+09	1.422166e+11	0.000000e+00	4.469699e-01	1.310675e+13	1.112073e+14	5.955848e+13	5.766894e+03	4.207471e+03	2.753205e+03	0	2.061338e-04
3.180000e+09	1.402474e+11	0.000000e+00	4.469699e-01	1.305390e+13	1.109047e+14	5.940281e+13	5.763805e+03	4.205702e+03	2.752048e+03	0	2.051780e-04
3.190000e+09	1.382930e+11	0.000000e+00	4.469699e-01	1.300143e+13	1.106035e+14	5.924793e+13	5.760729e+03	4.203938e+03	2.750894e+03	0	2.042204e-04
3.200000e+09	1.363532e+11	0.000000e+00	4.469699e-01	1.294933e+13	1.103036e+14	5.909384e+13	5.757665e+03	4.202178e+03	2.749742e+03	0	2.032611e-04
3.210000e+09	1.344279e+11	0.000000e+00	4.469699e-01	1.289760e+13	1.100051e+14	5.894053e+13	5.754614e+03	4.200422e+03	2.748593e+03	0	2.022999e-04
3.220000e+09	1.325169e+11	0.000000e+00	4.469699e-01	1.284624e+13	1.097079e+14	5.878799e+13	5.751574e+03	4.198670e+03	2.747447e+03	0	2.013367e-04
3.230000e+09	1.306201e+11	0.000000e+00	4.469699e-01	1.279525e+13	1.094121e+14	5.863622e+13	5.748547e+03	4.196923e+03	2.746304e+03	0	2.003714e-04
3.240000e+09	1.287374e+11	0.000000e+00	4.469699e-01	1.274461e+13	1.091175e+14	5.848522e+13	5.745532e+03	4.195180e+03	2.745163e+03	0	1.994041e-04
3.250000e+09	1.268685e+11	0.000000e+00	4.469699e-01	1.269433e+13	1.088243e+14	5.833498e+13	5.742528e+03	4.193441e+03	2.744025e+03	0	1.984345e-04
3.260000e+09	1.250134e+11	0.000000e+00	4.469699e-01	1.264440e+13	1.085324e+14	5.818549e+13	5.739537e+03	4.191707e+03	2.742890e+03	0	1.974625e-04
3.270000e+09	1.231719e+11	0.000000e+00	4.469699e-01	1.259483e+13	1.082417e+14	5.803676e+13	5.736557e+03	4.189977e+03	2.741758e+03	0	1.964881e-04
3.280000e+09	1.213439e+11	0.000000e+00	4.469699e-01	1.254559e+13	1.079524e+14	5.788877e+13	5.733589e+03	4.188251e+03	2.740629e+03	0	1.955112e-04
3.290000e+09	1.195292e+11	0.000000e+00	4.469699e-01	1.249670e+13	1.076644e+14	5.774152e+13	5.730632e+03	4.186529e+03	2.739502e+03	0	1.945317e-04
3.300000e+09	1.177277e+11	0.000000e+00	4.469699e-01	1.244815e+13	1.073777e+14	5.759500e+13	5.727687e+03	4.184812e+03	2.738378e+03	0	1.935495e-04
3.310000e+09	1.159392e+11	0.000000e+00	4.469699e-01	1.239994e+13	1.070922e+14	5.744922e+13	5.724754e+03	4.183098e+03	2.737257e+03	0	1.925643e-04
3.320000e+09	1.141637e+11	0.000000e+00	4.469699e-01	1.235205e+13	1.068080e+14	5.730416e+13	5.721831e+03	4.181389e+03	2.736139e+03	0	1.915763e-04
3.330000e+09	1.124010e+11	0.000000e+00	4.469699e-01	1.230450e+13	1.065251e+14	5.715982e+13	5.718920e+03	4.179684e+03	2.735023e+03	0	1.905852e-04
3.340000e+09	1.106509e+11	0.000000e+00	4.469699e-01	1.225727e+13	1.062434e+14	5.701620e+13	5.716020e+03	4.177983e+03	2.733910e+03	0	1.895909e-04
3.350000e+09	1.089134e+11	0.000000e+00	4.469699e-01	1.221036e+13	1.059630e+14	5.687330e+13	5.713132e+03	4.176287e+03	2.732800e+03	0	1.885933e-04
3.360000e+09	1.071883e+11	0.000000e+00	4.469699e-01	1.216377e+13	1.056838e+14	5.673109e+13	5.710254e+03	4.174594e+03	2.731693e+03	0	1.875922e-04
3.370000e+09	1.054755e+11	0.000000e+00	4.469699e-01	1.211750e+13	1.054059e+14	5.658960e+13	5.707387e+03	4.172906e+03	2.730588e+03	0	1.865877e-04
3.380000e+09	1.037748e+11	0.000000e+00	4.469699e-01	1.207154e+13	1.051291e+14	5.644880e+13	5.704531e+03	4.171222e+03	2.729486e+03	0	1.855794e-04
3.390000e+09	7.771563e+12	9.517109e-02	4.469699e-01	1.202589e+13	1.048537e+14	5.630869e+13	5.701686e+03	4.169542e+03	2.728386e+03	0	7.245664e-04
3.490000e+09	7.817995e+12	1.153134e-01	4.469699e-01	1.201929e+13	1.045794e+14	5.494479e+13	5.701178e+03	4.167866e+03	2.727290e+03	1	7.136880e-04
3.590000e+09	7.697936e+12	1.290363e-01	4.469699e-01	1.195510e+13	1.018346e+14	5.364548e+13	5.696243e+03	4.150908e+03	2.716193e+03	1	7.017282e-04
3.690000e+09	7.956916e+12	1.413950e-01	4.469699e-01	1.188481e+13	9.924102e+13	5.240675e+13	5.691064e+03	4.134563e+03	2.705498e+03	1	7.020220e-04
3.790000e+09	8.009332e+12	1.499924e-01	4.469699e-01	1.182828e+13	9.678584e+13	5.122487e+13	5.686839e+03	4.118790e+03	2.695177e+03	1	6.983765e-04
3.890000e+09	7.908749e+12	1.571131e-01	4.469699e-01	1.177451e+13	9.445894e+13	5.009635e+13	5.682894e+03	4.103559e+03	2.685210e+03	1	6.911909e-04
3.990000e+09	7.903199e+12	1.640328e-01	4.469699e-01	1.171576e+13	9.225052e+13	4.901797e+13	5.678736e+03	4.088839e+03	2.675577e+03	1	6.869240e-04
4.090000e+09	7.884546e+12	1.703857e-01	4.469699e-01	1.165728e+13	9.015128e+13	4.798673e+13	5.674678e+03	4.074596e+03	2.666258e+03	1	6.826386e-04
4.190000e+09	7.861890e+12	1.769962e-01	4.469699e-01	1.159857e+13	8.815322e+13	4.699981e+13	5.670679e+03	4.060804e+03	2.657233e+03	1	6.781143e-04
4.290000e+09	7.757317e+12	1.829899e-01	4.469699e-01	1.153954e+13	8.624906e+13	4.605461e+13	5.666725e+03	4.047438e+03	2.648487e+03	1	6.716218e-04
4.390000e+09	7.876339e+12	1.886591e-01	4.469699e-01	1.147616e+13	8.443224e+13	4.514870e+13	5.662548e+03	4.034475e+03	2.640004e+03	1	6.717570e-04
4.490000e+09	7.819620e+12	1.934033e-01	4.469699e-01	1.142017e+13	8.269654e+13	4.427981e+13	5.658894e+03	4.021891e+03	2.631769e+03	1	6.674148e-04
4.590000e+09	7.766710e+12	1.983444e-01	4.469699e-01	1.136235e+13	8.103701e+13	4.344583e+13	5.655166e+03	4.009670e+03	2.623773e+03	1	6.630878e-04
4.690000e+09	7.843118e+12	2.030870e-01	4.469699e-01	1.130304e+13	7.944857e+13	4.264476e+13	5.651379e+03	3.997794e+03	2.616001e+03	1	6.625551e-04
4.790000e+09	7.766057e+12	2.070962e-01	4.469699e-01	1.124905e+13	7.792661e+13	4.187478e+13	5.647974e+03	3.986243e+03	2.608443e+03	1	6.581138e-04
4.890000e+09	7.824614e+12	2.114010e-01	4.469699e-01	1.119232e+13	7.646732e+13	4.113415e+13	5.644420e+03	3.975006e+03	2.601090e+03	1	6.573376e-04
4.990000e+09	7.702865e+12	2.149364e-01	4.469699e-01	1.114003e+13	7.506666e+13	4.042125e+13	5.641185e+03	3.964066e+03	2.593931e+03	1	6.519369e-04
5.090000e+09	7.747606e+12	2.188534e-01	4.469699e-01	1.108274e+13	7.372142e+13	3.973459e+13	5.637640e+03	3.953412e+03	2.586959e+03	1	6.510153e-04
5.190000e+09	7.676187e+12	2.222596e-01	4.469699e-01	1.102932e+13	7.242803e+13	3.907274e+13	5.634372e+03	3.943028e+03	2.580164e+03	1	6.471256e-04
5.290000e+09	7.710708e+12	2.258744e-01	4.469699e-01	1.097364e+13	7.118372e+13	3.843438e+13	5.630967e+03	3.932903e+03	2.573539e+03	1	6.461010e-04
5.390000e+09	7.639468e+12	2.290398e-01	4.469699e-01	1.092132e+13	6.998558e+13	3.781828e+13	5.627804e+03	3.923026e+03	2.567076e+03	1	6.423719e-04
5.490000e+09	7.665950e+12	2.323950e-01	4.469699e-01	1.086680e+13	6.883123e+13	3.722326e+13	5.624500e+03	3.913387e+03	2.560769e+03	1	6.412813e-04
5.590000e+09	7.593069e+12	2.355895e-01	4.469699e-01	1.081526e+13	6.771816e+13	3.664824e+13	5.621409e+03	3.903976e+03	2.554610e+03	1	6.375107e-04
5.690000e+09	7.612933e+12	2.387118e-01	4.469699e-01	1.076145e+13	6.664429e+13	3.609220e+13	5.618167e+03	3.894783e+03	2.548595e+03	1	6.363784e-04
5.790000e+09	7.630493e+12	2.417504e-01	4.469699e-01	1.071032e+13	6.560744e+13	3.555417e+13	5.615115e+03	3.885799e+03	2.542716e+03	1	6.352299e-04
5.890000e+09	7.526612e+12	2.443437e-01	4.469699e-01	1.066167e+13	6.460579e+13	3.503326e+13	5.612240e+03	3.877017e+03	2.536970e+03	1	6.309477e-04
5.990000e+09	7.539107e+12	2.471810e-01	4.469699e-01	1.060907e+13	6.363770e+13	3.452861e+13	5.609090e+03	3.868430e+03	2.531350e+03	1	6.297841e-04
6.090000e+09	7.549954e+12	2.499478e-01	4.469699e-01	1.055880e+13	6.270123e+13	3.403943e+13	5.606102e+03	3.860028e+03	2.525852e+03	1	6.286156e-04
6.190000e+09	7.484363e+12	2.524201e-01	4.469699e-01	1.051070e+13	6.179495e+13	3.356497e+13	5.603268e+03	3.851804e+03	2.520471e+03	1	6.254842e-04
6.290000e+09	7.491657e+12	2.550289e-01	4.469699e-01	1.046068e+13	6.091745e+13	3.310453e+13	5.600294e+03	3.843754e+03	2.515203e+03	1	6.243134e-04
6.390000e+09	7.497438e+12	2.575522e-01	4.469699e-01	1.041267e+13	6.006728e+13	3.265743e+13	5.597461e+03	3.835869e+03	2.510044e+03	1	6.231491e-04
6.490000e+09	7.433426e+12	2.598372e-01	4.469699e-01	1.036653e+13	5.924320e+13	3.222307e+13	5.594759e+03	3.828145e+03	2.504989e+03	1	6.201780e-04
6.590000e+09	7.436761e+12	2.622501e-01	4.469699e-01	1.031850e+13	5.844407e+13	3.180084e+13	5.591915e+03	3.820575e+03	2.500036e+03	1	6.190150e-04
6.690000e+09	7.439222e+12	2.646106e-01	4.469699e-01	1.027225e+13	5.766864e+13	3.139019e+13	5.589195e+03	3.813154e+03	2.495180e+03	1	6.178585e-04
6.790000e+09	7.373485e+12	2.667249e-01	4.469699e-01	1.022767e+13	5.691591e+13	3.099059e+13	5.586591e+03	3.805876e+03	2.490418e+03	1	6.149426e-04
6.890000e+09	7.373729e+12	2.689660e-01	4.469699e-01	1.018107e+13	5.618491e+13	3.060157e+13	5.583832e+03	3.798738e+03	2.485747e+03	1	6.137966e-04
6.990000e+09	7.373332e+12	2.711611e-01	4.469699e-01	1.013607e+13	5.547457e+13	3.022264e+13	5.581182e+03	3.791733e+03	2.481163e+03	1	6.126598e-04
7.090000e+09	7.292759e+12	2.732669e-01	4.469699e-01	1.009256e+13	5.478407e+13	2.985336e+13	5.578636e+03	3.784858e+03	2.476664e+03	1	6.093471e-04
7.190000e+09	7.290344e+12	2.753497e-01	4.469699e-01	1.004622e+13	5.411259e+13	2.949333e+13	5.575870e+03	3.778107e+03	2.472247e+03	1	6.082216e-04
7.290000e+09	7.287462e+12	2.773917e-01	4.469699e-01	1.000133e+13	5.345918e+13	2.914215e+13	5.573203e+03	3.771477e+03	2.467908e+03	1	6.071070e-04
7.390000e+09	7.284161e+12	2.793944e-01	4.469699e-01	9.957844e+12	5.282313e+13	2.879944e+13	5.570631e+03	3.764963e+03	2.463646e+03	1	6.060036e-04
7.490000e+09	7.230148e+12	2.812734e-01	4.469699e-01	9.915674e+12	5.220378e+13	2.846486e+13	5.568149e+03	3.758562e+03	2.459457e+03	1	6.035577e-04
7.590000e+09	7.225551e+12	2.831877e-01	4.469699e-01	9.872040e+12	5.160047e+13	2.813806e+13	5.565546e+03	3.752270e+03	2.455340e+03	1	6.024703e-04
7.690000e+09	7.220651e+12	2.850668e-01	4.469699e-01	9.829674e+12	5.101249e+13	2.781875e+13	5.563029e+03	3.746084e+03	2.451292e+03	1	6.013948e-04
7.790000e+09	7.215481e+12	2.869121e-01	4.469699e-01	9.788517e+12	5.043926e+13	2.750661e+13	5.560595e+03	3.740000e+03	2.447311e+03	1	6.003316e-04
7.890000e+09	7.163856e+12	2.886987e-01	4.469699e-01	9.748513e+12	4.988023e+13	2.720137e+13	5.558238e+03	3.734015e+03	2.443395e+03	1	5.980102e-04
7.990000e+09	7.157647e+12	2.904668e-01	4.469699e-01	9.707080e+12	4.933489e+13	2.690276e+13	5.555761e+03	3.728127e+03	2.439542e+03	1	5.969627e-04
8.090000e+09	7.151250e+12	2.922043e-01	4.469699e-01	9.666764e+12	4.880263e+13	2.661052e+13	5.553359e+03	3.722332e+03	2.435750e+03	1	5.959277e-04
8.190000e+09	7.144687e+12	2.939121e-01	4.469699e-01	9.627514e+12	4.828298e+13	2.632442e+13	5.551030e+03	3.716627e+03	2.432017e+03	1	5.949050e-04
8.290000e+09	7.092479e+12	2.955664e-01	4.469699e-01	9.589285e+12	4.777550e+13	2.604422e+13	5.548769e+03	3.711010e+03	2.428341e+03	1	5.926423e-04
8.390000e+09	7.085058e+12	2.972063e-01	4.469699e-01	9.549525e+12	4.727977e+13	2.576970e+13	5.546378e+03	3.705479e+03	2.424722e+03	1	5.916346e-04
8.490000e+09	7.077530e+12	2.988191e-01	4.469699e-01	9.510764e+12	4.679526e+13	2.550067e+13	5.544053e+03	3.700030e+03	2.421156e+03	1	5.906393e-04
8.590000e+09	7.069909e+12	3.004057e-01	4.469699e-01	9.472961e+12	4.632162e+13	2.523692e+13	5.541794e+03	3.694660e+03	2.417642e+03	1	5.896563e-04
8.690000e+09	7.062211e+12	3.019670e-01	4.469699e-01	9.436076e+12	4.585845e+13	2.497827e+13	5.539596e+03	3.689369e+03	2.414180e+03	1	5.886854e-04
8.790000e+09	7.003030e+12	3.034762e-01	4.469699e-01	9.400072e+12	4.540541e+13	2.472454e+13	5.537459e+03	3.684153e+03	2.410767e+03	1	5.863086e-04
8.890000e+09	6.994524e+12	3.049768e-01	4.469699e-01	9.362033e+12	4.496218e+13	2.447556e+13	5.535146e+03	3.679012e+03	2.407402e+03	1	5.853492e-04
8.990000e+09	6.985979e+12	3.064540e-01	4.469699e-01	9.324879e+12	4.452831e+13	2.423117e+13	5.532894e+03	3.673941e+03	2.404084e+03	1	5.844018e-04
9.090000e+09	6.977404e+12	3.079083e-01	4.469699e-01	9.288574e+12	4.410350e+13	2.399123e+13	5.530698e+03	3.668939e+03	2.400811e+03	1	5.834664e-04
9.190000e+09	6.968809e+12	3.093406e-01	4.469699e-01	9.253087e+12	4.368747e+13	2.375557e+13	5.528558e+03	3.664004e+03	2.397582e+03	1	5.825427e-04
9.290000e+09	6.926375e+12	3.107334e-01	4.469699e-01	9.218385e+12	4.327994e+13	2.352407e+13	5.526470e+03	3.659135e+03	2.394396e+03	1	5.806954e-04
9.390000e+09	6.917280e+12	3.121160e-01	4.469699e-01	9.182522e+12	4.288064e+13	2.329659e+13	5.524277e+03	3.654330e+03	2.391251e+03	1	5.797851e-04
9.490000e+09	6.908190e+12	3.134781e-01	4.469699e-01	9.147433e+12	4.248925e+13	2.307301e+13	5.522135e+03	3.649586e+03	2.388147e+03	1	5.788862e-04
9.590000e+09	6.899112e+12	3.148202e-01	4.469699e-01	9.113091e+12	4.210552e+13	2.285321e+13	5.520045e+03	3.644903e+03	2.385083e+03	1	5.779987e-04
9.690000e+09	6.890051e+12	3.161429e-01	4.469699e-01	9.079469e+12	4.172923e+13	2.263706e+13	5.518002e+03	3.640278e+03	2.382057e+03	1	5.771222e-04
9.790000e+09	6.881012e+12	3.174468e-01	4.469699e-01	9.046542e+12	4.136015e+13	2.242447e+13	5.516007e+03	3.635710e+03	2.379068e+03	1	5.762568e-04
9.890000e+09	6.843133e+12	3.187167e-01	4.469699e-01	9.014284e+12	4.099807e+13	2.221532e+13	5.514057e+03	3.631199e+03	2.376116e+03	1	5.746026e-04
9.990000e+09	6.833722e+12	3.199785e-01	4.469699e-01	8.980998e+12	4.064278e+13	2.200951e+13	5.512011e+03	3.626742e+03	2.373199e+03	1	5.737494e-04
