#R=1.4923598915506944
#a=1.0
#interptype='linear'
#name='planet'
#norm={'P': 1000000000000.0, 'R': 1.4923598915506944, 'M': 4.2999999999999998, 'g': 18.978831579589745, 'rho': 4000.0}
#state=1
#composition
#layer0		Fe08FeS02		0.325000
#layer1		pv_fmw		0.675000
#Cols=
 #'ur		r		mr		rho		P		g		phi		T		composition'
#-end-
0.000000e+00	0.000000e+00	2.752217e-11	1.816119e+04	1.491262e+12	0.000000e+00	-3.305017e+08	5.000000e+03	0
5.025126e-03	7.499296e-03	1.552185e-06	1.816135e+04	1.491306e+12	7.883746e-02	-3.304959e+08	5.000000e+03	0
1.005025e-02	1.499859e-02	1.148399e-05	1.816071e+04	1.491132e+12	3.212426e-01	-3.304785e+08	5.000000e+03	0
1.507538e-02	2.249789e-02	3.779913e-05	1.815930e+04	1.490751e+12	5.641029e-01	-3.304496e+08	5.000000e+03	0
2.010050e-02	2.999718e-02	8.866142e-05	1.815713e+04	1.490161e+12	8.069491e-01	-3.304090e+08	5.000000e+03	0
2.512563e-02	3.749648e-02	1.738117e-04	1.815416e+04	1.489353e+12	1.049734e+00	-3.303569e+08	5.000000e+03	0
3.015075e-02	4.499578e-02	3.000677e-04	1.815043e+04	1.488339e+12	1.292439e+00	-3.302932e+08	5.000000e+03	0
3.517588e-02	5.249507e-02	4.754071e-04	1.814593e+04	1.487118e+12	1.535044e+00	-3.302181e+08	5.000000e+03	0
4.020101e-02	5.999437e-02	7.084486e-04	1.814065e+04	1.485688e+12	1.777530e+00	-3.301312e+08	5.000000e+03	0
4.522613e-02	6.749366e-02	1.009607e-03	1.813459e+04	1.484043e+12	2.019874e+00	-3.300329e+08	5.000000e+03	0
5.025126e-02	7.499296e-02	1.384441e-03	1.812776e+04	1.482192e+12	2.262063e+00	-3.299230e+08	5.000000e+03	0
5.527638e-02	8.249226e-02	1.840868e-03	1.812016e+04	1.480136e+12	2.504079e+00	-3.298016e+08	5.000000e+03	0
6.030151e-02	8.999155e-02	2.388252e-03	1.811179e+04	1.477871e+12	2.745901e+00	-3.296690e+08	5.000000e+03	0
6.532663e-02	9.749085e-02	3.036991e-03	1.810263e+04	1.475393e+12	2.987506e+00	-3.295241e+08	5.000000e+03	0
7.035176e-02	1.049901e-01	3.791682e-03	1.809270e+04	1.472712e+12	3.228882e+00	-3.293681e+08	5.000000e+03	0
7.537688e-02	1.124894e-01	4.660155e-03	1.808201e+04	1.469826e+12	3.470012e+00	-3.292006e+08	5.000000e+03	0
8.040201e-02	1.199887e-01	5.652798e-03	1.807054e+04	1.466734e+12	3.710872e+00	-3.290216e+08	5.000000e+03	0
8.542714e-02	1.274880e-01	6.779305e-03	1.805828e+04	1.463432e+12	3.951439e+00	-3.288312e+08	5.000000e+03	0
9.045226e-02	1.349873e-01	8.043620e-03	1.804525e+04	1.459929e+12	4.191705e+00	-3.286292e+08	5.000000e+03	0
9.547739e-02	1.424866e-01	9.453445e-03	1.803146e+04	1.456224e+12	4.431651e+00	-3.284159e+08	5.000000e+03	0
1.005025e-01	1.499859e-01	1.102047e-02	1.801688e+04	1.452314e+12	4.671251e+00	-3.281911e+08	5.000000e+03	0
1.055276e-01	1.574852e-01	1.275301e-02	1.800152e+04	1.448199e+12	4.910484e+00	-3.279549e+08	5.000000e+03	0
1.105528e-01	1.649845e-01	1.465465e-02	1.798539e+04	1.443885e+12	5.149342e+00	-3.277073e+08	5.000000e+03	0
1.155779e-01	1.724838e-01	1.673294e-02	1.796850e+04	1.439373e+12	5.387807e+00	-3.274483e+08	5.000000e+03	0
1.206030e-01	1.799831e-01	1.900113e-02	1.795082e+04	1.434658e+12	5.625847e+00	-3.271780e+08	5.000000e+03	0
1.256281e-01	1.874824e-01	2.146549e-02	1.793235e+04	1.429744e+12	5.863448e+00	-3.268963e+08	5.000000e+03	0
1.306533e-01	1.949817e-01	2.412956e-02	1.791312e+04	1.424634e+12	6.100600e+00	-3.266033e+08	5.000000e+03	0
1.356784e-01	2.024810e-01	2.700068e-02	1.789312e+04	1.419330e+12	6.337286e+00	-3.262991e+08	5.000000e+03	0
1.407035e-01	2.099803e-01	3.009392e-02	1.787232e+04	1.413826e+12	6.573468e+00	-3.259835e+08	5.000000e+03	0
1.457286e-01	2.174796e-01	3.341288e-02	1.785075e+04	1.408127e+12	6.809138e+00	-3.256568e+08	5.000000e+03	0
1.507538e-01	2.249789e-01	3.696132e-02	1.782840e+04	1.402238e+12	7.044286e+00	-3.253188e+08	5.000000e+03	0
1.557789e-01	2.324782e-01	4.074636e-02	1.780529e+04	1.396159e+12	7.278892e+00	-3.249696e+08	5.000000e+03	0
1.608040e-01	2.399775e-01	4.478511e-02	1.778138e+04	1.389884e+12	7.512917e+00	-3.246092e+08	5.000000e+03	0
1.658291e-01	2.474768e-01	4.907788e-02	1.775669e+04	1.383421e+12	7.746358e+00	-3.242377e+08	5.000000e+03	0
1.708543e-01	2.549761e-01	5.362893e-02	1.773123e+04	1.376772e+12	7.979201e+00	-3.238551e+08	5.000000e+03	0
1.758794e-01	2.624754e-01	5.844513e-02	1.770500e+04	1.369938e+12	8.211430e+00	-3.234614e+08	5.000000e+03	0
1.809045e-01	2.699747e-01	6.354584e-02	1.767796e+04	1.362914e+12	8.442997e+00	-3.230566e+08	5.000000e+03	0
1.859296e-01	2.774739e-01	6.892750e-02	1.765015e+04	1.355706e+12	8.673908e+00	-3.226409e+08	5.000000e+03	0
1.909548e-01	2.849732e-01	7.459515e-02	1.762156e+04	1.348319e+12	8.904147e+00	-3.222141e+08	5.000000e+03	0
1.959799e-01	2.924725e-01	8.055537e-02	1.759221e+04	1.340754e+12	9.133698e+00	-3.217764e+08	5.000000e+03	0
2.010050e-01	2.999718e-01	8.682994e-02	1.756204e+04	1.333002e+12	9.362505e+00	-3.213278e+08	5.000000e+03	0
2.060302e-01	3.074711e-01	9.341092e-02	1.753109e+04	1.325076e+12	9.590585e+00	-3.208682e+08	5.000000e+03	0
2.110553e-01	3.149704e-01	1.003043e-01	1.749937e+04	1.316975e+12	9.817920e+00	-3.203979e+08	5.000000e+03	0
2.160804e-01	3.224697e-01	1.075178e-01	1.746687e+04	1.308702e+12	1.004449e+01	-3.199167e+08	5.000000e+03	0
2.211055e-01	3.299690e-01	1.150717e-01	1.743356e+04	1.300250e+12	1.027024e+01	-3.194247e+08	5.000000e+03	0
2.261307e-01	3.374683e-01	1.229572e-01	1.739947e+04	1.291630e+12	1.049518e+01	-3.189220e+08	5.000000e+03	0
2.311558e-01	3.449676e-01	1.311802e-01	1.736461e+04	1.282844e+12	1.071931e+01	-3.184086e+08	5.000000e+03	0
2.361809e-01	3.524669e-01	1.397497e-01	1.732895e+04	1.273890e+12	1.094259e+01	-3.178845e+08	5.000000e+03	0
2.412060e-01	3.599662e-01	1.486836e-01	1.729249e+04	1.264767e+12	1.116498e+01	-3.173498e+08	5.000000e+03	0
2.462312e-01	3.674655e-01	1.579729e-01	1.725524e+04	1.255482e+12	1.138649e+01	-3.168046e+08	5.000000e+03	0
2.512563e-01	3.749648e-01	1.676233e-01	1.721721e+04	1.246039e+12	1.160710e+01	-3.162488e+08	5.000000e+03	0
2.562814e-01	3.824641e-01	1.776456e-01	1.717839e+04	1.236435e+12	1.182679e+01	-3.156825e+08	5.000000e+03	0
2.613065e-01	3.899634e-01	1.880539e-01	1.713876e+04	1.226671e+12	1.204551e+01	-3.151058e+08	5.000000e+03	0
2.663317e-01	3.974627e-01	1.988401e-01	1.709833e+04	1.216753e+12	1.226328e+01	-3.145186e+08	5.000000e+03	0
2.713568e-01	4.049620e-01	2.100093e-01	1.705713e+04	1.206684e+12	1.248008e+01	-3.139211e+08	5.000000e+03	0
2.763819e-01	4.124613e-01	2.215741e-01	1.701512e+04	1.196463e+12	1.269587e+01	-3.133134e+08	5.000000e+03	0
2.814070e-01	4.199606e-01	2.335448e-01	1.697229e+04	1.186091e+12	1.291062e+01	-3.126953e+08	5.000000e+03	0
2.864322e-01	4.274599e-01	2.459138e-01	1.692867e+04	1.175573e+12	1.312433e+01	-3.120671e+08	5.000000e+03	0
2.914573e-01	4.349592e-01	2.586860e-01	1.688426e+04	1.164913e+12	1.333701e+01	-3.114286e+08	5.000000e+03	0
2.964824e-01	4.424585e-01	2.718758e-01	1.683904e+04	1.154109e+12	1.354858e+01	-3.107801e+08	5.000000e+03	0
3.015075e-01	4.499578e-01	2.854892e-01	1.679300e+04	1.143163e+12	1.375905e+01	-3.101216e+08	5.000000e+03	0
3.065327e-01	4.574571e-01	2.995196e-01	1.674616e+04	1.132082e+12	1.396841e+01	-3.094530e+08	5.000000e+03	0
3.115578e-01	4.649563e-01	3.139713e-01	1.669852e+04	1.120867e+12	1.417664e+01	-3.087745e+08	5.000000e+03	0
3.165829e-01	4.724556e-01	3.288607e-01	1.665006e+04	1.109517e+12	1.438370e+01	-3.080860e+08	5.000000e+03	0
3.216080e-01	4.799549e-01	3.441892e-01	1.660078e+04	1.098036e+12	1.458956e+01	-3.073878e+08	5.000000e+03	0
3.266332e-01	4.874542e-01	3.599513e-01	1.655069e+04	1.086428e+12	1.479425e+01	-3.066798e+08	5.000000e+03	0
3.316583e-01	4.949535e-01	3.761506e-01	1.649979e+04	1.074697e+12	1.499773e+01	-3.059620e+08	5.000000e+03	0
3.366834e-01	5.024528e-01	3.928058e-01	1.644805e+04	1.062840e+12	1.519994e+01	-3.052346e+08	5.000000e+03	0
3.417085e-01	5.099521e-01	4.099130e-01	1.639549e+04	1.050863e+12	1.540090e+01	-3.044976e+08	5.000000e+03	0
3.467337e-01	5.174514e-01	4.274681e-01	1.634211e+04	1.038769e+12	1.560059e+01	-3.037510e+08	5.000000e+03	0
3.517588e-01	5.249507e-01	4.454742e-01	1.628791e+04	1.026562e+12	1.579900e+01	-3.029950e+08	5.000000e+03	0
3.567839e-01	5.324500e-01	4.639521e-01	1.623286e+04	1.014240e+12	1.599605e+01	-3.022295e+08	5.000000e+03	0
3.618090e-01	5.399493e-01	4.828925e-01	1.617698e+04	1.001808e+12	1.619177e+01	-3.014547e+08	5.000000e+03	0
3.668342e-01	5.474486e-01	5.022926e-01	1.612027e+04	9.892703e+11	1.638614e+01	-3.006706e+08	5.000000e+03	0
3.718593e-01	5.549479e-01	5.221549e-01	1.606272e+04	9.766299e+11	1.657915e+01	-2.998773e+08	5.000000e+03	0
3.768844e-01	5.624472e-01	5.425025e-01	1.600431e+04	9.638850e+11	1.677072e+01	-2.990748e+08	5.000000e+03	0
3.819095e-01	5.699465e-01	5.633203e-01	1.594505e+04	9.510422e+11	1.696088e+01	-2.982632e+08	5.000000e+03	0
3.869347e-01	5.774458e-01	5.846072e-01	1.588495e+04	9.381049e+11	1.714960e+01	-2.974426e+08	5.000000e+03	0
3.919598e-01	5.849451e-01	6.063649e-01	1.582401e+04	9.250758e+11	1.733689e+01	-2.966131e+08	5.000000e+03	0
3.969849e-01	5.924444e-01	6.286186e-01	1.576218e+04	9.119537e+11	1.752264e+01	-2.957746e+08	5.000000e+03	0
4.020101e-01	5.999437e-01	6.513474e-01	1.569948e+04	8.987455e+11	1.770689e+01	-2.949274e+08	5.000000e+03	0
4.070352e-01	6.074430e-01	6.745518e-01	1.563593e+04	8.854543e+11	1.788964e+01	-2.940714e+08	5.000000e+03	0
4.120603e-01	6.149423e-01	6.982344e-01	1.557152e+04	8.720829e+11	1.807085e+01	-2.932067e+08	5.000000e+03	0
4.170854e-01	6.224416e-01	7.224176e-01	1.550619e+04	8.586308e+11	1.825044e+01	-2.923335e+08	5.000000e+03	0
4.221106e-01	6.299409e-01	7.470794e-01	1.543999e+04	8.451047e+11	1.842845e+01	-2.914518e+08	5.000000e+03	0
4.271357e-01	6.374402e-01	7.722204e-01	1.537292e+04	8.315076e+11	1.860487e+01	-2.905616e+08	5.000000e+03	0
4.321608e-01	6.449395e-01	7.978447e-01	1.530495e+04	8.178421e+11	1.877966e+01	-2.896630e+08	5.000000e+03	0
4.371859e-01	6.524387e-01	8.239694e-01	1.523605e+04	8.041090e+11	1.895274e+01	-2.887562e+08	5.000000e+03	0
4.422111e-01	6.599380e-01	8.505738e-01	1.516625e+04	7.903143e+11	1.912416e+01	-2.878412e+08	5.000000e+03	0
4.472362e-01	6.674373e-01	8.776577e-01	1.509555e+04	7.764611e+11	1.929390e+01	-2.869180e+08	5.000000e+03	0
4.522613e-01	6.749366e-01	9.052268e-01	1.502392e+04	7.625517e+11	1.946190e+01	-2.859868e+08	5.000000e+03	0
4.572864e-01	6.824359e-01	9.332925e-01	1.495135e+04	7.485884e+11	1.962812e+01	-2.850477e+08	5.000000e+03	0
4.623116e-01	6.899352e-01	9.618357e-01	1.487784e+04	7.345761e+11	1.979258e+01	-2.841006e+08	5.000000e+03	0
4.673367e-01	6.974345e-01	9.908552e-01	1.480341e+04	7.205183e+11	1.995526e+01	-2.831458e+08	5.000000e+03	0
4.723618e-01	7.049338e-01	1.020358e+00	1.472801e+04	7.064173e+11	2.011611e+01	-2.821833e+08	5.000000e+03	0
4.773869e-01	7.124331e-01	1.050350e+00	1.465163e+04	6.922761e+11	2.027507e+01	-2.812132e+08	5.000000e+03	0
4.824121e-01	7.199324e-01	1.080814e+00	1.457429e+04	6.780993e+11	2.043219e+01	-2.802356e+08	5.000000e+03	0
4.874372e-01	7.274317e-01	1.111747e+00	1.449597e+04	6.638902e+11	2.058743e+01	-2.792505e+08	5.000000e+03	0
4.924623e-01	7.349310e-01	1.143159e+00	1.441666e+04	6.496515e+11	2.074073e+01	-2.782581e+08	5.000000e+03	0
4.974874e-01	7.424303e-01	1.175047e+00	1.433632e+04	6.353867e+11	2.089206e+01	-2.772585e+08	5.000000e+03	0
5.025126e-01	7.499296e-01	1.207398e+00	1.425498e+04	6.211000e+11	2.104143e+01	-2.762517e+08	5.000000e+03	0
5.075377e-01	7.574289e-01	1.240206e+00	1.417262e+04	6.067947e+11	2.118883e+01	-2.752378e+08	5.000000e+03	0
5.125628e-01	7.649282e-01	1.273483e+00	1.408921e+04	5.924741e+11	2.133418e+01	-2.742170e+08	5.000000e+03	0
5.175879e-01	7.724275e-01	1.307222e+00	1.400473e+04	5.781418e+11	2.147744e+01	-2.731893e+08	5.000000e+03	0
5.226131e-01	7.799268e-01	1.341408e+00	1.391919e+04	5.638017e+11	2.161865e+01	-2.721548e+08	5.000000e+03	0
5.276382e-01	7.874261e-01	1.376037e+00	1.383258e+04	5.494573e+11	2.175778e+01	-2.711137e+08	5.000000e+03	0
5.326633e-01	7.949254e-01	1.403272e+00	7.817204e+03	5.383235e+11	2.177277e+01	-2.700666e+08	5.000000e+03	1
5.376884e-01	8.024247e-01	1.423494e+00	7.780655e+03	5.302487e+11	2.167628e+01	-2.690214e+08	5.000000e+03	1
5.427136e-01	8.099240e-01	1.443997e+00	7.744183e+03	5.222457e+11	2.158384e+01	-2.679808e+08	5.000000e+03	1
5.477387e-01	8.174233e-01	1.464782e+00	7.707781e+03	5.143127e+11	2.149529e+01	-2.669445e+08	5.000000e+03	1
5.527638e-01	8.249226e-01	1.485859e+00	7.671445e+03	5.064505e+11	2.141061e+01	-2.659126e+08	5.000000e+03	1
5.577889e-01	8.324218e-01	1.507221e+00	7.635167e+03	4.986556e+11	2.132953e+01	-2.648847e+08	5.000000e+03	1
5.628141e-01	8.399211e-01	1.528866e+00	7.598938e+03	4.909256e+11	2.125186e+01	-2.638606e+08	5.000000e+03	1
5.678392e-01	8.474204e-01	1.550791e+00	7.562754e+03	4.832590e+11	2.117747e+01	-2.628403e+08	5.000000e+03	1
5.728643e-01	8.549197e-01	1.573011e+00	7.526608e+03	4.756570e+11	2.110634e+01	-2.618236e+08	5.000000e+03	1
5.778894e-01	8.624190e-01	1.595513e+00	7.490494e+03	4.681160e+11	2.103823e+01	-2.608102e+08	5.000000e+03	1
5.829146e-01	8.699183e-01	1.618297e+00	7.454405e+03	4.606342e+11	2.097299e+01	-2.598002e+08	5.000000e+03	1
5.879397e-01	8.774176e-01	1.641361e+00	7.418337e+03	4.532104e+11	2.091051e+01	-2.587932e+08	5.000000e+03	1
5.929648e-01	8.849169e-01	1.664720e+00	7.382283e+03	4.458462e+11	2.085079e+01	-2.577893e+08	5.000000e+03	1
5.979899e-01	8.924162e-01	1.688358e+00	7.346238e+03	4.385377e+11	2.079360e+01	-2.567882e+08	5.000000e+03	1
6.030151e-01	8.999155e-01	1.712276e+00	7.310196e+03	4.312839e+11	2.073883e+01	-2.557899e+08	5.000000e+03	1
6.080402e-01	9.074148e-01	1.736474e+00	7.274152e+03	4.240838e+11	2.068638e+01	-2.547942e+08	5.000000e+03	1
6.130653e-01	9.149141e-01	1.760963e+00	7.238101e+03	4.169389e+11	2.063625e+01	-2.538010e+08	5.000000e+03	1
6.180905e-01	9.224134e-01	1.785730e+00	7.202038e+03	4.098458e+11	2.058824e+01	-2.528103e+08	5.000000e+03	1
6.231156e-01	9.299127e-01	1.810773e+00	7.165958e+03	4.028035e+11	2.054226e+01	-2.518218e+08	5.000000e+03	1
6.281407e-01	9.374120e-01	1.836093e+00	7.129856e+03	3.958116e+11	2.049823e+01	-2.508356e+08	5.000000e+03	1
6.331658e-01	9.449113e-01	1.861701e+00	7.093726e+03	3.888711e+11	2.045614e+01	-2.498515e+08	5.000000e+03	1
6.381910e-01	9.524106e-01	1.887583e+00	7.057565e+03	3.819792e+11	2.041583e+01	-2.488695e+08	5.000000e+03	1
6.432161e-01	9.599099e-01	1.913737e+00	7.021368e+03	3.751351e+11	2.037720e+01	-2.478893e+08	5.000000e+03	1
6.482412e-01	9.674092e-01	1.940166e+00	6.985131e+03	3.683388e+11	2.034022e+01	-2.469111e+08	5.000000e+03	1
6.532663e-01	9.749085e-01	1.966877e+00	6.948847e+03	3.615909e+11	2.030484e+01	-2.459347e+08	5.000000e+03	1
6.582915e-01	9.824078e-01	1.993856e+00	6.912513e+03	3.548891e+11	2.027094e+01	-2.449600e+08	5.000000e+03	1
6.633166e-01	9.899071e-01	2.021104e+00	6.876126e+03	3.482327e+11	2.023844e+01	-2.439869e+08	5.000000e+03	1
6.683417e-01	9.974064e-01	2.048622e+00	6.839680e+03	3.416220e+11	2.020731e+01	-2.430154e+08	5.000000e+03	1
6.733668e-01	1.004906e+00	2.076414e+00	6.803169e+03	3.350573e+11	2.017750e+01	-2.420454e+08	5.000000e+03	1
6.783920e-01	1.012405e+00	2.104470e+00	6.766591e+03	3.285367e+11	2.014890e+01	-2.410769e+08	5.000000e+03	1
6.834171e-01	1.019904e+00	2.132787e+00	6.729943e+03	3.220597e+11	2.012146e+01	-2.401097e+08	5.000000e+03	1
6.884422e-01	1.027404e+00	2.161369e+00	6.693217e+03	3.156269e+11	2.009514e+01	-2.391439e+08	5.000000e+03	1
6.934673e-01	1.034903e+00	2.190218e+00	6.656410e+03	3.092382e+11	2.006989e+01	-2.381794e+08	5.000000e+03	1
6.984925e-01	1.042402e+00	2.219322e+00	6.619519e+03	3.028921e+11	2.004563e+01	-2.372162e+08	5.000000e+03	1
7.035176e-01	1.049901e+00	2.248681e+00	6.582540e+03	2.965882e+11	2.002231e+01	-2.362541e+08	5.000000e+03	1
7.085427e-01	1.057401e+00	2.278299e+00	6.545467e+03	2.903274e+11	1.999990e+01	-2.352932e+08	5.000000e+03	1
7.135678e-01	1.064900e+00	2.308172e+00	6.508294e+03	2.841093e+11	1.997835e+01	-2.343333e+08	5.000000e+03	1
7.185930e-01	1.072399e+00	2.338293e+00	6.471020e+03	2.779327e+11	1.995758e+01	-2.333746e+08	5.000000e+03	1
7.236181e-01	1.079899e+00	2.368660e+00	6.433642e+03	2.717973e+11	1.993756e+01	-2.324168e+08	5.000000e+03	1
7.286432e-01	1.087398e+00	2.399277e+00	6.396150e+03	2.657043e+11	1.991826e+01	-2.314601e+08	5.000000e+03	1
7.336683e-01	1.094897e+00	2.430139e+00	6.358542e+03	2.596530e+11	1.989962e+01	-2.305043e+08	5.000000e+03	1
7.386935e-01	1.102397e+00	2.461239e+00	6.320815e+03	2.536424e+11	1.988160e+01	-2.295494e+08	5.000000e+03	1
7.437186e-01	1.109896e+00	2.492574e+00	6.282966e+03	2.476725e+11	1.986414e+01	-2.285954e+08	5.000000e+03	1
7.487437e-01	1.117395e+00	2.524150e+00	6.244985e+03	2.417445e+11	1.984724e+01	-2.276423e+08	5.000000e+03	1
7.537688e-01	1.124894e+00	2.555958e+00	6.206869e+03	2.358576e+11	1.983083e+01	-2.266900e+08	5.000000e+03	1
7.587940e-01	1.132394e+00	2.587993e+00	6.168617e+03	2.300110e+11	1.981488e+01	-2.257386e+08	5.000000e+03	1
7.638191e-01	1.139893e+00	2.620250e+00	6.130223e+03	2.242047e+11	1.979934e+01	-2.247879e+08	5.000000e+03	1
7.688442e-01	1.147392e+00	2.652737e+00	6.091676e+03	2.184403e+11	1.978420e+01	-2.238381e+08	5.000000e+03	1
7.738693e-01	1.154892e+00	2.685443e+00	6.052977e+03	2.127166e+11	1.976940e+01	-2.228890e+08	5.000000e+03	1
7.788945e-01	1.162391e+00	2.718361e+00	6.014120e+03	2.070331e+11	1.975491e+01	-2.219406e+08	5.000000e+03	1
7.839196e-01	1.169890e+00	2.751489e+00	5.975102e+03	2.013898e+11	1.974070e+01	-2.209930e+08	5.000000e+03	1
7.889447e-01	1.177389e+00	2.784833e+00	5.935908e+03	1.957887e+11	1.972674e+01	-2.200460e+08	5.000000e+03	1
7.939698e-01	1.184889e+00	2.818380e+00	5.896541e+03	1.902281e+11	1.971299e+01	-2.190998e+08	5.000000e+03	1
7.989950e-01	1.192388e+00	2.852124e+00	5.856995e+03	1.847079e+11	1.969942e+01	-2.181543e+08	5.000000e+03	1
8.040201e-01	1.199887e+00	2.886063e+00	5.817264e+03	1.792282e+11	1.968600e+01	-2.172095e+08	5.000000e+03	1
8.090452e-01	1.207387e+00	2.920202e+00	5.777334e+03	1.737911e+11	1.967270e+01	-2.162653e+08	5.000000e+03	1
8.140704e-01	1.214886e+00	2.954526e+00	5.737206e+03	1.683946e+11	1.965949e+01	-2.153218e+08	5.000000e+03	1
8.190955e-01	1.222385e+00	2.989031e+00	5.696875e+03	1.630388e+11	1.964634e+01	-2.143790e+08	5.000000e+03	1
8.241206e-01	1.229885e+00	3.023714e+00	5.656333e+03	1.577243e+11	1.963321e+01	-2.134368e+08	5.000000e+03	1
8.291457e-01	1.237384e+00	3.058577e+00	5.615564e+03	1.524526e+11	1.962008e+01	-2.124954e+08	5.000000e+03	1
8.341709e-01	1.244883e+00	3.093606e+00	5.574570e+03	1.472221e+11	1.960693e+01	-2.115546e+08	5.000000e+03	1
8.391960e-01	1.252382e+00	3.128798e+00	5.533345e+03	1.420330e+11	1.959372e+01	-2.106144e+08	5.000000e+03	1
8.442211e-01	1.259882e+00	3.164148e+00	5.491876e+03	1.368859e+11	1.958042e+01	-2.096749e+08	5.000000e+03	1
8.492462e-01	1.267381e+00	3.199655e+00	5.450150e+03	1.317823e+11	1.956701e+01	-2.087361e+08	5.000000e+03	1
8.542714e-01	1.274880e+00	3.235309e+00	5.408166e+03	1.267207e+11	1.955347e+01	-2.077980e+08	5.000000e+03	1
8.592965e-01	1.282380e+00	3.271102e+00	5.365917e+03	1.217012e+11	1.953976e+01	-2.068606e+08	5.000000e+03	1
8.643216e-01	1.289879e+00	3.307032e+00	5.323387e+03	1.167249e+11	1.952586e+01	-2.059239e+08	5.000000e+03	1
8.693467e-01	1.297378e+00	3.343096e+00	5.280562e+03	1.117928e+11	1.951173e+01	-2.049878e+08	5.000000e+03	1
8.743719e-01	1.304877e+00	3.379280e+00	5.237440e+03	1.069037e+11	1.949736e+01	-2.040525e+08	5.000000e+03	1
8.793970e-01	1.312377e+00	3.415581e+00	5.194010e+03	1.020579e+11	1.948273e+01	-2.031180e+08	5.000000e+03	1
8.844221e-01	1.319876e+00	3.451993e+00	5.150255e+03	9.725655e+10	1.946779e+01	-2.021841e+08	5.000000e+03	1
8.894472e-01	1.327375e+00	3.488510e+00	5.106157e+03	9.250042e+10	1.945253e+01	-2.012511e+08	5.000000e+03	1
8.944724e-01	1.334875e+00	3.525122e+00	5.061713e+03	8.778851e+10	1.943692e+01	-2.003187e+08	5.000000e+03	1
8.994975e-01	1.342374e+00	3.561821e+00	5.016910e+03	8.312116e+10	1.942094e+01	-1.993872e+08	5.000000e+03	1
9.045226e-01	1.349873e+00	3.598603e+00	4.971722e+03	7.849991e+10	1.940456e+01	-1.984565e+08	5.000000e+03	1
9.095477e-01	1.357373e+00	3.635458e+00	4.926133e+03	7.392512e+10	1.938774e+01	-1.975266e+08	5.000000e+03	1
9.145729e-01	1.364872e+00	3.672377e+00	4.880135e+03	6.939605e+10	1.937047e+01	-1.965976e+08	5.000000e+03	1
9.195980e-01	1.372371e+00	3.709352e+00	4.833709e+03	6.491311e+10	1.935273e+01	-1.956694e+08	5.000000e+03	1
9.246231e-01	1.379870e+00	3.746374e+00	4.786822e+03	6.047818e+10	1.933447e+01	-1.947422e+08	5.000000e+03	1
9.296482e-01	1.387370e+00	3.783435e+00	4.739456e+03	5.609124e+10	1.931567e+01	-1.938158e+08	5.000000e+03	1
9.346734e-01	1.394869e+00	3.820524e+00	4.691595e+03	5.175183e+10	1.929631e+01	-1.928904e+08	5.000000e+03	1
9.396985e-01	1.402368e+00	3.857631e+00	4.643216e+03	4.746043e+10	1.927636e+01	-1.919659e+08	5.000000e+03	1
9.447236e-01	1.409868e+00	3.894746e+00	4.594269e+03	4.321934e+10	1.925578e+01	-1.910425e+08	5.000000e+03	1
9.497487e-01	1.417367e+00	3.931858e+00	4.544735e+03	3.902811e+10	1.923455e+01	-1.901201e+08	5.000000e+03	1
9.547739e-01	1.424866e+00	3.968956e+00	4.494588e+03	3.488660e+10	1.921264e+01	-1.891988e+08	5.000000e+03	1
9.597990e-01	1.432366e+00	4.006028e+00	4.443791e+03	3.079541e+10	1.919002e+01	-1.882785e+08	5.000000e+03	1
9.648241e-01	1.439865e+00	4.043061e+00	4.392274e+03	2.675730e+10	1.916664e+01	-1.873594e+08	5.000000e+03	1
9.698492e-01	1.447364e+00	4.080042e+00	4.340011e+03	2.277142e+10	1.914247e+01	-1.864414e+08	5.000000e+03	1
9.748744e-01	1.454863e+00	4.116959e+00	4.286956e+03	1.883798e+10	1.911749e+01	-1.855247e+08	5.000000e+03	1
9.798995e-01	1.462363e+00	4.153796e+00	4.233052e+03	1.495775e+10	1.909167e+01	-1.846092e+08	5.000000e+03	1
9.849246e-01	1.469862e+00	4.190536e+00	4.178188e+03	1.113408e+10	1.906493e+01	-1.836950e+08	5.000000e+03	1
9.899497e-01	1.477361e+00	4.227164e+00	4.122323e+03	7.365703e+09	1.903725e+01	-1.827821e+08	5.000000e+03	1
9.949749e-01	1.484861e+00	4.263665e+00	4.065298e+03	3.653301e+09	1.900859e+01	-1.818706e+08	5.000000e+03	1
1.000000e+00	1.492360e+00	4.300000e+00	4.000000e+03	-7.152557e-07	1.897883e+01	-1.809605e+08	3.000000e+02	1
