#R=1.8280387094806561
#a=1.0
#interptype='linear'
#name='planet'
#norm={'P': 1000000000000.0, 'R': 1.8280387094806561, 'M': 10.0, 'g': 29.415577394134701, 'rho': 4000.0}
#state=1
#composition
#layer0		Fe08FeS02		0.350000
#layer1		pv_fmw		0.650000
#Cols=
 #'ur		r		mr		rho		P		g		phi		T		composition'
#-end-
0.000000e+00	0.000000e+00	9.892263e-11	2.525133e+04	4.020592e+12	0.000000e+00	-6.437271e+08	5.000000e+03	0
5.025126e-03	9.186124e-03	3.670915e-06	2.525111e+04	4.020494e+12	2.761419e-01	-6.437150e+08	5.000000e+03	0
1.005025e-02	1.837225e-02	2.836067e-05	2.524955e+04	4.019784e+12	6.893500e-01	-6.436788e+08	5.000000e+03	0
1.507538e-02	2.755837e-02	9.596664e-05	2.524662e+04	4.018459e+12	1.102535e+00	-6.436184e+08	5.000000e+03	0
2.010050e-02	3.674450e-02	2.266734e-04	2.524235e+04	4.016530e+12	1.515616e+00	-6.435338e+08	5.000000e+03	0
2.512563e-02	4.593062e-02	4.430136e-04	2.523673e+04	4.013987e+12	1.928548e+00	-6.434251e+08	5.000000e+03	0
3.015075e-02	5.511675e-02	7.646057e-04	2.522976e+04	4.010840e+12	2.341295e+00	-6.432923e+08	5.000000e+03	0
3.517588e-02	6.430287e-02	1.214298e-03	2.522144e+04	4.007082e+12	2.753813e+00	-6.431354e+08	5.000000e+03	0
4.020101e-02	7.348899e-02	1.811407e-03	2.521178e+04	4.002721e+12	3.166066e+00	-6.429544e+08	5.000000e+03	0
4.522613e-02	8.267512e-02	2.578779e-03	2.520077e+04	3.997751e+12	3.578012e+00	-6.427493e+08	5.000000e+03	0
5.025126e-02	9.186124e-02	3.535694e-03	2.518842e+04	3.992180e+12	3.989613e+00	-6.425201e+08	5.000000e+03	0
5.527638e-02	1.010474e-01	4.704673e-03	2.517471e+04	3.986004e+12	4.400827e+00	-6.422668e+08	5.000000e+03	0
6.030151e-02	1.102335e-01	6.105227e-03	2.515966e+04	3.979229e+12	4.811617e+00	-6.419896e+08	5.000000e+03	0
6.532663e-02	1.194196e-01	7.759237e-03	2.514327e+04	3.971853e+12	5.221942e+00	-6.416883e+08	5.000000e+03	0
7.035176e-02	1.286057e-01	9.686700e-03	2.512553e+04	3.963881e+12	5.631763e+00	-6.413631e+08	5.000000e+03	0
7.537688e-02	1.377919e-01	1.190855e-02	2.510644e+04	3.955313e+12	6.041040e+00	-6.410139e+08	5.000000e+03	0
8.040201e-02	1.469780e-01	1.444552e-02	2.508602e+04	3.946151e+12	6.449734e+00	-6.406409e+08	5.000000e+03	0
8.542714e-02	1.561641e-01	1.731729e-02	2.506425e+04	3.936399e+12	6.857806e+00	-6.402439e+08	5.000000e+03	0
9.045226e-02	1.653502e-01	2.054559e-02	2.504113e+04	3.926058e+12	7.265214e+00	-6.398232e+08	5.000000e+03	0
9.547739e-02	1.745364e-01	2.414853e-02	2.501668e+04	3.915133e+12	7.671923e+00	-6.393786e+08	5.000000e+03	0
1.005025e-01	1.837225e-01	2.814910e-02	2.499088e+04	3.903622e+12	8.077887e+00	-6.389103e+08	5.000000e+03	0
1.055276e-01	1.929086e-01	3.256353e-02	2.496374e+04	3.891535e+12	8.483075e+00	-6.384183e+08	5.000000e+03	0
1.105528e-01	2.020947e-01	3.741630e-02	2.493526e+04	3.878867e+12	8.887439e+00	-6.379026e+08	5.000000e+03	0
1.155779e-01	2.112809e-01	4.272148e-02	2.490545e+04	3.865630e+12	9.290949e+00	-6.373633e+08	5.000000e+03	0
1.206030e-01	2.204670e-01	4.850530e-02	2.487429e+04	3.851818e+12	9.693554e+00	-6.368004e+08	5.000000e+03	0
1.256281e-01	2.296531e-01	5.477934e-02	2.484180e+04	3.837444e+12	1.009523e+01	-6.362141e+08	5.000000e+03	0
1.306533e-01	2.388392e-01	6.157182e-02	2.480797e+04	3.822502e+12	1.049592e+01	-6.356043e+08	5.000000e+03	0
1.356784e-01	2.480254e-01	6.889159e-02	2.477281e+04	3.807007e+12	1.089560e+01	-6.349711e+08	5.000000e+03	0
1.407035e-01	2.572115e-01	7.676905e-02	2.473631e+04	3.790950e+12	1.129422e+01	-6.343146e+08	5.000000e+03	0
1.457286e-01	2.663976e-01	8.521031e-02	2.469848e+04	3.774349e+12	1.169175e+01	-6.336348e+08	5.000000e+03	0
1.507538e-01	2.755837e-01	9.424734e-02	2.465931e+04	3.757194e+12	1.208813e+01	-6.329318e+08	5.000000e+03	0
1.557789e-01	2.847698e-01	1.038849e-01	2.461882e+04	3.739503e+12	1.248336e+01	-6.322057e+08	5.000000e+03	0
1.608040e-01	2.939560e-01	1.141541e-01	2.457699e+04	3.721269e+12	1.287736e+01	-6.314565e+08	5.000000e+03	0
1.658291e-01	3.031421e-01	1.250605e-01	2.453384e+04	3.702507e+12	1.327012e+01	-6.306843e+08	5.000000e+03	0
1.708543e-01	3.123282e-01	1.366334e-01	2.448935e+04	3.683212e+12	1.366159e+01	-6.298892e+08	5.000000e+03	0
1.758794e-01	3.215143e-01	1.488796e-01	2.444354e+04	3.663397e+12	1.405173e+01	-6.290713e+08	5.000000e+03	0
1.809045e-01	3.307005e-01	1.618261e-01	2.439640e+04	3.643061e+12	1.444049e+01	-6.282306e+08	5.000000e+03	0
1.859296e-01	3.398866e-01	1.754811e-01	2.434794e+04	3.622215e+12	1.482786e+01	-6.273672e+08	5.000000e+03	0
1.909548e-01	3.490727e-01	1.898691e-01	2.429815e+04	3.600859e+12	1.521378e+01	-6.264812e+08	5.000000e+03	0
1.959799e-01	3.582588e-01	2.050002e-01	2.424704e+04	3.579002e+12	1.559821e+01	-6.255727e+08	5.000000e+03	0
2.010050e-01	3.674450e-01	2.208959e-01	2.419461e+04	3.556647e+12	1.598112e+01	-6.246418e+08	5.000000e+03	0
2.060302e-01	3.766311e-01	2.375681e-01	2.414086e+04	3.533803e+12	1.636247e+01	-6.236886e+08	5.000000e+03	0
2.110553e-01	3.858172e-01	2.550355e-01	2.408578e+04	3.510473e+12	1.674222e+01	-6.227131e+08	5.000000e+03	0
2.160804e-01	3.950033e-01	2.733120e-01	2.402939e+04	3.486665e+12	1.712033e+01	-6.217156e+08	5.000000e+03	0
2.211055e-01	4.041895e-01	2.924129e-01	2.397168e+04	3.462383e+12	1.749676e+01	-6.206958e+08	5.000000e+03	0
2.261307e-01	4.133756e-01	3.123544e-01	2.391266e+04	3.437635e+12	1.787147e+01	-6.196542e+08	5.000000e+03	0
2.311558e-01	4.225617e-01	3.331485e-01	2.385232e+04	3.412428e+12	1.824443e+01	-6.185907e+08	5.000000e+03	0
2.361809e-01	4.317478e-01	3.548137e-01	2.379066e+04	3.386765e+12	1.861559e+01	-6.175055e+08	5.000000e+03	0
2.412060e-01	4.409340e-01	3.773582e-01	2.372769e+04	3.360657e+12	1.898493e+01	-6.163986e+08	5.000000e+03	0
2.462312e-01	4.501201e-01	4.008031e-01	2.366341e+04	3.334107e+12	1.935239e+01	-6.152702e+08	5.000000e+03	0
2.512563e-01	4.593062e-01	4.251527e-01	2.359782e+04	3.307126e+12	1.971795e+01	-6.141204e+08	5.000000e+03	0
2.562814e-01	4.684923e-01	4.504310e-01	2.353091e+04	3.279715e+12	2.008155e+01	-6.129493e+08	5.000000e+03	0
2.613065e-01	4.776785e-01	4.766380e-01	2.346270e+04	3.251888e+12	2.044317e+01	-6.117570e+08	5.000000e+03	0
2.663317e-01	4.868646e-01	5.038005e-01	2.339317e+04	3.223646e+12	2.080276e+01	-6.105436e+08	5.000000e+03	0
2.713568e-01	4.960507e-01	5.319144e-01	2.332235e+04	3.195002e+12	2.116031e+01	-6.093093e+08	5.000000e+03	0
2.763819e-01	5.052368e-01	5.610094e-01	2.325020e+04	3.165956e+12	2.151573e+01	-6.080541e+08	5.000000e+03	0
2.814070e-01	5.144230e-01	5.910769e-01	2.317676e+04	3.136525e+12	2.186903e+01	-6.067783e+08	5.000000e+03	0
2.864322e-01	5.236091e-01	6.221499e-01	2.310200e+04	3.106707e+12	2.222014e+01	-6.054818e+08	5.000000e+03	0
2.914573e-01	5.327952e-01	6.542159e-01	2.302596e+04	3.076519e+12	2.256905e+01	-6.041648e+08	5.000000e+03	0
2.964824e-01	5.419813e-01	6.873081e-01	2.294859e+04	3.045960e+12	2.291569e+01	-6.028277e+08	5.000000e+03	0
3.015075e-01	5.511675e-01	7.214143e-01	2.286993e+04	3.015045e+12	2.326005e+01	-6.014703e+08	5.000000e+03	0
3.065327e-01	5.603536e-01	7.565645e-01	2.278995e+04	2.983776e+12	2.360207e+01	-6.000928e+08	5.000000e+03	0
3.115578e-01	5.695397e-01	7.927487e-01	2.270868e+04	2.952167e+12	2.394173e+01	-5.986954e+08	5.000000e+03	0
3.165829e-01	5.787258e-01	8.299929e-01	2.262609e+04	2.920222e+12	2.427897e+01	-5.972782e+08	5.000000e+03	0
3.216080e-01	5.879119e-01	8.682898e-01	2.254221e+04	2.887952e+12	2.461379e+01	-5.958414e+08	5.000000e+03	0
3.266332e-01	5.970981e-01	9.076610e-01	2.245702e+04	2.855362e+12	2.494610e+01	-5.943851e+08	5.000000e+03	0
3.316583e-01	6.062842e-01	9.481019e-01	2.237053e+04	2.822465e+12	2.527590e+01	-5.929095e+08	5.000000e+03	0
3.366834e-01	6.154703e-01	9.896297e-01	2.228274e+04	2.789265e+12	2.560314e+01	-5.914147e+08	5.000000e+03	0
3.417085e-01	6.246564e-01	1.032242e+00	2.219364e+04	2.755774e+12	2.592779e+01	-5.899008e+08	5.000000e+03	0
3.467337e-01	6.338426e-01	1.075953e+00	2.210323e+04	2.721999e+12	2.624979e+01	-5.883681e+08	5.000000e+03	0
3.517588e-01	6.430287e-01	1.120762e+00	2.201152e+04	2.687950e+12	2.656912e+01	-5.868166e+08	5.000000e+03	0
3.567839e-01	6.522148e-01	1.166677e+00	2.191850e+04	2.653636e+12	2.688574e+01	-5.852465e+08	5.000000e+03	0
3.618090e-01	6.614009e-01	1.213703e+00	2.182417e+04	2.619064e+12	2.719960e+01	-5.836580e+08	5.000000e+03	0
3.668342e-01	6.705871e-01	1.261843e+00	2.172854e+04	2.584245e+12	2.751068e+01	-5.820512e+08	5.000000e+03	0
3.718593e-01	6.797732e-01	1.311103e+00	2.163159e+04	2.549187e+12	2.781893e+01	-5.804264e+08	5.000000e+03	0
3.768844e-01	6.889593e-01	1.361481e+00	2.153333e+04	2.513901e+12	2.812431e+01	-5.787836e+08	5.000000e+03	0
3.819095e-01	6.981454e-01	1.412988e+00	2.143376e+04	2.478394e+12	2.842678e+01	-5.771231e+08	5.000000e+03	0
3.869347e-01	7.073316e-01	1.465617e+00	2.133287e+04	2.442677e+12	2.872632e+01	-5.754450e+08	5.000000e+03	0
3.919598e-01	7.165177e-01	1.519379e+00	2.123066e+04	2.406758e+12	2.902285e+01	-5.737495e+08	5.000000e+03	0
3.969849e-01	7.257038e-01	1.574265e+00	2.112714e+04	2.370649e+12	2.931639e+01	-5.720367e+08	5.000000e+03	0
4.020101e-01	7.348899e-01	1.630289e+00	2.102229e+04	2.334356e+12	2.960684e+01	-5.703069e+08	5.000000e+03	0
4.070352e-01	7.440761e-01	1.687435e+00	2.091612e+04	2.297893e+12	2.989421e+01	-5.685602e+08	5.000000e+03	0
4.120603e-01	7.532622e-01	1.745720e+00	2.080860e+04	2.261265e+12	3.017842e+01	-5.667969e+08	5.000000e+03	0
4.170854e-01	7.624483e-01	1.805124e+00	2.069977e+04	2.224485e+12	3.045947e+01	-5.650170e+08	5.000000e+03	0
4.221106e-01	7.716344e-01	1.865668e+00	2.058959e+04	2.187561e+12	3.073728e+01	-5.632208e+08	5.000000e+03	0
4.271357e-01	7.808206e-01	1.927325e+00	2.047808e+04	2.150506e+12	3.101186e+01	-5.614084e+08	5.000000e+03	0
4.321608e-01	7.900067e-01	1.990118e+00	2.036521e+04	2.113325e+12	3.128310e+01	-5.595802e+08	5.000000e+03	0
4.371859e-01	7.991928e-01	2.054019e+00	2.025100e+04	2.076033e+12	3.155104e+01	-5.577361e+08	5.000000e+03	0
4.422111e-01	8.083789e-01	2.119048e+00	2.013542e+04	2.038636e+12	3.181556e+01	-5.558766e+08	5.000000e+03	0
4.472362e-01	8.175651e-01	2.185177e+00	2.001849e+04	2.001147e+12	3.207669e+01	-5.540016e+08	5.000000e+03	0
4.522613e-01	8.267512e-01	2.252424e+00	1.990018e+04	1.963574e+12	3.233434e+01	-5.521116e+08	5.000000e+03	0
4.572864e-01	8.359373e-01	2.320762e+00	1.978051e+04	1.925929e+12	3.258851e+01	-5.502065e+08	5.000000e+03	0
4.623116e-01	8.451234e-01	2.390203e+00	1.965944e+04	1.888221e+12	3.283910e+01	-5.482868e+08	5.000000e+03	0
4.673367e-01	8.543095e-01	2.460725e+00	1.953699e+04	1.850461e+12	3.308614e+01	-5.463525e+08	5.000000e+03	0
4.723618e-01	8.634957e-01	2.532333e+00	1.941313e+04	1.812659e+12	3.332952e+01	-5.444039e+08	5.000000e+03	0
4.773869e-01	8.726818e-01	2.605009e+00	1.928788e+04	1.774826e+12	3.356925e+01	-5.424412e+08	5.000000e+03	0
4.824121e-01	8.818679e-01	2.678751e+00	1.916119e+04	1.736972e+12	3.380526e+01	-5.404646e+08	5.000000e+03	0
4.874372e-01	8.910540e-01	2.753544e+00	1.903309e+04	1.699107e+12	3.403751e+01	-5.384743e+08	5.000000e+03	0
4.924623e-01	9.002402e-01	2.829382e+00	1.890354e+04	1.661242e+12	3.426596e+01	-5.364706e+08	5.000000e+03	0
4.974874e-01	9.094263e-01	2.906250e+00	1.877253e+04	1.623388e+12	3.449056e+01	-5.344537e+08	5.000000e+03	0
5.025126e-01	9.186124e-01	2.984140e+00	1.864007e+04	1.585555e+12	3.471128e+01	-5.324237e+08	5.000000e+03	0
5.075377e-01	9.277985e-01	3.063037e+00	1.850612e+04	1.547754e+12	3.492805e+01	-5.303810e+08	5.000000e+03	0
5.125628e-01	9.369847e-01	3.142927e+00	1.837068e+04	1.509996e+12	3.514085e+01	-5.283258e+08	5.000000e+03	0
5.175879e-01	9.461708e-01	3.223800e+00	1.823373e+04	1.472291e+12	3.534961e+01	-5.262582e+08	5.000000e+03	0
5.226131e-01	9.553569e-01	3.305634e+00	1.809526e+04	1.434650e+12	3.555431e+01	-5.241786e+08	5.000000e+03	0
5.276382e-01	9.645430e-01	3.388422e+00	1.795524e+04	1.397084e+12	3.575487e+01	-5.220872e+08	5.000000e+03	0
5.326633e-01	9.737292e-01	3.472139e+00	1.781366e+04	1.359604e+12	3.595127e+01	-5.199842e+08	5.000000e+03	0
5.376884e-01	9.829153e-01	3.531607e+00	1.066807e+04	1.333380e+12	3.588742e+01	-5.178739e+08	5.000000e+03	1
5.427136e-01	9.921014e-01	3.583291e+00	1.060121e+04	1.311117e+12	3.574200e+01	-5.157711e+08	5.000000e+03	1
5.477387e-01	1.001288e+00	3.635616e+00	1.053454e+04	1.289084e+12	3.560213e+01	-5.136767e+08	5.000000e+03	1
5.527638e-01	1.010474e+00	3.688569e+00	1.046804e+04	1.267272e+12	3.546748e+01	-5.115904e+08	5.000000e+03	1
5.577889e-01	1.019660e+00	3.742158e+00	1.040170e+04	1.245680e+12	3.533790e+01	-5.095120e+08	5.000000e+03	1
5.628141e-01	1.028846e+00	3.796368e+00	1.033552e+04	1.224300e+12	3.521307e+01	-5.074411e+08	5.000000e+03	1
5.678392e-01	1.038032e+00	3.851210e+00	1.026948e+04	1.203133e+12	3.509285e+01	-5.053774e+08	5.000000e+03	1
5.728643e-01	1.047218e+00	3.906667e+00	1.020356e+04	1.182169e+12	3.497695e+01	-5.033207e+08	5.000000e+03	1
5.778894e-01	1.056404e+00	3.962750e+00	1.013777e+04	1.161411e+12	3.486527e+01	-5.012708e+08	5.000000e+03	1
5.829146e-01	1.065590e+00	4.019441e+00	1.007209e+04	1.140849e+12	3.475751e+01	-4.992273e+08	5.000000e+03	1
5.879397e-01	1.074777e+00	4.076749e+00	1.000650e+04	1.120485e+12	3.465357e+01	-4.971902e+08	5.000000e+03	1
5.929648e-01	1.083963e+00	4.134659e+00	9.941009e+03	1.100311e+12	3.455321e+01	-4.951590e+08	5.000000e+03	1
5.979899e-01	1.093149e+00	4.193178e+00	9.875598e+03	1.080329e+12	3.445631e+01	-4.931337e+08	5.000000e+03	1
6.030151e-01	1.102335e+00	4.252291e+00	9.810260e+03	1.060532e+12	3.436267e+01	-4.911141e+08	5.000000e+03	1
6.080402e-01	1.111521e+00	4.312003e+00	9.744986e+03	1.040920e+12	3.427216e+01	-4.891000e+08	5.000000e+03	1
6.130653e-01	1.120707e+00	4.372302e+00	9.679768e+03	1.021488e+12	3.418459e+01	-4.870911e+08	5.000000e+03	1
6.180905e-01	1.129893e+00	4.433189e+00	9.614597e+03	1.002237e+12	3.409987e+01	-4.850873e+08	5.000000e+03	1
6.231156e-01	1.139079e+00	4.494653e+00	9.549465e+03	9.831609e+11	3.401781e+01	-4.830885e+08	5.000000e+03	1
6.281407e-01	1.148266e+00	4.556694e+00	9.484364e+03	9.642603e+11	3.393830e+01	-4.810945e+08	5.000000e+03	1
6.331658e-01	1.157452e+00	4.619304e+00	9.419286e+03	9.455318e+11	3.386121e+01	-4.791051e+08	5.000000e+03	1
6.381910e-01	1.166638e+00	4.682478e+00	9.354224e+03	9.269742e+11	3.378641e+01	-4.771202e+08	5.000000e+03	1
6.432161e-01	1.175824e+00	4.746209e+00	9.289170e+03	9.085852e+11	3.371377e+01	-4.751397e+08	5.000000e+03	1
6.482412e-01	1.185010e+00	4.810493e+00	9.224117e+03	8.903633e+11	3.364320e+01	-4.731635e+08	5.000000e+03	1
6.532663e-01	1.194196e+00	4.875322e+00	9.159056e+03	8.723070e+11	3.357456e+01	-4.711914e+08	5.000000e+03	1
6.582915e-01	1.203382e+00	4.940690e+00	9.093981e+03	8.544143e+11	3.350776e+01	-4.692233e+08	5.000000e+03	1
6.633166e-01	1.212568e+00	5.006591e+00	9.028885e+03	8.366845e+11	3.344269e+01	-4.672591e+08	5.000000e+03	1
6.683417e-01	1.221755e+00	5.073016e+00	8.963760e+03	8.191154e+11	3.337925e+01	-4.652988e+08	5.000000e+03	1
6.733668e-01	1.230941e+00	5.139961e+00	8.898599e+03	8.017069e+11	3.331734e+01	-4.633421e+08	5.000000e+03	1
6.783920e-01	1.240127e+00	5.207414e+00	8.833395e+03	7.844563e+11	3.325686e+01	-4.613891e+08	5.000000e+03	1
6.834171e-01	1.249313e+00	5.275373e+00	8.768140e+03	7.673644e+11	3.319774e+01	-4.594397e+08	5.000000e+03	1
6.884422e-01	1.258499e+00	5.343824e+00	8.702829e+03	7.504280e+11	3.313987e+01	-4.574938e+08	5.000000e+03	1
6.934673e-01	1.267685e+00	5.412766e+00	8.637453e+03	7.336486e+11	3.308317e+01	-4.555512e+08	5.000000e+03	1
6.984925e-01	1.276871e+00	5.482183e+00	8.572006e+03	7.170226e+11	3.302756e+01	-4.536120e+08	5.000000e+03	1
7.035176e-01	1.286057e+00	5.552074e+00	8.506480e+03	7.005521e+11	3.297297e+01	-4.516761e+08	5.000000e+03	1
7.085427e-01	1.295244e+00	5.622421e+00	8.440869e+03	6.842334e+11	3.291929e+01	-4.497434e+08	5.000000e+03	1
7.135678e-01	1.304430e+00	5.693226e+00	8.375164e+03	6.680689e+11	3.286649e+01	-4.478138e+08	5.000000e+03	1
7.185930e-01	1.313616e+00	5.764468e+00	8.309359e+03	6.520547e+11	3.281445e+01	-4.458874e+08	5.000000e+03	1
7.236181e-01	1.322802e+00	5.836149e+00	8.243446e+03	6.361936e+11	3.276313e+01	-4.439641e+08	5.000000e+03	1
7.286432e-01	1.331988e+00	5.908248e+00	8.177419e+03	6.204818e+11	3.271245e+01	-4.420437e+08	5.000000e+03	1
7.336683e-01	1.341174e+00	5.980764e+00	8.111267e+03	6.049220e+11	3.266235e+01	-4.401264e+08	5.000000e+03	1
7.386935e-01	1.350360e+00	6.053679e+00	8.044986e+03	5.895108e+11	3.261275e+01	-4.382121e+08	5.000000e+03	1
7.437186e-01	1.359546e+00	6.126988e+00	7.978566e+03	5.742506e+11	3.256360e+01	-4.363007e+08	5.000000e+03	1
7.487437e-01	1.368733e+00	6.200676e+00	7.912001e+03	5.591386e+11	3.251483e+01	-4.343921e+08	5.000000e+03	1
7.537688e-01	1.377919e+00	6.274735e+00	7.845279e+03	5.441768e+11	3.246638e+01	-4.324865e+08	5.000000e+03	1
7.587940e-01	1.387105e+00	6.349151e+00	7.778396e+03	5.293630e+11	3.241819e+01	-4.305838e+08	5.000000e+03	1
7.638191e-01	1.396291e+00	6.423913e+00	7.711339e+03	5.146987e+11	3.237021e+01	-4.286839e+08	5.000000e+03	1
7.688442e-01	1.405477e+00	6.499008e+00	7.644103e+03	5.001825e+11	3.232237e+01	-4.267869e+08	5.000000e+03	1
7.738693e-01	1.414663e+00	6.574424e+00	7.576677e+03	4.858152e+11	3.227462e+01	-4.248927e+08	5.000000e+03	1
7.788945e-01	1.423849e+00	6.650148e+00	7.509051e+03	4.715962e+11	3.222692e+01	-4.230013e+08	5.000000e+03	1
7.839196e-01	1.433035e+00	6.726166e+00	7.441216e+03	4.575258e+11	3.217919e+01	-4.211128e+08	5.000000e+03	1
7.889447e-01	1.442221e+00	6.802466e+00	7.373162e+03	4.436040e+11	3.213140e+01	-4.192271e+08	5.000000e+03	1
7.939698e-01	1.451408e+00	6.879032e+00	7.304879e+03	4.298307e+11	3.208349e+01	-4.173443e+08	5.000000e+03	1
7.989950e-01	1.460594e+00	6.955852e+00	7.236354e+03	4.162064e+11	3.203540e+01	-4.154643e+08	5.000000e+03	1
8.040201e-01	1.469780e+00	7.032908e+00	7.167578e+03	4.027307e+11	3.198710e+01	-4.135872e+08	5.000000e+03	1
8.090452e-01	1.478966e+00	7.110188e+00	7.098537e+03	3.894046e+11	3.193853e+01	-4.117129e+08	5.000000e+03	1
8.140704e-01	1.488152e+00	7.187675e+00	7.029221e+03	3.762272e+11	3.188965e+01	-4.098416e+08	5.000000e+03	1
8.190955e-01	1.497338e+00	7.265353e+00	6.959614e+03	3.632002e+11	3.184040e+01	-4.079731e+08	5.000000e+03	1
8.241206e-01	1.506524e+00	7.343206e+00	6.889706e+03	3.503223e+11	3.179074e+01	-4.061076e+08	5.000000e+03	1
8.291457e-01	1.515710e+00	7.421217e+00	6.819479e+03	3.375957e+11	3.174062e+01	-4.042451e+08	5.000000e+03	1
8.341709e-01	1.524897e+00	7.499367e+00	6.748922e+03	3.250186e+11	3.169000e+01	-4.023855e+08	5.000000e+03	1
8.391960e-01	1.534083e+00	7.577641e+00	6.678014e+03	3.125938e+11	3.163882e+01	-4.005290e+08	5.000000e+03	1
8.442211e-01	1.543269e+00	7.656019e+00	6.606744e+03	3.003192e+11	3.158706e+01	-3.986755e+08	5.000000e+03	1
8.492462e-01	1.552455e+00	7.734482e+00	6.535087e+03	2.881981e+11	3.153465e+01	-3.968250e+08	5.000000e+03	1
8.542714e-01	1.561641e+00	7.813011e+00	6.463034e+03	2.762280e+11	3.148157e+01	-3.949778e+08	5.000000e+03	1
8.592965e-01	1.570827e+00	7.891586e+00	6.390554e+03	2.644129e+11	3.142774e+01	-3.931336e+08	5.000000e+03	1
8.643216e-01	1.580013e+00	7.970186e+00	6.317636e+03	2.527498e+11	3.137315e+01	-3.912927e+08	5.000000e+03	1
8.693467e-01	1.589199e+00	8.048790e+00	6.244247e+03	2.412428e+11	3.131773e+01	-3.894551e+08	5.000000e+03	1
8.743719e-01	1.598386e+00	8.127375e+00	6.170373e+03	2.298895e+11	3.126144e+01	-3.876207e+08	5.000000e+03	1
8.793970e-01	1.607572e+00	8.205920e+00	6.095979e+03	2.186934e+11	3.120424e+01	-3.857897e+08	5.000000e+03	1
8.844221e-01	1.616758e+00	8.284400e+00	6.021045e+03	2.076528e+11	3.114609e+01	-3.839621e+08	5.000000e+03	1
8.894472e-01	1.625944e+00	8.362792e+00	5.945533e+03	1.967710e+11	3.108693e+01	-3.821380e+08	5.000000e+03	1
8.944724e-01	1.635130e+00	8.441070e+00	5.869418e+03	1.860466e+11	3.102672e+01	-3.803174e+08	5.000000e+03	1
8.994975e-01	1.644316e+00	8.519208e+00	5.792658e+03	1.754826e+11	3.096540e+01	-3.785004e+08	5.000000e+03	1
9.045226e-01	1.653502e+00	8.597180e+00	5.715220e+03	1.650782e+11	3.090293e+01	-3.766871e+08	5.000000e+03	1
9.095477e-01	1.662688e+00	8.674956e+00	5.637059e+03	1.548362e+11	3.083926e+01	-3.748775e+08	5.000000e+03	1
9.145729e-01	1.671875e+00	8.752509e+00	5.558132e+03	1.447563e+11	3.077434e+01	-3.730717e+08	5.000000e+03	1
9.195980e-01	1.681061e+00	8.829807e+00	5.478386e+03	1.348408e+11	3.070811e+01	-3.712697e+08	5.000000e+03	1
9.246231e-01	1.690247e+00	8.906819e+00	5.397769e+03	1.250904e+11	3.064053e+01	-3.694717e+08	5.000000e+03	1
9.296482e-01	1.699433e+00	8.983512e+00	5.316219e+03	1.155069e+11	3.057152e+01	-3.676778e+08	5.000000e+03	1
9.346734e-01	1.708619e+00	9.059852e+00	5.233668e+03	1.060917e+11	3.050103e+01	-3.658879e+08	5.000000e+03	1
9.396985e-01	1.717805e+00	9.135801e+00	5.150041e+03	9.684618e+10	3.042901e+01	-3.641023e+08	5.000000e+03	1
9.447236e-01	1.726991e+00	9.211322e+00	5.065252e+03	8.777268e+10	3.035538e+01	-3.623209e+08	5.000000e+03	1
9.497487e-01	1.736177e+00	9.286375e+00	4.979210e+03	7.887228e+10	3.028008e+01	-3.605440e+08	5.000000e+03	1
9.547739e-01	1.745364e+00	9.360915e+00	4.891797e+03	7.014816e+10	3.020303e+01	-3.587715e+08	5.000000e+03	1
9.597990e-01	1.754550e+00	9.434901e+00	4.802902e+03	6.160113e+10	3.012416e+01	-3.570036e+08	5.000000e+03	1
9.648241e-01	1.763736e+00	9.508279e+00	4.712363e+03	5.323541e+10	3.004338e+01	-3.552404e+08	5.000000e+03	1
9.698492e-01	1.772922e+00	9.581005e+00	4.620034e+03	4.505161e+10	2.996061e+01	-3.534821e+08	5.000000e+03	1
9.748744e-01	1.782108e+00	9.653013e+00	4.525688e+03	3.705517e+10	2.987574e+01	-3.517286e+08	5.000000e+03	1
9.798995e-01	1.791294e+00	9.724256e+00	4.429121e+03	2.924660e+10	2.978868e+01	-3.499803e+08	5.000000e+03	1
9.849246e-01	1.800480e+00	9.794653e+00	4.330003e+03	2.163288e+10	2.969928e+01	-3.482371e+08	5.000000e+03	1
9.899497e-01	1.809666e+00	9.864149e+00	4.228026e+03	1.421466e+10	2.960745e+01	-3.464993e+08	5.000000e+03	1
9.949749e-01	1.818853e+00	9.932644e+00	4.122621e+03	7.000900e+09	2.951299e+01	-3.447670e+08	5.000000e+03	1
1.000000e+00	1.828039e+00	1.000000e+01	4.000000e+03	-2.384186e-07	2.941558e+01	-3.430402e+08	3.000000e+02	1
