#t		Qconv[W]	Ri[Rp]		R*[Rp]		Qc[W]		Qm[W]		Qr[W]		Tcmb[K]		Tl[K]		Tup[K]		RiFlag		Bs[T]
0.000000e+00	3.503068e+13	0.000000e+00	5.477387e-01	5.276505e+14	3.967351e+15	6.286923e+14	1.437895e+04	8.017306e+03	2.721371e+03	0	1.063079e-03
1.000000e+07	3.451151e+13	0.000000e+00	5.477387e-01	5.230225e+14	3.806769e+15	6.252088e+14	1.436833e+04	7.962507e+03	2.702770e+03	0	1.057801e-03
2.000000e+07	3.400291e+13	0.000000e+00	5.477387e-01	5.184868e+14	3.658712e+15	6.217515e+14	1.435780e+04	7.910639e+03	2.685164e+03	0	1.052579e-03
3.000000e+07	3.350511e+13	0.000000e+00	5.477387e-01	5.140453e+14	3.521849e+15	6.183199e+14	1.434736e+04	7.861467e+03	2.668473e+03	0	1.047417e-03
4.000000e+07	3.301819e+13	0.000000e+00	5.477387e-01	5.096987e+14	3.395020e+15	6.149140e+14	1.433701e+04	7.814781e+03	2.652626e+03	0	1.042319e-03
5.000000e+07	3.254214e+13	0.000000e+00	5.477387e-01	5.054469e+14	3.277218e+15	6.115335e+14	1.432674e+04	7.770392e+03	2.637559e+03	0	1.037285e-03
6.000000e+07	3.207687e+13	0.000000e+00	5.477387e-01	5.012889e+14	3.167560e+15	6.081782e+14	1.431657e+04	7.728131e+03	2.623214e+03	0	1.032318e-03
7.000000e+07	3.162221e+13	0.000000e+00	5.477387e-01	4.972236e+14	3.065270e+15	6.048479e+14	1.430647e+04	7.687844e+03	2.609539e+03	0	1.027417e-03
8.000000e+07	3.117798e+13	0.000000e+00	5.477387e-01	4.932490e+14	2.969664e+15	6.015424e+14	1.429646e+04	7.649393e+03	2.596487e+03	0	1.022583e-03
9.000000e+07	3.074394e+13	0.000000e+00	5.477387e-01	4.893633e+14	2.880140e+15	5.982614e+14	1.428653e+04	7.612652e+03	2.584016e+03	0	1.017816e-03
1.000000e+08	3.031984e+13	0.000000e+00	5.477387e-01	4.855642e+14	2.796159e+15	5.950048e+14	1.427667e+04	7.577508e+03	2.572087e+03	0	1.013114e-03
1.100000e+08	2.990542e+13	0.000000e+00	5.477387e-01	4.818495e+14	2.717246e+15	5.917723e+14	1.426689e+04	7.543856e+03	2.560664e+03	0	1.008477e-03
1.200000e+08	2.950040e+13	0.000000e+00	5.477387e-01	4.782168e+14	2.642974e+15	5.885638e+14	1.425719e+04	7.511600e+03	2.549715e+03	0	1.003904e-03
1.300000e+08	2.910450e+13	0.000000e+00	5.477387e-01	4.746635e+14	2.572963e+15	5.853791e+14	1.424756e+04	7.480655e+03	2.539211e+03	0	9.993926e-04
1.400000e+08	2.871745e+13	0.000000e+00	5.477387e-01	4.711874e+14	2.506872e+15	5.822179e+14	1.423800e+04	7.450939e+03	2.529125e+03	0	9.949426e-04
1.500000e+08	2.833896e+13	0.000000e+00	5.477387e-01	4.677860e+14	2.444392e+15	5.790802e+14	1.422851e+04	7.422379e+03	2.519431e+03	0	9.905523e-04
1.600000e+08	2.796877e+13	0.000000e+00	5.477387e-01	4.644569e+14	2.385247e+15	5.759655e+14	1.421909e+04	7.394909e+03	2.510106e+03	0	9.862201e-04
1.700000e+08	2.760659e+13	0.000000e+00	5.477387e-01	4.611977e+14	2.329187e+15	5.728739e+14	1.420974e+04	7.368464e+03	2.501130e+03	0	9.819446e-04
1.800000e+08	2.725217e+13	0.000000e+00	5.477387e-01	4.580062e+14	2.275985e+15	5.698051e+14	1.420045e+04	7.342988e+03	2.492482e+03	0	9.777244e-04
1.900000e+08	2.690525e+13	0.000000e+00	5.477387e-01	4.548802e+14	2.225435e+15	5.667588e+14	1.419122e+04	7.318427e+03	2.484145e+03	0	9.735578e-04
2.000000e+08	2.656558e+13	0.000000e+00	5.477387e-01	4.518175e+14	2.177350e+15	5.637350e+14	1.418206e+04	7.294732e+03	2.476102e+03	0	9.694435e-04
2.100000e+08	2.623292e+13	0.000000e+00	5.477387e-01	4.488159e+14	2.131559e+15	5.607334e+14	1.417296e+04	7.271856e+03	2.468337e+03	0	9.653799e-04
2.200000e+08	2.590703e+13	0.000000e+00	5.477387e-01	4.458735e+14	2.087908e+15	5.577539e+14	1.416392e+04	7.249757e+03	2.460836e+03	0	9.613657e-04
2.300000e+08	2.558769e+13	0.000000e+00	5.477387e-01	4.429882e+14	2.046254e+15	5.547962e+14	1.415494e+04	7.228395e+03	2.453585e+03	0	9.573993e-04
2.400000e+08	2.527468e+13	0.000000e+00	5.477387e-01	4.401583e+14	2.006467e+15	5.518602e+14	1.414602e+04	7.207733e+03	2.446572e+03	0	9.534794e-04
2.500000e+08	2.496779e+13	0.000000e+00	5.477387e-01	4.373819e+14	1.968427e+15	5.489457e+14	1.413715e+04	7.187736e+03	2.439784e+03	0	9.496046e-04
2.600000e+08	2.466683e+13	0.000000e+00	5.477387e-01	4.346572e+14	1.932024e+15	5.460526e+14	1.412834e+04	7.168371e+03	2.433211e+03	0	9.457736e-04
2.700000e+08	2.437159e+13	0.000000e+00	5.477387e-01	4.319826e+14	1.897157e+15	5.431806e+14	1.411959e+04	7.149609e+03	2.426842e+03	0	9.419850e-04
2.800000e+08	2.408188e+13	0.000000e+00	5.477387e-01	4.293564e+14	1.863733e+15	5.403296e+14	1.411089e+04	7.131420e+03	2.420668e+03	0	9.382377e-04
2.900000e+08	2.379754e+13	0.000000e+00	5.477387e-01	4.267771e+14	1.831666e+15	5.374993e+14	1.410224e+04	7.113779e+03	2.414680e+03	0	9.345304e-04
3.000000e+08	2.351839e+13	0.000000e+00	5.477387e-01	4.242432e+14	1.800877e+15	5.346898e+14	1.409364e+04	7.096659e+03	2.408869e+03	0	9.308619e-04
3.100000e+08	2.324426e+13	0.000000e+00	5.477387e-01	4.217532e+14	1.771291e+15	5.319006e+14	1.408510e+04	7.080038e+03	2.403227e+03	0	9.272311e-04
3.200000e+08	2.297499e+13	0.000000e+00	5.477387e-01	4.193059e+14	1.742841e+15	5.291318e+14	1.407660e+04	7.063894e+03	2.397747e+03	0	9.236367e-04
3.300000e+08	2.271044e+13	0.000000e+00	5.477387e-01	4.168998e+14	1.715463e+15	5.263831e+14	1.406816e+04	7.048205e+03	2.392422e+03	0	9.200778e-04
3.400000e+08	2.245045e+13	0.000000e+00	5.477387e-01	4.145336e+14	1.689099e+15	5.236544e+14	1.405976e+04	7.032952e+03	2.387244e+03	0	9.165533e-04
3.500000e+08	2.219488e+13	0.000000e+00	5.477387e-01	4.122063e+14	1.663693e+15	5.209454e+14	1.405141e+04	7.018115e+03	2.382208e+03	0	9.130622e-04
3.600000e+08	2.194361e+13	0.000000e+00	5.477387e-01	4.099165e+14	1.639195e+15	5.182562e+14	1.404311e+04	7.003679e+03	2.377308e+03	0	9.096035e-04
3.700000e+08	2.169650e+13	0.000000e+00	5.477387e-01	4.076632e+14	1.615557e+15	5.155863e+14	1.403485e+04	6.989626e+03	2.372538e+03	0	9.061761e-04
3.800000e+08	2.145342e+13	0.000000e+00	5.477387e-01	4.054454e+14	1.592734e+15	5.129358e+14	1.402664e+04	6.975940e+03	2.367892e+03	0	9.027793e-04
3.900000e+08	2.121426e+13	0.000000e+00	5.477387e-01	4.032618e+14	1.570686e+15	5.103045e+14	1.401847e+04	6.962606e+03	2.363367e+03	0	8.994120e-04
4.000000e+08	2.097890e+13	0.000000e+00	5.477387e-01	4.011116e+14	1.549374e+15	5.076922e+14	1.401035e+04	6.949611e+03	2.358956e+03	0	8.960735e-04
4.100000e+08	2.074723e+13	0.000000e+00	5.477387e-01	3.989939e+14	1.528761e+15	5.050987e+14	1.400227e+04	6.936942e+03	2.354655e+03	0	8.927629e-04
4.200000e+08	2.051915e+13	0.000000e+00	5.477387e-01	3.969075e+14	1.508813e+15	5.025239e+14	1.399423e+04	6.924584e+03	2.350460e+03	0	8.894794e-04
4.300000e+08	2.029455e+13	0.000000e+00	5.477387e-01	3.948518e+14	1.489498e+15	4.999676e+14	1.398623e+04	6.912527e+03	2.346368e+03	0	8.862221e-04
4.400000e+08	2.007334e+13	0.000000e+00	5.477387e-01	3.928259e+14	1.470787e+15	4.974297e+14	1.397828e+04	6.900760e+03	2.342373e+03	0	8.829904e-04
4.500000e+08	1.985542e+13	0.000000e+00	5.477387e-01	3.908288e+14	1.452651e+15	4.949101e+14	1.397036e+04	6.889270e+03	2.338473e+03	0	8.797834e-04
4.600000e+08	1.964070e+13	0.000000e+00	5.477387e-01	3.888599e+14	1.435064e+15	4.924085e+14	1.396249e+04	6.878048e+03	2.334664e+03	0	8.766005e-04
4.700000e+08	1.942909e+13	0.000000e+00	5.477387e-01	3.869183e+14	1.418001e+15	4.899249e+14	1.395466e+04	6.867084e+03	2.330943e+03	0	8.734410e-04
4.800000e+08	1.922051e+13	0.000000e+00	5.477387e-01	3.850034e+14	1.401438e+15	4.874591e+14	1.394686e+04	6.856369e+03	2.327306e+03	0	8.703041e-04
4.900000e+08	1.901488e+13	0.000000e+00	5.477387e-01	3.831144e+14	1.385354e+15	4.850110e+14	1.393911e+04	6.845894e+03	2.323750e+03	0	8.671893e-04
5.000000e+08	1.881212e+13	0.000000e+00	5.477387e-01	3.812507e+14	1.369727e+15	4.825803e+14	1.393139e+04	6.835650e+03	2.320273e+03	0	8.640960e-04
5.100000e+08	1.861215e+13	0.000000e+00	5.477387e-01	3.794116e+14	1.354538e+15	4.801670e+14	1.392371e+04	6.825629e+03	2.316871e+03	0	8.610234e-04
5.200000e+08	1.841491e+13	0.000000e+00	5.477387e-01	3.775964e+14	1.339768e+15	4.777710e+14	1.391606e+04	6.815823e+03	2.313543e+03	0	8.579710e-04
5.300000e+08	1.822032e+13	0.000000e+00	5.477387e-01	3.758047e+14	1.325399e+15	4.753920e+14	1.390846e+04	6.806225e+03	2.310285e+03	0	8.549383e-04
5.400000e+08	1.802832e+13	0.000000e+00	5.477387e-01	3.740357e+14	1.311416e+15	4.730300e+14	1.390089e+04	6.796828e+03	2.307095e+03	0	8.519246e-04
5.500000e+08	1.783884e+13	0.000000e+00	5.477387e-01	3.722889e+14	1.297802e+15	4.706848e+14	1.389335e+04	6.787625e+03	2.303971e+03	0	8.489294e-04
5.600000e+08	1.765181e+13	0.000000e+00	5.477387e-01	3.705639e+14	1.284541e+15	4.683562e+14	1.388585e+04	6.778610e+03	2.300911e+03	0	8.459522e-04
5.700000e+08	1.746719e+13	0.000000e+00	5.477387e-01	3.688599e+14	1.271621e+15	4.660442e+14	1.387839e+04	6.769776e+03	2.297913e+03	0	8.429925e-04
5.800000e+08	1.728490e+13	0.000000e+00	5.477387e-01	3.671766e+14	1.259028e+15	4.637486e+14	1.387095e+04	6.761118e+03	2.294974e+03	0	8.400498e-04
5.900000e+08	1.710490e+13	0.000000e+00	5.477387e-01	3.655135e+14	1.246749e+15	4.614692e+14	1.386356e+04	6.752629e+03	2.292093e+03	0	8.371236e-04
6.000000e+08	1.692713e+13	0.000000e+00	5.477387e-01	3.638701e+14	1.234771e+15	4.592060e+14	1.385619e+04	6.744305e+03	2.289267e+03	0	8.342134e-04
6.100000e+08	1.675153e+13	0.000000e+00	5.477387e-01	3.622459e+14	1.223084e+15	4.569589e+14	1.384886e+04	6.736140e+03	2.286496e+03	0	8.313188e-04
6.200000e+08	1.657806e+13	0.000000e+00	5.477387e-01	3.606404e+14	1.211676e+15	4.547275e+14	1.384156e+04	6.728129e+03	2.283776e+03	0	8.284393e-04
6.300000e+08	1.640667e+13	0.000000e+00	5.477387e-01	3.590533e+14	1.200536e+15	4.525120e+14	1.383430e+04	6.720268e+03	2.281108e+03	0	8.255744e-04
6.400000e+08	1.623731e+13	0.000000e+00	5.477387e-01	3.574842e+14	1.189656e+15	4.503120e+14	1.382706e+04	6.712551e+03	2.278488e+03	0	8.227239e-04
6.500000e+08	1.606993e+13	0.000000e+00	5.477387e-01	3.559326e+14	1.179026e+15	4.481276e+14	1.381986e+04	6.704974e+03	2.275917e+03	0	8.198872e-04
6.600000e+08	1.590450e+13	0.000000e+00	5.477387e-01	3.543982e+14	1.168636e+15	4.459585e+14	1.381269e+04	6.697534e+03	2.273391e+03	0	8.170639e-04
6.700000e+08	1.574096e+13	0.000000e+00	5.477387e-01	3.528805e+14	1.158478e+15	4.438047e+14	1.380555e+04	6.690225e+03	2.270910e+03	0	8.142538e-04
6.800000e+08	1.557927e+13	0.000000e+00	5.477387e-01	3.513793e+14	1.148545e+15	4.416660e+14	1.379844e+04	6.683045e+03	2.268473e+03	0	8.114563e-04
6.900000e+08	1.541940e+13	0.000000e+00	5.477387e-01	3.498942e+14	1.138827e+15	4.395423e+14	1.379136e+04	6.675989e+03	2.266078e+03	0	8.086711e-04
7.000000e+08	1.526131e+13	0.000000e+00	5.477387e-01	3.484248e+14	1.129318e+15	4.374335e+14	1.378431e+04	6.669053e+03	2.263724e+03	0	8.058978e-04
7.100000e+08	1.510495e+13	0.000000e+00	5.477387e-01	3.469707e+14	1.120010e+15	4.353395e+14	1.377729e+04	6.662234e+03	2.261409e+03	0	8.031362e-04
7.200000e+08	1.495030e+13	0.000000e+00	5.477387e-01	3.455318e+14	1.110897e+15	4.332601e+14	1.377030e+04	6.655529e+03	2.259133e+03	0	8.003858e-04
7.300000e+08	1.479732e+13	0.000000e+00	5.477387e-01	3.441077e+14	1.101972e+15	4.311952e+14	1.376334e+04	6.648935e+03	2.256895e+03	0	7.976464e-04
7.400000e+08	1.464596e+13	0.000000e+00	5.477387e-01	3.426980e+14	1.093230e+15	4.291448e+14	1.375641e+04	6.642448e+03	2.254693e+03	0	7.949175e-04
7.500000e+08	1.449621e+13	0.000000e+00	5.477387e-01	3.413025e+14	1.084663e+15	4.271086e+14	1.374950e+04	6.636065e+03	2.252526e+03	0	7.921989e-04
7.600000e+08	1.434802e+13	0.000000e+00	5.477387e-01	3.399209e+14	1.076266e+15	4.250867e+14	1.374262e+04	6.629784e+03	2.250394e+03	0	7.894902e-04
7.700000e+08	1.420137e+13	0.000000e+00	5.477387e-01	3.385530e+14	1.068035e+15	4.230788e+14	1.373578e+04	6.623601e+03	2.248296e+03	0	7.867912e-04
7.800000e+08	1.405623e+13	0.000000e+00	5.477387e-01	3.371984e+14	1.059963e+15	4.210848e+14	1.372895e+04	6.617515e+03	2.246230e+03	0	7.841016e-04
7.900000e+08	1.391256e+13	0.000000e+00	5.477387e-01	3.358570e+14	1.052046e+15	4.191047e+14	1.372216e+04	6.611521e+03	2.244195e+03	0	7.814210e-04
8.000000e+08	1.377034e+13	0.000000e+00	5.477387e-01	3.345284e+14	1.044279e+15	4.171383e+14	1.371539e+04	6.605619e+03	2.242192e+03	0	7.787491e-04
8.100000e+08	1.362953e+13	0.000000e+00	5.477387e-01	3.332124e+14	1.036657e+15	4.151856e+14	1.370865e+04	6.599805e+03	2.240218e+03	0	7.760858e-04
8.200000e+08	1.349012e+13	0.000000e+00	5.477387e-01	3.319088e+14	1.029175e+15	4.132464e+14	1.370194e+04	6.594077e+03	2.238274e+03	0	7.734306e-04
8.300000e+08	1.335208e+13	0.000000e+00	5.477387e-01	3.306173e+14	1.021831e+15	4.113206e+14	1.369525e+04	6.588432e+03	2.236358e+03	0	7.707834e-04
8.400000e+08	1.321538e+13	0.000000e+00	5.477387e-01	3.293378e+14	1.014618e+15	4.094080e+14	1.368859e+04	6.582870e+03	2.234470e+03	0	7.681439e-04
8.500000e+08	1.307999e+13	0.000000e+00	5.477387e-01	3.280700e+14	1.007535e+15	4.075087e+14	1.368195e+04	6.577386e+03	2.232609e+03	0	7.655118e-04
8.600000e+08	1.294589e+13	0.000000e+00	5.477387e-01	3.268137e+14	1.000576e+15	4.056225e+14	1.367534e+04	6.571981e+03	2.230774e+03	0	7.628868e-04
8.700000e+08	1.281307e+13	0.000000e+00	5.477387e-01	3.255687e+14	9.937380e+14	4.037492e+14	1.366876e+04	6.566650e+03	2.228964e+03	0	7.602687e-04
8.800000e+08	1.268149e+13	0.000000e+00	5.477387e-01	3.243348e+14	9.870179e+14	4.018889e+14	1.366220e+04	6.561394e+03	2.227180e+03	0	7.576573e-04
8.900000e+08	1.255113e+13	0.000000e+00	5.477387e-01	3.231118e+14	9.804123e+14	4.000413e+14	1.365566e+04	6.556209e+03	2.225420e+03	0	7.550523e-04
9.000000e+08	1.242198e+13	0.000000e+00	5.477387e-01	3.218995e+14	9.739177e+14	3.982064e+14	1.364915e+04	6.551094e+03	2.223684e+03	0	7.524535e-04
9.100000e+08	1.229401e+13	0.000000e+00	5.477387e-01	3.206977e+14	9.675312e+14	3.963841e+14	1.364267e+04	6.546047e+03	2.221971e+03	0	7.498606e-04
9.200000e+08	1.216719e+13	0.000000e+00	5.477387e-01	3.195064e+14	9.612497e+14	3.945743e+14	1.363620e+04	6.541066e+03	2.220280e+03	0	7.472734e-04
9.300000e+08	1.204152e+13	0.000000e+00	5.477387e-01	3.183251e+14	9.550704e+14	3.927768e+14	1.362977e+04	6.536151e+03	2.218612e+03	0	7.446918e-04
9.400000e+08	1.191697e+13	0.000000e+00	5.477387e-01	3.171539e+14	9.489904e+14	3.909916e+14	1.362335e+04	6.531299e+03	2.216965e+03	0	7.421153e-04
9.500000e+08	1.179353e+13	0.000000e+00	5.477387e-01	3.159926e+14	9.430072e+14	3.892186e+14	1.361696e+04	6.526508e+03	2.215339e+03	0	7.395440e-04
9.600000e+08	1.167117e+13	0.000000e+00	5.477387e-01	3.148409e+14	9.371181e+14	3.874577e+14	1.361059e+04	6.521778e+03	2.213733e+03	0	7.369774e-04
9.700000e+08	1.154987e+13	0.000000e+00	5.477387e-01	3.136988e+14	9.313206e+14	3.857088e+14	1.360425e+04	6.517107e+03	2.212148e+03	0	7.344154e-04
9.800000e+08	1.142963e+13	0.000000e+00	5.477387e-01	3.125660e+14	9.256124e+14	3.839718e+14	1.359793e+04	6.512494e+03	2.210582e+03	0	7.318579e-04
9.900000e+08	1.131041e+13	0.000000e+00	5.477387e-01	3.114425e+14	9.199911e+14	3.822466e+14	1.359163e+04	6.507937e+03	2.209035e+03	0	7.293045e-04
1.000000e+09	1.119222e+13	0.000000e+00	5.477387e-01	3.103281e+14	9.144545e+14	3.805331e+14	1.358535e+04	6.503434e+03	2.207506e+03	0	7.267551e-04
1.010000e+09	1.107502e+13	0.000000e+00	5.477387e-01	3.092225e+14	9.090004e+14	3.788313e+14	1.357910e+04	6.498985e+03	2.205996e+03	0	7.242095e-04
1.020000e+09	1.095880e+13	0.000000e+00	5.477387e-01	3.081258e+14	9.036268e+14	3.771409e+14	1.357287e+04	6.494589e+03	2.204504e+03	0	7.216674e-04
1.030000e+09	1.084356e+13	0.000000e+00	5.477387e-01	3.070378e+14	8.983317e+14	3.754620e+14	1.356666e+04	6.490244e+03	2.203029e+03	0	7.191287e-04
1.040000e+09	1.072926e+13	0.000000e+00	5.477387e-01	3.059583e+14	8.931131e+14	3.737945e+14	1.356047e+04	6.485948e+03	2.201571e+03	0	7.165932e-04
1.050000e+09	1.061591e+13	0.000000e+00	5.477387e-01	3.048872e+14	8.879690e+14	3.721382e+14	1.355431e+04	6.481702e+03	2.200130e+03	0	7.140607e-04
1.060000e+09	1.050348e+13	0.000000e+00	5.477387e-01	3.038244e+14	8.828978e+14	3.704931e+14	1.354817e+04	6.477504e+03	2.198705e+03	0	7.115310e-04
1.070000e+09	1.039196e+13	0.000000e+00	5.477387e-01	3.027697e+14	8.778977e+14	3.688590e+14	1.354204e+04	6.473352e+03	2.197296e+03	0	7.090038e-04
1.080000e+09	1.028134e+13	0.000000e+00	5.477387e-01	3.017231e+14	8.729668e+14	3.672360e+14	1.353594e+04	6.469247e+03	2.195902e+03	0	7.064790e-04
1.090000e+09	1.017160e+13	0.000000e+00	5.477387e-01	3.006845e+14	8.681037e+14	3.656238e+14	1.352986e+04	6.465186e+03	2.194524e+03	0	7.039565e-04
1.100000e+09	1.006273e+13	0.000000e+00	5.477387e-01	2.996536e+14	8.633067e+14	3.640225e+14	1.352380e+04	6.461169e+03	2.193160e+03	0	7.014360e-04
1.110000e+09	9.954721e+12	0.000000e+00	5.477387e-01	2.986304e+14	8.585743e+14	3.624320e+14	1.351776e+04	6.457194e+03	2.191811e+03	0	6.989173e-04
1.120000e+09	9.847557e+12	0.000000e+00	5.477387e-01	2.976148e+14	8.539049e+14	3.608521e+14	1.351175e+04	6.453262e+03	2.190476e+03	0	6.964002e-04
1.130000e+09	9.741225e+12	0.000000e+00	5.477387e-01	2.966067e+14	8.492972e+14	3.592827e+14	1.350575e+04	6.449371e+03	2.189155e+03	0	6.938846e-04
1.140000e+09	9.635716e+12	0.000000e+00	5.477387e-01	2.956060e+14	8.447497e+14	3.577239e+14	1.349977e+04	6.445520e+03	2.187848e+03	0	6.913703e-04
1.150000e+09	9.531016e+12	0.000000e+00	5.477387e-01	2.946125e+14	8.402611e+14	3.561754e+14	1.349382e+04	6.441709e+03	2.186555e+03	0	6.888571e-04
1.160000e+09	9.427115e+12	0.000000e+00	5.477387e-01	2.936262e+14	8.358300e+14	3.546373e+14	1.348788e+04	6.437936e+03	2.185274e+03	0	6.863448e-04
1.170000e+09	9.324001e+12	0.000000e+00	5.477387e-01	2.926470e+14	8.314552e+14	3.531095e+14	1.348196e+04	6.434200e+03	2.184006e+03	0	6.838332e-04
1.180000e+09	9.221664e+12	0.000000e+00	5.477387e-01	2.916748e+14	8.271355e+14	3.515918e+14	1.347606e+04	6.430502e+03	2.182751e+03	0	6.813221e-04
1.190000e+09	9.120093e+12	0.000000e+00	5.477387e-01	2.907095e+14	8.228696e+14	3.500841e+14	1.347019e+04	6.426840e+03	2.181508e+03	0	6.788115e-04
1.200000e+09	9.019278e+12	0.000000e+00	5.477387e-01	2.897510e+14	8.186564e+14	3.485865e+14	1.346433e+04	6.423214e+03	2.180277e+03	0	6.763009e-04
1.210000e+09	8.919208e+12	0.000000e+00	5.477387e-01	2.887992e+14	8.144948e+14	3.470989e+14	1.345849e+04	6.419623e+03	2.179058e+03	0	6.737904e-04
1.220000e+09	8.819874e+12	0.000000e+00	5.477387e-01	2.878540e+14	8.103836e+14	3.456211e+14	1.345267e+04	6.416065e+03	2.177850e+03	0	6.712797e-04
1.230000e+09	8.721266e+12	0.000000e+00	5.477387e-01	2.869153e+14	8.063218e+14	3.441530e+14	1.344687e+04	6.412541e+03	2.176654e+03	0	6.687687e-04
1.240000e+09	8.623375e+12	0.000000e+00	5.477387e-01	2.859831e+14	8.023084e+14	3.426947e+14	1.344109e+04	6.409050e+03	2.175469e+03	0	6.662571e-04
1.250000e+09	8.526190e+12	0.000000e+00	5.477387e-01	2.850573e+14	7.983424e+14	3.412460e+14	1.343532e+04	6.405591e+03	2.174295e+03	0	6.637447e-04
1.260000e+09	8.429704e+12	0.000000e+00	5.477387e-01	2.841378e+14	7.944227e+14	3.398068e+14	1.342958e+04	6.402164e+03	2.173132e+03	0	6.612315e-04
1.270000e+09	8.333906e+12	0.000000e+00	5.477387e-01	2.832244e+14	7.905486e+14	3.383771e+14	1.342385e+04	6.398768e+03	2.171979e+03	0	6.587171e-04
1.280000e+09	8.238789e+12	0.000000e+00	5.477387e-01	2.823172e+14	7.867189e+14	3.369569e+14	1.341814e+04	6.395402e+03	2.170836e+03	0	6.562015e-04
1.290000e+09	8.144343e+12	0.000000e+00	5.477387e-01	2.814161e+14	7.829329e+14	3.355459e+14	1.341245e+04	6.392066e+03	2.169704e+03	0	6.536843e-04
1.300000e+09	8.050560e+12	0.000000e+00	5.477387e-01	2.805209e+14	7.791896e+14	3.341443e+14	1.340678e+04	6.388759e+03	2.168581e+03	0	6.511656e-04
1.310000e+09	7.957433e+12	0.000000e+00	5.477387e-01	2.796317e+14	7.754883e+14	3.327518e+14	1.340113e+04	6.385480e+03	2.167469e+03	0	6.486450e-04
1.320000e+09	7.864952e+12	0.000000e+00	5.477387e-01	2.787483e+14	7.718281e+14	3.313684e+14	1.339549e+04	6.382230e+03	2.166365e+03	0	6.461223e-04
1.330000e+09	7.773110e+12	0.000000e+00	5.477387e-01	2.778707e+14	7.682082e+14	3.299941e+14	1.338988e+04	6.379008e+03	2.165272e+03	0	6.435975e-04
1.340000e+09	7.681900e+12	0.000000e+00	5.477387e-01	2.769987e+14	7.646278e+14	3.286288e+14	1.338428e+04	6.375812e+03	2.164187e+03	0	6.410702e-04
1.350000e+09	7.591313e+12	0.000000e+00	5.477387e-01	2.761324e+14	7.610863e+14	3.272723e+14	1.337870e+04	6.372644e+03	2.163111e+03	0	6.385404e-04
1.360000e+09	7.501342e+12	0.000000e+00	5.477387e-01	2.752717e+14	7.575827e+14	3.259247e+14	1.337313e+04	6.369501e+03	2.162045e+03	0	6.360077e-04
1.370000e+09	7.411980e+12	0.000000e+00	5.477387e-01	2.744165e+14	7.541165e+14	3.245859e+14	1.336758e+04	6.366384e+03	2.160987e+03	0	6.334721e-04
1.380000e+09	7.323219e+12	0.000000e+00	5.477387e-01	2.735667e+14	7.506869e+14	3.232558e+14	1.336205e+04	6.363293e+03	2.159937e+03	0	6.309332e-04
1.390000e+09	7.235053e+12	0.000000e+00	5.477387e-01	2.727223e+14	7.472933e+14	3.219343e+14	1.335654e+04	6.360226e+03	2.158896e+03	0	6.283910e-04
1.400000e+09	7.147475e+12	0.000000e+00	5.477387e-01	2.718832e+14	7.439350e+14	3.206214e+14	1.335104e+04	6.357184e+03	2.157864e+03	0	6.258452e-04
1.410000e+09	7.060477e+12	0.000000e+00	5.477387e-01	2.710494e+14	7.406113e+14	3.193170e+14	1.334556e+04	6.354165e+03	2.156839e+03	0	6.232956e-04
1.420000e+09	6.974053e+12	0.000000e+00	5.477387e-01	2.702207e+14	7.373216e+14	3.180211e+14	1.334010e+04	6.351170e+03	2.155822e+03	0	6.207420e-04
1.430000e+09	6.888197e+12	0.000000e+00	5.477387e-01	2.693973e+14	7.340654e+14	3.167335e+14	1.333466e+04	6.348199e+03	2.154814e+03	0	6.181842e-04
1.440000e+09	6.802902e+12	0.000000e+00	5.477387e-01	2.685788e+14	7.308420e+14	3.154543e+14	1.332923e+04	6.345249e+03	2.153813e+03	0	6.156220e-04
1.450000e+09	6.718162e+12	0.000000e+00	5.477387e-01	2.677654e+14	7.276508e+14	3.141833e+14	1.332381e+04	6.342323e+03	2.152819e+03	0	6.130552e-04
1.460000e+09	6.633971e+12	0.000000e+00	5.477387e-01	2.669570e+14	7.244913e+14	3.129204e+14	1.331842e+04	6.339418e+03	2.151833e+03	0	6.104835e-04
1.470000e+09	6.550322e+12	0.000000e+00	5.477387e-01	2.661535e+14	7.213629e+14	3.116657e+14	1.331304e+04	6.336535e+03	2.150855e+03	0	6.079067e-04
1.480000e+09	6.467209e+12	0.000000e+00	5.477387e-01	2.653549e+14	7.182651e+14	3.104191e+14	1.330767e+04	6.333673e+03	2.149883e+03	0	6.053247e-04
1.490000e+09	6.384627e+12	0.000000e+00	5.477387e-01	2.645611e+14	7.151974e+14	3.091805e+14	1.330232e+04	6.330832e+03	2.148919e+03	0	6.027371e-04
1.500000e+09	6.302570e+12	0.000000e+00	5.477387e-01	2.637720e+14	7.121593e+14	3.079498e+14	1.329699e+04	6.328011e+03	2.147962e+03	0	6.001438e-04
1.510000e+09	6.221033e+12	0.000000e+00	5.477387e-01	2.629877e+14	7.091502e+14	3.067270e+14	1.329168e+04	6.325211e+03	2.147011e+03	0	5.975445e-04
1.520000e+09	6.140009e+12	0.000000e+00	5.477387e-01	2.622080e+14	7.061696e+14	3.055120e+14	1.328638e+04	6.322431e+03	2.146067e+03	0	5.949389e-04
1.530000e+09	6.059492e+12	0.000000e+00	5.477387e-01	2.614329e+14	7.032172e+14	3.043048e+14	1.328109e+04	6.319670e+03	2.145130e+03	0	5.923269e-04
1.540000e+09	5.979479e+12	0.000000e+00	5.477387e-01	2.606624e+14	7.002924e+14	3.031052e+14	1.327582e+04	6.316929e+03	2.144200e+03	0	5.897082e-04
1.550000e+09	5.899963e+12	0.000000e+00	5.477387e-01	2.598964e+14	6.973947e+14	3.019133e+14	1.327057e+04	6.314206e+03	2.143275e+03	0	5.870825e-04
1.560000e+09	5.820939e+12	0.000000e+00	5.477387e-01	2.591349e+14	6.945239e+14	3.007290e+14	1.326533e+04	6.311502e+03	2.142358e+03	0	5.844496e-04
1.570000e+09	5.742403e+12	0.000000e+00	5.477387e-01	2.583778e+14	6.916793e+14	2.995523e+14	1.326011e+04	6.308817e+03	2.141446e+03	0	5.818093e-04
1.580000e+09	5.664348e+12	0.000000e+00	5.477387e-01	2.576251e+14	6.888606e+14	2.983830e+14	1.325490e+04	6.306149e+03	2.140541e+03	0	5.791611e-04
1.590000e+09	5.586771e+12	0.000000e+00	5.477387e-01	2.568767e+14	6.860673e+14	2.972211e+14	1.324971e+04	6.303500e+03	2.139641e+03	0	5.765049e-04
1.600000e+09	5.509665e+12	0.000000e+00	5.477387e-01	2.561326e+14	6.832992e+14	2.960666e+14	1.324453e+04	6.300868e+03	2.138748e+03	0	5.738404e-04
1.610000e+09	5.433028e+12	0.000000e+00	5.477387e-01	2.553928e+14	6.805557e+14	2.949193e+14	1.323937e+04	6.298253e+03	2.137860e+03	0	5.711673e-04
1.620000e+09	5.356852e+12	0.000000e+00	5.477387e-01	2.546572e+14	6.778365e+14	2.937794e+14	1.323422e+04	6.295655e+03	2.136979e+03	0	5.684854e-04
1.630000e+09	5.281135e+12	0.000000e+00	5.477387e-01	2.539257e+14	6.751413e+14	2.926466e+14	1.322909e+04	6.293074e+03	2.136102e+03	0	5.657942e-04
1.640000e+09	5.205871e+12	0.000000e+00	5.477387e-01	2.531984e+14	6.724696e+14	2.915209e+14	1.322397e+04	6.290510e+03	2.135232e+03	0	5.630935e-04
1.650000e+09	5.131057e+12	0.000000e+00	5.477387e-01	2.524752e+14	6.698211e+14	2.904024e+14	1.321887e+04	6.287961e+03	2.134367e+03	0	5.603831e-04
1.660000e+09	5.056687e+12	0.000000e+00	5.477387e-01	2.517560e+14	6.671954e+14	2.892909e+14	1.321378e+04	6.285429e+03	2.133508e+03	0	5.576625e-04
1.670000e+09	4.982757e+12	0.000000e+00	5.477387e-01	2.510408e+14	6.645923e+14	2.881863e+14	1.320871e+04	6.282913e+03	2.132653e+03	0	5.549314e-04
1.680000e+09	4.909262e+12	0.000000e+00	5.477387e-01	2.503296e+14	6.620113e+14	2.870887e+14	1.320365e+04	6.280412e+03	2.131804e+03	0	5.521895e-04
1.690000e+09	4.836200e+12	0.000000e+00	5.477387e-01	2.496224e+14	6.594521e+14	2.859979e+14	1.319860e+04	6.277927e+03	2.130961e+03	0	5.494365e-04
1.700000e+09	4.763565e+12	0.000000e+00	5.477387e-01	2.489190e+14	6.569145e+14	2.849140e+14	1.319357e+04	6.275456e+03	2.130122e+03	0	5.466719e-04
1.710000e+09	4.691353e+12	0.000000e+00	5.477387e-01	2.482195e+14	6.543981e+14	2.838369e+14	1.318855e+04	6.273001e+03	2.129289e+03	0	5.438955e-04
1.720000e+09	4.619561e+12	0.000000e+00	5.477387e-01	2.475238e+14	6.519026e+14	2.827665e+14	1.318355e+04	6.270560e+03	2.128460e+03	0	5.411068e-04
1.730000e+09	4.548184e+12	0.000000e+00	5.477387e-01	2.468319e+14	6.494276e+14	2.817027e+14	1.317856e+04	6.268134e+03	2.127637e+03	0	5.383054e-04
1.740000e+09	4.477219e+12	0.000000e+00	5.477387e-01	2.461438e+14	6.469730e+14	2.806456e+14	1.317359e+04	6.265722e+03	2.126818e+03	0	5.354910e-04
1.750000e+09	4.406661e+12	0.000000e+00	5.477387e-01	2.454594e+14	6.445384e+14	2.795950e+14	1.316863e+04	6.263324e+03	2.126004e+03	0	5.326631e-04
1.760000e+09	4.336507e+12	0.000000e+00	5.477387e-01	2.447786e+14	6.421236e+14	2.785510e+14	1.316368e+04	6.260940e+03	2.125195e+03	0	5.298213e-04
1.770000e+09	4.266753e+12	0.000000e+00	5.477387e-01	2.441016e+14	6.397281e+14	2.775134e+14	1.315874e+04	6.258570e+03	2.124390e+03	0	5.269652e-04
1.780000e+09	4.197395e+12	0.000000e+00	5.477387e-01	2.434281e+14	6.373519e+14	2.764823e+14	1.315383e+04	6.256213e+03	2.123590e+03	0	5.240942e-04
1.790000e+09	4.128430e+12	0.000000e+00	5.477387e-01	2.427582e+14	6.349946e+14	2.754575e+14	1.314892e+04	6.253870e+03	2.122795e+03	0	5.212080e-04
1.800000e+09	4.059854e+12	0.000000e+00	5.477387e-01	2.420919e+14	6.326560e+14	2.744391e+14	1.314403e+04	6.251540e+03	2.122004e+03	0	5.183060e-04
1.810000e+09	3.991664e+12	0.000000e+00	5.477387e-01	2.414291e+14	6.303358e+14	2.734269e+14	1.313915e+04	6.249222e+03	2.121218e+03	0	5.153877e-04
1.820000e+09	3.923856e+12	0.000000e+00	5.477387e-01	2.407698e+14	6.280337e+14	2.724210e+14	1.313428e+04	6.246918e+03	2.120435e+03	0	5.124527e-04
1.830000e+09	3.856427e+12	0.000000e+00	5.477387e-01	2.401140e+14	6.257496e+14	2.714213e+14	1.312943e+04	6.244626e+03	2.119658e+03	0	5.095003e-04
1.840000e+09	3.789372e+12	0.000000e+00	5.477387e-01	2.394616e+14	6.234831e+14	2.704278e+14	1.312459e+04	6.242347e+03	2.118884e+03	0	5.065300e-04
1.850000e+09	3.722690e+12	0.000000e+00	5.477387e-01	2.388126e+14	6.212341e+14	2.694403e+14	1.311976e+04	6.240080e+03	2.118114e+03	0	5.035412e-04
1.860000e+09	3.656377e+12	0.000000e+00	5.477387e-01	2.381670e+14	6.190022e+14	2.684589e+14	1.311495e+04	6.237826e+03	2.117349e+03	0	5.005334e-04
1.870000e+09	3.590428e+12	0.000000e+00	5.477387e-01	2.375247e+14	6.167874e+14	2.674835e+14	1.311015e+04	6.235583e+03	2.116588e+03	0	4.975058e-04
1.880000e+09	3.524842e+12	0.000000e+00	5.477387e-01	2.368857e+14	6.145894e+14	2.665140e+14	1.310536e+04	6.233352e+03	2.115831e+03	0	4.944579e-04
1.890000e+09	3.459615e+12	0.000000e+00	5.477387e-01	2.362500e+14	6.124078e+14	2.655505e+14	1.310059e+04	6.231133e+03	2.115077e+03	0	4.913889e-04
1.900000e+09	3.394744e+12	0.000000e+00	5.477387e-01	2.356176e+14	6.102427e+14	2.645929e+14	1.309582e+04	6.228926e+03	2.114328e+03	0	4.882982e-04
1.910000e+09	3.330226e+12	0.000000e+00	5.477387e-01	2.349884e+14	6.080936e+14	2.636411e+14	1.309107e+04	6.226730e+03	2.113583e+03	0	4.851849e-04
1.920000e+09	3.266057e+12	0.000000e+00	5.477387e-01	2.343625e+14	6.059605e+14	2.626950e+14	1.308634e+04	6.224545e+03	2.112841e+03	0	4.820484e-04
1.930000e+09	3.202236e+12	0.000000e+00	5.477387e-01	2.337397e+14	6.038431e+14	2.617548e+14	1.308161e+04	6.222371e+03	2.112103e+03	0	4.788879e-04
1.940000e+09	3.138758e+12	0.000000e+00	5.477387e-01	2.331200e+14	6.017413e+14	2.608202e+14	1.307690e+04	6.220209e+03	2.111369e+03	0	4.757024e-04
1.950000e+09	3.075621e+12	0.000000e+00	5.477387e-01	2.325035e+14	5.996547e+14	2.598913e+14	1.307220e+04	6.218057e+03	2.110639e+03	0	4.724911e-04
1.960000e+09	3.012822e+12	0.000000e+00	5.477387e-01	2.318901e+14	5.975834e+14	2.589680e+14	1.306752e+04	6.215916e+03	2.109912e+03	0	4.692532e-04
1.970000e+09	2.950358e+12	0.000000e+00	5.477387e-01	2.312797e+14	5.955269e+14	2.580503e+14	1.306284e+04	6.213786e+03	2.109189e+03	0	4.659876e-04
1.980000e+09	2.888227e+12	0.000000e+00	5.477387e-01	2.306724e+14	5.934853e+14	2.571382e+14	1.305818e+04	6.211666e+03	2.108470e+03	0	4.626933e-04
1.990000e+09	2.826425e+12	0.000000e+00	5.477387e-01	2.300681e+14	5.914582e+14	2.562315e+14	1.305353e+04	6.209557e+03	2.107754e+03	0	4.593692e-04
2.000000e+09	2.764951e+12	0.000000e+00	5.477387e-01	2.294669e+14	5.894456e+14	2.553303e+14	1.304890e+04	6.207458e+03	2.107041e+03	0	4.560144e-04
2.010000e+09	2.703800e+12	0.000000e+00	5.477387e-01	2.288686e+14	5.874472e+14	2.544345e+14	1.304427e+04	6.205369e+03	2.106332e+03	0	4.526275e-04
2.020000e+09	2.642971e+12	0.000000e+00	5.477387e-01	2.282732e+14	5.854629e+14	2.535441e+14	1.303966e+04	6.203290e+03	2.105627e+03	0	4.492074e-04
2.030000e+09	2.582461e+12	0.000000e+00	5.477387e-01	2.276808e+14	5.834925e+14	2.526591e+14	1.303506e+04	6.201221e+03	2.104924e+03	0	4.457527e-04
2.040000e+09	2.522267e+12	0.000000e+00	5.477387e-01	2.270913e+14	5.815359e+14	2.517793e+14	1.303047e+04	6.199162e+03	2.104225e+03	0	4.422621e-04
2.050000e+09	2.462387e+12	0.000000e+00	5.477387e-01	2.265047e+14	5.795929e+14	2.509048e+14	1.302589e+04	6.197113e+03	2.103530e+03	0	4.387342e-04
2.060000e+09	2.402818e+12	0.000000e+00	5.477387e-01	2.259209e+14	5.776632e+14	2.500355e+14	1.302132e+04	6.195073e+03	2.102837e+03	0	4.351674e-04
2.070000e+09	2.343558e+12	0.000000e+00	5.477387e-01	2.253399e+14	5.757469e+14	2.491715e+14	1.301677e+04	6.193042e+03	2.102148e+03	0	4.315601e-04
2.080000e+09	2.284604e+12	0.000000e+00	5.477387e-01	2.247618e+14	5.738437e+14	2.483125e+14	1.301223e+04	6.191021e+03	2.101462e+03	0	4.279106e-04
2.090000e+09	2.225953e+12	0.000000e+00	5.477387e-01	2.241865e+14	5.719534e+14	2.474587e+14	1.300770e+04	6.189010e+03	2.100779e+03	0	4.242170e-04
2.100000e+09	2.167604e+12	0.000000e+00	5.477387e-01	2.236140e+14	5.700760e+14	2.466099e+14	1.300318e+04	6.187007e+03	2.100099e+03	0	4.204775e-04
2.110000e+09	2.109555e+12	0.000000e+00	5.477387e-01	2.230442e+14	5.682112e+14	2.457662e+14	1.299867e+04	6.185014e+03	2.099423e+03	0	4.166899e-04
2.120000e+09	2.051801e+12	0.000000e+00	5.477387e-01	2.224771e+14	5.663590e+14	2.449275e+14	1.299417e+04	6.183029e+03	2.098749e+03	0	4.128521e-04
2.130000e+09	1.994342e+12	0.000000e+00	5.477387e-01	2.219127e+14	5.645192e+14	2.440938e+14	1.298969e+04	6.181053e+03	2.098079e+03	0	4.089617e-04
2.140000e+09	1.937175e+12	0.000000e+00	5.477387e-01	2.213510e+14	5.626916e+14	2.432649e+14	1.298522e+04	6.179087e+03	2.097411e+03	0	4.050162e-04
2.150000e+09	1.880298e+12	0.000000e+00	5.477387e-01	2.207920e+14	5.608762e+14	2.424410e+14	1.298076e+04	6.177129e+03	2.096746e+03	0	4.010129e-04
2.160000e+09	1.823708e+12	0.000000e+00	5.477387e-01	2.202357e+14	5.590728e+14	2.416219e+14	1.297631e+04	6.175179e+03	2.096085e+03	0	3.969488e-04
2.170000e+09	1.767404e+12	0.000000e+00	5.477387e-01	2.196819e+14	5.572812e+14	2.408077e+14	1.297187e+04	6.173238e+03	2.095426e+03	0	3.928210e-04
2.180000e+09	1.711383e+12	0.000000e+00	5.477387e-01	2.191308e+14	5.555013e+14	2.399982e+14	1.296744e+04	6.171305e+03	2.094770e+03	0	3.886259e-04
2.190000e+09	1.655642e+12	0.000000e+00	5.477387e-01	2.185823e+14	5.537331e+14	2.391935e+14	1.296302e+04	6.169381e+03	2.094117e+03	0	3.843600e-04
2.200000e+09	1.600180e+12	0.000000e+00	5.477387e-01	2.180363e+14	5.519763e+14	2.383935e+14	1.295861e+04	6.167465e+03	2.093466e+03	0	3.800193e-04
2.210000e+09	1.544995e+12	0.000000e+00	5.477387e-01	2.174929e+14	5.502309e+14	2.375982e+14	1.295422e+04	6.165557e+03	2.092819e+03	0	3.755996e-04
2.220000e+09	1.490085e+12	0.000000e+00	5.477387e-01	2.169520e+14	5.484967e+14	2.368076e+14	1.294984e+04	6.163658e+03	2.092174e+03	0	3.710961e-04
2.230000e+09	1.435447e+12	0.000000e+00	5.477387e-01	2.164136e+14	5.467737e+14	2.360215e+14	1.294546e+04	6.161766e+03	2.091532e+03	0	3.665037e-04
2.240000e+09	1.381079e+12	0.000000e+00	5.477387e-01	2.158778e+14	5.450616e+14	2.352401e+14	1.294110e+04	6.159882e+03	2.090892e+03	0	3.618169e-04
2.250000e+09	1.326980e+12	0.000000e+00	5.477387e-01	2.153444e+14	5.433605e+14	2.344632e+14	1.293675e+04	6.158007e+03	2.090256e+03	0	3.570295e-04
2.260000e+09	1.273147e+12	0.000000e+00	5.477387e-01	2.148134e+14	5.416701e+14	2.336908e+14	1.293241e+04	6.156138e+03	2.089621e+03	0	3.521348e-04
2.270000e+09	1.219578e+12	0.000000e+00	5.477387e-01	2.142849e+14	5.399903e+14	2.329229e+14	1.292808e+04	6.154278e+03	2.088990e+03	0	3.471251e-04
2.280000e+09	1.166272e+12	0.000000e+00	5.477387e-01	2.137588e+14	5.383211e+14	2.321594e+14	1.292376e+04	6.152425e+03	2.088361e+03	0	3.419921e-04
2.290000e+09	1.113227e+12	0.000000e+00	5.477387e-01	2.132352e+14	5.366624e+14	2.314004e+14	1.291945e+04	6.150580e+03	2.087735e+03	0	3.367265e-04
2.300000e+09	1.060440e+12	0.000000e+00	5.477387e-01	2.127139e+14	5.350140e+14	2.306458e+14	1.291515e+04	6.148742e+03	2.087111e+03	0	3.313178e-04
2.310000e+09	1.007910e+12	0.000000e+00	5.477387e-01	2.121950e+14	5.333758e+14	2.298955e+14	1.291086e+04	6.146912e+03	2.086490e+03	0	3.257542e-04
2.320000e+09	9.556347e+11	0.000000e+00	5.477387e-01	2.116784e+14	5.317478e+14	2.291496e+14	1.290659e+04	6.145089e+03	2.085871e+03	0	3.200221e-04
2.330000e+09	9.036124e+11	0.000000e+00	5.477387e-01	2.111642e+14	5.301298e+14	2.284079e+14	1.290232e+04	6.143274e+03	2.085255e+03	0	3.141064e-04
2.340000e+09	8.518412e+11	0.000000e+00	5.477387e-01	2.106523e+14	5.285217e+14	2.276705e+14	1.289806e+04	6.141465e+03	2.084641e+03	0	3.079893e-04
2.350000e+09	8.003194e+11	0.000000e+00	5.477387e-01	2.101427e+14	5.269234e+14	2.269374e+14	1.289382e+04	6.139664e+03	2.084029e+03	0	3.016504e-04
2.360000e+09	7.490452e+11	0.000000e+00	5.477387e-01	2.096354e+14	5.253349e+14	2.262085e+14	1.288958e+04	6.137870e+03	2.083420e+03	0	2.950657e-04
2.370000e+09	6.980167e+11	0.000000e+00	5.477387e-01	2.091303e+14	5.237560e+14	2.254837e+14	1.288535e+04	6.136082e+03	2.082814e+03	0	2.882071e-04
2.380000e+09	6.472322e+11	0.000000e+00	5.477387e-01	2.086275e+14	5.221867e+14	2.247631e+14	1.288114e+04	6.134302e+03	2.082209e+03	0	2.810409e-04
2.390000e+09	5.966900e+11	0.000000e+00	5.477387e-01	2.081270e+14	5.206268e+14	2.240466e+14	1.287693e+04	6.132529e+03	2.081607e+03	0	2.735262e-04
2.400000e+09	5.463884e+11	0.000000e+00	5.477387e-01	2.076287e+14	5.190762e+14	2.233342e+14	1.287274e+04	6.130762e+03	2.081008e+03	0	2.656133e-04
2.410000e+09	4.963256e+11	0.000000e+00	5.477387e-01	2.071326e+14	5.175350e+14	2.226258e+14	1.286855e+04	6.129002e+03	2.080410e+03	0	2.572399e-04
2.420000e+09	4.465000e+11	0.000000e+00	5.477387e-01	2.066387e+14	5.160029e+14	2.219215e+14	1.286438e+04	6.127249e+03	2.079815e+03	0	2.483266e-04
2.430000e+09	3.969099e+11	0.000000e+00	5.477387e-01	2.061470e+14	5.144799e+14	2.212212e+14	1.286021e+04	6.125503e+03	2.079223e+03	0	2.387701e-04
2.440000e+09	3.475536e+11	0.000000e+00	5.477387e-01	2.056574e+14	5.129659e+14	2.205248e+14	1.285606e+04	6.123763e+03	2.078632e+03	0	2.284318e-04
2.450000e+09	2.984295e+11	0.000000e+00	5.477387e-01	2.051700e+14	5.114608e+14	2.198324e+14	1.285191e+04	6.122030e+03	2.078044e+03	0	2.171184e-04
2.460000e+09	2.495360e+11	0.000000e+00	5.477387e-01	2.046847e+14	5.099645e+14	2.191439e+14	1.284777e+04	6.120303e+03	2.077458e+03	0	2.045473e-04
2.470000e+09	2.008716e+11	0.000000e+00	5.477387e-01	2.042015e+14	5.084770e+14	2.184593e+14	1.284365e+04	6.118583e+03	2.076874e+03	0	1.902781e-04
2.480000e+09	1.524345e+11	0.000000e+00	5.477387e-01	2.037205e+14	5.069982e+14	2.177786e+14	1.283953e+04	6.116869e+03	2.076292e+03	0	1.735577e-04
2.490000e+09	1.042233e+11	0.000000e+00	5.477387e-01	2.032415e+14	5.055280e+14	2.171017e+14	1.283543e+04	6.115161e+03	2.075712e+03	0	1.528989e-04
2.500000e+09	5.623641e+10	0.000000e+00	5.477387e-01	2.027647e+14	5.040663e+14	2.164286e+14	1.283133e+04	6.113459e+03	2.075135e+03	0	1.244769e-04
2.510000e+09	8.472253e+09	0.000000e+00	5.477387e-01	2.022899e+14	5.026130e+14	2.157593e+14	1.282724e+04	6.111764e+03	2.074559e+03	0	6.623421e-05
2.520000e+09	-3.907067e+10	0.000000e+00	5.477387e-01	2.018171e+14	5.011680e+14	2.150938e+14	1.282316e+04	6.110075e+03	2.073986e+03	0	-nan
