#R=1.6478702607452884
#a=1.0
#interptype='linear'
#name='planet'
#norm={'P': 1000000000000.0, 'R': 1.6478702607452884, 'M': 6.5, 'g': 23.529650573942913, 'rho': 4000.0}
#state=1
#composition
#layer0		Fe08FeS02		0.350000
#layer1		pv_fmw		0.650000
#Cols=
 #'ur		r		mr		rho		P		g		phi		T		composition'
#-end-
0.000000e+00	0.000000e+00	3.214119e-11	2.124841e+04	2.434090e+12	0.000000e+00	-4.581626e+08	5.000000e+03	0
5.025126e-03	8.280755e-03	2.262685e-06	2.124826e+04	2.434035e+12	2.077805e-01	-4.581543e+08	5.000000e+03	0
1.005025e-02	1.656151e-02	1.748127e-05	2.124710e+04	2.433629e+12	5.212224e-01	-4.581296e+08	5.000000e+03	0
1.507538e-02	2.484227e-02	5.915354e-05	2.124493e+04	2.432868e+12	8.346502e-01	-4.580883e+08	5.000000e+03	0
2.010050e-02	3.312302e-02	1.397224e-04	2.124176e+04	2.431760e+12	1.148009e+00	-4.580304e+08	5.000000e+03	0
2.512563e-02	4.140378e-02	2.730798e-04	2.123759e+04	2.430299e+12	1.461268e+00	-4.579561e+08	5.000000e+03	0
3.015075e-02	4.968453e-02	4.713228e-04	2.123243e+04	2.428490e+12	1.774402e+00	-4.578653e+08	5.000000e+03	0
3.517588e-02	5.796529e-02	7.485420e-04	2.122625e+04	2.426329e+12	2.087384e+00	-4.577580e+08	5.000000e+03	0
4.020101e-02	6.624604e-02	1.116654e-03	2.121909e+04	2.423821e+12	2.400189e+00	-4.576342e+08	5.000000e+03	0
4.522613e-02	7.452680e-02	1.589755e-03	2.121091e+04	2.420962e+12	2.712787e+00	-4.574939e+08	5.000000e+03	0
5.025126e-02	8.280755e-02	2.179744e-03	2.120174e+04	2.417757e+12	3.025155e+00	-4.573372e+08	5.000000e+03	0
5.527638e-02	9.108831e-02	2.900528e-03	2.119157e+04	2.414204e+12	3.337265e+00	-4.571640e+08	5.000000e+03	0
6.030151e-02	9.936906e-02	3.764156e-03	2.118040e+04	2.410304e+12	3.649090e+00	-4.569744e+08	5.000000e+03	0
6.532663e-02	1.076498e-01	4.784149e-03	2.116822e+04	2.406059e+12	3.960604e+00	-4.567683e+08	5.000000e+03	0
7.035176e-02	1.159306e-01	5.972870e-03	2.115505e+04	2.401470e+12	4.271781e+00	-4.565459e+08	5.000000e+03	0
7.537688e-02	1.242113e-01	7.343264e-03	2.114087e+04	2.396537e+12	4.582593e+00	-4.563070e+08	5.000000e+03	0
8.040201e-02	1.324921e-01	8.908168e-03	2.112569e+04	2.391261e+12	4.893015e+00	-4.560518e+08	5.000000e+03	0
8.542714e-02	1.407728e-01	1.067976e-02	2.110952e+04	2.385644e+12	5.203020e+00	-4.557803e+08	5.000000e+03	0
9.045226e-02	1.490536e-01	1.267151e-02	2.109234e+04	2.379687e+12	5.512580e+00	-4.554924e+08	5.000000e+03	0
9.547739e-02	1.573343e-01	1.489465e-02	2.107417e+04	2.373392e+12	5.821672e+00	-4.551882e+08	5.000000e+03	0
1.005025e-01	1.656151e-01	1.736343e-02	2.105499e+04	2.366759e+12	6.130264e+00	-4.548678e+08	5.000000e+03	0
1.055276e-01	1.738959e-01	2.008794e-02	2.103481e+04	2.359791e+12	6.438337e+00	-4.545311e+08	5.000000e+03	0
1.105528e-01	1.821766e-01	2.308338e-02	2.101363e+04	2.352488e+12	6.745856e+00	-4.541782e+08	5.000000e+03	0
1.155779e-01	1.904574e-01	2.635853e-02	2.099146e+04	2.344854e+12	7.052803e+00	-4.538091e+08	5.000000e+03	0
1.206030e-01	1.987381e-01	2.992968e-02	2.096828e+04	2.336887e+12	7.359143e+00	-4.534238e+08	5.000000e+03	0
1.256281e-01	2.070189e-01	3.380409e-02	2.094411e+04	2.328594e+12	7.664858e+00	-4.530225e+08	5.000000e+03	0
1.306533e-01	2.152996e-01	3.799932e-02	2.091893e+04	2.319971e+12	7.969912e+00	-4.526050e+08	5.000000e+03	0
1.356784e-01	2.235804e-01	4.252094e-02	2.089276e+04	2.311026e+12	8.274291e+00	-4.521715e+08	5.000000e+03	0
1.407035e-01	2.318611e-01	4.738790e-02	2.086558e+04	2.301754e+12	8.577953e+00	-4.517219e+08	5.000000e+03	0
1.457286e-01	2.401419e-01	5.260411e-02	2.083741e+04	2.292165e+12	8.880888e+00	-4.512564e+08	5.000000e+03	0
1.507538e-01	2.484227e-01	5.818949e-02	2.080824e+04	2.282254e+12	9.183053e+00	-4.507749e+08	5.000000e+03	0
1.557789e-01	2.567034e-01	6.414718e-02	2.077807e+04	2.272029e+12	9.484437e+00	-4.502776e+08	5.000000e+03	0
1.608040e-01	2.649842e-01	7.049652e-02	2.074689e+04	2.261488e+12	9.785000e+00	-4.497644e+08	5.000000e+03	0
1.658291e-01	2.732649e-01	7.724127e-02	2.071473e+04	2.250637e+12	1.008473e+01	-4.492353e+08	5.000000e+03	0
1.708543e-01	2.815457e-01	8.439964e-02	2.068156e+04	2.239474e+12	1.038358e+01	-4.486905e+08	5.000000e+03	0
1.758794e-01	2.898264e-01	9.197614e-02	2.064739e+04	2.228008e+12	1.068155e+01	-4.481300e+08	5.000000e+03	0
1.809045e-01	2.981072e-01	9.998764e-02	2.061222e+04	2.216234e+12	1.097859e+01	-4.475538e+08	5.000000e+03	0
1.859296e-01	3.063879e-01	1.084396e-01	2.057606e+04	2.204162e+12	1.127468e+01	-4.469620e+08	5.000000e+03	0
1.909548e-01	3.146687e-01	1.173473e-01	2.053889e+04	2.191789e+12	1.156980e+01	-4.463546e+08	5.000000e+03	0
1.959799e-01	3.229494e-01	1.267173e-01	2.050073e+04	2.179121e+12	1.186393e+01	-4.457317e+08	5.000000e+03	0
2.010050e-01	3.312302e-01	1.365632e-01	2.046156e+04	2.166159e+12	1.215702e+01	-4.450933e+08	5.000000e+03	0
2.060302e-01	3.395110e-01	1.468928e-01	2.042140e+04	2.152908e+12	1.244906e+01	-4.444395e+08	5.000000e+03	0
2.110553e-01	3.477917e-01	1.577179e-01	2.038023e+04	2.139370e+12	1.274002e+01	-4.437703e+08	5.000000e+03	0
2.160804e-01	3.560725e-01	1.690475e-01	2.033807e+04	2.125548e+12	1.302988e+01	-4.430858e+08	5.000000e+03	0
2.211055e-01	3.643532e-01	1.808914e-01	2.029491e+04	2.111445e+12	1.331860e+01	-4.423862e+08	5.000000e+03	0
2.261307e-01	3.726340e-01	1.932601e-01	2.025074e+04	2.097065e+12	1.360617e+01	-4.416713e+08	5.000000e+03	0
2.311558e-01	3.809147e-01	2.061612e-01	2.020558e+04	2.082411e+12	1.389255e+01	-4.409413e+08	5.000000e+03	0
2.361809e-01	3.891955e-01	2.196069e-01	2.015941e+04	2.067485e+12	1.417771e+01	-4.401962e+08	5.000000e+03	0
2.412060e-01	3.974762e-01	2.336025e-01	2.011225e+04	2.052293e+12	1.446164e+01	-4.394362e+08	5.000000e+03	0
2.462312e-01	4.057570e-01	2.481616e-01	2.006408e+04	2.036836e+12	1.474430e+01	-4.386612e+08	5.000000e+03	0
2.512563e-01	4.140378e-01	2.632874e-01	2.001491e+04	2.021120e+12	1.502567e+01	-4.378714e+08	5.000000e+03	0
2.562814e-01	4.223185e-01	2.789951e-01	1.996474e+04	2.005146e+12	1.530572e+01	-4.370668e+08	5.000000e+03	0
2.613065e-01	4.305993e-01	2.952854e-01	1.991357e+04	1.988920e+12	1.558443e+01	-4.362474e+08	5.000000e+03	0
2.663317e-01	4.388800e-01	3.121754e-01	1.986138e+04	1.972443e+12	1.586176e+01	-4.354135e+08	5.000000e+03	0
2.713568e-01	4.471608e-01	3.296630e-01	1.980820e+04	1.955723e+12	1.613770e+01	-4.345649e+08	5.000000e+03	0
2.763819e-01	4.554415e-01	3.477673e-01	1.975401e+04	1.938759e+12	1.641220e+01	-4.337019e+08	5.000000e+03	0
2.814070e-01	4.637223e-01	3.664835e-01	1.969882e+04	1.921560e+12	1.668526e+01	-4.328244e+08	5.000000e+03	0
2.864322e-01	4.720030e-01	3.858328e-01	1.964262e+04	1.904124e+12	1.695683e+01	-4.319326e+08	5.000000e+03	0
2.914573e-01	4.802838e-01	4.058079e-01	1.958541e+04	1.886462e+12	1.722692e+01	-4.310265e+08	5.000000e+03	0
2.964824e-01	4.885645e-01	4.264304e-01	1.952719e+04	1.868571e+12	1.749545e+01	-4.301062e+08	5.000000e+03	0
3.015075e-01	4.968453e-01	4.476929e-01	1.946797e+04	1.850461e+12	1.776244e+01	-4.291718e+08	5.000000e+03	0
3.065327e-01	5.051261e-01	4.696151e-01	1.940773e+04	1.832132e+12	1.802782e+01	-4.282234e+08	5.000000e+03	0
3.115578e-01	5.134068e-01	4.921914e-01	1.934649e+04	1.813592e+12	1.829161e+01	-4.272611e+08	5.000000e+03	0
3.165829e-01	5.216876e-01	5.154388e-01	1.928422e+04	1.794842e+12	1.855375e+01	-4.262849e+08	5.000000e+03	0
3.216080e-01	5.299683e-01	5.393533e-01	1.922095e+04	1.775890e+12	1.881423e+01	-4.252950e+08	5.000000e+03	0
3.266332e-01	5.382491e-01	5.639494e-01	1.915665e+04	1.756736e+12	1.907300e+01	-4.242913e+08	5.000000e+03	0
3.316583e-01	5.465298e-01	5.892247e-01	1.909134e+04	1.737388e+12	1.933006e+01	-4.232741e+08	5.000000e+03	0
3.366834e-01	5.548106e-01	6.151910e-01	1.902501e+04	1.717848e+12	1.958537e+01	-4.222434e+08	5.000000e+03	0
3.417085e-01	5.630913e-01	6.418478e-01	1.895766e+04	1.698124e+12	1.983891e+01	-4.211993e+08	5.000000e+03	0
3.467337e-01	5.713721e-01	6.692041e-01	1.888928e+04	1.678217e+12	2.009064e+01	-4.201419e+08	5.000000e+03	0
3.517588e-01	5.796529e-01	6.972611e-01	1.881989e+04	1.658134e+12	2.034054e+01	-4.190713e+08	5.000000e+03	0
3.567839e-01	5.879336e-01	7.260248e-01	1.874946e+04	1.637879e+12	2.058858e+01	-4.179875e+08	5.000000e+03	0
3.618090e-01	5.962144e-01	7.554986e-01	1.867800e+04	1.617456e+12	2.083474e+01	-4.168908e+08	5.000000e+03	0
3.668342e-01	6.044951e-01	7.856854e-01	1.860551e+04	1.596872e+12	2.107898e+01	-4.157811e+08	5.000000e+03	0
3.718593e-01	6.127759e-01	8.165903e-01	1.853198e+04	1.576130e+12	2.132128e+01	-4.146586e+08	5.000000e+03	0
3.768844e-01	6.210566e-01	8.482135e-01	1.845741e+04	1.555235e+12	2.156162e+01	-4.135234e+08	5.000000e+03	0
3.819095e-01	6.293374e-01	8.805618e-01	1.838181e+04	1.534193e+12	2.179995e+01	-4.123757e+08	5.000000e+03	0
3.869347e-01	6.376181e-01	9.136324e-01	1.830516e+04	1.513009e+12	2.203627e+01	-4.112154e+08	5.000000e+03	0
3.919598e-01	6.458989e-01	9.474341e-01	1.822745e+04	1.491687e+12	2.227052e+01	-4.100427e+08	5.000000e+03	0
3.969849e-01	6.541797e-01	9.819608e-01	1.814870e+04	1.470234e+12	2.250270e+01	-4.088577e+08	5.000000e+03	0
4.020101e-01	6.624604e-01	1.017223e+00	1.806889e+04	1.448652e+12	2.273276e+01	-4.076606e+08	5.000000e+03	0
4.070352e-01	6.707412e-01	1.053213e+00	1.798803e+04	1.426950e+12	2.296070e+01	-4.064514e+08	5.000000e+03	0
4.120603e-01	6.790219e-01	1.089941e+00	1.790609e+04	1.405130e+12	2.318645e+01	-4.052302e+08	5.000000e+03	0
4.170854e-01	6.873027e-01	1.127397e+00	1.782309e+04	1.383201e+12	2.341003e+01	-4.039973e+08	5.000000e+03	0
4.221106e-01	6.955834e-01	1.165594e+00	1.773901e+04	1.361164e+12	2.363135e+01	-4.027526e+08	5.000000e+03	0
4.271357e-01	7.038642e-01	1.204517e+00	1.765386e+04	1.339028e+12	2.385045e+01	-4.014963e+08	5.000000e+03	0
4.321608e-01	7.121449e-01	1.244183e+00	1.756761e+04	1.316795e+12	2.406724e+01	-4.002285e+08	5.000000e+03	0
4.371859e-01	7.204257e-01	1.284574e+00	1.748028e+04	1.294475e+12	2.428174e+01	-3.989494e+08	5.000000e+03	0
4.422111e-01	7.287064e-01	1.325704e+00	1.739185e+04	1.272069e+12	2.449386e+01	-3.976591e+08	5.000000e+03	0
4.472362e-01	7.369872e-01	1.367558e+00	1.730232e+04	1.249585e+12	2.470364e+01	-3.963576e+08	5.000000e+03	0
4.522613e-01	7.452680e-01	1.410148e+00	1.721167e+04	1.227028e+12	2.491100e+01	-3.950452e+08	5.000000e+03	0
4.572864e-01	7.535487e-01	1.453458e+00	1.711992e+04	1.204405e+12	2.511594e+01	-3.937219e+08	5.000000e+03	0
4.623116e-01	7.618295e-01	1.497498e+00	1.702703e+04	1.181719e+12	2.531839e+01	-3.923879e+08	5.000000e+03	0
4.673367e-01	7.701102e-01	1.542255e+00	1.693301e+04	1.158978e+12	2.551836e+01	-3.910433e+08	5.000000e+03	0
4.723618e-01	7.783910e-01	1.587734e+00	1.683784e+04	1.136186e+12	2.571580e+01	-3.896882e+08	5.000000e+03	0
4.773869e-01	7.866717e-01	1.633924e+00	1.674153e+04	1.113350e+12	2.591068e+01	-3.883228e+08	5.000000e+03	0
4.824121e-01	7.949525e-01	1.680827e+00	1.664405e+04	1.090476e+12	2.610296e+01	-3.869472e+08	5.000000e+03	0
4.874372e-01	8.032332e-01	1.728435e+00	1.654540e+04	1.067569e+12	2.629262e+01	-3.855616e+08	5.000000e+03	0
4.924623e-01	8.115140e-01	1.776745e+00	1.644557e+04	1.044635e+12	2.647962e+01	-3.841660e+08	5.000000e+03	0
4.974874e-01	8.197948e-01	1.825749e+00	1.634455e+04	1.021681e+12	2.666394e+01	-3.827607e+08	5.000000e+03	0
5.025126e-01	8.280755e-01	1.875445e+00	1.624232e+04	9.987120e+11	2.684552e+01	-3.813458e+08	5.000000e+03	0
5.075377e-01	8.363563e-01	1.925824e+00	1.613886e+04	9.757342e+11	2.702435e+01	-3.799213e+08	5.000000e+03	0
5.125628e-01	8.446370e-01	1.976880e+00	1.603418e+04	9.527536e+11	2.720038e+01	-3.784876e+08	5.000000e+03	0
5.175879e-01	8.529178e-01	2.028608e+00	1.592825e+04	9.297764e+11	2.737359e+01	-3.770446e+08	5.000000e+03	0
5.226131e-01	8.611985e-01	2.080996e+00	1.582105e+04	9.068087e+11	2.754393e+01	-3.755926e+08	5.000000e+03	0
5.276382e-01	8.694793e-01	2.134041e+00	1.571258e+04	8.838568e+11	2.771136e+01	-3.741317e+08	5.000000e+03	0
5.326633e-01	8.777600e-01	2.187728e+00	1.560281e+04	8.609267e+11	2.787587e+01	-3.726621e+08	5.000000e+03	0
5.376884e-01	8.860408e-01	2.242056e+00	1.549172e+04	8.380250e+11	2.803739e+01	-3.711839e+08	5.000000e+03	0
5.427136e-01	8.943215e-01	2.287330e+00	8.963153e+03	8.191810e+11	2.807700e+01	-3.696980e+08	5.000000e+03	1
5.477387e-01	9.026023e-01	2.319749e+00	8.913820e+03	8.059870e+11	2.795529e+01	-3.682151e+08	5.000000e+03	1
5.527638e-01	9.108831e-01	2.352583e+00	8.864605e+03	7.929206e+11	2.783826e+01	-3.667386e+08	5.000000e+03	1
5.577889e-01	9.191638e-01	2.385838e+00	8.815499e+03	7.799810e+11	2.772581e+01	-3.652682e+08	5.000000e+03	1
5.628141e-01	9.274446e-01	2.419506e+00	8.766493e+03	7.671630e+11	2.761763e+01	-3.638036e+08	5.000000e+03	1
5.678392e-01	9.357253e-01	2.453594e+00	8.717578e+03	7.544666e+11	2.751365e+01	-3.623448e+08	5.000000e+03	1
5.728643e-01	9.440061e-01	2.488092e+00	8.668745e+03	7.418866e+11	2.741359e+01	-3.608914e+08	5.000000e+03	1
5.778894e-01	9.522868e-01	2.523008e+00	8.619987e+03	7.294233e+11	2.731736e+01	-3.594432e+08	5.000000e+03	1
5.829146e-01	9.605676e-01	2.558332e+00	8.571295e+03	7.170717e+11	2.722473e+01	-3.580000e+08	5.000000e+03	1
5.879397e-01	9.688483e-01	2.594071e+00	8.522662e+03	7.048321e+11	2.713560e+01	-3.565617e+08	5.000000e+03	1
5.929648e-01	9.771291e-01	2.630216e+00	8.474080e+03	6.927002e+11	2.704976e+01	-3.551281e+08	5.000000e+03	1
5.979899e-01	9.854099e-01	2.666772e+00	8.425542e+03	6.806761e+11	2.696712e+01	-3.536990e+08	5.000000e+03	1
6.030151e-01	9.936906e-01	2.703730e+00	8.377040e+03	6.687561e+11	2.688749e+01	-3.522741e+08	5.000000e+03	1
6.080402e-01	1.001971e+00	2.741096e+00	8.328567e+03	6.569401e+11	2.681079e+01	-3.508535e+08	5.000000e+03	1
6.130653e-01	1.010252e+00	2.778862e+00	8.280118e+03	6.452249e+11	2.673685e+01	-3.494369e+08	5.000000e+03	1
6.180905e-01	1.018533e+00	2.817030e+00	8.231684e+03	6.336101e+11	2.666557e+01	-3.480242e+08	5.000000e+03	1
6.231156e-01	1.026814e+00	2.855595e+00	8.183259e+03	6.220934e+11	2.659681e+01	-3.466153e+08	5.000000e+03	1
6.281407e-01	1.035094e+00	2.894557e+00	8.134837e+03	6.106739e+11	2.653047e+01	-3.452099e+08	5.000000e+03	1
6.331658e-01	1.043375e+00	2.933911e+00	8.086411e+03	5.993498e+11	2.646643e+01	-3.438080e+08	5.000000e+03	1
6.381910e-01	1.051656e+00	2.973657e+00	8.037975e+03	5.881203e+11	2.640460e+01	-3.424095e+08	5.000000e+03	1
6.432161e-01	1.059937e+00	3.013790e+00	7.989523e+03	5.769838e+11	2.634487e+01	-3.410143e+08	5.000000e+03	1
6.482412e-01	1.068217e+00	3.054309e+00	7.941048e+03	5.659392e+11	2.628713e+01	-3.396221e+08	5.000000e+03	1
6.532663e-01	1.076498e+00	3.095211e+00	7.892546e+03	5.549857e+11	2.623130e+01	-3.382331e+08	5.000000e+03	1
6.582915e-01	1.084779e+00	3.136492e+00	7.844009e+03	5.441220e+11	2.617728e+01	-3.368469e+08	5.000000e+03	1
6.633166e-01	1.093060e+00	3.178151e+00	7.795431e+03	5.333474e+11	2.612498e+01	-3.354637e+08	5.000000e+03	1
6.683417e-01	1.101340e+00	3.220181e+00	7.746808e+03	5.226605e+11	2.607432e+01	-3.340831e+08	5.000000e+03	1
6.733668e-01	1.109621e+00	3.262582e+00	7.698133e+03	5.120612e+11	2.602521e+01	-3.327053e+08	5.000000e+03	1
6.783920e-01	1.117902e+00	3.305348e+00	7.649401e+03	5.015478e+11	2.597758e+01	-3.313300e+08	5.000000e+03	1
6.834171e-01	1.126183e+00	3.348479e+00	7.600604e+03	4.911207e+11	2.593135e+01	-3.299573e+08	5.000000e+03	1
6.884422e-01	1.134463e+00	3.391965e+00	7.551740e+03	4.807779e+11	2.588643e+01	-3.285870e+08	5.000000e+03	1
6.934673e-01	1.142744e+00	3.435809e+00	7.502799e+03	4.705201e+11	2.584278e+01	-3.272191e+08	5.000000e+03	1
6.984925e-01	1.151025e+00	3.480001e+00	7.453779e+03	4.603452e+11	2.580029e+01	-3.258535e+08	5.000000e+03	1
7.035176e-01	1.159306e+00	3.524542e+00	7.404672e+03	4.502544e+11	2.575893e+01	-3.244901e+08	5.000000e+03	1
7.085427e-01	1.167586e+00	3.569421e+00	7.355473e+03	4.402453e+11	2.571860e+01	-3.231289e+08	5.000000e+03	1
7.135678e-01	1.175867e+00	3.614642e+00	7.306176e+03	4.303193e+11	2.567926e+01	-3.217699e+08	5.000000e+03	1
7.185930e-01	1.184148e+00	3.660192e+00	7.256776e+03	4.204741e+11	2.564083e+01	-3.204129e+08	5.000000e+03	1
7.236181e-01	1.192429e+00	3.706073e+00	7.207265e+03	4.107112e+11	2.560327e+01	-3.190580e+08	5.000000e+03	1
7.286432e-01	1.200709e+00	3.752273e+00	7.157640e+03	4.010284e+11	2.556650e+01	-3.177051e+08	5.000000e+03	1
7.336683e-01	1.208990e+00	3.798795e+00	7.107892e+03	3.914271e+11	2.553049e+01	-3.163542e+08	5.000000e+03	1
7.386935e-01	1.217271e+00	3.845625e+00	7.058018e+03	3.819054e+11	2.549515e+01	-3.150051e+08	5.000000e+03	1
7.437186e-01	1.225552e+00	3.892765e+00	7.008009e+03	3.724644e+11	2.546045e+01	-3.136580e+08	5.000000e+03	1
7.487437e-01	1.233833e+00	3.940204e+00	6.957861e+03	3.631028e+11	2.542634e+01	-3.123127e+08	5.000000e+03	1
7.537688e-01	1.242113e+00	3.987941e+00	6.907565e+03	3.538213e+11	2.539275e+01	-3.109692e+08	5.000000e+03	1
7.587940e-01	1.250394e+00	4.035964e+00	6.857118e+03	3.446190e+11	2.535964e+01	-3.096275e+08	5.000000e+03	1
7.638191e-01	1.258675e+00	4.084272e+00	6.806509e+03	3.354964e+11	2.532697e+01	-3.082876e+08	5.000000e+03	1
7.688442e-01	1.266956e+00	4.132856e+00	6.755735e+03	3.264528e+11	2.529468e+01	-3.069494e+08	5.000000e+03	1
7.738693e-01	1.275236e+00	4.181711e+00	6.704787e+03	3.174886e+11	2.526273e+01	-3.056129e+08	5.000000e+03	1
7.788945e-01	1.283517e+00	4.230828e+00	6.653659e+03	3.086035e+11	2.523107e+01	-3.042782e+08	5.000000e+03	1
7.839196e-01	1.291798e+00	4.280202e+00	6.602343e+03	2.997976e+11	2.519966e+01	-3.029451e+08	5.000000e+03	1
7.889447e-01	1.300079e+00	4.329825e+00	6.550830e+03	2.910708e+11	2.516845e+01	-3.016138e+08	5.000000e+03	1
7.939698e-01	1.308359e+00	4.379690e+00	6.499115e+03	2.824232e+11	2.513741e+01	-3.002841e+08	5.000000e+03	1
7.989950e-01	1.316640e+00	4.429789e+00	6.447187e+03	2.738549e+11	2.510649e+01	-2.989560e+08	5.000000e+03	1
8.040201e-01	1.324921e+00	4.480113e+00	6.395040e+03	2.653658e+11	2.507564e+01	-2.976297e+08	5.000000e+03	1
8.090452e-01	1.333202e+00	4.530657e+00	6.342663e+03	2.569563e+11	2.504484e+01	-2.963049e+08	5.000000e+03	1
8.140704e-01	1.341482e+00	4.581410e+00	6.290049e+03	2.486261e+11	2.501403e+01	-2.949819e+08	5.000000e+03	1
8.190955e-01	1.349763e+00	4.632365e+00	6.237186e+03	2.403760e+11	2.498319e+01	-2.936605e+08	5.000000e+03	1
8.241206e-01	1.358044e+00	4.683512e+00	6.184068e+03	2.322054e+11	2.495226e+01	-2.923407e+08	5.000000e+03	1
8.291457e-01	1.366325e+00	4.734844e+00	6.130681e+03	2.241153e+11	2.492122e+01	-2.910226e+08	5.000000e+03	1
8.341709e-01	1.374605e+00	4.786349e+00	6.077017e+03	2.161051e+11	2.489003e+01	-2.897062e+08	5.000000e+03	1
8.391960e-01	1.382886e+00	4.838020e+00	6.023062e+03	2.081760e+11	2.485864e+01	-2.883915e+08	5.000000e+03	1
8.442211e-01	1.391167e+00	4.889844e+00	5.968808e+03	2.003271e+11	2.482703e+01	-2.870784e+08	5.000000e+03	1
8.492462e-01	1.399448e+00	4.941815e+00	5.914237e+03	1.925602e+11	2.479516e+01	-2.857671e+08	5.000000e+03	1
8.542714e-01	1.407728e+00	4.993918e+00	5.859342e+03	1.848738e+11	2.476299e+01	-2.844574e+08	5.000000e+03	1
8.592965e-01	1.416009e+00	5.046146e+00	5.804103e+03	1.772703e+11	2.473047e+01	-2.831495e+08	5.000000e+03	1
8.643216e-01	1.424290e+00	5.098485e+00	5.748512e+03	1.697480e+11	2.469759e+01	-2.818434e+08	5.000000e+03	1
8.693467e-01	1.432571e+00	5.150927e+00	5.692547e+03	1.623092e+11	2.466430e+01	-2.805390e+08	5.000000e+03	1
8.743719e-01	1.440851e+00	5.203456e+00	5.636198e+03	1.549526e+11	2.463057e+01	-2.792364e+08	5.000000e+03	1
8.793970e-01	1.449132e+00	5.256063e+00	5.579441e+03	1.476803e+11	2.459636e+01	-2.779356e+08	5.000000e+03	1
8.844221e-01	1.457413e+00	5.308733e+00	5.522263e+03	1.404912e+11	2.456164e+01	-2.766367e+08	5.000000e+03	1
8.894472e-01	1.465694e+00	5.361455e+00	5.464639e+03	1.333872e+11	2.452637e+01	-2.753396e+08	5.000000e+03	1
8.944724e-01	1.473974e+00	5.414214e+00	5.406553e+03	1.263676e+11	2.449051e+01	-2.740445e+08	5.000000e+03	1
8.994975e-01	1.482255e+00	5.466997e+00	5.347977e+03	1.194341e+11	2.445403e+01	-2.727513e+08	5.000000e+03	1
9.045226e-01	1.490536e+00	5.519789e+00	5.288891e+03	1.125864e+11	2.441689e+01	-2.714600e+08	5.000000e+03	1
9.095477e-01	1.498817e+00	5.572575e+00	5.229263e+03	1.058258e+11	2.437905e+01	-2.701708e+08	5.000000e+03	1
9.145729e-01	1.507097e+00	5.625339e+00	5.169070e+03	9.915237e+10	2.434048e+01	-2.688836e+08	5.000000e+03	1
9.195980e-01	1.515378e+00	5.678066e+00	5.108276e+03	9.256737e+10	2.430114e+01	-2.675984e+08	5.000000e+03	1
9.246231e-01	1.523659e+00	5.730738e+00	5.046849e+03	8.607117e+10	2.426099e+01	-2.663154e+08	5.000000e+03	1
9.296482e-01	1.531940e+00	5.783338e+00	4.984752e+03	7.966476e+10	2.421998e+01	-2.650346e+08	5.000000e+03	1
9.346734e-01	1.540220e+00	5.835848e+00	4.921942e+03	7.334895e+10	2.417809e+01	-2.637559e+08	5.000000e+03	1
9.396985e-01	1.548501e+00	5.888249e+00	4.858377e+03	6.712452e+10	2.413525e+01	-2.624795e+08	5.000000e+03	1
9.447236e-01	1.556782e+00	5.940520e+00	4.794004e+03	6.099269e+10	2.409144e+01	-2.612055e+08	5.000000e+03	1
9.497487e-01	1.565063e+00	5.992642e+00	4.728771e+03	5.495405e+10	2.404660e+01	-2.599338e+08	5.000000e+03	1
9.547739e-01	1.573343e+00	6.044590e+00	4.662610e+03	4.901029e+10	2.400068e+01	-2.586645e+08	5.000000e+03	1
9.597990e-01	1.581624e+00	6.096344e+00	4.595460e+03	4.316180e+10	2.395365e+01	-2.573976e+08	5.000000e+03	1
9.648241e-01	1.589905e+00	6.147877e+00	4.527230e+03	3.741077e+10	2.390543e+01	-2.561334e+08	5.000000e+03	1
9.698492e-01	1.598186e+00	6.199165e+00	4.457844e+03	3.175744e+10	2.385599e+01	-2.548717e+08	5.000000e+03	1
9.748744e-01	1.606466e+00	6.250178e+00	4.387180e+03	2.620458e+10	2.380525e+01	-2.536127e+08	5.000000e+03	1
9.798995e-01	1.614747e+00	6.300891e+00	4.315139e+03	2.075228e+10	2.375316e+01	-2.523564e+08	5.000000e+03	1
9.849246e-01	1.623028e+00	6.351266e+00	4.241554e+03	1.540400e+10	2.369964e+01	-2.511029e+08	5.000000e+03	1
9.899497e-01	1.631309e+00	6.401277e+00	4.166286e+03	1.015974e+10	2.364464e+01	-2.498523e+08	5.000000e+03	1
9.949749e-01	1.639590e+00	6.450877e+00	4.089059e+03	5.023806e+09	2.358804e+01	-2.486046e+08	5.000000e+03	1
1.000000e+00	1.647870e+00	6.500000e+00	4.000000e+03	0.000000e+00	2.352965e+01	-2.473601e+08	3.000000e+02	1
