#t		Qconv[W]	Ri[Rp]		R*[Rp]		Qc[W]		Qm[W]		Qr[W]		Tcmb[K]		Tl[K]		Tup[K]		RiFlag		Bs[T]
0.000000e+00	3.027066e+13	0.000000e+00	3.467336e-01	5.135695e+14	4.910877e+15	8.277194e+14	1.590028e+04	8.669105e+03	2.751002e+03	0	1.322272e-03
1.000000e+07	2.949954e+13	0.000000e+00	3.467336e-01	5.017318e+14	4.712249e+15	8.231332e+14	1.584863e+04	8.613212e+03	2.733265e+03	0	1.310947e-03
2.000000e+07	2.876041e+13	0.000000e+00	3.467336e-01	4.903818e+14	4.528633e+15	8.185813e+14	1.579815e+04	8.560132e+03	2.716421e+03	0	1.299906e-03
3.000000e+07	2.805149e+13	0.000000e+00	3.467336e-01	4.794926e+14	4.358464e+15	8.140635e+14	1.574881e+04	8.509644e+03	2.700399e+03	0	1.289136e-03
4.000000e+07	2.737113e+13	0.000000e+00	3.467336e-01	4.690387e+14	4.200380e+15	8.095794e+14	1.570056e+04	8.461550e+03	2.685138e+03	0	1.278629e-03
5.000000e+07	2.671775e+13	0.000000e+00	3.467336e-01	4.589963e+14	4.053191e+15	8.051287e+14	1.565335e+04	8.415674e+03	2.670580e+03	0	1.268372e-03
6.000000e+07	2.608988e+13	0.000000e+00	3.467336e-01	4.493432e+14	3.915853e+15	8.007112e+14	1.560714e+04	8.371856e+03	2.656675e+03	0	1.258358e-03
7.000000e+07	2.548615e+13	0.000000e+00	3.467336e-01	4.400583e+14	3.787450e+15	7.963266e+14	1.556190e+04	8.329950e+03	2.643377e+03	0	1.248576e-03
8.000000e+07	2.490527e+13	0.000000e+00	3.467336e-01	4.311221e+14	3.667170e+15	7.919746e+14	1.551759e+04	8.289827e+03	2.630644e+03	0	1.239017e-03
9.000000e+07	2.434604e+13	0.000000e+00	3.467336e-01	4.225162e+14	3.554294e+15	7.876549e+14	1.547418e+04	8.251367e+03	2.618439e+03	0	1.229673e-03
1.000000e+08	2.380732e+13	0.000000e+00	3.467336e-01	4.142234e+14	3.448185e+15	7.833673e+14	1.543162e+04	8.214461e+03	2.606728e+03	0	1.220535e-03
1.100000e+08	2.328807e+13	0.000000e+00	3.467336e-01	4.062278e+14	3.348272e+15	7.791116e+14	1.538989e+04	8.179012e+03	2.595479e+03	0	1.211596e-03
1.200000e+08	2.278729e+13	0.000000e+00	3.467336e-01	3.985141e+14	3.254046e+15	7.748874e+14	1.534897e+04	8.144929e+03	2.584663e+03	0	1.202849e-03
1.300000e+08	2.230404e+13	0.000000e+00	3.467336e-01	3.910683e+14	3.165052e+15	7.706945e+14	1.530882e+04	8.112129e+03	2.574254e+03	0	1.194285e-03
1.400000e+08	2.183747e+13	0.000000e+00	3.467336e-01	3.838771e+14	3.080880e+15	7.665326e+14	1.526941e+04	8.080535e+03	2.564229e+03	0	1.185899e-03
1.500000e+08	2.138676e+13	0.000000e+00	3.467336e-01	3.769282e+14	3.001159e+15	7.624014e+14	1.523072e+04	8.050078e+03	2.554564e+03	0	1.177683e-03
1.600000e+08	2.095113e+13	0.000000e+00	3.467336e-01	3.702098e+14	2.925556e+15	7.583008e+14	1.519273e+04	8.020694e+03	2.545239e+03	0	1.169632e-03
1.700000e+08	2.052988e+13	0.000000e+00	3.467336e-01	3.637109e+14	2.853770e+15	7.542305e+14	1.515542e+04	7.992321e+03	2.536236e+03	0	1.161740e-03
1.800000e+08	2.012232e+13	0.000000e+00	3.467336e-01	3.574214e+14	2.785526e+15	7.501901e+14	1.511875e+04	7.964906e+03	2.527536e+03	0	1.154001e-03
1.900000e+08	1.972782e+13	0.000000e+00	3.467336e-01	3.513315e+14	2.720575e+15	7.461795e+14	1.508271e+04	7.938397e+03	2.519124e+03	0	1.146410e-03
2.000000e+08	1.934578e+13	0.000000e+00	3.467336e-01	3.454321e+14	2.658690e+15	7.421984e+14	1.504729e+04	7.912747e+03	2.510984e+03	0	1.138961e-03
2.100000e+08	1.897564e+13	0.000000e+00	3.467336e-01	3.397146e+14	2.599665e+15	7.382466e+14	1.501246e+04	7.887911e+03	2.503103e+03	0	1.131650e-03
2.200000e+08	1.861687e+13	0.000000e+00	3.467336e-01	3.341710e+14	2.543310e+15	7.343238e+14	1.497820e+04	7.863848e+03	2.495467e+03	0	1.124473e-03
2.300000e+08	1.826896e+13	0.000000e+00	3.467336e-01	3.287935e+14	2.489451e+15	7.304298e+14	1.494450e+04	7.840520e+03	2.488064e+03	0	1.117424e-03
2.400000e+08	1.793145e+13	0.000000e+00	3.467336e-01	3.235751e+14	2.437931e+15	7.265644e+14	1.491133e+04	7.817891e+03	2.480883e+03	0	1.110500e-03
2.500000e+08	1.760389e+13	0.000000e+00	3.467336e-01	3.185089e+14	2.388602e+15	7.227273e+14	1.487869e+04	7.795928e+03	2.473913e+03	0	1.103696e-03
2.600000e+08	1.728585e+13	0.000000e+00	3.467336e-01	3.135884e+14	2.341331e+15	7.189182e+14	1.484656e+04	7.774599e+03	2.467145e+03	0	1.097009e-03
2.700000e+08	1.697694e+13	0.000000e+00	3.467336e-01	3.088077e+14	2.295993e+15	7.151370e+14	1.481492e+04	7.753875e+03	2.460569e+03	0	1.090435e-03
2.800000e+08	1.667678e+13	0.000000e+00	3.467336e-01	3.041610e+14	2.252474e+15	7.113834e+14	1.478377e+04	7.733729e+03	2.454175e+03	0	1.083971e-03
2.900000e+08	1.638501e+13	0.000000e+00	3.467336e-01	2.996427e+14	2.210668e+15	7.076572e+14	1.475307e+04	7.714135e+03	2.447957e+03	0	1.077612e-03
3.000000e+08	1.610130e+13	0.000000e+00	3.467336e-01	2.952479e+14	2.170478e+15	7.039582e+14	1.472284e+04	7.695068e+03	2.441907e+03	0	1.071356e-03
3.100000e+08	1.582533e+13	0.000000e+00	3.467336e-01	2.909715e+14	2.131812e+15	7.002861e+14	1.469304e+04	7.676505e+03	2.436016e+03	0	1.065200e-03
3.200000e+08	1.555679e+13	0.000000e+00	3.467336e-01	2.868090e+14	2.094586e+15	6.966408e+14	1.466368e+04	7.658425e+03	2.430279e+03	0	1.059140e-03
3.300000e+08	1.529539e+13	0.000000e+00	3.467336e-01	2.827559e+14	2.058722e+15	6.930219e+14	1.463473e+04	7.640809e+03	2.424689e+03	0	1.053175e-03
3.400000e+08	1.504086e+13	0.000000e+00	3.467336e-01	2.788080e+14	2.024148e+15	6.894293e+14	1.460619e+04	7.623635e+03	2.419239e+03	0	1.047300e-03
3.500000e+08	1.479294e+13	0.000000e+00	3.467336e-01	2.749615e+14	1.990795e+15	6.858628e+14	1.457804e+04	7.606888e+03	2.413924e+03	0	1.041514e-03
3.600000e+08	1.455138e+13	0.000000e+00	3.467336e-01	2.712124e+14	1.958600e+15	6.823222e+14	1.455028e+04	7.590548e+03	2.408739e+03	0	1.035813e-03
3.700000e+08	1.431594e+13	0.000000e+00	3.467336e-01	2.675573e+14	1.927505e+15	6.788072e+14	1.452290e+04	7.574601e+03	2.403679e+03	0	1.030197e-03
3.800000e+08	1.408641e+13	0.000000e+00	3.467336e-01	2.639926e+14	1.897453e+15	6.753176e+14	1.449589e+04	7.559031e+03	2.398738e+03	0	1.024661e-03
3.900000e+08	1.386256e+13	0.000000e+00	3.467336e-01	2.605152e+14	1.868393e+15	6.718532e+14	1.446923e+04	7.543822e+03	2.393912e+03	0	1.019204e-03
4.000000e+08	1.364419e+13	0.000000e+00	3.467336e-01	2.571219e+14	1.840278e+15	6.684139e+14	1.444293e+04	7.528963e+03	2.389196e+03	0	1.013824e-03
4.100000e+08	1.343112e+13	0.000000e+00	3.467336e-01	2.538097e+14	1.813061e+15	6.649994e+14	1.441697e+04	7.514439e+03	2.384587e+03	0	1.008519e-03
4.200000e+08	1.322315e+13	0.000000e+00	3.467336e-01	2.505759e+14	1.786701e+15	6.616095e+14	1.439133e+04	7.500238e+03	2.380081e+03	0	1.003287e-03
4.300000e+08	1.302010e+13	0.000000e+00	3.467336e-01	2.474177e+14	1.761156e+15	6.582439e+14	1.436603e+04	7.486348e+03	2.375673e+03	0	9.981250e-04
4.400000e+08	1.282182e+13	0.000000e+00	3.467336e-01	2.443325e+14	1.736391e+15	6.549027e+14	1.434104e+04	7.472759e+03	2.371361e+03	0	9.930322e-04
4.500000e+08	1.262813e+13	0.000000e+00	3.467336e-01	2.413179e+14	1.712369e+15	6.515854e+14	1.431636e+04	7.459458e+03	2.367140e+03	0	9.880065e-04
4.600000e+08	1.243888e+13	0.000000e+00	3.467336e-01	2.383715e+14	1.689057e+15	6.482919e+14	1.429199e+04	7.446437e+03	2.363008e+03	0	9.830462e-04
4.700000e+08	1.225393e+13	0.000000e+00	3.467336e-01	2.354911e+14	1.666424e+15	6.450221e+14	1.426791e+04	7.433685e+03	2.358961e+03	0	9.781497e-04
4.800000e+08	1.207314e+13	0.000000e+00	3.467336e-01	2.326746e+14	1.644441e+15	6.417756e+14	1.424412e+04	7.421194e+03	2.354997e+03	0	9.733153e-04
4.900000e+08	1.189636e+13	0.000000e+00	3.467336e-01	2.299198e+14	1.623079e+15	6.385525e+14	1.422061e+04	7.408954e+03	2.351113e+03	0	9.685415e-04
5.000000e+08	1.172348e+13	0.000000e+00	3.467336e-01	2.272247e+14	1.602312e+15	6.353523e+14	1.419739e+04	7.396957e+03	2.347306e+03	0	9.638268e-04
5.100000e+08	1.155436e+13	0.000000e+00	3.467336e-01	2.245876e+14	1.582116e+15	6.321751e+14	1.417443e+04	7.385194e+03	2.343573e+03	0	9.591697e-04
5.200000e+08	1.138889e+13	0.000000e+00	3.467336e-01	2.220065e+14	1.562466e+15	6.290205e+14	1.415174e+04	7.373659e+03	2.339913e+03	0	9.545689e-04
5.300000e+08	1.122696e+13	0.000000e+00	3.467336e-01	2.194798e+14	1.543341e+15	6.258884e+14	1.412931e+04	7.362344e+03	2.336322e+03	0	9.500230e-04
5.400000e+08	1.106844e+13	0.000000e+00	3.467336e-01	2.170057e+14	1.524720e+15	6.227786e+14	1.410713e+04	7.351242e+03	2.332799e+03	0	9.455308e-04
5.500000e+08	1.091325e+13	0.000000e+00	3.467336e-01	2.145827e+14	1.506582e+15	6.196909e+14	1.408520e+04	7.340345e+03	2.329341e+03	0	9.410908e-04
5.600000e+08	1.076128e+13	0.000000e+00	3.467336e-01	2.122092e+14	1.488909e+15	6.166252e+14	1.406352e+04	7.329649e+03	2.325947e+03	0	9.367020e-04
5.700000e+08	1.061243e+13	0.000000e+00	3.467336e-01	2.098837e+14	1.471682e+15	6.135813e+14	1.404207e+04	7.319145e+03	2.322614e+03	0	9.323631e-04
5.800000e+08	1.046661e+13	0.000000e+00	3.467336e-01	2.076049e+14	1.454884e+15	6.105590e+14	1.402086e+04	7.308830e+03	2.319340e+03	0	9.280731e-04
5.900000e+08	1.032373e+13	0.000000e+00	3.467336e-01	2.053713e+14	1.438500e+15	6.075581e+14	1.399988e+04	7.298696e+03	2.316125e+03	0	9.238307e-04
6.000000e+08	1.018371e+13	0.000000e+00	3.467336e-01	2.031817e+14	1.422513e+15	6.045784e+14	1.397912e+04	7.288738e+03	2.312965e+03	0	9.196349e-04
6.100000e+08	1.004645e+13	0.000000e+00	3.467336e-01	2.010347e+14	1.406910e+15	6.016198e+14	1.395859e+04	7.278952e+03	2.309859e+03	0	9.154847e-04
6.200000e+08	9.911896e+12	0.000000e+00	3.467336e-01	1.989293e+14	1.391676e+15	5.986821e+14	1.393827e+04	7.269332e+03	2.306806e+03	0	9.113791e-04
6.300000e+08	9.779953e+12	0.000000e+00	3.467336e-01	1.968641e+14	1.376797e+15	5.957652e+14	1.391816e+04	7.259873e+03	2.303805e+03	0	9.073170e-04
6.400000e+08	9.650553e+12	0.000000e+00	3.467336e-01	1.948380e+14	1.362262e+15	5.928688e+14	1.389826e+04	7.250570e+03	2.300853e+03	0	9.032977e-04
6.500000e+08	9.523625e+12	0.000000e+00	3.467336e-01	1.928501e+14	1.348057e+15	5.899928e+14	1.387856e+04	7.241420e+03	2.297949e+03	0	8.993200e-04
6.600000e+08	9.399101e+12	0.000000e+00	3.467336e-01	1.908992e+14	1.334172e+15	5.871371e+14	1.385907e+04	7.232418e+03	2.295092e+03	0	8.953831e-04
6.700000e+08	9.276914e+12	0.000000e+00	3.467336e-01	1.889843e+14	1.320596e+15	5.843014e+14	1.383977e+04	7.223559e+03	2.292281e+03	0	8.914863e-04
6.800000e+08	9.157002e+12	0.000000e+00	3.467336e-01	1.871045e+14	1.307317e+15	5.814857e+14	1.382066e+04	7.214841e+03	2.289514e+03	0	8.876285e-04
6.900000e+08	9.039302e+12	0.000000e+00	3.467336e-01	1.852588e+14	1.294326e+15	5.786897e+14	1.380175e+04	7.206258e+03	2.286791e+03	0	8.838091e-04
7.000000e+08	8.923757e+12	0.000000e+00	3.467336e-01	1.834463e+14	1.281614e+15	5.759133e+14	1.378302e+04	7.197807e+03	2.284109e+03	0	8.800271e-04
7.100000e+08	8.810309e+12	0.000000e+00	3.467336e-01	1.816662e+14	1.269171e+15	5.731563e+14	1.376447e+04	7.189485e+03	2.281468e+03	0	8.762819e-04
7.200000e+08	8.698902e+12	0.000000e+00	3.467336e-01	1.799175e+14	1.256988e+15	5.704186e+14	1.374610e+04	7.181289e+03	2.278867e+03	0	8.725727e-04
7.300000e+08	8.589485e+12	0.000000e+00	3.467336e-01	1.781996e+14	1.245057e+15	5.677001e+14	1.372791e+04	7.173214e+03	2.276305e+03	0	8.688988e-04
7.400000e+08	8.482004e+12	0.000000e+00	3.467336e-01	1.765115e+14	1.233370e+15	5.650005e+14	1.370989e+04	7.165258e+03	2.273780e+03	0	8.652594e-04
7.500000e+08	8.376412e+12	0.000000e+00	3.467336e-01	1.748525e+14	1.221919e+15	5.623198e+14	1.369204e+04	7.157418e+03	2.271292e+03	0	8.616538e-04
7.600000e+08	8.272660e+12	0.000000e+00	3.467336e-01	1.732220e+14	1.210697e+15	5.596577e+14	1.367436e+04	7.149690e+03	2.268840e+03	0	8.580815e-04
7.700000e+08	8.170701e+12	0.000000e+00	3.467336e-01	1.716191e+14	1.199697e+15	5.570142e+14	1.365684e+04	7.142073e+03	2.266423e+03	0	8.545417e-04
7.800000e+08	8.070491e+12	0.000000e+00	3.467336e-01	1.700433e+14	1.188911e+15	5.543890e+14	1.363949e+04	7.134562e+03	2.264039e+03	0	8.510338e-04
7.900000e+08	7.971986e+12	0.000000e+00	3.467336e-01	1.684938e+14	1.178334e+15	5.517820e+14	1.362229e+04	7.127156e+03	2.261689e+03	0	8.475571e-04
8.000000e+08	7.875145e+12	0.000000e+00	3.467336e-01	1.669700e+14	1.167959e+15	5.491932e+14	1.360525e+04	7.119852e+03	2.259371e+03	0	8.441112e-04
8.100000e+08	7.779926e+12	0.000000e+00	3.467336e-01	1.654712e+14	1.157780e+15	5.466222e+14	1.358836e+04	7.112647e+03	2.257085e+03	0	8.406953e-04
8.200000e+08	7.686292e+12	0.000000e+00	3.467336e-01	1.639969e+14	1.147792e+15	5.440691e+14	1.357163e+04	7.105539e+03	2.254829e+03	0	8.373090e-04
8.300000e+08	7.594202e+12	0.000000e+00	3.467336e-01	1.625466e+14	1.137988e+15	5.415336e+14	1.355504e+04	7.098525e+03	2.252604e+03	0	8.339516e-04
8.400000e+08	7.503622e+12	0.000000e+00	3.467336e-01	1.611195e+14	1.128364e+15	5.390157e+14	1.353860e+04	7.091604e+03	2.250407e+03	0	8.306227e-04
8.500000e+08	7.414514e+12	0.000000e+00	3.467336e-01	1.597152e+14	1.118914e+15	5.365151e+14	1.352230e+04	7.084773e+03	2.248240e+03	0	8.273216e-04
8.600000e+08	7.326845e+12	0.000000e+00	3.467336e-01	1.583331e+14	1.109633e+15	5.340317e+14	1.350615e+04	7.078030e+03	2.246100e+03	0	8.240479e-04
8.700000e+08	7.240580e+12	0.000000e+00	3.467336e-01	1.569728e+14	1.100517e+15	5.315654e+14	1.349013e+04	7.071373e+03	2.243987e+03	0	8.208011e-04
8.800000e+08	7.155688e+12	0.000000e+00	3.467336e-01	1.556337e+14	1.091562e+15	5.291161e+14	1.347425e+04	7.064799e+03	2.241901e+03	0	8.175807e-04
8.900000e+08	7.072137e+12	0.000000e+00	3.467336e-01	1.543153e+14	1.082761e+15	5.266837e+14	1.345851e+04	7.058308e+03	2.239841e+03	0	8.143861e-04
9.000000e+08	6.989896e+12	0.000000e+00	3.467336e-01	1.530172e+14	1.074113e+15	5.242679e+14	1.344290e+04	7.051897e+03	2.237807e+03	0	8.112170e-04
9.100000e+08	6.908936e+12	0.000000e+00	3.467336e-01	1.517389e+14	1.065611e+15	5.218687e+14	1.342742e+04	7.045564e+03	2.235797e+03	0	8.080729e-04
9.200000e+08	6.829228e+12	0.000000e+00	3.467336e-01	1.504801e+14	1.057253e+15	5.194859e+14	1.341207e+04	7.039308e+03	2.233812e+03	0	8.049533e-04
9.300000e+08	6.750743e+12	0.000000e+00	3.467336e-01	1.492401e+14	1.049035e+15	5.171194e+14	1.339684e+04	7.033127e+03	2.231850e+03	0	8.018578e-04
9.400000e+08	6.673455e+12	0.000000e+00	3.467336e-01	1.480187e+14	1.040952e+15	5.147691e+14	1.338175e+04	7.027019e+03	2.229912e+03	0	7.987859e-04
9.500000e+08	6.597338e+12	0.000000e+00	3.467336e-01	1.468154e+14	1.033002e+15	5.124348e+14	1.336677e+04	7.020982e+03	2.227997e+03	0	7.957373e-04
9.600000e+08	6.522365e+12	0.000000e+00	3.467336e-01	1.456298e+14	1.025181e+15	5.101165e+14	1.335192e+04	7.015016e+03	2.226103e+03	0	7.927116e-04
9.700000e+08	6.448513e+12	0.000000e+00	3.467336e-01	1.444616e+14	1.017485e+15	5.078139e+14	1.333718e+04	7.009118e+03	2.224232e+03	0	7.897083e-04
9.800000e+08	6.375757e+12	0.000000e+00	3.467336e-01	1.433104e+14	1.009912e+15	5.055270e+14	1.332256e+04	7.003287e+03	2.222381e+03	0	7.867270e-04
9.900000e+08	6.304073e+12	0.000000e+00	3.467336e-01	1.421758e+14	1.002458e+15	5.032557e+14	1.330806e+04	6.997522e+03	2.220552e+03	0	7.837674e-04
1.000000e+09	6.233439e+12	0.000000e+00	3.467336e-01	1.410574e+14	9.951209e+14	5.009997e+14	1.329368e+04	6.991822e+03	2.218743e+03	0	7.808292e-04
1.010000e+09	6.163832e+12	0.000000e+00	3.467336e-01	1.399550e+14	9.878971e+14	4.987591e+14	1.327941e+04	6.986184e+03	2.216954e+03	0	7.779119e-04
1.020000e+09	6.095231e+12	0.000000e+00	3.467336e-01	1.388682e+14	9.807842e+14	4.965336e+14	1.326524e+04	6.980608e+03	2.215184e+03	0	7.750152e-04
1.030000e+09	6.027616e+12	0.000000e+00	3.467336e-01	1.377967e+14	9.737793e+14	4.943233e+14	1.325119e+04	6.975092e+03	2.213434e+03	0	7.721387e-04
1.040000e+09	5.960965e+12	0.000000e+00	3.467336e-01	1.367401e+14	9.668799e+14	4.921278e+14	1.323725e+04	6.969636e+03	2.211703e+03	0	7.692822e-04
1.050000e+09	5.895259e+12	0.000000e+00	3.467336e-01	1.356982e+14	9.600835e+14	4.899472e+14	1.322341e+04	6.964237e+03	2.209989e+03	0	7.664452e-04
1.060000e+09	5.830478e+12	0.000000e+00	3.467336e-01	1.346706e+14	9.533877e+14	4.877812e+14	1.320968e+04	6.958896e+03	2.208294e+03	0	7.636275e-04
1.070000e+09	5.766604e+12	0.000000e+00	3.467336e-01	1.336572e+14	9.467900e+14	4.856299e+14	1.319605e+04	6.953610e+03	2.206617e+03	0	7.608287e-04
1.080000e+09	5.703619e+12	0.000000e+00	3.467336e-01	1.326575e+14	9.402882e+14	4.834931e+14	1.318252e+04	6.948378e+03	2.204957e+03	0	7.580485e-04
1.090000e+09	5.641505e+12	0.000000e+00	3.467336e-01	1.316713e+14	9.338801e+14	4.813706e+14	1.316910e+04	6.943200e+03	2.203314e+03	0	7.552866e-04
1.100000e+09	5.580244e+12	0.000000e+00	3.467336e-01	1.306984e+14	9.275635e+14	4.792623e+14	1.315577e+04	6.938074e+03	2.201687e+03	0	7.525428e-04
1.110000e+09	5.519819e+12	0.000000e+00	3.467336e-01	1.297384e+14	9.213364e+14	4.771682e+14	1.314255e+04	6.933000e+03	2.200077e+03	0	7.498167e-04
1.120000e+09	5.460215e+12	0.000000e+00	3.467336e-01	1.287912e+14	9.151968e+14	4.750882e+14	1.312941e+04	6.927977e+03	2.198483e+03	0	7.471080e-04
1.130000e+09	5.401414e+12	0.000000e+00	3.467336e-01	1.278565e+14	9.091427e+14	4.730220e+14	1.311638e+04	6.923003e+03	2.196904e+03	0	7.444165e-04
1.140000e+09	5.343402e+12	0.000000e+00	3.467336e-01	1.269341e+14	9.031722e+14	4.709697e+14	1.310344e+04	6.918077e+03	2.195341e+03	0	7.417418e-04
1.150000e+09	5.286164e+12	0.000000e+00	3.467336e-01	1.260236e+14	8.972835e+14	4.689310e+14	1.309059e+04	6.913199e+03	2.193793e+03	0	7.390838e-04
1.160000e+09	5.229683e+12	0.000000e+00	3.467336e-01	1.251250e+14	8.914748e+14	4.669060e+14	1.307784e+04	6.908368e+03	2.192260e+03	0	7.364421e-04
1.170000e+09	5.173947e+12	0.000000e+00	3.467336e-01	1.242379e+14	8.857443e+14	4.648944e+14	1.306517e+04	6.903583e+03	2.190742e+03	0	7.338165e-04
1.180000e+09	5.118941e+12	0.000000e+00	3.467336e-01	1.233621e+14	8.800905e+14	4.628963e+14	1.305260e+04	6.898842e+03	2.189237e+03	0	7.312067e-04
1.190000e+09	5.064651e+12	0.000000e+00	3.467336e-01	1.224975e+14	8.745116e+14	4.609114e+14	1.304011e+04	6.894146e+03	2.187747e+03	0	7.286126e-04
1.200000e+09	5.011064e+12	0.000000e+00	3.467336e-01	1.216439e+14	8.690061e+14	4.589397e+14	1.302771e+04	6.889494e+03	2.186271e+03	0	7.260337e-04
1.210000e+09	4.958166e+12	0.000000e+00	3.467336e-01	1.208009e+14	8.635724e+14	4.569811e+14	1.301540e+04	6.884884e+03	2.184808e+03	0	7.234700e-04
1.220000e+09	4.905945e+12	0.000000e+00	3.467336e-01	1.199685e+14	8.582092e+14	4.550354e+14	1.300317e+04	6.880316e+03	2.183358e+03	0	7.209211e-04
1.230000e+09	4.854389e+12	0.000000e+00	3.467336e-01	1.191465e+14	8.529148e+14	4.531027e+14	1.299103e+04	6.875789e+03	2.181922e+03	0	7.183868e-04
1.240000e+09	4.803485e+12	0.000000e+00	3.467336e-01	1.183345e+14	8.476879e+14	4.511826e+14	1.297896e+04	6.871302e+03	2.180498e+03	0	7.158669e-04
1.250000e+09	4.753222e+12	0.000000e+00	3.467336e-01	1.175326e+14	8.425271e+14	4.492753e+14	1.296699e+04	6.866855e+03	2.179087e+03	0	7.133613e-04
1.260000e+09	4.703588e+12	0.000000e+00	3.467336e-01	1.167404e+14	8.374312e+14	4.473806e+14	1.295509e+04	6.862447e+03	2.177688e+03	0	7.108695e-04
1.270000e+09	4.654571e+12	0.000000e+00	3.467336e-01	1.159579e+14	8.323987e+14	4.454983e+14	1.294327e+04	6.858078e+03	2.176301e+03	0	7.083916e-04
1.280000e+09	4.606161e+12	0.000000e+00	3.467336e-01	1.151848e+14	8.274285e+14	4.436284e+14	1.293153e+04	6.853746e+03	2.174927e+03	0	7.059271e-04
1.290000e+09	4.558347e+12	0.000000e+00	3.467336e-01	1.144210e+14	8.225193e+14	4.417708e+14	1.291987e+04	6.849451e+03	2.173564e+03	0	7.034760e-04
1.300000e+09	4.511119e+12	0.000000e+00	3.467336e-01	1.136663e+14	8.176700e+14	4.399254e+14	1.290829e+04	6.845193e+03	2.172213e+03	0	7.010380e-04
1.310000e+09	4.464465e+12	0.000000e+00	3.467336e-01	1.129206e+14	8.128793e+14	4.380921e+14	1.289678e+04	6.840970e+03	2.170873e+03	0	6.986129e-04
1.320000e+09	4.418376e+12	0.000000e+00	3.467336e-01	1.121837e+14	8.081461e+14	4.362708e+14	1.288535e+04	6.836783e+03	2.169544e+03	0	6.962006e-04
1.330000e+09	4.372843e+12	0.000000e+00	3.467336e-01	1.114554e+14	8.034694e+14	4.344614e+14	1.287399e+04	6.832630e+03	2.168226e+03	0	6.938008e-04
1.340000e+09	4.327855e+12	0.000000e+00	3.467336e-01	1.107357e+14	7.988480e+14	4.326638e+14	1.286270e+04	6.828512e+03	2.166919e+03	0	6.914133e-04
1.350000e+09	4.283404e+12	0.000000e+00	3.467336e-01	1.100243e+14	7.942810e+14	4.308780e+14	1.285149e+04	6.824426e+03	2.165623e+03	0	6.890380e-04
1.360000e+09	4.239479e+12	0.000000e+00	3.467336e-01	1.093211e+14	7.897673e+14	4.291038e+14	1.284035e+04	6.820374e+03	2.164337e+03	0	6.866746e-04
1.370000e+09	4.196073e+12	0.000000e+00	3.467336e-01	1.086260e+14	7.853059e+14	4.273411e+14	1.282928e+04	6.816355e+03	2.163061e+03	0	6.843230e-04
1.380000e+09	4.153176e+12	0.000000e+00	3.467336e-01	1.079388e+14	7.808958e+14	4.255899e+14	1.281829e+04	6.812367e+03	2.161796e+03	0	6.819831e-04
1.390000e+09	4.110780e+12	0.000000e+00	3.467336e-01	1.072595e+14	7.765362e+14	4.238501e+14	1.280736e+04	6.808410e+03	2.160540e+03	0	6.796546e-04
1.400000e+09	4.068877e+12	0.000000e+00	3.467336e-01	1.065879e+14	7.722260e+14	4.221216e+14	1.279650e+04	6.804485e+03	2.159295e+03	0	6.773373e-04
1.410000e+09	4.027457e+12	0.000000e+00	3.467336e-01	1.059238e+14	7.679645e+14	4.204043e+14	1.278570e+04	6.800590e+03	2.158058e+03	0	6.750311e-04
1.420000e+09	3.986514e+12	0.000000e+00	3.467336e-01	1.052671e+14	7.637507e+14	4.186981e+14	1.277498e+04	6.796724e+03	2.156832e+03	0	6.727359e-04
1.430000e+09	3.946040e+12	0.000000e+00	3.467336e-01	1.046178e+14	7.595837e+14	4.170029e+14	1.276432e+04	6.792889e+03	2.155615e+03	0	6.704514e-04
1.440000e+09	3.906026e+12	0.000000e+00	3.467336e-01	1.039756e+14	7.554629e+14	4.153186e+14	1.275373e+04	6.789082e+03	2.154407e+03	0	6.681775e-04
1.450000e+09	3.866465e+12	0.000000e+00	3.467336e-01	1.033406e+14	7.513872e+14	4.136453e+14	1.274320e+04	6.785304e+03	2.153208e+03	0	6.659141e-04
1.460000e+09	3.827351e+12	0.000000e+00	3.467336e-01	1.027125e+14	7.473561e+14	4.119827e+14	1.273273e+04	6.781554e+03	2.152018e+03	0	6.636609e-04
1.470000e+09	3.788675e+12	0.000000e+00	3.467336e-01	1.020912e+14	7.433686e+14	4.103308e+14	1.272233e+04	6.777832e+03	2.150837e+03	0	6.614179e-04
1.480000e+09	3.750431e+12	0.000000e+00	3.467336e-01	1.014768e+14	7.394240e+14	4.086895e+14	1.271200e+04	6.774137e+03	2.149664e+03	0	6.591848e-04
1.490000e+09	3.712611e+12	0.000000e+00	3.467336e-01	1.008689e+14	7.355217e+14	4.070587e+14	1.270172e+04	6.770469e+03	2.148500e+03	0	6.569616e-04
1.500000e+09	3.675210e+12	0.000000e+00	3.467336e-01	1.002676e+14	7.316609e+14	4.054384e+14	1.269151e+04	6.766828e+03	2.147345e+03	0	6.547480e-04
1.510000e+09	3.638220e+12	0.000000e+00	3.467336e-01	9.967270e+13	7.278408e+14	4.038285e+14	1.268135e+04	6.763212e+03	2.146197e+03	0	6.525440e-04
1.520000e+09	3.601635e+12	0.000000e+00	3.467336e-01	9.908414e+13	7.240608e+14	4.022289e+14	1.267126e+04	6.759623e+03	2.145058e+03	0	6.503494e-04
1.530000e+09	3.565449e+12	0.000000e+00	3.467336e-01	9.850183e+13	7.203203e+14	4.006395e+14	1.266122e+04	6.756058e+03	2.143927e+03	0	6.481640e-04
1.540000e+09	3.529655e+12	0.000000e+00	3.467336e-01	9.792565e+13	7.166186e+14	3.990602e+14	1.265125e+04	6.752519e+03	2.142804e+03	0	6.459877e-04
1.550000e+09	3.494248e+12	0.000000e+00	3.467336e-01	9.735552e+13	7.129550e+14	3.974910e+14	1.264133e+04	6.749005e+03	2.141689e+03	0	6.438204e-04
1.560000e+09	3.459221e+12	0.000000e+00	3.467336e-01	9.679134e+13	7.093289e+14	3.959318e+14	1.263147e+04	6.745514e+03	2.140581e+03	0	6.416619e-04
1.570000e+09	3.424569e+12	0.000000e+00	3.467336e-01	9.623303e+13	7.057398e+14	3.943825e+14	1.262167e+04	6.742048e+03	2.139481e+03	0	6.395121e-04
1.580000e+09	3.390285e+12	0.000000e+00	3.467336e-01	9.568049e+13	7.021870e+14	3.928430e+14	1.261192e+04	6.738605e+03	2.138389e+03	0	6.373709e-04
1.590000e+09	3.356365e+12	0.000000e+00	3.467336e-01	9.513364e+13	6.986700e+14	3.913133e+14	1.260223e+04	6.735186e+03	2.137304e+03	0	6.352381e-04
1.600000e+09	3.322803e+12	0.000000e+00	3.467336e-01	9.459239e+13	6.951881e+14	3.897933e+14	1.259260e+04	6.731789e+03	2.136226e+03	0	6.331136e-04
1.610000e+09	3.289593e+12	0.000000e+00	3.467336e-01	9.405666e+13	6.917408e+14	3.882829e+14	1.258302e+04	6.728416e+03	2.135155e+03	0	6.309973e-04
1.620000e+09	3.256730e+12	0.000000e+00	3.467336e-01	9.352636e+13	6.883276e+14	3.867820e+14	1.257349e+04	6.725064e+03	2.134092e+03	0	6.288891e-04
1.630000e+09	3.224209e+12	0.000000e+00	3.467336e-01	9.300143e+13	6.849480e+14	3.852906e+14	1.256402e+04	6.721735e+03	2.133035e+03	0	6.267888e-04
1.640000e+09	3.192025e+12	0.000000e+00	3.467336e-01	9.248177e+13	6.816014e+14	3.838087e+14	1.255460e+04	6.718427e+03	2.131986e+03	0	6.246963e-04
1.650000e+09	3.160173e+12	0.000000e+00	3.467336e-01	9.196732e+13	6.782873e+14	3.823360e+14	1.254523e+04	6.715141e+03	2.130943e+03	0	6.226114e-04
1.660000e+09	3.128648e+12	0.000000e+00	3.467336e-01	9.145799e+13	6.750053e+14	3.808726e+14	1.253592e+04	6.711876e+03	2.129907e+03	0	6.205342e-04
1.670000e+09	3.097445e+12	0.000000e+00	3.467336e-01	9.095372e+13	6.717547e+14	3.794184e+14	1.252666e+04	6.708632e+03	2.128877e+03	0	6.184644e-04
1.680000e+09	3.066560e+12	0.000000e+00	3.467336e-01	9.045443e+13	6.685353e+14	3.779733e+14	1.251744e+04	6.705408e+03	2.127854e+03	0	6.164019e-04
1.690000e+09	3.035988e+12	0.000000e+00	3.467336e-01	8.996004e+13	6.653464e+14	3.765372e+14	1.250828e+04	6.702205e+03	2.126838e+03	0	6.143466e-04
1.700000e+09	3.005724e+12	0.000000e+00	3.467336e-01	8.947049e+13	6.621877e+14	3.751102e+14	1.249917e+04	6.699021e+03	2.125827e+03	0	6.122985e-04
1.710000e+09	2.975764e+12	0.000000e+00	3.467336e-01	8.898571e+13	6.590586e+14	3.736920e+14	1.249011e+04	6.695858e+03	2.124824e+03	0	6.102573e-04
1.720000e+09	2.946104e+12	0.000000e+00	3.467336e-01	8.850564e+13	6.559588e+14	3.722827e+14	1.248109e+04	6.692714e+03	2.123826e+03	0	6.082230e-04
1.730000e+09	2.916739e+12	0.000000e+00	3.467336e-01	8.803020e+13	6.528878e+14	3.708822e+14	1.247213e+04	6.689590e+03	2.122834e+03	0	6.061955e-04
1.740000e+09	2.887666e+12	0.000000e+00	3.467336e-01	8.755933e+13	6.498453e+14	3.694904e+14	1.246321e+04	6.686484e+03	2.121849e+03	0	6.041746e-04
1.750000e+09	2.858880e+12	0.000000e+00	3.467336e-01	8.709297e+13	6.468307e+14	3.681073e+14	1.245434e+04	6.683398e+03	2.120869e+03	0	6.021603e-04
1.760000e+09	2.830376e+12	0.000000e+00	3.467336e-01	8.663105e+13	6.438437e+14	3.667328e+14	1.244552e+04	6.680330e+03	2.119896e+03	0	6.001524e-04
1.770000e+09	2.802152e+12	0.000000e+00	3.467336e-01	8.617352e+13	6.408839e+14	3.653667e+14	1.243675e+04	6.677280e+03	2.118928e+03	0	5.981509e-04
1.780000e+09	2.774203e+12	0.000000e+00	3.467336e-01	8.572031e+13	6.379508e+14	3.640092e+14	1.242802e+04	6.674248e+03	2.117966e+03	0	5.961555e-04
1.790000e+09	2.746526e+12	0.000000e+00	3.467336e-01	8.527137e+13	6.350443e+14	3.626600e+14	1.241933e+04	6.671235e+03	2.117010e+03	0	5.941663e-04
1.800000e+09	2.719116e+12	0.000000e+00	3.467336e-01	8.482663e+13	6.321637e+14	3.613192e+14	1.241070e+04	6.668239e+03	2.116059e+03	0	5.921832e-04
1.810000e+09	2.691970e+12	0.000000e+00	3.467336e-01	8.438604e+13	6.293089e+14	3.599866e+14	1.240210e+04	6.665260e+03	2.115114e+03	0	5.902059e-04
1.820000e+09	2.665085e+12	0.000000e+00	3.467336e-01	8.394954e+13	6.264794e+14	3.586623e+14	1.239355e+04	6.662299e+03	2.114174e+03	0	5.882345e-04
1.830000e+09	2.638456e+12	0.000000e+00	3.467336e-01	8.351708e+13	6.236748e+14	3.573461e+14	1.238505e+04	6.659355e+03	2.113240e+03	0	5.862688e-04
1.840000e+09	2.612081e+12	0.000000e+00	3.467336e-01	8.308860e+13	6.208949e+14	3.560379e+14	1.237659e+04	6.656427e+03	2.112311e+03	0	5.843087e-04
1.850000e+09	2.585956e+12	0.000000e+00	3.467336e-01	8.266406e+13	6.181393e+14	3.547379e+14	1.236817e+04	6.653517e+03	2.111387e+03	0	5.823542e-04
1.860000e+09	2.560077e+12	0.000000e+00	3.467336e-01	8.224339e+13	6.154077e+14	3.534458e+14	1.235980e+04	6.650623e+03	2.110469e+03	0	5.804050e-04
1.870000e+09	2.534442e+12	0.000000e+00	3.467336e-01	8.182655e+13	6.126997e+14	3.521616e+14	1.235147e+04	6.647745e+03	2.109556e+03	0	5.784612e-04
1.880000e+09	2.509047e+12	0.000000e+00	3.467336e-01	8.141349e+13	6.100150e+14	3.508852e+14	1.234318e+04	6.644883e+03	2.108647e+03	0	5.765227e-04
1.890000e+09	2.483888e+12	0.000000e+00	3.467336e-01	8.100415e+13	6.073534e+14	3.496167e+14	1.233493e+04	6.642037e+03	2.107744e+03	0	5.745892e-04
1.900000e+09	2.458963e+12	0.000000e+00	3.467336e-01	8.059850e+13	6.047145e+14	3.483559e+14	1.232672e+04	6.639206e+03	2.106846e+03	0	5.726609e-04
1.910000e+09	2.434269e+12	0.000000e+00	3.467336e-01	8.019647e+13	6.020979e+14	3.471027e+14	1.231856e+04	6.636391e+03	2.105953e+03	0	5.707374e-04
1.920000e+09	2.409803e+12	0.000000e+00	3.467336e-01	7.979803e+13	5.995035e+14	3.458572e+14	1.231043e+04	6.633592e+03	2.105064e+03	0	5.688188e-04
1.930000e+09	2.385561e+12	0.000000e+00	3.467336e-01	7.940312e+13	5.969309e+14	3.446193e+14	1.230235e+04	6.630808e+03	2.104181e+03	0	5.669050e-04
1.940000e+09	2.361540e+12	0.000000e+00	3.467336e-01	7.901171e+13	5.943798e+14	3.433889e+14	1.229430e+04	6.628038e+03	2.103302e+03	0	5.649959e-04
1.950000e+09	2.337739e+12	0.000000e+00	3.467336e-01	7.862374e+13	5.918500e+14	3.421659e+14	1.228630e+04	6.625284e+03	2.102428e+03	0	5.630913e-04
1.960000e+09	2.314154e+12	0.000000e+00	3.467336e-01	7.823918e+13	5.893412e+14	3.409504e+14	1.227833e+04	6.622544e+03	2.101559e+03	0	5.611912e-04
1.970000e+09	2.290781e+12	0.000000e+00	3.467336e-01	7.785797e+13	5.868531e+14	3.397421e+14	1.227041e+04	6.619819e+03	2.100694e+03	0	5.592956e-04
1.980000e+09	2.267620e+12	0.000000e+00	3.467336e-01	7.748009e+13	5.843855e+14	3.385412e+14	1.226252e+04	6.617108e+03	2.099834e+03	0	5.574042e-04
1.990000e+09	2.244666e+12	0.000000e+00	3.467336e-01	7.710548e+13	5.819380e+14	3.373475e+14	1.225467e+04	6.614411e+03	2.098978e+03	0	5.555170e-04
2.000000e+09	2.221917e+12	0.000000e+00	3.467336e-01	7.673410e+13	5.795105e+14	3.361610e+14	1.224686e+04	6.611729e+03	2.098126e+03	0	5.536340e-04
2.010000e+09	2.199371e+12	0.000000e+00	3.467336e-01	7.636592e+13	5.771027e+14	3.349817e+14	1.223908e+04	6.609060e+03	2.097280e+03	0	5.517551e-04
2.020000e+09	2.177025e+12	0.000000e+00	3.467336e-01	7.600089e+13	5.747143e+14	3.338094e+14	1.223135e+04	6.606405e+03	2.096437e+03	0	5.498801e-04
2.030000e+09	2.154877e+12	0.000000e+00	3.467336e-01	7.563898e+13	5.723451e+14	3.326442e+14	1.222365e+04	6.603763e+03	2.095599e+03	0	5.480089e-04
2.040000e+09	2.132923e+12	0.000000e+00	3.467336e-01	7.528015e+13	5.699949e+14	3.314859e+14	1.221598e+04	6.601135e+03	2.094765e+03	0	5.461416e-04
2.050000e+09	2.111162e+12	0.000000e+00	3.467336e-01	7.492436e+13	5.676634e+14	3.303346e+14	1.220835e+04	6.598521e+03	2.093935e+03	0	5.442779e-04
2.060000e+09	2.089592e+12	0.000000e+00	3.467336e-01	7.457157e+13	5.653504e+14	3.291901e+14	1.220076e+04	6.595919e+03	2.093110e+03	0	5.424178e-04
2.070000e+09	2.068209e+12	0.000000e+00	3.467336e-01	7.422174e+13	5.630556e+14	3.280525e+14	1.219321e+04	6.593330e+03	2.092288e+03	0	5.405613e-04
2.080000e+09	2.047012e+12	0.000000e+00	3.467336e-01	7.387484e+13	5.607790e+14	3.269216e+14	1.218569e+04	6.590755e+03	2.091471e+03	0	5.387082e-04
2.090000e+09	2.025998e+12	0.000000e+00	3.467336e-01	7.353084e+13	5.585201e+14	3.257975e+14	1.217820e+04	6.588192e+03	2.090657e+03	0	5.368585e-04
2.100000e+09	2.005165e+12	0.000000e+00	3.467336e-01	7.318970e+13	5.562789e+14	3.246800e+14	1.217075e+04	6.585642e+03	2.089848e+03	0	5.350120e-04
2.110000e+09	1.984511e+12	0.000000e+00	3.467336e-01	7.285138e+13	5.540551e+14	3.235692e+14	1.216334e+04	6.583104e+03	2.089043e+03	0	5.331687e-04
2.120000e+09	1.964034e+12	0.000000e+00	3.467336e-01	7.251586e+13	5.518485e+14	3.224650e+14	1.215595e+04	6.580579e+03	2.088241e+03	0	5.313286e-04
2.130000e+09	1.943731e+12	0.000000e+00	3.467336e-01	7.218309e+13	5.496589e+14	3.213673e+14	1.214861e+04	6.578065e+03	2.087444e+03	0	5.294914e-04
2.140000e+09	1.923601e+12	0.000000e+00	3.467336e-01	7.185304e+13	5.474861e+14	3.202761e+14	1.214129e+04	6.575564e+03	2.086650e+03	0	5.276571e-04
2.150000e+09	1.903641e+12	0.000000e+00	3.467336e-01	7.152569e+13	5.453299e+14	3.191913e+14	1.213401e+04	6.573075e+03	2.085860e+03	0	5.258257e-04
2.160000e+09	1.883850e+12	0.000000e+00	3.467336e-01	7.120100e+13	5.431901e+14	3.181130e+14	1.212676e+04	6.570598e+03	2.085074e+03	0	5.239971e-04
2.170000e+09	1.864224e+12	0.000000e+00	3.467336e-01	7.087894e+13	5.410665e+14	3.170410e+14	1.211955e+04	6.568133e+03	2.084292e+03	0	5.221711e-04
2.180000e+09	1.844763e+12	0.000000e+00	3.467336e-01	7.055948e+13	5.389590e+14	3.159752e+14	1.211237e+04	6.565679e+03	2.083513e+03	0	5.203478e-04
2.190000e+09	1.825465e+12	0.000000e+00	3.467336e-01	7.024259e+13	5.368673e+14	3.149158e+14	1.210522e+04	6.563237e+03	2.082738e+03	0	5.185269e-04
2.200000e+09	1.806327e+12	0.000000e+00	3.467336e-01	6.992824e+13	5.347913e+14	3.138625e+14	1.209810e+04	6.560806e+03	2.081967e+03	0	5.167085e-04
2.210000e+09	1.787348e+12	0.000000e+00	3.467336e-01	6.961640e+13	5.327307e+14	3.128155e+14	1.209101e+04	6.558387e+03	2.081199e+03	0	5.148924e-04
2.220000e+09	1.768525e+12	0.000000e+00	3.467336e-01	6.930703e+13	5.306855e+14	3.117745e+14	1.208396e+04	6.555979e+03	2.080435e+03	0	5.130786e-04
2.230000e+09	1.749858e+12	0.000000e+00	3.467336e-01	6.900012e+13	5.286554e+14	3.107396e+14	1.207694e+04	6.553582e+03	2.079674e+03	0	5.112669e-04
2.240000e+09	1.731343e+12	0.000000e+00	3.467336e-01	6.869564e+13	5.266403e+14	3.097108e+14	1.206994e+04	6.551196e+03	2.078917e+03	0	5.094574e-04
2.250000e+09	1.712980e+12	0.000000e+00	3.467336e-01	6.839355e+13	5.246400e+14	3.086879e+14	1.206298e+04	6.548820e+03	2.078164e+03	0	5.076498e-04
2.260000e+09	1.694767e+12	0.000000e+00	3.467336e-01	6.809383e+13	5.226543e+14	3.076710e+14	1.205605e+04	6.546456e+03	2.077413e+03	0	5.058442e-04
2.270000e+09	1.676701e+12	0.000000e+00	3.467336e-01	6.779645e+13	5.206832e+14	3.066600e+14	1.204915e+04	6.544102e+03	2.076666e+03	0	5.040404e-04
2.280000e+09	1.658782e+12	0.000000e+00	3.467336e-01	6.750139e+13	5.187263e+14	3.056549e+14	1.204228e+04	6.541759e+03	2.075923e+03	0	5.022384e-04
2.290000e+09	1.641007e+12	0.000000e+00	3.467336e-01	6.720862e+13	5.167835e+14	3.046556e+14	1.203544e+04	6.539426e+03	2.075183e+03	0	5.004380e-04
2.300000e+09	1.623375e+12	0.000000e+00	3.467336e-01	6.691812e+13	5.148548e+14	3.036621e+14	1.202863e+04	6.537104e+03	2.074446e+03	0	4.986392e-04
2.310000e+09	1.605885e+12	0.000000e+00	3.467336e-01	6.662985e+13	5.129400e+14	3.026743e+14	1.202185e+04	6.534792e+03	2.073712e+03	0	4.968420e-04
2.320000e+09	1.588534e+12	0.000000e+00	3.467336e-01	6.634380e+13	5.110388e+14	3.016922e+14	1.201510e+04	6.532491e+03	2.072982e+03	0	4.950461e-04
2.330000e+09	1.571321e+12	0.000000e+00	3.467336e-01	6.605994e+13	5.091512e+14	3.007157e+14	1.200837e+04	6.530199e+03	2.072254e+03	0	4.932516e-04
2.340000e+09	1.554245e+12	0.000000e+00	3.467336e-01	6.577824e+13	5.072770e+14	2.997449e+14	1.200168e+04	6.527917e+03	2.071530e+03	0	4.914583e-04
2.350000e+09	1.537304e+12	0.000000e+00	3.467336e-01	6.549869e+13	5.054160e+14	2.987797e+14	1.199501e+04	6.525646e+03	2.070809e+03	0	4.896661e-04
2.360000e+09	1.520497e+12	0.000000e+00	3.467336e-01	6.522125e+13	5.035682e+14	2.978200e+14	1.198837e+04	6.523384e+03	2.070092e+03	0	4.878751e-04
2.370000e+09	1.503821e+12	0.000000e+00	3.467336e-01	6.494591e+13	5.017333e+14	2.968658e+14	1.198177e+04	6.521132e+03	2.069377e+03	0	4.860850e-04
2.380000e+09	1.487277e+12	0.000000e+00	3.467336e-01	6.467265e+13	4.999113e+14	2.959170e+14	1.197518e+04	6.518890e+03	2.068665e+03	0	4.842958e-04
2.390000e+09	1.470861e+12	0.000000e+00	3.467336e-01	6.440143e+13	4.981021e+14	2.949737e+14	1.196863e+04	6.516657e+03	2.067957e+03	0	4.825074e-04
2.400000e+09	1.454573e+12	0.000000e+00	3.467336e-01	6.413224e+13	4.963054e+14	2.940358e+14	1.196210e+04	6.514434e+03	2.067251e+03	0	4.807198e-04
2.410000e+09	1.438412e+12	0.000000e+00	3.467336e-01	6.386505e+13	4.945211e+14	2.931032e+14	1.195560e+04	6.512220e+03	2.066549e+03	0	4.789328e-04
2.420000e+09	1.422375e+12	0.000000e+00	3.467336e-01	6.359985e+13	4.927491e+14	2.921759e+14	1.194913e+04	6.510015e+03	2.065849e+03	0	4.771463e-04
2.430000e+09	1.406462e+12	0.000000e+00	3.467336e-01	6.333662e+13	4.909894e+14	2.912539e+14	1.194269e+04	6.507820e+03	2.065153e+03	0	4.753602e-04
2.440000e+09	1.390672e+12	0.000000e+00	3.467336e-01	6.307532e+13	4.892417e+14	2.903371e+14	1.193627e+04	6.505634e+03	2.064459e+03	0	4.735745e-04
2.450000e+09	1.375002e+12	0.000000e+00	3.467336e-01	6.281595e+13	4.875059e+14	2.894255e+14	1.192987e+04	6.503457e+03	2.063768e+03	0	4.717891e-04
2.460000e+09	1.359452e+12	0.000000e+00	3.467336e-01	6.255848e+13	4.857820e+14	2.885190e+14	1.192351e+04	6.501289e+03	2.063080e+03	0	4.700039e-04
2.470000e+09	1.344021e+12	0.000000e+00	3.467336e-01	6.230289e+13	4.840698e+14	2.876177e+14	1.191717e+04	6.499130e+03	2.062395e+03	0	4.682187e-04
2.480000e+09	1.328706e+12	0.000000e+00	3.467336e-01	6.204916e+13	4.823691e+14	2.867215e+14	1.191085e+04	6.496980e+03	2.061713e+03	0	4.664336e-04
2.490000e+09	1.313508e+12	0.000000e+00	3.467336e-01	6.179728e+13	4.806799e+14	2.858303e+14	1.190456e+04	6.494839e+03	2.061033e+03	0	4.646483e-04
2.500000e+09	1.298424e+12	0.000000e+00	3.467336e-01	6.154721e+13	4.790021e+14	2.849441e+14	1.189830e+04	6.492706e+03	2.060357e+03	0	4.628628e-04
2.510000e+09	1.283453e+12	0.000000e+00	3.467336e-01	6.129895e+13	4.773355e+14	2.840630e+14	1.189206e+04	6.490582e+03	2.059683e+03	0	4.610770e-04
2.520000e+09	1.268595e+12	0.000000e+00	3.467336e-01	6.105248e+13	4.756800e+14	2.831867e+14	1.188585e+04	6.488467e+03	2.059011e+03	0	4.592909e-04
2.530000e+09	1.253848e+12	0.000000e+00	3.467336e-01	6.080777e+13	4.740355e+14	2.823154e+14	1.187966e+04	6.486360e+03	2.058343e+03	0	4.575042e-04
2.540000e+09	1.239210e+12	0.000000e+00	3.467336e-01	6.056481e+13	4.724019e+14	2.814489e+14	1.187350e+04	6.484262e+03	2.057677e+03	0	4.557169e-04
2.550000e+09	1.224682e+12	0.000000e+00	3.467336e-01	6.032358e+13	4.707791e+14	2.805873e+14	1.186736e+04	6.482172e+03	2.057014e+03	0	4.539290e-04
2.560000e+09	1.210261e+12	0.000000e+00	3.467336e-01	6.008406e+13	4.691670e+14	2.797305e+14	1.186125e+04	6.480090e+03	2.056353e+03	0	4.521402e-04
2.570000e+09	1.195946e+12	0.000000e+00	3.467336e-01	5.984624e+13	4.675655e+14	2.788784e+14	1.185516e+04	6.478017e+03	2.055695e+03	0	4.503506e-04
2.580000e+09	1.181737e+12	0.000000e+00	3.467336e-01	5.961009e+13	4.659744e+14	2.780311e+14	1.184909e+04	6.475952e+03	2.055040e+03	0	4.485599e-04
2.590000e+09	1.167633e+12	0.000000e+00	3.467336e-01	5.937561e+13	4.643938e+14	2.771885e+14	1.184305e+04	6.473895e+03	2.054387e+03	0	4.467682e-04
2.600000e+09	1.153631e+12	0.000000e+00	3.467336e-01	5.914277e+13	4.628234e+14	2.763506e+14	1.183703e+04	6.471846e+03	2.053737e+03	0	4.449752e-04
2.610000e+09	1.139732e+12	0.000000e+00	3.467336e-01	5.891155e+13	4.612632e+14	2.755173e+14	1.183104e+04	6.469804e+03	2.053089e+03	0	4.431809e-04
2.620000e+09	1.125933e+12	0.000000e+00	3.467336e-01	5.868195e+13	4.597130e+14	2.746886e+14	1.182507e+04	6.467771e+03	2.052444e+03	0	4.413851e-04
2.630000e+09	1.112235e+12	0.000000e+00	3.467336e-01	5.845394e+13	4.581729e+14	2.738646e+14	1.181912e+04	6.465746e+03	2.051801e+03	0	4.395879e-04
2.640000e+09	1.098636e+12	0.000000e+00	3.467336e-01	5.822752e+13	4.566426e+14	2.730450e+14	1.181319e+04	6.463729e+03	2.051161e+03	0	4.377889e-04
2.650000e+09	1.085135e+12	0.000000e+00	3.467336e-01	5.800265e+13	4.551221e+14	2.722300e+14	1.180729e+04	6.461719e+03	2.050523e+03	0	4.359882e-04
2.660000e+09	1.071731e+12	0.000000e+00	3.467336e-01	5.777933e+13	4.536114e+14	2.714194e+14	1.180141e+04	6.459717e+03	2.049888e+03	0	4.341856e-04
2.670000e+09	1.058423e+12	0.000000e+00	3.467336e-01	5.755755e+13	4.521102e+14	2.706133e+14	1.179556e+04	6.457723e+03	2.049255e+03	0	4.323810e-04
2.680000e+09	1.045211e+12	0.000000e+00	3.467336e-01	5.733728e+13	4.506186e+14	2.698116e+14	1.178972e+04	6.455736e+03	2.048625e+03	0	4.305743e-04
2.690000e+09	1.032092e+12	0.000000e+00	3.467336e-01	5.711851e+13	4.491364e+14	2.690143e+14	1.178391e+04	6.453756e+03	2.047997e+03	0	4.287653e-04
2.700000e+09	1.019067e+12	0.000000e+00	3.467336e-01	5.690124e+13	4.476635e+14	2.682214e+14	1.177812e+04	6.451785e+03	2.047371e+03	0	4.269539e-04
2.710000e+09	1.006134e+12	0.000000e+00	3.467336e-01	5.668543e+13	4.461999e+14	2.674328e+14	1.177235e+04	6.449820e+03	2.046747e+03	0	4.251401e-04
2.720000e+09	9.932923e+11	0.000000e+00	3.467336e-01	5.647108e+13	4.447455e+14	2.666485e+14	1.176661e+04	6.447863e+03	2.046126e+03	0	4.233236e-04
2.730000e+09	9.805413e+11	0.000000e+00	3.467336e-01	5.625818e+13	4.433001e+14	2.658685e+14	1.176088e+04	6.445913e+03	2.045508e+03	0	4.215044e-04
2.740000e+09	9.678799e+11	0.000000e+00	3.467336e-01	5.604671e+13	4.418638e+14	2.650927e+14	1.175518e+04	6.443971e+03	2.044891e+03	0	4.196823e-04
2.750000e+09	9.553072e+11	0.000000e+00	3.467336e-01	5.583665e+13	4.404363e+14	2.643211e+14	1.174950e+04	6.442035e+03	2.044277e+03	0	4.178571e-04
2.760000e+09	9.428224e+11	0.000000e+00	3.467336e-01	5.562800e+13	4.390177e+14	2.635537e+14	1.174384e+04	6.440107e+03	2.043665e+03	0	4.160288e-04
2.770000e+09	9.304246e+11	0.000000e+00	3.467336e-01	5.542074e+13	4.376079e+14	2.627904e+14	1.173820e+04	6.438186e+03	2.043055e+03	0	4.141972e-04
2.780000e+09	9.181129e+11	0.000000e+00	3.467336e-01	5.521485e+13	4.362067e+14	2.620313e+14	1.173258e+04	6.436272e+03	2.042448e+03	0	4.123622e-04
2.790000e+09	9.058866e+11	0.000000e+00	3.467336e-01	5.501033e+13	4.348141e+14	2.612763e+14	1.172699e+04	6.434364e+03	2.041843e+03	0	4.105236e-04
2.800000e+09	8.937448e+11	0.000000e+00	3.467336e-01	5.480716e+13	4.334301e+14	2.605253e+14	1.172141e+04	6.432464e+03	2.041240e+03	0	4.086812e-04
2.810000e+09	8.816866e+11	0.000000e+00	3.467336e-01	5.460532e+13	4.320545e+14	2.597784e+14	1.171585e+04	6.430571e+03	2.040639e+03	0	4.068349e-04
2.820000e+09	8.697113e+11	0.000000e+00	3.467336e-01	5.440481e+13	4.306873e+14	2.590355e+14	1.171032e+04	6.428684e+03	2.040040e+03	0	4.049846e-04
2.830000e+09	8.578181e+11	0.000000e+00	3.467336e-01	5.420561e+13	4.293283e+14	2.582966e+14	1.170480e+04	6.426805e+03	2.039444e+03	0	4.031301e-04
2.840000e+09	8.460062e+11	0.000000e+00	3.467336e-01	5.400771e+13	4.279776e+14	2.575616e+14	1.169931e+04	6.424932e+03	2.038849e+03	0	4.012712e-04
2.850000e+09	8.342748e+11	0.000000e+00	3.467336e-01	5.381110e+13	4.266350e+14	2.568306e+14	1.169384e+04	6.423065e+03	2.038257e+03	0	3.994078e-04
2.860000e+09	8.226232e+11	0.000000e+00	3.467336e-01	5.361576e+13	4.253005e+14	2.561035e+14	1.168838e+04	6.421205e+03	2.037667e+03	0	3.975397e-04
2.870000e+09	8.110506e+11	0.000000e+00	3.467336e-01	5.342169e+13	4.239740e+14	2.553802e+14	1.168295e+04	6.419352e+03	2.037079e+03	0	3.956667e-04
2.880000e+09	7.995562e+11	0.000000e+00	3.467336e-01	5.322887e+13	4.226555e+14	2.546608e+14	1.167753e+04	6.417506e+03	2.036493e+03	0	3.937886e-04
2.890000e+09	7.881393e+11	0.000000e+00	3.467336e-01	5.303729e+13	4.213448e+14	2.539452e+14	1.167213e+04	6.415666e+03	2.035909e+03	0	3.919053e-04
2.900000e+09	7.767992e+11	0.000000e+00	3.467336e-01	5.284694e+13	4.200419e+14	2.532335e+14	1.166676e+04	6.413832e+03	2.035327e+03	0	3.900166e-04
2.910000e+09	7.655352e+11	0.000000e+00	3.467336e-01	5.265781e+13	4.187467e+14	2.525255e+14	1.166140e+04	6.412005e+03	2.034747e+03	0	3.881222e-04
2.920000e+09	7.543465e+11	0.000000e+00	3.467336e-01	5.246988e+13	4.174592e+14	2.518212e+14	1.165606e+04	6.410184e+03	2.034170e+03	0	3.862221e-04
2.930000e+09	7.432325e+11	0.000000e+00	3.467336e-01	5.228315e+13	4.161792e+14	2.511207e+14	1.165074e+04	6.408370e+03	2.033594e+03	0	3.843159e-04
2.940000e+09	7.321924e+11	0.000000e+00	3.467336e-01	5.209760e+13	4.149068e+14	2.504239e+14	1.164544e+04	6.406561e+03	2.033020e+03	0	3.824035e-04
2.950000e+09	7.212256e+11	0.000000e+00	3.467336e-01	5.191323e+13	4.136419e+14	2.497307e+14	1.164016e+04	6.404759e+03	2.032448e+03	0	3.804847e-04
2.960000e+09	7.103313e+11	0.000000e+00	3.467336e-01	5.173002e+13	4.123844e+14	2.490412e+14	1.163490e+04	6.402964e+03	2.031878e+03	0	3.785592e-04
2.970000e+09	6.995090e+11	0.000000e+00	3.467336e-01	5.154796e+13	4.111342e+14	2.483553e+14	1.162966e+04	6.401174e+03	2.031310e+03	0	3.766268e-04
2.980000e+09	6.887580e+11	0.000000e+00	3.467336e-01	5.136704e+13	4.098913e+14	2.476730e+14	1.162443e+04	6.399390e+03	2.030744e+03	0	3.746873e-04
2.990000e+09	6.780775e+11	0.000000e+00	3.467336e-01	5.118726e+13	4.086556e+14	2.469943e+14	1.161922e+04	6.397613e+03	2.030180e+03	0	3.727405e-04
3.000000e+09	6.674670e+11	0.000000e+00	3.467336e-01	5.100860e+13	4.074270e+14	2.463192e+14	1.161403e+04	6.395842e+03	2.029618e+03	0	3.707861e-04
3.010000e+09	6.569259e+11	0.000000e+00	3.467336e-01	5.083104e+13	4.062055e+14	2.456475e+14	1.160886e+04	6.394076e+03	2.029058e+03	0	3.688238e-04
3.020000e+09	6.464534e+11	0.000000e+00	3.467336e-01	5.065459e+13	4.049911e+14	2.449794e+14	1.160371e+04	6.392317e+03	2.028500e+03	0	3.668534e-04
3.030000e+09	6.360490e+11	0.000000e+00	3.467336e-01	5.047924e+13	4.037836e+14	2.443147e+14	1.159857e+04	6.390563e+03	2.027943e+03	0	3.648746e-04
3.040000e+09	6.257120e+11	0.000000e+00	3.467336e-01	5.030496e+13	4.025831e+14	2.436535e+14	1.159346e+04	6.388816e+03	2.027389e+03	0	3.628872e-04
3.050000e+09	6.154419e+11	0.000000e+00	3.467336e-01	5.013176e+13	4.013894e+14	2.429958e+14	1.158836e+04	6.387074e+03	2.026836e+03	0	3.608908e-04
3.060000e+09	6.052380e+11	0.000000e+00	3.467336e-01	4.995962e+13	4.002025e+14	2.423414e+14	1.158327e+04	6.385338e+03	2.026285e+03	0	3.588852e-04
3.070000e+09	5.950998e+11	0.000000e+00	3.467336e-01	4.978853e+13	3.990223e+14	2.416904e+14	1.157821e+04	6.383608e+03	2.025736e+03	0	3.568700e-04
3.080000e+09	5.850266e+11	0.000000e+00	3.467336e-01	4.961849e+13	3.978489e+14	2.410428e+14	1.157316e+04	6.381883e+03	2.025189e+03	0	3.548450e-04
3.090000e+09	5.750179e+11	0.000000e+00	3.467336e-01	4.944948e+13	3.966821e+14	2.403986e+14	1.156813e+04	6.380164e+03	2.024643e+03	0	3.528098e-04
3.100000e+09	5.650731e+11	0.000000e+00	3.467336e-01	4.928150e+13	3.955218e+14	2.397576e+14	1.156312e+04	6.378451e+03	2.024100e+03	0	3.507640e-04
3.110000e+09	5.551917e+11	0.000000e+00	3.467336e-01	4.911454e+13	3.943681e+14	2.391200e+14	1.155812e+04	6.376744e+03	2.023558e+03	0	3.487074e-04
3.120000e+09	5.453730e+11	0.000000e+00	3.467336e-01	4.894858e+13	3.932208e+14	2.384856e+14	1.155314e+04	6.375042e+03	2.023018e+03	0	3.466395e-04
3.130000e+09	5.356165e+11	0.000000e+00	3.467336e-01	4.878363e+13	3.920800e+14	2.378545e+14	1.154818e+04	6.373345e+03	2.022479e+03	0	3.445600e-04
3.140000e+09	5.259217e+11	0.000000e+00	3.467336e-01	4.861966e+13	3.909455e+14	2.372266e+14	1.154324e+04	6.371655e+03	2.021943e+03	0	3.424684e-04
3.150000e+09	5.162881e+11	0.000000e+00	3.467336e-01	4.845668e+13	3.898173e+14	2.366019e+14	1.153831e+04	6.369969e+03	2.021408e+03	0	3.403644e-04
3.160000e+09	5.067150e+11	0.000000e+00	3.467336e-01	4.829467e+13	3.886954e+14	2.359804e+14	1.153339e+04	6.368289e+03	2.020875e+03	0	3.382476e-04
3.170000e+09	4.972020e+11	0.000000e+00	3.467336e-01	4.813363e+13	3.875798e+14	2.353621e+14	1.152850e+04	6.366615e+03	2.020344e+03	0	3.361175e-04
3.180000e+09	4.877486e+11	0.000000e+00	3.467336e-01	4.797355e+13	3.864702e+14	2.347469e+14	1.152362e+04	6.364946e+03	2.019814e+03	0	3.339736e-04
3.190000e+09	4.783541e+11	0.000000e+00	3.467336e-01	4.781441e+13	3.853668e+14	2.341349e+14	1.151875e+04	6.363282e+03	2.019286e+03	0	3.318155e-04
3.200000e+09	4.690182e+11	0.000000e+00	3.467336e-01	4.765622e+13	3.842695e+14	2.335260e+14	1.151391e+04	6.361624e+03	2.018760e+03	0	3.296426e-04
3.210000e+09	4.597403e+11	0.000000e+00	3.467336e-01	4.749896e+13	3.831782e+14	2.329201e+14	1.150907e+04	6.359970e+03	2.018235e+03	0	3.274545e-04
3.220000e+09	4.505199e+11	0.000000e+00	3.467336e-01	4.734262e+13	3.820928e+14	2.323173e+14	1.150426e+04	6.358322e+03	2.017712e+03	0	3.252506e-04
3.230000e+09	4.413565e+11	0.000000e+00	3.467336e-01	4.718720e+13	3.810134e+14	2.317176e+14	1.149946e+04	6.356680e+03	2.017191e+03	0	3.230303e-04
3.240000e+09	4.322496e+11	0.000000e+00	3.467336e-01	4.703269e+13	3.799398e+14	2.311208e+14	1.149468e+04	6.355042e+03	2.016671e+03	0	3.207931e-04
3.250000e+09	4.231988e+11	0.000000e+00	3.467336e-01	4.687909e+13	3.788721e+14	2.305271e+14	1.148991e+04	6.353410e+03	2.016153e+03	0	3.185383e-04
3.260000e+09	4.142035e+11	0.000000e+00	3.467336e-01	4.672638e+13	3.778101e+14	2.299364e+14	1.148515e+04	6.351783e+03	2.015637e+03	0	3.162652e-04
3.270000e+09	4.052633e+11	0.000000e+00	3.467336e-01	4.657455e+13	3.767539e+14	2.293486e+14	1.148042e+04	6.350161e+03	2.015122e+03	0	3.139732e-04
3.280000e+09	3.963777e+11	0.000000e+00	3.467336e-01	4.642361e+13	3.757034e+14	2.287638e+14	1.147569e+04	6.348544e+03	2.014609e+03	0	3.116615e-04
3.290000e+09	3.875463e+11	0.000000e+00	3.467336e-01	4.627354e+13	3.746585e+14	2.281819e+14	1.147099e+04	6.346932e+03	2.014097e+03	0	3.093295e-04
3.300000e+09	3.787686e+11	0.000000e+00	3.467336e-01	4.612433e+13	3.736192e+14	2.276029e+14	1.146630e+04	6.345325e+03	2.013587e+03	0	3.069763e-04
3.310000e+09	3.700441e+11	0.000000e+00	3.467336e-01	4.597598e+13	3.725855e+14	2.270268e+14	1.146162e+04	6.343723e+03	2.013079e+03	0	3.046010e-04
3.320000e+09	3.613724e+11	0.000000e+00	3.467336e-01	4.582848e+13	3.715573e+14	2.264535e+14	1.145696e+04	6.342126e+03	2.012572e+03	0	3.022028e-04
3.330000e+09	3.527530e+11	0.000000e+00	3.467336e-01	4.568183e+13	3.705346e+14	2.258831e+14	1.145231e+04	6.340533e+03	2.012067e+03	0	2.997807e-04
3.340000e+09	3.441856e+11	0.000000e+00	3.467336e-01	4.553601e+13	3.695173e+14	2.253156e+14	1.144768e+04	6.338946e+03	2.011563e+03	0	2.973339e-04
3.350000e+09	3.356697e+11	0.000000e+00	3.467336e-01	4.539102e+13	3.685054e+14	2.247508e+14	1.144306e+04	6.337364e+03	2.011061e+03	0	2.948611e-04
3.360000e+09	3.272048e+11	0.000000e+00	3.467336e-01	4.524686e+13	3.674989e+14	2.241889e+14	1.143846e+04	6.335786e+03	2.010561e+03	0	2.923614e-04
3.370000e+09	3.187905e+11	0.000000e+00	3.467336e-01	4.510351e+13	3.664976e+14	2.236297e+14	1.143387e+04	6.334214e+03	2.010061e+03	0	2.898335e-04
3.380000e+09	3.104265e+11	0.000000e+00	3.467336e-01	4.496098e+13	3.655017e+14	2.230733e+14	1.142930e+04	6.332646e+03	2.009564e+03	0	2.872763e-04
3.390000e+09	3.021122e+11	0.000000e+00	3.467336e-01	4.481924e+13	3.645109e+14	2.225196e+14	1.142474e+04	6.331082e+03	2.009068e+03	0	2.846883e-04
3.400000e+09	2.938473e+11	0.000000e+00	3.467336e-01	4.467831e+13	3.635254e+14	2.219687e+14	1.142020e+04	6.329524e+03	2.008573e+03	0	2.820682e-04
3.410000e+09	2.856314e+11	0.000000e+00	3.467336e-01	4.453816e+13	3.625450e+14	2.214204e+14	1.141567e+04	6.327970e+03	2.008080e+03	0	2.794144e-04
3.420000e+09	2.774641e+11	0.000000e+00	3.467336e-01	4.439880e+13	3.615697e+14	2.208749e+14	1.141115e+04	6.326421e+03	2.007589e+03	0	2.767254e-04
3.430000e+09	2.693450e+11	0.000000e+00	3.467336e-01	4.426021e+13	3.605995e+14	2.203320e+14	1.140665e+04	6.324877e+03	2.007099e+03	0	2.739995e-04
3.440000e+09	2.612736e+11	0.000000e+00	3.467336e-01	4.412240e+13	3.596343e+14	2.197918e+14	1.140216e+04	6.323337e+03	2.006610e+03	0	2.712347e-04
3.450000e+09	2.532496e+11	0.000000e+00	3.467336e-01	4.398536e+13	3.586741e+14	2.192542e+14	1.139769e+04	6.321802e+03	2.006123e+03	0	2.684292e-04
3.460000e+09	2.452726e+11	0.000000e+00	3.467336e-01	4.384907e+13	3.577189e+14	2.187192e+14	1.139323e+04	6.320271e+03	2.005637e+03	0	2.655807e-04
3.470000e+09	2.373423e+11	0.000000e+00	3.467336e-01	4.371354e+13	3.567686e+14	2.181868e+14	1.138878e+04	6.318745e+03	2.005153e+03	0	2.626870e-04
3.480000e+09	2.294582e+11	0.000000e+00	3.467336e-01	4.357875e+13	3.558231e+14	2.176570e+14	1.138435e+04	6.317223e+03	2.004670e+03	0	2.597455e-04
3.490000e+09	2.216200e+11	0.000000e+00	3.467336e-01	4.344471e+13	3.548826e+14	2.171298e+14	1.137993e+04	6.315706e+03	2.004189e+03	0	2.567536e-04
3.500000e+09	2.138273e+11	0.000000e+00	3.467336e-01	4.331140e+13	3.539468e+14	2.166051e+14	1.137553e+04	6.314194e+03	2.003709e+03	0	2.537082e-04
3.510000e+09	2.060797e+11	0.000000e+00	3.467336e-01	4.317882e+13	3.530158e+14	2.160830e+14	1.137114e+04	6.312686e+03	2.003230e+03	0	2.506063e-04
3.520000e+09	1.983769e+11	0.000000e+00	3.467336e-01	4.304696e+13	3.520896e+14	2.155634e+14	1.136676e+04	6.311182e+03	2.002753e+03	0	2.474442e-04
3.530000e+09	1.907186e+11	0.000000e+00	3.467336e-01	4.291583e+13	3.511681e+14	2.150463e+14	1.136239e+04	6.309683e+03	2.002277e+03	0	2.442181e-04
3.540000e+09	1.831043e+11	0.000000e+00	3.467336e-01	4.278540e+13	3.502512e+14	2.145316e+14	1.135804e+04	6.308188e+03	2.001803e+03	0	2.409238e-04
3.550000e+09	1.755337e+11	0.000000e+00	3.467336e-01	4.265569e+13	3.493390e+14	2.140195e+14	1.135370e+04	6.306697e+03	2.001330e+03	0	2.375565e-04
3.560000e+09	1.680065e+11	0.000000e+00	3.467336e-01	4.252667e+13	3.484314e+14	2.135098e+14	1.134938e+04	6.305211e+03	2.000858e+03	0	2.341112e-04
3.570000e+09	1.605223e+11	0.000000e+00	3.467336e-01	4.239835e+13	3.475284e+14	2.130025e+14	1.134507e+04	6.303729e+03	2.000388e+03	0	2.305819e-04
3.580000e+09	1.530808e+11	0.000000e+00	3.467336e-01	4.227073e+13	3.466299e+14	2.124977e+14	1.134077e+04	6.302251e+03	1.999919e+03	0	2.269623e-04
3.590000e+09	1.456817e+11	0.000000e+00	3.467336e-01	4.214379e+13	3.457359e+14	2.119952e+14	1.133648e+04	6.300778e+03	1.999451e+03	0	2.232450e-04
3.600000e+09	1.383245e+11	0.000000e+00	3.467336e-01	4.201753e+13	3.448464e+14	2.114952e+14	1.133221e+04	6.299308e+03	1.998985e+03	0	2.194218e-04
3.610000e+09	1.310091e+11	0.000000e+00	3.467336e-01	4.189194e+13	3.439613e+14	2.109975e+14	1.132795e+04	6.297843e+03	1.998520e+03	0	2.154835e-04
3.620000e+09	1.237350e+11	0.000000e+00	3.467336e-01	4.176702e+13	3.430806e+14	2.105022e+14	1.132370e+04	6.296383e+03	1.998056e+03	0	2.114191e-04
3.630000e+09	1.165019e+11	0.000000e+00	3.467336e-01	4.164277e+13	3.422043e+14	2.100093e+14	1.131946e+04	6.294926e+03	1.997594e+03	0	2.072166e-04
3.640000e+09	1.093096e+11	0.000000e+00	3.467336e-01	4.151918e+13	3.413324e+14	2.095187e+14	1.131524e+04	6.293474e+03	1.997133e+03	0	2.028615e-04
3.650000e+09	1.021577e+11	0.000000e+00	3.467336e-01	4.139625e+13	3.404648e+14	2.090304e+14	1.131103e+04	6.292025e+03	1.996674e+03	0	1.983370e-04
3.660000e+09	9.504583e+10	0.000000e+00	3.467336e-01	4.127396e+13	3.396014e+14	2.085444e+14	1.130683e+04	6.290581e+03	1.996215e+03	0	1.936234e-04
3.670000e+09	8.797376e+10	0.000000e+00	3.467336e-01	4.115232e+13	3.387423e+14	2.080607e+14	1.130265e+04	6.289141e+03	1.995758e+03	0	1.886968e-04
3.680000e+09	8.094116e+10	0.000000e+00	3.467336e-01	4.103132e+13	3.378875e+14	2.075792e+14	1.129848e+04	6.287705e+03	1.995303e+03	0	1.835284e-04
3.690000e+09	7.394773e+10	0.000000e+00	3.467336e-01	4.091095e+13	3.370368e+14	2.071000e+14	1.129432e+04	6.286273e+03	1.994848e+03	0	1.780827e-04
3.700000e+09	6.699316e+10	0.000000e+00	3.467336e-01	4.079121e+13	3.361903e+14	2.066231e+14	1.129017e+04	6.284845e+03	1.994395e+03	0	1.723152e-04
3.710000e+09	6.007716e+10	0.000000e+00	3.467336e-01	4.067210e+13	3.353479e+14	2.061484e+14	1.128603e+04	6.283421e+03	1.993943e+03	0	1.661690e-04
3.720000e+09	5.319943e+10	0.000000e+00	3.467336e-01	4.055362e+13	3.345097e+14	2.056759e+14	1.128191e+04	6.282001e+03	1.993493e+03	0	1.595692e-04
3.730000e+09	4.635968e+10	0.000000e+00	3.467336e-01	4.043574e+13	3.336755e+14	2.052057e+14	1.127779e+04	6.280585e+03	1.993043e+03	0	1.524147e-04
3.740000e+09	3.955762e+10	0.000000e+00	3.467336e-01	4.031848e+13	3.328454e+14	2.047376e+14	1.127369e+04	6.279173e+03	1.992595e+03	0	1.445629e-04
3.750000e+09	3.279297e+10	0.000000e+00	3.467336e-01	4.020183e+13	3.320192e+14	2.042717e+14	1.126961e+04	6.277765e+03	1.992148e+03	0	1.358023e-04
3.760000e+09	2.606543e+10	0.000000e+00	3.467336e-01	4.008578e+13	3.311971e+14	2.038079e+14	1.126553e+04	6.276360e+03	1.991703e+03	0	1.257965e-04
3.770000e+09	1.937473e+10	0.000000e+00	3.467336e-01	3.997032e+13	3.303790e+14	2.033463e+14	1.126146e+04	6.274960e+03	1.991258e+03	0	1.139529e-04
3.780000e+09	1.272059e+10	0.000000e+00	3.467336e-01	3.985546e+13	3.295647e+14	2.028868e+14	1.125741e+04	6.273563e+03	1.990815e+03	0	9.904121e-05
3.790000e+09	6.102737e+09	0.000000e+00	3.467336e-01	3.974119e+13	3.287544e+14	2.024295e+14	1.125337e+04	6.272171e+03	1.990373e+03	0	7.753332e-05
3.800000e+09	-4.791050e+08	0.000000e+00	3.467336e-01	3.962751e+13	3.279480e+14	2.019743e+14	1.124934e+04	6.270782e+03	1.989932e+03	0	-nan
