#t		Qconv[W]	Ri[Rp]		R*[Rp]		Qc[W]		Qm[W]		Qr[W]		Tcmb[K]		Tl[K]		Tup[K]		RiFlag		Bs[T]
0.000000e+00	6.297260e+14	0.000000e+00	6.428569e-01	6.834075e+15	3.004901e+15	2.344236e+14	1.945932e+04	5.220609e+03	2.641277e+03	0	2.649294e-03
1.000000e+07	5.995633e+14	0.000000e+00	6.428569e-01	6.515221e+15	3.579368e+15	2.331247e+14	1.916762e+04	5.390714e+03	2.727338e+03	0	2.606301e-03
2.000000e+07	5.702155e+14	0.000000e+00	6.428569e-01	6.205054e+15	4.051211e+15	2.318355e+14	1.888929e+04	5.522236e+03	2.793880e+03	0	2.563063e-03
3.000000e+07	5.420052e+14	0.000000e+00	6.428569e-01	5.906940e+15	4.408437e+15	2.305560e+14	1.862399e+04	5.620625e+03	2.843657e+03	0	2.520079e-03
4.000000e+07	5.151401e+14	0.000000e+00	6.428569e-01	5.623039e+15	4.655591e+15	2.292860e+14	1.837122e+04	5.691625e+03	2.879579e+03	0	2.477734e-03
5.000000e+07	4.897296e+14	0.000000e+00	6.428569e-01	5.354487e+15	4.806564e+15	2.280255e+14	1.813040e+04	5.740636e+03	2.904375e+03	0	2.436305e-03
6.000000e+07	4.658089e+14	0.000000e+00	6.428569e-01	5.101643e+15	4.878802e+15	2.267744e+14	1.790091e+04	5.772370e+03	2.920430e+03	0	2.395974e-03
7.000000e+07	4.433613e+14	0.000000e+00	6.428569e-01	4.864324e+15	4.889647e+15	2.255326e+14	1.768210e+04	5.790747e+03	2.929728e+03	0	2.356851e-03
8.000000e+07	4.223367e+14	0.000000e+00	6.428569e-01	4.641999e+15	4.854459e+15	2.243001e+14	1.747331e+04	5.798926e+03	2.933866e+03	0	2.318992e-03
9.000000e+07	4.026656e+14	0.000000e+00	6.428569e-01	4.433932e+15	4.785962e+15	2.230767e+14	1.727393e+04	5.799394e+03	2.934102e+03	0	2.282414e-03
1.000000e+08	3.842680e+14	0.000000e+00	6.428569e-01	4.239282e+15	4.694236e+15	2.218624e+14	1.708336e+04	5.794083e+03	2.931416e+03	0	2.247110e-03
1.100000e+08	3.670601e+14	0.000000e+00	6.428569e-01	4.057164e+15	4.587030e+15	2.206571e+14	1.690104e+04	5.784480e+03	2.926557e+03	0	2.213054e-03
1.200000e+08	3.509584e+14	0.000000e+00	6.428569e-01	3.886701e+15	4.470169e+15	2.194607e+14	1.672646e+04	5.771722e+03	2.920102e+03	0	2.180209e-03
1.300000e+08	3.358818e+14	0.000000e+00	6.428569e-01	3.727039e+15	4.347953e+15	2.182732e+14	1.655911e+04	5.756674e+03	2.912489e+03	0	2.148532e-03
1.400000e+08	3.217536e+14	0.000000e+00	6.428569e-01	3.577371e+15	4.223508e+15	2.170945e+14	1.639855e+04	5.739995e+03	2.904051e+03	0	2.117975e-03
1.500000e+08	3.085017e+14	0.000000e+00	6.428569e-01	3.436939e+15	4.099069e+15	2.159245e+14	1.624436e+04	5.722186e+03	2.895041e+03	0	2.088489e-03
1.600000e+08	2.960593e+14	0.000000e+00	6.428569e-01	3.305040e+15	3.976205e+15	2.147631e+14	1.609615e+04	5.703625e+03	2.885650e+03	0	2.060025e-03
1.700000e+08	2.843645e+14	0.000000e+00	6.428569e-01	3.181022e+15	3.855994e+15	2.136103e+14	1.595356e+04	5.684601e+03	2.876025e+03	0	2.032535e-03
1.800000e+08	2.733606e+14	0.000000e+00	6.428569e-01	3.064289e+15	3.739149e+15	2.124660e+14	1.581626e+04	5.665330e+03	2.866275e+03	0	2.005972e-03
1.900000e+08	2.629954e+14	0.000000e+00	6.428569e-01	2.954292e+15	3.626122e+15	2.113302e+14	1.568394e+04	5.645978e+03	2.856484e+03	0	1.980291e-03
2.000000e+08	2.532212e+14	0.000000e+00	6.428569e-01	2.850530e+15	3.517169e+15	2.102027e+14	1.555631e+04	5.626667e+03	2.846715e+03	0	1.955448e-03
2.100000e+08	2.439944e+14	0.000000e+00	6.428569e-01	2.752541e+15	3.412412e+15	2.090834e+14	1.543312e+04	5.607491e+03	2.837013e+03	0	1.931403e-03
2.200000e+08	2.352748e+14	0.000000e+00	6.428569e-01	2.659907e+15	3.311873e+15	2.079724e+14	1.531412e+04	5.588517e+03	2.827413e+03	0	1.908116e-03
2.300000e+08	2.270261e+14	0.000000e+00	6.428569e-01	2.572241e+15	3.215505e+15	2.068696e+14	1.519908e+04	5.569796e+03	2.817942e+03	0	1.885551e-03
2.400000e+08	2.192148e+14	0.000000e+00	6.428569e-01	2.489193e+15	3.123217e+15	2.057748e+14	1.508780e+04	5.551365e+03	2.808617e+03	0	1.863672e-03
2.500000e+08	2.118103e+14	0.000000e+00	6.428569e-01	2.410441e+15	3.034883e+15	2.046881e+14	1.498007e+04	5.533247e+03	2.799450e+03	0	1.842448e-03
2.600000e+08	2.047845e+14	0.000000e+00	6.428569e-01	2.335688e+15	2.950358e+15	2.036093e+14	1.487572e+04	5.515461e+03	2.790452e+03	0	1.821847e-03
2.700000e+08	1.981117e+14	0.000000e+00	6.428569e-01	2.264664e+15	2.869486e+15	2.025384e+14	1.477457e+04	5.498017e+03	2.781626e+03	0	1.801840e-03
2.800000e+08	1.917683e+14	0.000000e+00	6.428569e-01	2.197120e+15	2.792106e+15	2.014753e+14	1.467647e+04	5.480920e+03	2.772976e+03	0	1.782400e-03
2.900000e+08	1.857327e+14	0.000000e+00	6.428569e-01	2.132828e+15	2.718053e+15	2.004200e+14	1.458127e+04	5.464172e+03	2.764503e+03	0	1.763501e-03
3.000000e+08	1.799848e+14	0.000000e+00	6.428569e-01	2.071579e+15	2.647167e+15	1.993724e+14	1.448882e+04	5.447773e+03	2.756206e+03	0	1.745118e-03
3.100000e+08	1.745064e+14	0.000000e+00	6.428569e-01	2.013177e+15	2.579289e+15	1.983324e+14	1.439901e+04	5.431718e+03	2.748083e+03	0	1.727229e-03
3.200000e+08	1.692804e+14	0.000000e+00	6.428569e-01	1.957446e+15	2.514266e+15	1.973000e+14	1.431171e+04	5.416003e+03	2.740133e+03	0	1.709812e-03
3.300000e+08	1.642913e+14	0.000000e+00	6.428569e-01	1.904220e+15	2.451952e+15	1.962751e+14	1.422680e+04	5.400623e+03	2.732351e+03	0	1.692847e-03
3.400000e+08	1.595246e+14	0.000000e+00	6.428569e-01	1.853347e+15	2.392206e+15	1.952576e+14	1.414418e+04	5.385569e+03	2.724735e+03	0	1.676314e-03
3.500000e+08	1.549670e+14	0.000000e+00	6.428569e-01	1.804686e+15	2.334895e+15	1.942475e+14	1.406375e+04	5.370836e+03	2.717281e+03	0	1.660196e-03
3.600000e+08	1.506062e+14	0.000000e+00	6.428569e-01	1.758108e+15	2.279891e+15	1.932447e+14	1.398542e+04	5.356414e+03	2.709985e+03	0	1.644475e-03
3.700000e+08	1.464306e+14	0.000000e+00	6.428569e-01	1.713491e+15	2.227076e+15	1.922492e+14	1.390909e+04	5.342295e+03	2.702842e+03	0	1.629134e-03
3.800000e+08	1.424297e+14	0.000000e+00	6.428569e-01	1.670724e+15	2.176335e+15	1.912609e+14	1.383468e+04	5.328473e+03	2.695848e+03	0	1.614160e-03
3.900000e+08	1.385936e+14	0.000000e+00	6.428569e-01	1.629702e+15	2.127563e+15	1.902798e+14	1.376212e+04	5.314937e+03	2.689000e+03	0	1.599536e-03
4.000000e+08	1.349131e+14	0.000000e+00	6.428569e-01	1.590328e+15	2.080657e+15	1.893057e+14	1.369132e+04	5.301680e+03	2.682293e+03	0	1.585250e-03
4.100000e+08	1.313797e+14	0.000000e+00	6.428569e-01	1.552513e+15	2.035523e+15	1.883386e+14	1.362222e+04	5.288693e+03	2.675722e+03	0	1.571287e-03
4.200000e+08	1.279853e+14	0.000000e+00	6.428569e-01	1.516172e+15	1.992072e+15	1.873785e+14	1.355475e+04	5.275969e+03	2.669285e+03	0	1.557637e-03
4.300000e+08	1.247227e+14	0.000000e+00	6.428569e-01	1.481227e+15	1.950220e+15	1.864254e+14	1.348884e+04	5.263500e+03	2.662976e+03	0	1.544287e-03
4.400000e+08	1.215849e+14	0.000000e+00	6.428569e-01	1.447605e+15	1.909887e+15	1.854791e+14	1.342445e+04	5.251278e+03	2.656793e+03	0	1.531226e-03
4.500000e+08	1.185653e+14	0.000000e+00	6.428569e-01	1.415238e+15	1.870998e+15	1.845396e+14	1.336151e+04	5.239295e+03	2.650730e+03	0	1.518444e-03
4.600000e+08	1.156580e+14	0.000000e+00	6.428569e-01	1.384062e+15	1.833484e+15	1.836068e+14	1.329996e+04	5.227545e+03	2.644786e+03	0	1.505930e-03
4.700000e+08	1.128572e+14	0.000000e+00	6.428569e-01	1.354016e+15	1.797278e+15	1.826807e+14	1.323976e+04	5.216020e+03	2.638955e+03	0	1.493675e-03
4.800000e+08	1.101578e+14	0.000000e+00	6.428569e-01	1.325045e+15	1.762319e+15	1.817613e+14	1.318086e+04	5.204714e+03	2.633234e+03	0	1.481669e-03
4.900000e+08	1.075546e+14	0.000000e+00	6.428569e-01	1.297096e+15	1.728546e+15	1.808484e+14	1.312321e+04	5.193619e+03	2.627621e+03	0	1.469905e-03
5.000000e+08	1.050430e+14	0.000000e+00	6.428569e-01	1.270120e+15	1.695906e+15	1.799421e+14	1.306676e+04	5.182730e+03	2.622112e+03	0	1.458373e-03
5.100000e+08	1.026187e+14	0.000000e+00	6.428569e-01	1.244070e+15	1.664346e+15	1.790423e+14	1.301149e+04	5.172040e+03	2.616704e+03	0	1.447066e-03
5.200000e+08	1.002775e+14	0.000000e+00	6.428569e-01	1.218903e+15	1.633816e+15	1.781488e+14	1.295734e+04	5.161544e+03	2.611394e+03	0	1.435977e-03
5.300000e+08	9.801547e+13	0.000000e+00	6.428569e-01	1.194578e+15	1.604271e+15	1.772618e+14	1.290427e+04	5.151236e+03	2.606178e+03	0	1.425097e-03
5.400000e+08	9.582905e+13	0.000000e+00	6.428569e-01	1.171056e+15	1.575666e+15	1.763810e+14	1.285226e+04	5.141110e+03	2.601055e+03	0	1.414421e-03
5.500000e+08	9.371478e+13	0.000000e+00	6.428569e-01	1.148301e+15	1.547960e+15	1.755065e+14	1.280127e+04	5.131161e+03	2.596022e+03	0	1.403941e-03
5.600000e+08	9.166940e+13	0.000000e+00	6.428569e-01	1.126279e+15	1.521113e+15	1.746383e+14	1.275126e+04	5.121384e+03	2.591075e+03	0	1.393652e-03
5.700000e+08	8.968984e+13	0.000000e+00	6.428569e-01	1.104956e+15	1.495090e+15	1.737762e+14	1.270221e+04	5.111774e+03	2.586213e+03	0	1.383547e-03
5.800000e+08	8.777323e+13	0.000000e+00	6.428569e-01	1.084303e+15	1.469854e+15	1.729202e+14	1.265408e+04	5.102326e+03	2.581433e+03	0	1.373621e-03
5.900000e+08	8.591684e+13	0.000000e+00	6.428569e-01	1.064291e+15	1.445372e+15	1.720703e+14	1.260684e+04	5.093036e+03	2.576733e+03	0	1.363868e-03
6.000000e+08	8.411807e+13	0.000000e+00	6.428569e-01	1.044892e+15	1.421613e+15	1.712264e+14	1.256047e+04	5.083899e+03	2.572111e+03	0	1.354283e-03
6.100000e+08	8.237448e+13	0.000000e+00	6.428569e-01	1.026080e+15	1.398547e+15	1.703885e+14	1.251494e+04	5.074911e+03	2.567563e+03	0	1.344860e-03
6.200000e+08	8.068378e+13	0.000000e+00	6.428569e-01	1.007832e+15	1.376146e+15	1.695565e+14	1.247022e+04	5.066068e+03	2.563089e+03	0	1.335596e-03
6.300000e+08	7.904375e+13	0.000000e+00	6.428569e-01	9.901231e+14	1.354384e+15	1.687304e+14	1.242630e+04	5.057366e+03	2.558687e+03	0	1.326484e-03
6.400000e+08	7.745234e+13	0.000000e+00	6.428569e-01	9.729321e+14	1.333233e+15	1.679101e+14	1.238314e+04	5.048802e+03	2.554354e+03	0	1.317522e-03
6.500000e+08	7.590756e+13	0.000000e+00	6.428569e-01	9.562380e+14	1.312671e+15	1.670955e+14	1.234073e+04	5.040370e+03	2.550088e+03	0	1.308704e-03
6.600000e+08	7.440756e+13	0.000000e+00	6.428569e-01	9.400211e+14	1.292675e+15	1.662868e+14	1.229904e+04	5.032069e+03	2.545888e+03	0	1.300026e-03
6.700000e+08	7.295055e+13	0.000000e+00	6.428569e-01	9.242625e+14	1.273222e+15	1.654837e+14	1.225805e+04	5.023894e+03	2.541752e+03	0	1.291484e-03
6.800000e+08	7.153485e+13	0.000000e+00	6.428569e-01	9.089443e+14	1.254292e+15	1.646862e+14	1.221775e+04	5.015843e+03	2.537679e+03	0	1.283075e-03
6.900000e+08	7.015887e+13	0.000000e+00	6.428569e-01	8.940497e+14	1.235865e+15	1.638943e+14	1.217811e+04	5.007912e+03	2.533666e+03	0	1.274795e-03
7.000000e+08	6.882106e+13	0.000000e+00	6.428569e-01	8.795623e+14	1.217922e+15	1.631080e+14	1.213912e+04	5.000097e+03	2.529712e+03	0	1.266641e-03
7.100000e+08	6.751999e+13	0.000000e+00	6.428569e-01	8.654669e+14	1.200446e+15	1.623272e+14	1.210076e+04	4.992397e+03	2.525817e+03	0	1.258608e-03
7.200000e+08	6.625428e+13	0.000000e+00	6.428569e-01	8.517489e+14	1.183418e+15	1.615518e+14	1.206300e+04	4.984808e+03	2.521977e+03	0	1.250694e-03
7.300000e+08	6.502260e+13	0.000000e+00	6.428569e-01	8.383941e+14	1.166824e+15	1.607819e+14	1.202585e+04	4.977328e+03	2.518193e+03	0	1.242895e-03
7.400000e+08	6.382371e+13	0.000000e+00	6.428569e-01	8.253894e+14	1.150646e+15	1.600173e+14	1.198927e+04	4.969953e+03	2.514461e+03	0	1.235209e-03
7.500000e+08	6.265641e+13	0.000000e+00	6.428569e-01	8.127221e+14	1.134872e+15	1.592581e+14	1.195326e+04	4.962681e+03	2.510782e+03	0	1.227632e-03
7.600000e+08	6.151956e+13	0.000000e+00	6.428569e-01	8.003801e+14	1.119485e+15	1.585042e+14	1.191779e+04	4.955511e+03	2.507155e+03	0	1.220162e-03
7.700000e+08	6.041207e+13	0.000000e+00	6.428569e-01	7.883518e+14	1.104473e+15	1.577555e+14	1.188287e+04	4.948438e+03	2.503576e+03	0	1.212795e-03
7.800000e+08	5.933290e+13	0.000000e+00	6.428569e-01	7.766261e+14	1.089824e+15	1.570120e+14	1.184846e+04	4.941461e+03	2.500047e+03	0	1.205530e-03
7.900000e+08	5.828106e+13	0.000000e+00	6.428569e-01	7.651927e+14	1.075523e+15	1.562736e+14	1.181457e+04	4.934578e+03	2.496564e+03	0	1.198364e-03
8.000000e+08	5.725561e+13	0.000000e+00	6.428569e-01	7.540413e+14	1.061560e+15	1.555404e+14	1.178117e+04	4.927787e+03	2.493128e+03	0	1.191294e-03
8.100000e+08	5.625562e+13	0.000000e+00	6.428569e-01	7.431623e+14	1.047924e+15	1.548123e+14	1.174825e+04	4.921085e+03	2.489738e+03	0	1.184318e-03
8.200000e+08	5.528025e+13	0.000000e+00	6.428569e-01	7.325466e+14	1.034603e+15	1.540892e+14	1.171581e+04	4.914470e+03	2.486391e+03	0	1.177433e-03
8.300000e+08	5.432865e+13	0.000000e+00	6.428569e-01	7.221852e+14	1.021587e+15	1.533711e+14	1.168383e+04	4.907941e+03	2.483088e+03	0	1.170638e-03
8.400000e+08	5.340003e+13	0.000000e+00	6.428569e-01	7.120699e+14	1.008867e+15	1.526580e+14	1.165230e+04	4.901495e+03	2.479826e+03	0	1.163930e-03
8.500000e+08	5.249363e+13	0.000000e+00	6.428569e-01	7.021924e+14	9.964316e+14	1.519498e+14	1.162121e+04	4.895131e+03	2.476607e+03	0	1.157307e-03
8.600000e+08	5.160872e+13	0.000000e+00	6.428569e-01	6.925450e+14	9.842732e+14	1.512465e+14	1.159055e+04	4.888847e+03	2.473427e+03	0	1.150767e-03
8.700000e+08	5.074460e+13	0.000000e+00	6.428569e-01	6.831203e+14	9.723825e+14	1.505480e+14	1.156031e+04	4.882640e+03	2.470287e+03	0	1.144308e-03
8.800000e+08	4.990060e+13	0.000000e+00	6.428569e-01	6.739111e+14	9.607512e+14	1.498543e+14	1.153048e+04	4.876510e+03	2.467186e+03	0	1.137928e-03
8.900000e+08	4.907608e+13	0.000000e+00	6.428569e-01	6.649107e+14	9.493712e+14	1.491654e+14	1.150104e+04	4.870455e+03	2.464122e+03	0	1.131626e-03
9.000000e+08	4.827043e+13	0.000000e+00	6.428569e-01	6.561124e+14	9.382347e+14	1.484812e+14	1.147200e+04	4.864472e+03	2.461095e+03	0	1.125399e-03
9.100000e+08	4.748304e+13	0.000000e+00	6.428569e-01	6.475099e+14	9.273343e+14	1.478017e+14	1.144335e+04	4.858561e+03	2.458105e+03	0	1.119247e-03
9.200000e+08	4.671335e+13	0.000000e+00	6.428569e-01	6.390973e+14	9.166629e+14	1.471268e+14	1.141506e+04	4.852721e+03	2.455150e+03	0	1.113166e-03
9.300000e+08	4.596081e+13	0.000000e+00	6.428569e-01	6.308686e+14	9.062136e+14	1.464566e+14	1.138714e+04	4.846948e+03	2.452229e+03	0	1.107156e-03
9.400000e+08	4.522491e+13	0.000000e+00	6.428569e-01	6.228184e+14	8.959798e+14	1.457910e+14	1.135958e+04	4.841243e+03	2.449343e+03	0	1.101215e-03
9.500000e+08	4.450513e+13	0.000000e+00	6.428569e-01	6.149411e+14	8.859551e+14	1.451299e+14	1.133237e+04	4.835604e+03	2.446490e+03	0	1.095342e-03
9.600000e+08	4.380098e+13	0.000000e+00	6.428569e-01	6.072318e+14	8.761335e+14	1.444733e+14	1.130551e+04	4.830029e+03	2.443669e+03	0	1.089534e-03
9.700000e+08	4.311201e+13	0.000000e+00	6.428569e-01	5.996853e+14	8.665089e+14	1.438212e+14	1.127898e+04	4.824517e+03	2.440881e+03	0	1.083791e-03
9.800000e+08	4.243777e+13	0.000000e+00	6.428569e-01	5.922969e+14	8.570759e+14	1.431735e+14	1.125277e+04	4.819067e+03	2.438123e+03	0	1.078112e-03
9.900000e+08	4.177781e+13	0.000000e+00	6.428569e-01	5.850621e+14	8.478288e+14	1.425302e+14	1.122689e+04	4.813678e+03	2.435397e+03	0	1.072494e-03
1.000000e+09	4.113173e+13	0.000000e+00	6.428569e-01	5.779763e+14	8.387625e+14	1.418913e+14	1.120132e+04	4.808348e+03	2.432700e+03	0	1.066937e-03
1.010000e+09	4.049913e+13	0.000000e+00	6.428569e-01	5.710353e+14	8.298719e+14	1.412567e+14	1.117606e+04	4.803076e+03	2.430033e+03	0	1.061438e-03
1.020000e+09	3.987961e+13	0.000000e+00	6.428569e-01	5.642350e+14	8.211521e+14	1.406264e+14	1.115111e+04	4.797862e+03	2.427395e+03	0	1.055998e-03
1.030000e+09	3.927281e+13	0.000000e+00	6.428569e-01	5.575714e+14	8.125985e+14	1.400004e+14	1.112645e+04	4.792704e+03	2.424785e+03	0	1.050615e-03
1.040000e+09	3.867836e+13	0.000000e+00	6.428569e-01	5.510407e+14	8.042063e+14	1.393786e+14	1.110208e+04	4.787600e+03	2.422203e+03	0	1.045287e-03
1.050000e+09	3.809593e+13	0.000000e+00	6.428569e-01	5.446392e+14	7.959714e+14	1.387610e+14	1.107799e+04	4.782551e+03	2.419648e+03	0	1.040014e-03
1.060000e+09	3.752518e+13	0.000000e+00	6.428569e-01	5.383633e+14	7.878894e+14	1.381476e+14	1.105418e+04	4.777554e+03	2.417121e+03	0	1.034794e-03
1.070000e+09	3.696578e+13	0.000000e+00	6.428569e-01	5.322097e+14	7.799563e+14	1.375383e+14	1.103065e+04	4.772609e+03	2.414619e+03	0	1.029626e-03
1.080000e+09	3.641743e+13	0.000000e+00	6.428569e-01	5.261749e+14	7.721681e+14	1.369331e+14	1.100738e+04	4.767716e+03	2.412143e+03	0	1.024510e-03
1.090000e+09	3.587982e+13	0.000000e+00	6.428569e-01	5.202559e+14	7.645211e+14	1.363320e+14	1.098438e+04	4.762872e+03	2.409692e+03	0	1.019443e-03
1.100000e+09	3.535267e+13	0.000000e+00	6.428569e-01	5.144495e+14	7.570115e+14	1.357349e+14	1.096164e+04	4.758077e+03	2.407267e+03	0	1.014426e-03
1.110000e+09	3.483570e+13	0.000000e+00	6.428569e-01	5.087527e+14	7.496358e+14	1.351418e+14	1.093914e+04	4.753331e+03	2.404865e+03	0	1.009457e-03
1.120000e+09	3.432863e+13	0.000000e+00	6.428569e-01	5.031626e+14	7.423906e+14	1.345527e+14	1.091690e+04	4.748632e+03	2.402488e+03	0	1.004535e-03
1.130000e+09	3.383121e+13	0.000000e+00	6.428569e-01	4.976765e+14	7.352724e+14	1.339675e+14	1.089490e+04	4.743980e+03	2.400134e+03	0	9.996595e-04
1.140000e+09	3.334318e+13	0.000000e+00	6.428569e-01	4.922917e+14	7.282783e+14	1.333863e+14	1.087314e+04	4.739373e+03	2.397803e+03	0	9.948294e-04
1.150000e+09	3.286430e+13	0.000000e+00	6.428569e-01	4.870055e+14	7.214049e+14	1.328089e+14	1.085161e+04	4.734811e+03	2.395495e+03	0	9.900438e-04
1.160000e+09	3.239434e+13	0.000000e+00	6.428569e-01	4.818155e+14	7.146494e+14	1.322354e+14	1.083031e+04	4.730293e+03	2.393210e+03	0	9.853019e-04
1.170000e+09	3.193306e+13	0.000000e+00	6.428569e-01	4.767192e+14	7.080088e+14	1.316657e+14	1.080924e+04	4.725819e+03	2.390946e+03	0	9.806028e-04
1.180000e+09	3.148025e+13	0.000000e+00	6.428569e-01	4.717142e+14	7.014802e+14	1.310998e+14	1.078839e+04	4.721387e+03	2.388704e+03	0	9.759457e-04
1.190000e+09	3.103569e+13	0.000000e+00	6.428569e-01	4.667982e+14	6.950610e+14	1.305376e+14	1.076776e+04	4.716997e+03	2.386483e+03	0	9.713298e-04
1.200000e+09	3.059917e+13	0.000000e+00	6.428569e-01	4.619691e+14	6.887486e+14	1.299792e+14	1.074735e+04	4.712648e+03	2.384282e+03	0	9.667543e-04
1.210000e+09	3.017049e+13	0.000000e+00	6.428569e-01	4.572247e+14	6.825402e+14	1.294245e+14	1.072714e+04	4.708339e+03	2.382102e+03	0	9.622186e-04
1.220000e+09	2.974947e+13	0.000000e+00	6.428569e-01	4.525630e+14	6.764336e+14	1.288734e+14	1.070714e+04	4.704070e+03	2.379943e+03	0	9.577217e-04
1.230000e+09	2.933591e+13	0.000000e+00	6.428569e-01	4.479819e+14	6.704263e+14	1.283260e+14	1.068735e+04	4.699841e+03	2.377803e+03	0	9.532631e-04
1.240000e+09	2.892963e+13	0.000000e+00	6.428569e-01	4.434794e+14	6.645159e+14	1.277823e+14	1.066775e+04	4.695650e+03	2.375682e+03	0	9.488420e-04
1.250000e+09	2.853046e+13	0.000000e+00	6.428569e-01	4.390538e+14	6.587002e+14	1.272421e+14	1.064835e+04	4.691496e+03	2.373581e+03	0	9.444577e-04
1.260000e+09	2.813821e+13	0.000000e+00	6.428569e-01	4.347031e+14	6.529770e+14	1.267054e+14	1.062915e+04	4.687380e+03	2.371499e+03	0	9.401095e-04
1.270000e+09	2.775274e+13	0.000000e+00	6.428569e-01	4.304256e+14	6.473441e+14	1.261724e+14	1.061013e+04	4.683301e+03	2.369435e+03	0	9.357968e-04
1.280000e+09	2.737387e+13	0.000000e+00	6.428569e-01	4.262195e+14	6.417996e+14	1.256428e+14	1.059130e+04	4.679258e+03	2.367389e+03	0	9.315189e-04
1.290000e+09	2.700146e+13	0.000000e+00	6.428569e-01	4.220833e+14	6.363414e+14	1.251167e+14	1.057265e+04	4.675250e+03	2.365361e+03	0	9.272752e-04
1.300000e+09	2.663534e+13	0.000000e+00	6.428569e-01	4.180153e+14	6.309675e+14	1.245940e+14	1.055418e+04	4.671277e+03	2.363351e+03	0	9.230652e-04
1.310000e+09	2.627538e+13	0.000000e+00	6.428569e-01	4.140139e+14	6.256762e+14	1.240748e+14	1.053589e+04	4.667338e+03	2.361359e+03	0	9.188881e-04
1.320000e+09	2.592143e+13	0.000000e+00	6.428569e-01	4.100775e+14	6.204655e+14	1.235590e+14	1.051778e+04	4.663433e+03	2.359383e+03	0	9.147434e-04
1.330000e+09	2.557336e+13	0.000000e+00	6.428569e-01	4.062048e+14	6.153337e+14	1.230465e+14	1.049984e+04	4.659561e+03	2.357424e+03	0	9.106305e-04
1.340000e+09	2.523102e+13	0.000000e+00	6.428569e-01	4.023943e+14	6.102790e+14	1.225374e+14	1.048206e+04	4.655722e+03	2.355482e+03	0	9.065488e-04
1.350000e+09	2.489430e+13	0.000000e+00	6.428569e-01	3.986445e+14	6.052998e+14	1.220316e+14	1.046445e+04	4.651916e+03	2.353556e+03	0	9.024979e-04
1.360000e+09	2.456305e+13	0.000000e+00	6.428569e-01	3.949542e+14	6.003945e+14	1.215292e+14	1.044701e+04	4.648141e+03	2.351646e+03	0	8.984771e-04
1.370000e+09	2.423717e+13	0.000000e+00	6.428569e-01	3.913219e+14	5.955614e+14	1.210300e+14	1.042973e+04	4.644397e+03	2.349752e+03	0	8.944860e-04
1.380000e+09	2.391652e+13	0.000000e+00	6.428569e-01	3.877465e+14	5.907990e+14	1.205340e+14	1.041260e+04	4.640685e+03	2.347874e+03	0	8.905240e-04
1.390000e+09	2.360101e+13	0.000000e+00	6.428569e-01	3.842267e+14	5.861059e+14	1.200412e+14	1.039563e+04	4.637002e+03	2.346011e+03	0	8.865906e-04
1.400000e+09	2.329050e+13	0.000000e+00	6.428569e-01	3.807613e+14	5.814805e+14	1.195517e+14	1.037882e+04	4.633350e+03	2.344163e+03	0	8.826852e-04
1.410000e+09	2.298490e+13	0.000000e+00	6.428569e-01	3.773491e+14	5.769214e+14	1.190653e+14	1.036215e+04	4.629727e+03	2.342330e+03	0	8.788076e-04
1.420000e+09	2.268409e+13	0.000000e+00	6.428569e-01	3.739889e+14	5.724274e+14	1.185821e+14	1.034564e+04	4.626133e+03	2.340512e+03	0	8.749570e-04
1.430000e+09	2.238798e+13	0.000000e+00	6.428569e-01	3.706796e+14	5.679970e+14	1.181020e+14	1.032927e+04	4.622567e+03	2.338708e+03	0	8.711331e-04
1.440000e+09	2.209645e+13	0.000000e+00	6.428569e-01	3.674203e+14	5.636289e+14	1.176250e+14	1.031304e+04	4.619030e+03	2.336918e+03	0	8.673355e-04
1.450000e+09	2.180942e+13	0.000000e+00	6.428569e-01	3.642097e+14	5.593218e+14	1.171511e+14	1.029696e+04	4.615521e+03	2.335143e+03	0	8.635636e-04
1.460000e+09	2.152680e+13	0.000000e+00	6.428569e-01	3.610470e+14	5.550746e+14	1.166802e+14	1.028102e+04	4.612039e+03	2.333381e+03	0	8.598170e-04
1.470000e+09	2.124847e+13	0.000000e+00	6.428569e-01	3.579310e+14	5.508860e+14	1.162123e+14	1.026522e+04	4.608584e+03	2.331633e+03	0	8.560954e-04
1.480000e+09	2.097436e+13	0.000000e+00	6.428569e-01	3.548609e+14	5.467548e+14	1.157475e+14	1.024955e+04	4.605156e+03	2.329899e+03	0	8.523982e-04
1.490000e+09	2.070438e+13	0.000000e+00	6.428569e-01	3.518357e+14	5.426800e+14	1.152856e+14	1.023401e+04	4.601754e+03	2.328177e+03	0	8.487251e-04
1.500000e+09	2.043845e+13	0.000000e+00	6.428569e-01	3.488544e+14	5.386603e+14	1.148268e+14	1.021861e+04	4.598377e+03	2.326469e+03	0	8.450756e-04
1.510000e+09	2.017647e+13	0.000000e+00	6.428569e-01	3.459162e+14	5.346948e+14	1.143708e+14	1.020334e+04	4.595027e+03	2.324774e+03	0	8.414494e-04
1.520000e+09	1.991837e+13	0.000000e+00	6.428569e-01	3.430202e+14	5.307823e+14	1.139178e+14	1.018820e+04	4.591701e+03	2.323092e+03	0	8.378460e-04
1.530000e+09	1.966407e+13	0.000000e+00	6.428569e-01	3.401655e+14	5.269218e+14	1.134676e+14	1.017318e+04	4.588401e+03	2.321422e+03	0	8.342651e-04
1.540000e+09	1.941349e+13	0.000000e+00	6.428569e-01	3.373514e+14	5.231124e+14	1.130203e+14	1.015829e+04	4.585124e+03	2.319764e+03	0	8.307062e-04
1.550000e+09	1.916656e+13	0.000000e+00	6.428569e-01	3.345770e+14	5.193530e+14	1.125759e+14	1.014352e+04	4.581872e+03	2.318119e+03	0	8.271691e-04
1.560000e+09	1.892320e+13	0.000000e+00	6.428569e-01	3.318415e+14	5.156427e+14	1.121343e+14	1.012887e+04	4.578644e+03	2.316486e+03	0	8.236534e-04
1.570000e+09	1.868335e+13	0.000000e+00	6.428569e-01	3.291442e+14	5.119805e+14	1.116955e+14	1.011434e+04	4.575440e+03	2.314864e+03	0	8.201586e-04
1.580000e+09	1.844693e+13	0.000000e+00	6.428569e-01	3.264843e+14	5.083657e+14	1.112595e+14	1.009993e+04	4.572258e+03	2.313255e+03	0	8.166845e-04
1.590000e+09	1.821388e+13	0.000000e+00	6.428569e-01	3.238611e+14	5.047971e+14	1.108263e+14	1.008563e+04	4.569099e+03	2.311657e+03	0	8.132307e-04
1.600000e+09	1.798413e+13	0.000000e+00	6.428569e-01	3.212739e+14	5.012741e+14	1.103958e+14	1.007145e+04	4.565963e+03	2.310070e+03	0	8.097968e-04
1.610000e+09	1.775761e+13	0.000000e+00	6.428569e-01	3.187220e+14	4.977958e+14	1.099680e+14	1.005739e+04	4.562850e+03	2.308495e+03	0	8.063826e-04
1.620000e+09	1.753427e+13	0.000000e+00	6.428569e-01	3.162047e+14	4.943613e+14	1.095430e+14	1.004343e+04	4.559758e+03	2.306930e+03	0	8.029876e-04
1.630000e+09	1.731404e+13	0.000000e+00	6.428569e-01	3.137214e+14	4.909699e+14	1.091206e+14	1.002958e+04	4.556688e+03	2.305377e+03	0	7.996116e-04
1.640000e+09	1.709687e+13	0.000000e+00	6.428569e-01	3.112714e+14	4.876207e+14	1.087008e+14	1.001585e+04	4.553640e+03	2.303835e+03	0	7.962542e-04
1.650000e+09	1.688268e+13	0.000000e+00	6.428569e-01	3.088540e+14	4.843131e+14	1.082838e+14	1.000222e+04	4.550612e+03	2.302303e+03	0	7.929152e-04
1.660000e+09	1.667144e+13	0.000000e+00	6.428569e-01	3.064688e+14	4.810462e+14	1.078693e+14	9.988691e+03	4.547606e+03	2.300782e+03	0	7.895942e-04
1.670000e+09	1.646308e+13	0.000000e+00	6.428569e-01	3.041150e+14	4.778193e+14	1.074574e+14	9.975270e+03	4.544620e+03	2.299272e+03	0	7.862909e-04
1.680000e+09	1.625754e+13	0.000000e+00	6.428569e-01	3.017922e+14	4.746317e+14	1.070482e+14	9.961951e+03	4.541655e+03	2.297771e+03	0	7.830051e-04
1.690000e+09	1.605479e+13	0.000000e+00	6.428569e-01	2.994996e+14	4.714828e+14	1.066415e+14	9.948735e+03	4.538709e+03	2.296281e+03	0	7.797363e-04
1.700000e+09	1.585475e+13	0.000000e+00	6.428569e-01	2.972369e+14	4.683718e+14	1.062373e+14	9.935618e+03	4.535784e+03	2.294801e+03	0	7.764844e-04
1.710000e+09	1.565739e+13	0.000000e+00	6.428569e-01	2.950033e+14	4.652981e+14	1.058357e+14	9.922600e+03	4.532878e+03	2.293331e+03	0	7.732491e-04
1.720000e+09	1.546266e+13	0.000000e+00	6.428569e-01	2.927985e+14	4.622610e+14	1.054365e+14	9.909680e+03	4.529992e+03	2.291871e+03	0	7.700300e-04
1.730000e+09	1.527050e+13	0.000000e+00	6.428569e-01	2.906219e+14	4.592599e+14	1.050399e+14	9.896857e+03	4.527124e+03	2.290420e+03	0	7.668269e-04
1.740000e+09	1.508087e+13	0.000000e+00	6.428569e-01	2.884729e+14	4.562943e+14	1.046457e+14	9.884128e+03	4.524276e+03	2.288979e+03	0	7.636395e-04
1.750000e+09	1.489373e+13	0.000000e+00	6.428569e-01	2.863511e+14	4.533633e+14	1.042540e+14	9.871493e+03	4.521447e+03	2.287547e+03	0	7.604676e-04
1.760000e+09	1.470902e+13	0.000000e+00	6.428569e-01	2.842561e+14	4.504666e+14	1.038647e+14	9.858951e+03	4.518635e+03	2.286125e+03	0	7.573109e-04
1.770000e+09	1.452671e+13	0.000000e+00	6.428569e-01	2.821872e+14	4.476035e+14	1.034778e+14	9.846500e+03	4.515842e+03	2.284712e+03	0	7.541691e-04
1.780000e+09	1.434676e+13	0.000000e+00	6.428569e-01	2.801442e+14	4.447734e+14	1.030933e+14	9.834140e+03	4.513067e+03	2.283308e+03	0	7.510419e-04
1.790000e+09	1.416911e+13	0.000000e+00	6.428569e-01	2.781264e+14	4.419758e+14	1.027112e+14	9.821869e+03	4.510310e+03	2.281913e+03	0	7.479292e-04
1.800000e+09	1.399374e+13	0.000000e+00	6.428569e-01	2.761335e+14	4.392102e+14	1.023315e+14	9.809686e+03	4.507571e+03	2.280527e+03	0	7.448306e-04
1.810000e+09	1.382060e+13	0.000000e+00	6.428569e-01	2.741651e+14	4.364759e+14	1.019541e+14	9.797591e+03	4.504849e+03	2.279150e+03	0	7.417460e-04
1.820000e+09	1.364965e+13	0.000000e+00	6.428569e-01	2.722207e+14	4.337726e+14	1.015790e+14	9.785581e+03	4.502144e+03	2.277782e+03	0	7.386750e-04
1.830000e+09	1.348085e+13	0.000000e+00	6.428569e-01	2.703000e+14	4.310997e+14	1.012062e+14	9.773656e+03	4.499456e+03	2.276422e+03	0	7.356174e-04
1.840000e+09	1.331417e+13	0.000000e+00	6.428569e-01	2.684024e+14	4.284567e+14	1.008357e+14	9.761815e+03	4.496785e+03	2.275070e+03	0	7.325730e-04
1.850000e+09	1.314957e+13	0.000000e+00	6.428569e-01	2.665277e+14	4.258431e+14	1.004675e+14	9.750058e+03	4.494130e+03	2.273727e+03	0	7.295416e-04
1.860000e+09	1.298701e+13	0.000000e+00	6.428569e-01	2.646754e+14	4.232584e+14	1.001016e+14	9.738382e+03	4.491492e+03	2.272393e+03	0	7.265229e-04
1.870000e+09	1.282646e+13	0.000000e+00	6.428569e-01	2.628451e+14	4.207022e+14	9.973788e+13	9.726787e+03	4.488871e+03	2.271066e+03	0	7.235167e-04
1.880000e+09	1.266789e+13	0.000000e+00	6.428569e-01	2.610366e+14	4.181741e+14	9.937640e+13	9.715272e+03	4.486265e+03	2.269748e+03	0	7.205227e-04
1.890000e+09	1.251126e+13	0.000000e+00	6.428569e-01	2.592493e+14	4.156735e+14	9.901713e+13	9.703836e+03	4.483675e+03	2.268437e+03	0	7.175408e-04
1.900000e+09	1.235654e+13	0.000000e+00	6.428569e-01	2.574831e+14	4.132001e+14	9.866004e+13	9.692478e+03	4.481101e+03	2.267135e+03	0	7.145707e-04
1.910000e+09	1.220369e+13	0.000000e+00	6.428569e-01	2.557374e+14	4.107533e+14	9.830514e+13	9.681197e+03	4.478542e+03	2.265841e+03	0	7.116122e-04
1.920000e+09	1.205270e+13	0.000000e+00	6.428569e-01	2.540121e+14	4.083329e+14	9.795239e+13	9.669993e+03	4.475999e+03	2.264554e+03	0	7.086650e-04
1.930000e+09	1.190352e+13	0.000000e+00	6.428569e-01	2.523067e+14	4.059384e+14	9.760179e+13	9.658864e+03	4.473470e+03	2.263275e+03	0	7.057291e-04
1.940000e+09	1.175612e+13	0.000000e+00	6.428569e-01	2.506210e+14	4.035693e+14	9.725331e+13	9.647810e+03	4.470957e+03	2.262003e+03	0	7.028040e-04
1.950000e+09	1.161048e+13	0.000000e+00	6.428569e-01	2.489546e+14	4.012254e+14	9.690695e+13	9.636829e+03	4.468459e+03	2.260739e+03	0	6.998898e-04
1.960000e+09	1.146657e+13	0.000000e+00	6.428569e-01	2.473071e+14	3.989061e+14	9.656268e+13	9.625921e+03	4.465975e+03	2.259483e+03	0	6.969860e-04
1.970000e+09	1.132435e+13	0.000000e+00	6.428569e-01	2.456784e+14	3.966112e+14	9.622050e+13	9.615086e+03	4.463506e+03	2.258234e+03	0	6.940926e-04
1.980000e+09	1.118381e+13	0.000000e+00	6.428569e-01	2.440681e+14	3.943403e+14	9.588038e+13	9.604321e+03	4.461052e+03	2.256992e+03	0	6.912093e-04
1.990000e+09	1.104492e+13	0.000000e+00	6.428569e-01	2.424759e+14	3.920929e+14	9.554231e+13	9.593627e+03	4.458611e+03	2.255757e+03	0	6.883359e-04
2.000000e+09	1.090764e+13	0.000000e+00	6.428569e-01	2.409015e+14	3.898688e+14	9.520627e+13	9.583002e+03	4.456185e+03	2.254529e+03	0	6.854722e-04
2.010000e+09	1.077195e+13	0.000000e+00	6.428569e-01	2.393447e+14	3.876676e+14	9.487226e+13	9.572446e+03	4.453772e+03	2.253309e+03	0	6.826180e-04
2.020000e+09	1.063783e+13	0.000000e+00	6.428569e-01	2.378051e+14	3.854889e+14	9.454025e+13	9.561959e+03	4.451373e+03	2.252095e+03	0	6.797731e-04
2.030000e+09	1.050526e+13	0.000000e+00	6.428569e-01	2.362825e+14	3.833325e+14	9.421023e+13	9.551538e+03	4.448988e+03	2.250888e+03	0	6.769374e-04
2.040000e+09	1.037420e+13	0.000000e+00	6.428569e-01	2.347767e+14	3.811979e+14	9.388219e+13	9.541185e+03	4.446617e+03	2.249689e+03	0	6.741106e-04
2.050000e+09	1.024464e+13	0.000000e+00	6.428569e-01	2.332873e+14	3.790850e+14	9.355612e+13	9.530897e+03	4.444259e+03	2.248495e+03	0	6.712925e-04
2.060000e+09	1.011655e+13	0.000000e+00	6.428569e-01	2.318142e+14	3.769932e+14	9.323199e+13	9.520674e+03	4.441914e+03	2.247309e+03	0	6.684830e-04
2.070000e+09	9.989902e+12	0.000000e+00	6.428569e-01	2.303570e+14	3.749225e+14	9.290979e+13	9.510516e+03	4.439582e+03	2.246129e+03	0	6.656818e-04
2.080000e+09	9.864683e+12	0.000000e+00	6.428569e-01	2.289156e+14	3.728723e+14	9.258951e+13	9.500421e+03	4.437263e+03	2.244956e+03	0	6.628887e-04
2.090000e+09	9.740868e+12	0.000000e+00	6.428569e-01	2.274897e+14	3.708426e+14	9.227114e+13	9.490389e+03	4.434956e+03	2.243789e+03	0	6.601037e-04
2.100000e+09	9.618435e+12	0.000000e+00	6.428569e-01	2.260790e+14	3.688328e+14	9.195467e+13	9.480420e+03	4.432663e+03	2.242629e+03	0	6.573264e-04
2.110000e+09	9.497363e+12	0.000000e+00	6.428569e-01	2.246834e+14	3.668429e+14	9.164007e+13	9.470512e+03	4.430382e+03	2.241475e+03	0	6.545567e-04
2.120000e+09	9.377631e+12	0.000000e+00	6.428569e-01	2.233025e+14	3.648724e+14	9.132733e+13	9.460666e+03	4.428113e+03	2.240327e+03	0	6.517944e-04
2.130000e+09	9.259218e+12	0.000000e+00	6.428569e-01	2.219363e+14	3.629211e+14	9.101645e+13	9.450880e+03	4.425857e+03	2.239186e+03	0	6.490394e-04
2.140000e+09	9.142106e+12	0.000000e+00	6.428569e-01	2.205844e+14	3.609888e+14	9.070740e+13	9.441153e+03	4.423613e+03	2.238050e+03	0	6.462913e-04
2.150000e+09	9.026274e+12	0.000000e+00	6.428569e-01	2.192466e+14	3.590751e+14	9.040018e+13	9.431486e+03	4.421381e+03	2.236921e+03	0	6.435502e-04
2.160000e+09	8.911703e+12	0.000000e+00	6.428569e-01	2.179228e+14	3.571799e+14	9.009476e+13	9.421877e+03	4.419161e+03	2.235798e+03	0	6.408157e-04
2.170000e+09	8.798374e+12	0.000000e+00	6.428569e-01	2.166128e+14	3.553028e+14	8.979115e+13	9.412326e+03	4.416953e+03	2.234681e+03	0	6.380877e-04
2.180000e+09	8.686269e+12	0.000000e+00	6.428569e-01	2.153163e+14	3.534436e+14	8.948932e+13	9.402832e+03	4.414757e+03	2.233569e+03	0	6.353661e-04
2.190000e+09	8.575370e+12	0.000000e+00	6.428569e-01	2.140331e+14	3.516021e+14	8.918927e+13	9.393396e+03	4.412572e+03	2.232464e+03	0	6.326505e-04
2.200000e+09	8.465659e+12	0.000000e+00	6.428569e-01	2.127631e+14	3.497779e+14	8.889097e+13	9.384015e+03	4.410398e+03	2.231364e+03	0	6.299410e-04
2.210000e+09	8.357119e+12	0.000000e+00	6.428569e-01	2.115060e+14	3.479710e+14	8.859442e+13	9.374690e+03	4.408236e+03	2.230271e+03	0	6.272372e-04
2.220000e+09	8.249732e+12	0.000000e+00	6.428569e-01	2.102617e+14	3.461810e+14	8.829960e+13	9.365419e+03	4.406086e+03	2.229182e+03	0	6.245390e-04
2.230000e+09	8.143481e+12	0.000000e+00	6.428569e-01	2.090300e+14	3.444077e+14	8.800651e+13	9.356204e+03	4.403946e+03	2.228100e+03	0	6.218462e-04
2.240000e+09	8.038351e+12	0.000000e+00	6.428569e-01	2.078107e+14	3.426509e+14	8.771512e+13	9.347042e+03	4.401817e+03	2.227023e+03	0	6.191586e-04
2.250000e+09	7.934325e+12	0.000000e+00	6.428569e-01	2.066037e+14	3.409104e+14	8.742544e+13	9.337933e+03	4.399700e+03	2.225952e+03	0	6.164761e-04
2.260000e+09	7.831387e+12	0.000000e+00	6.428569e-01	2.054087e+14	3.391859e+14	8.713743e+13	9.328877e+03	4.397593e+03	2.224886e+03	0	6.137985e-04
2.270000e+09	7.729522e+12	0.000000e+00	6.428569e-01	2.042256e+14	3.374773e+14	8.685110e+13	9.319874e+03	4.395497e+03	2.223826e+03	0	6.111256e-04
2.280000e+09	7.628714e+12	0.000000e+00	6.428569e-01	2.030543e+14	3.357843e+14	8.656643e+13	9.310922e+03	4.393412e+03	2.222770e+03	0	6.084572e-04
2.290000e+09	7.528948e+12	0.000000e+00	6.428569e-01	2.018945e+14	3.341067e+14	8.628341e+13	9.302021e+03	4.391337e+03	2.221721e+03	0	6.057931e-04
2.300000e+09	7.430209e+12	0.000000e+00	6.428569e-01	2.007461e+14	3.324443e+14	8.600203e+13	9.293172e+03	4.389273e+03	2.220676e+03	0	6.031333e-04
2.310000e+09	7.332484e+12	0.000000e+00	6.428569e-01	1.996089e+14	3.307969e+14	8.572227e+13	9.284372e+03	4.387219e+03	2.219637e+03	0	6.004774e-04
2.320000e+09	7.235758e+12	0.000000e+00	6.428569e-01	1.984828e+14	3.291644e+14	8.544413e+13	9.275622e+03	4.385175e+03	2.218603e+03	0	5.978253e-04
2.330000e+09	7.140016e+12	0.000000e+00	6.428569e-01	1.973677e+14	3.275465e+14	8.516759e+13	9.266922e+03	4.383142e+03	2.217574e+03	0	5.951768e-04
2.340000e+09	7.045246e+12	0.000000e+00	6.428569e-01	1.962634e+14	3.259430e+14	8.489264e+13	9.258270e+03	4.381118e+03	2.216551e+03	0	5.925318e-04
2.350000e+09	6.951433e+12	0.000000e+00	6.428569e-01	1.951697e+14	3.243538e+14	8.461926e+13	9.249667e+03	4.379105e+03	2.215532e+03	0	5.898900e-04
2.360000e+09	6.858564e+12	0.000000e+00	6.428569e-01	1.940865e+14	3.227786e+14	8.434746e+13	9.241111e+03	4.377101e+03	2.214518e+03	0	5.872513e-04
2.370000e+09	6.766627e+12	0.000000e+00	6.428569e-01	1.930136e+14	3.212174e+14	8.407722e+13	9.232603e+03	4.375107e+03	2.213510e+03	0	5.846155e-04
2.380000e+09	6.675609e+12	0.000000e+00	6.428569e-01	1.919510e+14	3.196698e+14	8.380852e+13	9.224142e+03	4.373123e+03	2.212506e+03	0	5.819824e-04
2.390000e+09	6.585497e+12	0.000000e+00	6.428569e-01	1.908985e+14	3.181358e+14	8.354135e+13	9.215727e+03	4.371149e+03	2.211507e+03	0	5.793519e-04
2.400000e+09	6.496278e+12	0.000000e+00	6.428569e-01	1.898559e+14	3.166152e+14	8.327571e+13	9.207358e+03	4.369184e+03	2.210513e+03	0	5.767237e-04
2.410000e+09	6.407941e+12	0.000000e+00	6.428569e-01	1.888231e+14	3.151078e+14	8.301159e+13	9.199035e+03	4.367229e+03	2.209523e+03	0	5.740976e-04
2.420000e+09	6.320474e+12	0.000000e+00	6.428569e-01	1.878000e+14	3.136134e+14	8.274896e+13	9.190757e+03	4.365283e+03	2.208539e+03	0	5.714736e-04
2.430000e+09	6.233865e+12	0.000000e+00	6.428569e-01	1.867864e+14	3.121319e+14	8.248783e+13	9.182524e+03	4.363346e+03	2.207559e+03	0	5.688513e-04
2.440000e+09	6.148102e+12	0.000000e+00	6.428569e-01	1.857823e+14	3.106631e+14	8.222818e+13	9.174335e+03	4.361418e+03	2.206584e+03	0	5.662305e-04
2.450000e+09	6.063175e+12	0.000000e+00	6.428569e-01	1.847874e+14	3.092068e+14	8.197000e+13	9.166191e+03	4.359500e+03	2.205613e+03	0	5.636112e-04
2.460000e+09	5.979072e+12	0.000000e+00	6.428569e-01	1.838018e+14	3.077630e+14	8.171328e+13	9.158089e+03	4.357591e+03	2.204647e+03	0	5.609931e-04
2.470000e+09	5.895782e+12	0.000000e+00	6.428569e-01	1.828252e+14	3.063314e+14	8.145801e+13	9.150031e+03	4.355690e+03	2.203686e+03	0	5.583760e-04
2.480000e+09	5.813294e+12	0.000000e+00	6.428569e-01	1.818576e+14	3.049119e+14	8.120419e+13	9.142016e+03	4.353799e+03	2.202729e+03	0	5.557597e-04
2.490000e+09	5.731598e+12	0.000000e+00	6.428569e-01	1.808988e+14	3.035044e+14	8.095179e+13	9.134043e+03	4.351916e+03	2.201776e+03	0	5.531439e-04
2.500000e+09	5.650684e+12	0.000000e+00	6.428569e-01	1.799487e+14	3.021086e+14	8.070081e+13	9.126112e+03	4.350042e+03	2.200828e+03	0	5.505286e-04
2.510000e+09	5.570541e+12	0.000000e+00	6.428569e-01	1.790072e+14	3.007246e+14	8.045124e+13	9.118222e+03	4.348177e+03	2.199885e+03	0	5.479135e-04
2.520000e+09	5.491159e+12	0.000000e+00	6.428569e-01	1.780742e+14	2.993520e+14	8.020308e+13	9.110374e+03	4.346321e+03	2.198946e+03	0	5.452984e-04
2.530000e+09	5.412528e+12	0.000000e+00	6.428569e-01	1.771496e+14	2.979909e+14	7.995630e+13	9.102566e+03	4.344473e+03	2.198011e+03	0	5.426831e-04
2.540000e+09	5.334639e+12	0.000000e+00	6.428569e-01	1.762333e+14	2.966410e+14	7.971090e+13	9.094799e+03	4.342633e+03	2.197080e+03	0	5.400674e-04
2.550000e+09	5.257483e+12	0.000000e+00	6.428569e-01	1.753252e+14	2.953022e+14	7.946688e+13	9.087072e+03	4.340802e+03	2.196153e+03	0	5.374510e-04
2.560000e+09	5.181049e+12	0.000000e+00	6.428569e-01	1.744251e+14	2.939744e+14	7.922421e+13	9.079385e+03	4.338979e+03	2.195231e+03	0	5.348338e-04
2.570000e+09	5.105328e+12	0.000000e+00	6.428569e-01	1.735330e+14	2.926575e+14	7.898290e+13	9.071737e+03	4.337165e+03	2.194313e+03	0	5.322154e-04
2.580000e+09	5.030312e+12	0.000000e+00	6.428569e-01	1.726488e+14	2.913512e+14	7.874293e+13	9.064129e+03	4.335358e+03	2.193399e+03	0	5.295958e-04
2.590000e+09	4.955991e+12	0.000000e+00	6.428569e-01	1.717723e+14	2.900556e+14	7.850429e+13	9.056559e+03	4.333560e+03	2.192489e+03	0	5.269747e-04
2.600000e+09	4.882357e+12	0.000000e+00	6.428569e-01	1.709036e+14	2.887705e+14	7.826698e+13	9.049027e+03	4.331770e+03	2.191584e+03	0	5.243518e-04
2.610000e+09	4.809401e+12	0.000000e+00	6.428569e-01	1.700424e+14	2.874957e+14	7.803098e+13	9.041533e+03	4.329988e+03	2.190682e+03	0	5.217269e-04
2.620000e+09	4.737114e+12	0.000000e+00	6.428569e-01	1.691887e+14	2.862312e+14	7.779629e+13	9.034077e+03	4.328213e+03	2.189784e+03	0	5.190998e-04
2.630000e+09	4.665489e+12	0.000000e+00	6.428569e-01	1.683424e+14	2.849768e+14	7.756289e+13	9.026659e+03	4.326447e+03	2.188891e+03	0	5.164702e-04
2.640000e+09	4.594516e+12	0.000000e+00	6.428569e-01	1.675034e+14	2.837323e+14	7.733078e+13	9.019277e+03	4.324688e+03	2.188001e+03	0	5.138380e-04
2.650000e+09	4.524188e+12	0.000000e+00	6.428569e-01	1.666716e+14	2.824978e+14	7.709995e+13	9.011933e+03	4.322937e+03	2.187115e+03	0	5.112027e-04
2.660000e+09	4.454497e+12	0.000000e+00	6.428569e-01	1.658470e+14	2.812730e+14	7.687039e+13	9.004624e+03	4.321194e+03	2.186233e+03	0	5.085642e-04
2.670000e+09	4.385434e+12	0.000000e+00	6.428569e-01	1.650294e+14	2.800579e+14	7.664209e+13	8.997352e+03	4.319459e+03	2.185355e+03	0	5.059223e-04
2.680000e+09	4.316993e+12	0.000000e+00	6.428569e-01	1.642188e+14	2.788524e+14	7.641504e+13	8.990115e+03	4.317731e+03	2.184481e+03	0	5.032766e-04
2.690000e+09	4.249165e+12	0.000000e+00	6.428569e-01	1.634150e+14	2.776563e+14	7.618923e+13	8.982914e+03	4.316010e+03	2.183610e+03	0	5.006268e-04
2.700000e+09	4.181944e+12	0.000000e+00	6.428569e-01	1.626181e+14	2.764695e+14	7.596466e+13	8.975749e+03	4.314297e+03	2.182744e+03	0	4.979728e-04
2.710000e+09	4.115320e+12	0.000000e+00	6.428569e-01	1.618278e+14	2.752920e+14	7.574131e+13	8.968618e+03	4.312591e+03	2.181881e+03	0	4.953142e-04
2.720000e+09	4.049289e+12	0.000000e+00	6.428569e-01	1.610442e+14	2.741236e+14	7.551918e+13	8.961521e+03	4.310893e+03	2.181021e+03	0	4.926508e-04
2.730000e+09	3.983841e+12	0.000000e+00	6.428569e-01	1.602672e+14	2.729642e+14	7.529827e+13	8.954459e+03	4.309202e+03	2.180166e+03	0	4.899822e-04
2.740000e+09	3.918971e+12	0.000000e+00	6.428569e-01	1.594966e+14	2.718138e+14	7.507855e+13	8.947431e+03	4.307518e+03	2.179314e+03	0	4.873081e-04
2.750000e+09	3.854671e+12	0.000000e+00	6.428569e-01	1.587324e+14	2.706722e+14	7.486002e+13	8.940437e+03	4.305841e+03	2.178466e+03	0	4.846282e-04
2.760000e+09	3.790934e+12	0.000000e+00	6.428569e-01	1.579746e+14	2.695393e+14	7.464268e+13	8.933476e+03	4.304172e+03	2.177621e+03	0	4.819423e-04
2.770000e+09	3.727755e+12	0.000000e+00	6.428569e-01	1.572230e+14	2.684151e+14	7.442652e+13	8.926548e+03	4.302509e+03	2.176780e+03	0	4.792499e-04
2.780000e+09	3.665125e+12	0.000000e+00	6.428569e-01	1.564776e+14	2.672994e+14	7.421152e+13	8.919654e+03	4.300853e+03	2.175942e+03	0	4.765508e-04
2.790000e+09	3.603038e+12	0.000000e+00	6.428569e-01	1.557383e+14	2.661921e+14	7.399769e+13	8.912792e+03	4.299205e+03	2.175108e+03	0	4.738446e-04
2.800000e+09	3.541489e+12	0.000000e+00	6.428569e-01	1.550050e+14	2.650933e+14	7.378500e+13	8.905962e+03	4.297563e+03	2.174277e+03	0	4.711309e-04
2.810000e+09	3.480471e+12	0.000000e+00	6.428569e-01	1.542777e+14	2.640026e+14	7.357346e+13	8.899164e+03	4.295928e+03	2.173450e+03	0	4.684094e-04
2.820000e+09	3.419977e+12	0.000000e+00	6.428569e-01	1.535564e+14	2.629202e+14	7.336306e+13	8.892398e+03	4.294300e+03	2.172626e+03	0	4.656797e-04
2.830000e+09	3.360002e+12	0.000000e+00	6.428569e-01	1.528408e+14	2.618458e+14	7.315379e+13	8.885664e+03	4.292678e+03	2.171806e+03	0	4.629415e-04
2.840000e+09	3.300539e+12	0.000000e+00	6.428569e-01	1.521310e+14	2.607795e+14	7.294563e+13	8.878961e+03	4.291064e+03	2.170989e+03	0	4.601943e-04
2.850000e+09	3.241582e+12	0.000000e+00	6.428569e-01	1.514269e+14	2.597211e+14	7.273860e+13	8.872290e+03	4.289455e+03	2.170175e+03	0	4.574377e-04
2.860000e+09	3.183126e+12	0.000000e+00	6.428569e-01	1.507284e+14	2.586705e+14	7.253266e+13	8.865649e+03	4.287854e+03	2.169365e+03	0	4.546713e-04
2.870000e+09	3.125165e+12	0.000000e+00	6.428569e-01	1.500356e+14	2.576276e+14	7.232783e+13	8.859038e+03	4.286259e+03	2.168558e+03	0	4.518947e-04
2.880000e+09	3.067693e+12	0.000000e+00	6.428569e-01	1.493482e+14	2.565924e+14	7.212408e+13	8.852458e+03	4.284670e+03	2.167755e+03	0	4.491074e-04
2.890000e+09	3.010705e+12	0.000000e+00	6.428569e-01	1.486663e+14	2.555648e+14	7.192142e+13	8.845908e+03	4.283088e+03	2.166954e+03	0	4.463090e-04
2.900000e+09	2.954194e+12	0.000000e+00	6.428569e-01	1.479897e+14	2.545447e+14	7.171984e+13	8.839388e+03	4.281513e+03	2.166157e+03	0	4.434989e-04
2.910000e+09	2.898156e+12	0.000000e+00	6.428569e-01	1.473185e+14	2.535321e+14	7.151932e+13	8.832898e+03	4.279943e+03	2.165363e+03	0	4.406768e-04
2.920000e+09	2.842585e+12	0.000000e+00	6.428569e-01	1.466525e+14	2.525268e+14	7.131987e+13	8.826437e+03	4.278380e+03	2.164572e+03	0	4.378420e-04
2.930000e+09	2.787475e+12	0.000000e+00	6.428569e-01	1.459918e+14	2.515287e+14	7.112147e+13	8.820005e+03	4.276823e+03	2.163785e+03	0	4.349940e-04
2.940000e+09	2.732823e+12	0.000000e+00	6.428569e-01	1.453362e+14	2.505379e+14	7.092411e+13	8.813602e+03	4.275273e+03	2.163000e+03	0	4.321323e-04
2.950000e+09	2.678621e+12	0.000000e+00	6.428569e-01	1.446857e+14	2.495542e+14	7.072780e+13	8.807227e+03	4.273729e+03	2.162219e+03	0	4.292563e-04
2.960000e+09	2.624867e+12	0.000000e+00	6.428569e-01	1.440403e+14	2.485775e+14	7.053252e+13	8.800882e+03	4.272190e+03	2.161441e+03	0	4.263655e-04
2.970000e+09	2.571553e+12	0.000000e+00	6.428569e-01	1.433998e+14	2.476078e+14	7.033827e+13	8.794564e+03	4.270658e+03	2.160665e+03	0	4.234591e-04
2.980000e+09	2.518676e+12	0.000000e+00	6.428569e-01	1.427643e+14	2.466451e+14	7.014503e+13	8.788275e+03	4.269132e+03	2.159893e+03	0	4.205365e-04
2.990000e+09	2.466231e+12	0.000000e+00	6.428569e-01	1.421336e+14	2.456891e+14	6.995281e+13	8.782013e+03	4.267612e+03	2.159124e+03	0	4.175971e-04
3.000000e+09	2.414212e+12	0.000000e+00	6.428569e-01	1.415078e+14	2.447399e+14	6.976159e+13	8.775779e+03	4.266098e+03	2.158358e+03	0	4.146402e-04
3.010000e+09	2.362616e+12	0.000000e+00	6.428569e-01	1.408867e+14	2.437975e+14	6.957137e+13	8.769572e+03	4.264589e+03	2.157595e+03	0	4.116650e-04
3.020000e+09	2.311437e+12	0.000000e+00	6.428569e-01	1.402703e+14	2.428616e+14	6.938215e+13	8.763393e+03	4.263087e+03	2.156835e+03	0	4.086708e-04
3.030000e+09	2.260671e+12	0.000000e+00	6.428569e-01	1.396587e+14	2.419324e+14	6.919391e+13	8.757241e+03	4.261590e+03	2.156078e+03	0	4.056568e-04
3.040000e+09	2.210313e+12	0.000000e+00	6.428569e-01	1.390516e+14	2.410096e+14	6.900664e+13	8.751115e+03	4.260100e+03	2.155323e+03	0	4.026220e-04
3.050000e+09	2.160360e+12	0.000000e+00	6.428569e-01	1.384491e+14	2.400932e+14	6.882035e+13	8.745016e+03	4.258615e+03	2.154572e+03	0	3.995658e-04
3.060000e+09	2.110805e+12	0.000000e+00	6.428569e-01	1.378511e+14	2.391833e+14	6.863503e+13	8.738943e+03	4.257135e+03	2.153824e+03	0	3.964870e-04
3.070000e+09	2.061646e+12	0.000000e+00	6.428569e-01	1.372577e+14	2.382796e+14	6.845066e+13	8.732897e+03	4.255662e+03	2.153078e+03	0	3.933848e-04
3.080000e+09	2.012878e+12	0.000000e+00	6.428569e-01	1.366686e+14	2.373821e+14	6.826725e+13	8.726876e+03	4.254194e+03	2.152335e+03	0	3.902582e-04
3.090000e+09	1.964496e+12	0.000000e+00	6.428569e-01	1.360839e+14	2.364909e+14	6.808478e+13	8.720882e+03	4.252731e+03	2.151595e+03	0	3.871061e-04
3.100000e+09	1.916497e+12	0.000000e+00	6.428569e-01	1.355035e+14	2.356058e+14	6.790326e+13	8.714913e+03	4.251274e+03	2.150858e+03	0	3.839273e-04
3.110000e+09	1.868876e+12	0.000000e+00	6.428569e-01	1.349275e+14	2.347267e+14	6.772267e+13	8.708969e+03	4.249823e+03	2.150124e+03	0	3.807207e-04
3.120000e+09	1.821630e+12	0.000000e+00	6.428569e-01	1.343557e+14	2.338536e+14	6.754300e+13	8.703051e+03	4.248377e+03	2.149393e+03	0	3.774849e-04
3.130000e+09	1.774754e+12	0.000000e+00	6.428569e-01	1.337880e+14	2.329865e+14	6.736426e+13	8.697157e+03	4.246937e+03	2.148664e+03	0	3.742188e-04
3.140000e+09	1.728244e+12	0.000000e+00	6.428569e-01	1.332246e+14	2.321253e+14	6.718643e+13	8.691289e+03	4.245501e+03	2.147938e+03	0	3.709209e-04
3.150000e+09	1.682097e+12	0.000000e+00	6.428569e-01	1.326652e+14	2.312698e+14	6.700951e+13	8.685445e+03	4.244072e+03	2.147214e+03	0	3.675897e-04
3.160000e+09	1.636309e+12	0.000000e+00	6.428569e-01	1.321099e+14	2.304202e+14	6.683349e+13	8.679626e+03	4.242647e+03	2.146494e+03	0	3.642235e-04
3.170000e+09	1.590875e+12	0.000000e+00	6.428569e-01	1.315587e+14	2.295763e+14	6.665838e+13	8.673831e+03	4.241228e+03	2.145776e+03	0	3.608209e-04
3.180000e+09	1.545793e+12	0.000000e+00	6.428569e-01	1.310114e+14	2.287380e+14	6.648415e+13	8.668060e+03	4.239815e+03	2.145061e+03	0	3.573798e-04
3.190000e+09	1.501059e+12	0.000000e+00	6.428569e-01	1.304681e+14	2.279053e+14	6.631081e+13	8.662313e+03	4.238406e+03	2.144348e+03	0	3.538986e-04
3.200000e+09	1.456668e+12	0.000000e+00	6.428569e-01	1.299287e+14	2.270782e+14	6.613834e+13	8.656590e+03	4.237003e+03	2.143638e+03	0	3.503750e-04
3.210000e+09	1.412617e+12	0.000000e+00	6.428569e-01	1.293931e+14	2.262566e+14	6.596676e+13	8.650890e+03	4.235605e+03	2.142931e+03	0	3.468069e-04
3.220000e+09	1.368903e+12	0.000000e+00	6.428569e-01	1.288614e+14	2.254404e+14	6.579603e+13	8.645214e+03	4.234212e+03	2.142226e+03	0	3.431920e-04
3.230000e+09	1.325523e+12	0.000000e+00	6.428569e-01	1.283335e+14	2.246297e+14	6.562618e+13	8.639562e+03	4.232824e+03	2.141524e+03	0	3.395278e-04
3.240000e+09	1.282472e+12	0.000000e+00	6.428569e-01	1.278093e+14	2.238242e+14	6.545717e+13	8.633932e+03	4.231441e+03	2.140824e+03	0	3.358115e-04
3.250000e+09	1.239748e+12	0.000000e+00	6.428569e-01	1.272888e+14	2.230241e+14	6.528902e+13	8.628325e+03	4.230063e+03	2.140127e+03	0	3.320403e-04
3.260000e+09	1.197347e+12	0.000000e+00	6.428569e-01	1.267720e+14	2.222292e+14	6.512172e+13	8.622742e+03	4.228690e+03	2.139432e+03	0	3.282109e-04
3.270000e+09	1.155266e+12	0.000000e+00	6.428569e-01	1.262589e+14	2.214395e+14	6.495525e+13	8.617180e+03	4.227322e+03	2.138740e+03	0	3.243199e-04
3.280000e+09	1.113501e+12	0.000000e+00	6.428569e-01	1.257494e+14	2.206550e+14	6.478962e+13	8.611642e+03	4.225959e+03	2.138051e+03	0	3.203636e-04
3.290000e+09	1.072050e+12	0.000000e+00	6.428569e-01	1.252434e+14	2.198755e+14	6.462481e+13	8.606125e+03	4.224601e+03	2.137364e+03	0	3.163379e-04
3.300000e+09	1.030908e+12	0.000000e+00	6.428569e-01	1.247409e+14	2.191011e+14	6.446083e+13	8.600631e+03	4.223248e+03	2.136679e+03	0	3.122384e-04
3.310000e+09	9.900739e+11	0.000000e+00	6.428569e-01	1.242420e+14	2.183317e+14	6.429767e+13	8.595159e+03	4.221900e+03	2.135997e+03	0	3.080601e-04
3.320000e+09	9.495434e+11	0.000000e+00	6.428569e-01	1.237465e+14	2.175673e+14	6.413532e+13	8.589709e+03	4.220556e+03	2.135317e+03	0	3.037977e-04
3.330000e+09	9.093137e+11	0.000000e+00	6.428569e-01	1.232544e+14	2.168077e+14	6.397378e+13	8.584280e+03	4.219217e+03	2.134640e+03	0	2.994453e-04
3.340000e+09	8.693818e+11	0.000000e+00	6.428569e-01	1.227658e+14	2.160531e+14	6.381304e+13	8.578873e+03	4.217883e+03	2.133965e+03	0	2.949962e-04
3.350000e+09	8.297448e+11	0.000000e+00	6.428569e-01	1.222805e+14	2.153032e+14	6.365309e+13	8.573487e+03	4.216554e+03	2.133292e+03	0	2.904431e-04
3.360000e+09	7.903996e+11	0.000000e+00	6.428569e-01	1.217985e+14	2.145582e+14	6.349394e+13	8.568123e+03	4.215229e+03	2.132622e+03	0	2.857778e-04
3.370000e+09	7.513433e+11	0.000000e+00	6.428569e-01	1.213198e+14	2.138178e+14	6.333557e+13	8.562779e+03	4.213909e+03	2.131954e+03	0	2.809910e-04
3.380000e+09	7.125732e+11	0.000000e+00	6.428569e-01	1.208444e+14	2.130822e+14	6.317799e+13	8.557457e+03	4.212594e+03	2.131289e+03	0	2.760722e-04
3.390000e+09	6.740863e+11	0.000000e+00	6.428569e-01	1.203723e+14	2.123512e+14	6.302118e+13	8.552156e+03	4.211283e+03	2.130626e+03	0	2.710097e-04
3.400000e+09	6.358799e+11	0.000000e+00	6.428569e-01	1.199033e+14	2.116248e+14	6.286514e+13	8.546875e+03	4.209977e+03	2.129965e+03	0	2.657896e-04
3.410000e+09	5.979512e+11	0.000000e+00	6.428569e-01	1.194375e+14	2.109030e+14	6.270987e+13	8.541615e+03	4.208676e+03	2.129306e+03	0	2.603963e-04
3.420000e+09	5.602974e+11	0.000000e+00	6.428569e-01	1.189748e+14	2.101857e+14	6.255536e+13	8.536375e+03	4.207378e+03	2.128650e+03	0	2.548116e-04
3.430000e+09	5.229160e+11	0.000000e+00	6.428569e-01	1.185153e+14	2.094729e+14	6.240160e+13	8.531155e+03	4.206086e+03	2.127996e+03	0	2.490139e-04
3.440000e+09	4.858041e+11	0.000000e+00	6.428569e-01	1.180588e+14	2.087646e+14	6.224860e+13	8.525956e+03	4.204798e+03	2.127344e+03	0	2.429778e-04
3.450000e+09	4.489593e+11	0.000000e+00	6.428569e-01	1.176054e+14	2.080606e+14	6.209634e+13	8.520776e+03	4.203514e+03	2.126695e+03	0	2.366729e-04
3.460000e+09	4.123789e+11	0.000000e+00	6.428569e-01	1.171550e+14	2.073610e+14	6.194483e+13	8.515617e+03	4.202235e+03	2.126048e+03	0	2.300621e-04
3.470000e+09	3.760602e+11	0.000000e+00	6.428569e-01	1.167077e+14	2.066658e+14	6.179405e+13	8.510477e+03	4.200960e+03	2.125403e+03	0	2.230996e-04
3.480000e+09	3.400009e+11	0.000000e+00	6.428569e-01	1.162632e+14	2.059748e+14	6.164401e+13	8.505356e+03	4.199689e+03	2.124760e+03	0	2.157279e-04
3.490000e+09	3.041984e+11	0.000000e+00	6.428569e-01	1.158218e+14	2.052881e+14	6.149469e+13	8.500256e+03	4.198423e+03	2.124119e+03	0	2.078732e-04
3.500000e+09	2.686503e+11	0.000000e+00	6.428569e-01	1.153832e+14	2.046056e+14	6.134609e+13	8.495174e+03	4.197161e+03	2.123481e+03	0	1.994384e-04
3.510000e+09	2.333540e+11	0.000000e+00	6.428569e-01	1.149475e+14	2.039272e+14	6.119821e+13	8.490112e+03	4.195903e+03	2.122844e+03	0	1.902909e-04
3.520000e+09	1.983072e+11	0.000000e+00	6.428569e-01	1.145147e+14	2.032531e+14	6.105105e+13	8.485069e+03	4.194650e+03	2.122210e+03	0	1.802433e-04
3.530000e+09	1.635075e+11	0.000000e+00	6.428569e-01	1.140847e+14	2.025830e+14	6.090459e+13	8.480045e+03	4.193401e+03	2.121578e+03	0	1.690151e-04
3.540000e+09	1.289526e+11	0.000000e+00	6.428569e-01	1.136575e+14	2.019169e+14	6.075884e+13	8.475039e+03	4.192156e+03	2.120948e+03	0	1.561552e-04
3.550000e+09	9.464014e+10	0.000000e+00	6.428569e-01	1.132331e+14	2.012550e+14	6.061379e+13	8.470053e+03	4.190915e+03	2.120321e+03	0	1.408547e-04
3.560000e+09	6.056781e+10	0.000000e+00	6.428569e-01	1.128115e+14	2.005970e+14	6.046943e+13	8.465085e+03	4.189678e+03	2.119695e+03	0	1.213837e-04
3.570000e+09	2.673334e+10	0.000000e+00	6.428569e-01	1.123925e+14	1.999429e+14	6.032577e+13	8.460135e+03	4.188446e+03	2.119071e+03	0	9.241958e-05
3.580000e+09	-6.865490e+09	0.000000e+00	6.428569e-01	1.119763e+14	1.992928e+14	6.018279e+13	8.455204e+03	4.187217e+03	2.118450e+03	0	nan
