#R=1.7692493734143784
#interptype='linear'
#name='planet'
#norm={'P': 1000000000000.0, 'R': 1.7692493734143784, 'M': 4.0, 'g': 12.561168563342928, 'rho': 1000.0}
#state=1
#composition
#layer0		Fe08FeS02		0.300000
#layer1		pv_fmw		0.700000
#layer2		ice_VII		0.300000
#Cols=
 #'ur		r		mr		rho		P		g		phi		T		composition'
#-end-
0.000000e+00	0.000000e+00	3.641841e-11	1.660293e+04	1.167289e+12	0.000000e+00	-3.040096e+08	5.000000e+03	0
5.025126e-03	8.890700e-03	8.537601e-06	1.660510e+04	1.167825e+12	-7.385407e-02	-3.040031e+08	5.000000e+03	0
1.005025e-02	1.778140e-02	1.707517e-05	1.660728e+04	1.168360e+12	-1.477081e-01	-3.039807e+08	5.000000e+03	0
1.507538e-02	2.667210e-02	7.606598e-05	1.660698e+04	1.168286e+12	1.008624e-01	-3.039434e+08	5.000000e+03	0
2.010050e-02	3.556280e-02	1.355716e-04	1.660665e+04	1.168205e+12	3.527231e-01	-3.038913e+08	5.000000e+03	0
2.512563e-02	4.445350e-02	2.946778e-04	1.660433e+04	1.167636e+12	6.166988e-01	-3.038242e+08	5.000000e+03	0
3.015075e-02	5.334420e-02	4.558376e-04	1.660197e+04	1.167057e+12	8.809244e-01	-3.037426e+08	5.000000e+03	0
3.517588e-02	6.223490e-02	7.646245e-04	1.659764e+04	1.165997e+12	1.145768e+00	-3.036458e+08	5.000000e+03	0
4.020101e-02	7.112560e-02	1.078025e-03	1.659326e+04	1.164922e+12	1.410630e+00	-3.035343e+08	5.000000e+03	0
4.522613e-02	8.001630e-02	1.585889e-03	1.658693e+04	1.163373e+12	1.675310e+00	-3.034078e+08	5.000000e+03	0
5.025126e-02	8.890700e-02	2.101942e-03	1.658051e+04	1.161803e+12	1.939982e+00	-3.032664e+08	5.000000e+03	0
5.527638e-02	9.779770e-02	2.858042e-03	1.657218e+04	1.159766e+12	2.204260e+00	-3.031106e+08	5.000000e+03	0
6.030151e-02	1.066884e-01	3.626910e-03	1.656374e+04	1.157704e+12	2.468516e+00	-3.029406e+08	5.000000e+03	0
6.532663e-02	1.155791e-01	4.680091e-03	1.655340e+04	1.155182e+12	2.732250e+00	-3.027537e+08	5.000000e+03	0
7.035176e-02	1.244698e-01	5.751615e-03	1.654294e+04	1.152629e+12	2.995951e+00	-3.025531e+08	5.000000e+03	0
7.537688e-02	1.333605e-01	7.150340e-03	1.653059e+04	1.149625e+12	3.259021e+00	-3.023378e+08	5.000000e+03	0
8.040201e-02	1.422512e-01	8.573961e-03	1.651810e+04	1.146585e+12	3.522043e+00	-3.021082e+08	5.000000e+03	0
8.542714e-02	1.511419e-01	1.036624e-02	1.650375e+04	1.143102e+12	3.784333e+00	-3.018630e+08	5.000000e+03	0
9.045226e-02	1.600326e-01	1.219093e-02	1.648924e+04	1.139579e+12	4.046558e+00	-3.016046e+08	5.000000e+03	0
9.547739e-02	1.689233e-01	1.442424e-02	1.647288e+04	1.135621e+12	4.307955e+00	-3.013294e+08	5.000000e+03	0
1.005025e-01	1.778140e-01	1.669841e-02	1.645634e+04	1.131619e+12	4.569268e+00	-3.010408e+08	5.000000e+03	0
1.055276e-01	1.867047e-01	1.941964e-02	1.643797e+04	1.127190e+12	4.829657e+00	-3.007373e+08	5.000000e+03	0
1.105528e-01	1.955954e-01	2.219110e-02	1.641940e+04	1.122714e+12	5.089942e+00	-3.004192e+08	5.000000e+03	0
1.155779e-01	2.044861e-01	2.544647e-02	1.639903e+04	1.117820e+12	5.349210e+00	-3.000865e+08	5.000000e+03	0
1.206030e-01	2.133768e-01	2.876232e-02	1.637843e+04	1.112875e+12	5.608351e+00	-2.997394e+08	5.000000e+03	0
1.256281e-01	2.222675e-01	3.259728e-02	1.635604e+04	1.107522e+12	5.866384e+00	-2.993777e+08	5.000000e+03	0
1.306533e-01	2.311582e-01	3.650385e-02	1.633341e+04	1.102113e+12	6.124266e+00	-2.990017e+08	5.000000e+03	0
1.356784e-01	2.400489e-01	4.096308e-02	1.630901e+04	1.096307e+12	6.380952e+00	-2.986110e+08	5.000000e+03	0
1.407035e-01	2.489396e-01	4.550584e-02	1.628435e+04	1.090441e+12	6.637457e+00	-2.982063e+08	5.000000e+03	0
1.457286e-01	2.578303e-01	5.063310e-02	1.625794e+04	1.084189e+12	6.892682e+00	-2.977867e+08	5.000000e+03	0
1.507538e-01	2.667210e-01	5.585663e-02	1.623124e+04	1.077873e+12	7.147696e+00	-2.973534e+08	5.000000e+03	0
1.557789e-01	2.756117e-01	6.169472e-02	1.620282e+04	1.071181e+12	7.401345e+00	-2.969056e+08	5.000000e+03	0
1.608040e-01	2.845024e-01	6.764257e-02	1.617408e+04	1.064423e+12	7.654751e+00	-2.964439e+08	5.000000e+03	0
1.658291e-01	2.933931e-01	7.423329e-02	1.614364e+04	1.057301e+12	7.906711e+00	-2.959676e+08	5.000000e+03	0
1.708543e-01	3.022838e-01	8.094793e-02	1.611287e+04	1.050108e+12	8.158393e+00	-2.954774e+08	5.000000e+03	0
1.758794e-01	3.111745e-01	8.833194e-02	1.608040e+04	1.042563e+12	8.408550e+00	-2.949728e+08	5.000000e+03	0
1.809045e-01	3.200652e-01	9.585473e-02	1.604759e+04	1.034944e+12	8.658391e+00	-2.944583e+08	5.000000e+03	0
1.859296e-01	3.289559e-01	1.040715e-01	1.601310e+04	1.026985e+12	8.906630e+00	-2.939221e+08	5.000000e+03	0
1.909548e-01	3.378466e-01	1.124426e-01	1.597824e+04	1.018949e+12	9.154514e+00	-2.933759e+08	5.000000e+03	0
1.959799e-01	3.467373e-01	1.215304e-01	1.594173e+04	1.010585e+12	9.400720e+00	-2.928158e+08	5.000000e+03	0
2.010050e-01	3.556280e-01	1.307885e-01	1.590482e+04	1.002143e+12	9.646529e+00	-2.922420e+08	5.000000e+03	0
2.060302e-01	3.645187e-01	1.407842e-01	1.586627e+04	9.933836e+11	9.890589e+00	-2.916553e+08	5.000000e+03	0
2.110553e-01	3.734094e-01	1.509668e-01	1.582731e+04	9.845443e+11	1.013421e+01	-2.910532e+08	5.000000e+03	0
2.160804e-01	3.823001e-01	1.619060e-01	1.578673e+04	9.754006e+11	1.037600e+01	-2.904384e+08	5.000000e+03	0
2.211055e-01	3.911908e-01	1.730489e-01	1.574571e+04	9.661749e+11	1.061731e+01	-2.898101e+08	5.000000e+03	0
2.261307e-01	4.000815e-01	1.849657e-01	1.570308e+04	9.566574e+11	1.085673e+01	-2.891682e+08	5.000000e+03	0
2.311558e-01	4.089722e-01	1.971035e-01	1.566000e+04	9.470565e+11	1.109561e+01	-2.885131e+08	5.000000e+03	0
2.361809e-01	4.178629e-01	2.100302e-01	1.561533e+04	9.371765e+11	1.133253e+01	-2.878445e+08	5.000000e+03	0
2.412060e-01	4.267536e-01	2.231956e-01	1.557017e+04	9.272120e+11	1.156886e+01	-2.871628e+08	5.000000e+03	0
2.462312e-01	4.356443e-01	2.371631e-01	1.552345e+04	9.169811e+11	1.180318e+01	-2.864616e+08	5.000000e+03	0
2.512563e-01	4.445350e-01	2.513873e-01	1.547622e+04	9.066650e+11	1.203685e+01	-2.857627e+08	5.000000e+03	0
2.562814e-01	4.534257e-01	2.664248e-01	1.542743e+04	8.960956e+11	1.226843e+01	-2.850387e+08	5.000000e+03	0
2.613065e-01	4.623164e-01	2.817370e-01	1.537812e+04	8.854405e+11	1.249932e+01	-2.843049e+08	5.000000e+03	0
2.663317e-01	4.712071e-01	2.978718e-01	1.532726e+04	8.745450e+11	1.272806e+01	-2.835577e+08	5.000000e+03	0
2.713568e-01	4.800978e-01	3.142996e-01	1.527585e+04	8.635639e+11	1.295603e+01	-2.827975e+08	5.000000e+03	0
2.763819e-01	4.889885e-01	3.315571e-01	1.522292e+04	8.523555e+11	1.318181e+01	-2.820258e+08	5.000000e+03	0
2.814070e-01	4.978792e-01	3.491259e-01	1.516941e+04	8.410618e+11	1.340677e+01	-2.812409e+08	5.000000e+03	0
2.864322e-01	5.067699e-01	3.675298e-01	1.511438e+04	8.295540e+11	1.362946e+01	-2.804434e+08	5.000000e+03	0
2.914573e-01	5.156606e-01	3.862631e-01	1.505876e+04	8.179617e+11	1.385127e+01	-2.796333e+08	5.000000e+03	0
2.964824e-01	5.245513e-01	4.058348e-01	1.500163e+04	8.061683e+11	1.407076e+01	-2.788114e+08	5.000000e+03	0
3.015075e-01	5.334420e-01	4.257539e-01	1.494388e+04	7.942916e+11	1.428930e+01	-2.779767e+08	5.000000e+03	0
3.065327e-01	5.423327e-01	4.465128e-01	1.488464e+04	7.822270e+11	1.450547e+01	-2.771299e+08	5.000000e+03	0
3.115578e-01	5.512234e-01	4.676368e-01	1.482475e+04	7.700807e+11	1.472061e+01	-2.762715e+08	5.000000e+03	0
3.165829e-01	5.601141e-01	4.896001e-01	1.476338e+04	7.577597e+11	1.493334e+01	-2.754006e+08	5.000000e+03	0
3.216080e-01	5.690048e-01	5.119459e-01	1.470134e+04	7.453589e+11	1.514496e+01	-2.745181e+08	5.000000e+03	0
3.266332e-01	5.778955e-01	5.351284e-01	1.463782e+04	7.327965e+11	1.535412e+01	-2.736239e+08	5.000000e+03	0
3.316583e-01	5.867862e-01	5.587105e-01	1.457361e+04	7.201569e+11	1.556210e+01	-2.727176e+08	5.000000e+03	0
3.366834e-01	5.956769e-01	5.831246e-01	1.450793e+04	7.073686e+11	1.576757e+01	-2.718060e+08	5.000000e+03	0
3.417085e-01	6.045676e-01	6.079548e-01	1.444152e+04	6.945060e+11	1.597179e+01	-2.708715e+08	5.000000e+03	0
3.467337e-01	6.134583e-01	6.336106e-01	1.437366e+04	6.815077e+11	1.617344e+01	-2.699311e+08	5.000000e+03	0
3.517588e-01	6.223490e-01	6.596983e-01	1.430504e+04	6.684385e+11	1.637375e+01	-2.689797e+08	5.000000e+03	0
3.567839e-01	6.312397e-01	6.866031e-01	1.423497e+04	6.552465e+11	1.657146e+01	-2.680172e+08	5.000000e+03	0
3.618090e-01	6.401304e-01	7.139549e-01	1.416411e+04	6.419874e+11	1.676775e+01	-2.670432e+08	5.000000e+03	0
3.668342e-01	6.490211e-01	7.421134e-01	1.409182e+04	6.286182e+11	1.696139e+01	-2.660590e+08	5.000000e+03	0
3.718593e-01	6.579118e-01	7.707331e-01	1.401870e+04	6.151863e+11	1.715351e+01	-2.650636e+08	5.000000e+03	0
3.768844e-01	6.668025e-01	8.001472e-01	1.394414e+04	6.016570e+11	1.734295e+01	-2.640572e+08	5.000000e+03	0
3.819095e-01	6.756932e-01	8.300356e-01	1.386873e+04	5.880696e+11	1.753078e+01	-2.630433e+08	5.000000e+03	0
3.869347e-01	6.845839e-01	8.607043e-01	1.379188e+04	5.743974e+11	1.771588e+01	-2.620146e+08	5.000000e+03	0
3.919598e-01	6.934746e-01	8.918591e-01	1.371414e+04	5.606724e+11	1.789927e+01	-2.609771e+08	5.000000e+03	0
3.969849e-01	7.023653e-01	9.237783e-01	1.363497e+04	5.468750e+11	1.807990e+01	-2.599294e+08	5.000000e+03	0
4.020101e-01	7.112560e-01	9.561942e-01	1.355486e+04	5.330305e+11	1.825873e+01	-2.588737e+08	5.000000e+03	0
4.070352e-01	7.201467e-01	9.893566e-01	1.347333e+04	5.191259e+11	1.843475e+01	-2.578059e+08	5.000000e+03	0
4.120603e-01	7.290374e-01	1.023025e+00	1.339082e+04	5.051804e+11	1.860887e+01	-2.567290e+08	5.000000e+03	0
4.170854e-01	7.379281e-01	1.057420e+00	1.330687e+04	4.911868e+11	1.878013e+01	-2.556424e+08	5.000000e+03	0
4.221106e-01	7.468188e-01	1.092328e+00	1.322191e+04	4.771591e+11	1.894939e+01	-2.545467e+08	5.000000e+03	0
4.271357e-01	7.557095e-01	1.127942e+00	1.313551e+04	4.630952e+11	1.911577e+01	-2.534411e+08	5.000000e+03	0
4.321608e-01	7.646002e-01	1.164074e+00	1.304804e+04	4.490046e+11	1.928001e+01	-2.523267e+08	5.000000e+03	0
4.371859e-01	7.734909e-01	1.191901e+00	1.142645e+04	4.383519e+11	1.929846e+01	-2.512032e+08	5.000000e+03	0
4.422111e-01	7.823816e-01	1.213349e+00	8.626873e+03	4.303391e+11	1.920495e+01	-2.500754e+08	5.000000e+03	0
4.472362e-01	7.912723e-01	1.235220e+00	7.361001e+03	4.224139e+11	1.911721e+01	-2.489492e+08	5.000000e+03	1
4.522613e-01	8.001630e-01	1.257429e+00	7.322094e+03	4.145588e+11	1.903409e+01	-2.478288e+08	5.000000e+03	1
4.572864e-01	8.090537e-01	1.280054e+00	7.283241e+03	4.067842e+11	1.895605e+01	-2.467135e+08	5.000000e+03	1
4.623116e-01	8.179444e-01	1.303025e+00	7.244433e+03	3.990768e+11	1.888226e+01	-2.456030e+08	5.000000e+03	1
4.673367e-01	8.268351e-01	1.326405e+00	7.205657e+03	3.914437e+11	1.881297e+01	-2.444972e+08	5.000000e+03	1
4.723618e-01	8.357258e-01	1.350139e+00	7.166908e+03	3.838753e+11	1.874758e+01	-2.433956e+08	5.000000e+03	1
4.773869e-01	8.446165e-01	1.374275e+00	7.128170e+03	3.763758e+11	1.868617e+01	-2.422985e+08	5.000000e+03	1
4.824121e-01	8.535072e-01	1.398773e+00	7.089441e+03	3.689387e+11	1.862834e+01	-2.412047e+08	5.000000e+03	1
4.874372e-01	8.623979e-01	1.423663e+00	7.050704e+03	3.615657e+11	1.857402e+01	-2.401150e+08	5.000000e+03	1
4.924623e-01	8.712886e-01	1.448924e+00	7.011960e+03	3.542531e+11	1.852299e+01	-2.390287e+08	5.000000e+03	1
4.974874e-01	8.801793e-01	1.474568e+00	6.973190e+03	3.470004e+11	1.847505e+01	-2.379457e+08	5.000000e+03	1
5.025126e-01	8.890700e-01	1.500589e+00	6.934395e+03	3.398064e+11	1.843014e+01	-2.368660e+08	5.000000e+03	1
5.075377e-01	8.979607e-01	1.526985e+00	6.895560e+03	3.326686e+11	1.838795e+01	-2.357888e+08	5.000000e+03	1
5.125628e-01	9.068514e-01	1.553764e+00	6.856682e+03	3.255879e+11	1.834853e+01	-2.347145e+08	5.000000e+03	1
5.175879e-01	9.157421e-01	1.580909e+00	6.817750e+03	3.185601e+11	1.831149e+01	-2.336428e+08	5.000000e+03	1
5.226131e-01	9.246328e-01	1.608441e+00	6.778760e+03	3.115884e+11	1.827699e+01	-2.325737e+08	5.000000e+03	1
5.276382e-01	9.335235e-01	1.636330e+00	6.739701e+03	3.046665e+11	1.824457e+01	-2.315069e+08	5.000000e+03	1
5.326633e-01	9.424142e-01	1.664612e+00	6.700567e+03	2.977997e+11	1.821447e+01	-2.304422e+08	5.000000e+03	1
5.376884e-01	9.513049e-01	1.693239e+00	6.661354e+03	2.909801e+11	1.818620e+01	-2.293796e+08	5.000000e+03	1
5.427136e-01	9.601956e-01	1.722263e+00	6.622048e+03	2.842150e+11	1.816003e+01	-2.283189e+08	5.000000e+03	1
5.477387e-01	9.690863e-01	1.751623e+00	6.582651e+03	2.774947e+11	1.813544e+01	-2.272600e+08	5.000000e+03	1
5.527638e-01	9.779770e-01	1.781383e+00	6.543144e+03	2.708282e+11	1.811276e+01	-2.262029e+08	5.000000e+03	1
5.577889e-01	9.868677e-01	1.811467e+00	6.503537e+03	2.642046e+11	1.809146e+01	-2.251473e+08	5.000000e+03	1
5.628141e-01	9.957584e-01	1.841955e+00	6.463802e+03	2.576345e+11	1.807187e+01	-2.240933e+08	5.000000e+03	1
5.678392e-01	1.004649e+00	1.872755e+00	6.423957e+03	2.511054e+11	1.805346e+01	-2.230408e+08	5.000000e+03	1
5.728643e-01	1.013540e+00	1.903960e+00	6.383968e+03	2.446296e+11	1.803660e+01	-2.219894e+08	5.000000e+03	1
5.778894e-01	1.022431e+00	1.935466e+00	6.343859e+03	2.381932e+11	1.802075e+01	-2.209396e+08	5.000000e+03	1
5.829146e-01	1.031321e+00	1.967379e+00	6.303587e+03	2.318102e+11	1.800626e+01	-2.198908e+08	5.000000e+03	1
5.879397e-01	1.040212e+00	1.999579e+00	6.263186e+03	2.254650e+11	1.799264e+01	-2.188432e+08	5.000000e+03	1
5.929648e-01	1.049103e+00	2.032187e+00	6.222604e+03	2.191735e+11	1.798022e+01	-2.177967e+08	5.000000e+03	1
5.979899e-01	1.057993e+00	2.065070e+00	6.181886e+03	2.129186e+11	1.796852e+01	-2.167511e+08	5.000000e+03	1
6.030151e-01	1.066884e+00	2.098359e+00	6.140966e+03	2.067177e+11	1.795788e+01	-2.157064e+08	5.000000e+03	1
6.080402e-01	1.075775e+00	2.131910e+00	6.099902e+03	2.005522e+11	1.794783e+01	-2.146627e+08	5.000000e+03	1
6.130653e-01	1.084665e+00	2.165866e+00	6.058616e+03	1.944412e+11	1.793868e+01	-2.136197e+08	5.000000e+03	1
6.180905e-01	1.093556e+00	2.200071e+00	6.017178e+03	1.883647e+11	1.793001e+01	-2.125777e+08	5.000000e+03	1
6.231156e-01	1.102447e+00	2.234676e+00	5.975496e+03	1.823433e+11	1.792210e+01	-2.115364e+08	5.000000e+03	1
6.281407e-01	1.111338e+00	2.269518e+00	5.933655e+03	1.763554e+11	1.791457e+01	-2.104958e+08	5.000000e+03	1
6.331658e-01	1.120228e+00	2.304755e+00	5.891547e+03	1.704236e+11	1.790767e+01	-2.094559e+08	5.000000e+03	1
6.381910e-01	1.129119e+00	2.340216e+00	5.849272e+03	1.645245e+11	1.790104e+01	-2.084166e+08	5.000000e+03	1
6.432161e-01	1.138010e+00	2.376066e+00	5.806706e+03	1.586824e+11	1.789491e+01	-2.073780e+08	5.000000e+03	1
6.482412e-01	1.146900e+00	2.412125e+00	5.763966e+03	1.528722e+11	1.788897e+01	-2.063400e+08	5.000000e+03	1
6.532663e-01	1.155791e+00	2.448566e+00	5.720907e+03	1.471202e+11	1.788340e+01	-2.053027e+08	5.000000e+03	1
6.582915e-01	1.164682e+00	2.485202e+00	5.677667e+03	1.413994e+11	1.787795e+01	-2.042658e+08	5.000000e+03	1
6.633166e-01	1.173572e+00	2.522212e+00	5.634080e+03	1.357382e+11	1.787273e+01	-2.032294e+08	5.000000e+03	1
6.683417e-01	1.182463e+00	2.559402e+00	5.590304e+03	1.301075e+11	1.786756e+01	-2.021939e+08	5.000000e+03	1
6.733668e-01	1.191354e+00	2.596955e+00	5.546149e+03	1.245379e+11	1.786250e+01	-2.011586e+08	5.000000e+03	1
6.783920e-01	1.200245e+00	2.634674e+00	5.501798e+03	1.189982e+11	1.785743e+01	-2.001241e+08	5.000000e+03	1
6.834171e-01	1.209135e+00	2.672742e+00	5.457033e+03	1.135212e+11	1.785234e+01	-1.990900e+08	5.000000e+03	1
6.884422e-01	1.218026e+00	2.710963e+00	5.412063e+03	1.080736e+11	1.784719e+01	-1.980563e+08	5.000000e+03	1
6.934673e-01	1.226917e+00	2.749518e+00	5.366642e+03	1.026904e+11	1.784190e+01	-1.970233e+08	5.000000e+03	1
6.984925e-01	1.235807e+00	2.781672e+00	4.885919e+03	9.822805e+10	1.779542e+01	-1.959909e+08	5.000000e+03	1
7.035176e-01	1.244698e+00	2.799104e+00	3.404003e+03	9.588347e+10	1.765420e+01	-1.949604e+08	5.000000e+03	1
7.085427e-01	1.253589e+00	2.816653e+00	2.354171e+03	9.355362e+10	1.751500e+01	-1.939353e+08	5.000000e+03	2
7.135678e-01	1.262479e+00	2.834484e+00	2.347297e+03	9.125933e+10	1.738065e+01	-1.929182e+08	5.000000e+03	2
7.185930e-01	1.271370e+00	2.852429e+00	2.340453e+03	8.897858e+10	1.724813e+01	-1.919091e+08	5.000000e+03	2
7.236181e-01	1.280261e+00	2.870662e+00	2.333684e+03	8.673219e+10	1.712025e+01	-1.909077e+08	5.000000e+03	2
7.286432e-01	1.289152e+00	2.889006e+00	2.326942e+03	8.449824e+10	1.699405e+01	-1.899139e+08	5.000000e+03	2
7.336683e-01	1.298042e+00	2.907645e+00	2.320272e+03	8.229749e+10	1.687229e+01	-1.889275e+08	5.000000e+03	2
7.386935e-01	1.306933e+00	2.926390e+00	2.313626e+03	8.010818e+10	1.675204e+01	-1.879483e+08	5.000000e+03	2
7.437186e-01	1.315824e+00	2.945437e+00	2.307050e+03	7.795097e+10	1.663606e+01	-1.869762e+08	5.000000e+03	2
7.487437e-01	1.324714e+00	2.964587e+00	2.300496e+03	7.580426e+10	1.652146e+01	-1.860110e+08	5.000000e+03	2
7.537688e-01	1.333605e+00	2.984044e+00	2.294009e+03	7.368861e+10	1.641095e+01	-1.850525e+08	5.000000e+03	2
7.587940e-01	1.342496e+00	3.003601e+00	2.287542e+03	7.158259e+10	1.630169e+01	-1.841005e+08	5.000000e+03	2
7.638191e-01	1.351386e+00	3.023471e+00	2.281140e+03	6.950664e+10	1.619634e+01	-1.831550e+08	5.000000e+03	2
7.688442e-01	1.360277e+00	3.043415e+00	2.272287e+03	6.744174e+10	1.609202e+01	-1.822158e+08	5.000000e+03	2
7.738693e-01	1.369168e+00	3.063604e+00	2.255340e+03	6.541337e+10	1.599107e+01	-1.812827e+08	5.000000e+03	2
7.788945e-01	1.378059e+00	3.083843e+00	2.238437e+03	6.339728e+10	1.589094e+01	-1.803556e+08	5.000000e+03	2
7.839196e-01	1.386949e+00	3.104253e+00	2.221689e+03	6.142417e+10	1.579365e+01	-1.794344e+08	5.000000e+03	2
7.889447e-01	1.395840e+00	3.124708e+00	2.204981e+03	5.946236e+10	1.569711e+01	-1.785190e+08	5.000000e+03	2
7.939698e-01	1.404731e+00	3.145334e+00	2.188420e+03	5.754253e+10	1.560328e+01	-1.776093e+08	5.000000e+03	2
7.989950e-01	1.413621e+00	3.166001e+00	2.171896e+03	5.563309e+10	1.551012e+01	-1.767052e+08	5.000000e+03	2
8.040201e-01	1.422512e+00	3.186835e+00	2.155512e+03	5.376468e+10	1.541956e+01	-1.758066e+08	5.000000e+03	2
8.090452e-01	1.431403e+00	3.207709e+00	2.139160e+03	5.190581e+10	1.532959e+01	-1.749135e+08	5.000000e+03	2
8.140704e-01	1.440293e+00	3.228746e+00	2.122942e+03	5.008709e+10	1.524211e+01	-1.740255e+08	5.000000e+03	2
8.190955e-01	1.449184e+00	3.249820e+00	2.106751e+03	4.827711e+10	1.515517e+01	-1.731429e+08	5.000000e+03	2
8.241206e-01	1.458075e+00	3.271054e+00	2.090688e+03	4.650644e+10	1.507060e+01	-1.722653e+08	5.000000e+03	2
8.291457e-01	1.466966e+00	3.292321e+00	2.074649e+03	4.474375e+10	1.498650e+01	-1.713928e+08	5.000000e+03	2
8.341709e-01	1.475856e+00	3.313746e+00	2.058730e+03	4.301959e+10	1.490468e+01	-1.705254e+08	5.000000e+03	2
8.391960e-01	1.484747e+00	3.335200e+00	2.042833e+03	4.130271e+10	1.482328e+01	-1.696627e+08	5.000000e+03	2
8.442211e-01	1.493638e+00	3.356808e+00	2.027048e+03	3.962362e+10	1.474405e+01	-1.688049e+08	5.000000e+03	2
8.492462e-01	1.502528e+00	3.378442e+00	2.011281e+03	3.795115e+10	1.466520e+01	-1.679518e+08	5.000000e+03	2
8.542714e-01	1.511419e+00	3.400226e+00	1.995620e+03	3.631576e+10	1.458842e+01	-1.671034e+08	5.000000e+03	2
8.592965e-01	1.520310e+00	3.422034e+00	1.979975e+03	3.468637e+10	1.451197e+01	-1.662596e+08	5.000000e+03	2
8.643216e-01	1.529200e+00	3.443986e+00	1.964428e+03	3.309342e+10	1.443750e+01	-1.654199e+08	5.000000e+03	2
8.693467e-01	1.538091e+00	3.465960e+00	1.948895e+03	3.150588e+10	1.436333e+01	-1.645854e+08	5.000000e+03	2
8.743719e-01	1.546982e+00	3.488072e+00	1.933452e+03	2.995415e+10	1.429104e+01	-1.637550e+08	5.000000e+03	2
8.793970e-01	1.555873e+00	3.510204e+00	1.918020e+03	2.840729e+10	1.421901e+01	-1.629291e+08	5.000000e+03	2
8.844221e-01	1.564763e+00	3.532469e+00	1.902671e+03	2.689567e+10	1.414879e+01	-1.621074e+08	5.000000e+03	2
8.894472e-01	1.573654e+00	3.554751e+00	1.887331e+03	2.538838e+10	1.407878e+01	-1.612893e+08	5.000000e+03	2
8.944724e-01	1.582545e+00	3.577160e+00	1.872066e+03	2.391580e+10	1.401051e+01	-1.604757e+08	5.000000e+03	2
8.994975e-01	1.591435e+00	3.599583e+00	1.856808e+03	2.244707e+10	1.394241e+01	-1.596666e+08	5.000000e+03	2
9.045226e-01	1.600326e+00	3.622127e+00	1.841617e+03	2.101254e+10	1.387597e+01	-1.588609e+08	5.000000e+03	2
9.095477e-01	1.609217e+00	3.644682e+00	1.826431e+03	1.958138e+10	1.380968e+01	-1.580593e+08	5.000000e+03	2
9.145729e-01	1.618107e+00	3.667352e+00	1.811303e+03	1.818396e+10	1.374496e+01	-1.572619e+08	5.000000e+03	2
9.195980e-01	1.626998e+00	3.690031e+00	1.796178e+03	1.678947e+10	1.368037e+01	-1.564682e+08	5.000000e+03	2
9.246231e-01	1.635889e+00	3.712816e+00	1.781102e+03	1.542828e+10	1.361728e+01	-1.556784e+08	5.000000e+03	2
9.296482e-01	1.644780e+00	3.735573e+00	1.763348e+03	1.407164e+10	1.355417e+01	-1.548926e+08	5.000000e+03	2
9.346734e-01	1.653670e+00	3.757966e+00	1.710395e+03	1.277466e+10	1.349084e+01	-1.541101e+08	5.000000e+03	2
9.396985e-01	1.662561e+00	3.780301e+00	1.657368e+03	1.148331e+10	1.342738e+01	-1.533315e+08	5.000000e+03	2
9.447236e-01	1.671452e+00	3.801745e+00	1.603189e+03	1.027938e+10	1.336193e+01	-1.525569e+08	5.000000e+03	2
9.497487e-01	1.680342e+00	3.823136e+00	1.548907e+03	9.080197e+09	1.329636e+01	-1.517860e+08	5.000000e+03	2
9.547739e-01	1.689233e+00	3.843530e+00	1.492700e+03	7.970490e+09	1.322862e+01	-1.510193e+08	5.000000e+03	2
9.597990e-01	1.698124e+00	3.863876e+00	1.436354e+03	6.864695e+09	1.316077e+01	-1.502566e+08	5.000000e+03	2
9.648241e-01	1.707014e+00	3.883086e+00	1.376711e+03	5.851851e+09	1.309047e+01	-1.494980e+08	5.000000e+03	2
9.698492e-01	1.715905e+00	3.902255e+00	1.316873e+03	4.842106e+09	1.302009e+01	-1.487438e+08	5.000000e+03	2
9.748744e-01	1.724796e+00	3.920084e+00	1.250818e+03	3.931575e+09	1.294679e+01	-1.479933e+08	5.000000e+03	2
9.798995e-01	1.733687e+00	3.937878e+00	1.184447e+03	3.023365e+09	1.287341e+01	-1.472475e+08	5.000000e+03	2
9.849246e-01	1.742577e+00	3.953966e+00	1.102708e+03	2.227797e+09	1.279619e+01	-1.465061e+08	5.000000e+03	2
9.899497e-01	1.751468e+00	3.970043e+00	1.021686e+03	1.433028e+09	1.271895e+01	-1.457692e+08	5.000000e+03	2
9.949749e-01	1.760359e+00	3.985022e+00	1.010843e+03	7.165138e+08	1.264006e+01	-1.450371e+08	5.000000e+03	2
1.000000e+00	1.769249e+00	4.000000e+00	1.000000e+03	2.384186e-07	1.256117e+01	-1.443095e+08	3.000000e+02	2
