#R=1.9295989027680405
#interptype='linear'
#name='planet'
#norm={'P': 1000000000000.0, 'R': 1.9295989027680405, 'M': 5.5, 'g': 14.520338998335324, 'rho': 1000.0}
#state=1
#composition
#layer0		Fe08FeS02		0.300000
#layer1		pv_fmw		0.700000
#layer2		ice_VII		0.300000
#Cols=
 #'ur		r		mr		rho		P		g		phi		T		composition'
#-end-
0.000000e+00	0.000000e+00	1.476438e-12	1.847386e+04	1.647372e+12	0.000000e+00	-3.872766e+08	5.000000e+03	0
5.025126e-03	9.696477e-03	1.054965e-05	1.847632e+04	1.648090e+12	-8.333479e-02	-3.872671e+08	5.000000e+03	0
1.005025e-02	1.939295e-02	2.993156e-05	1.847837e+04	1.648690e+12	-1.121960e-01	-3.872372e+08	5.000000e+03	0
1.507538e-02	2.908943e-02	1.034847e-04	1.847795e+04	1.648568e+12	1.930472e-01	-3.871885e+08	5.000000e+03	0
2.010050e-02	3.878591e-02	2.122759e-04	1.847688e+04	1.648256e+12	5.025371e-01	-3.871196e+08	5.000000e+03	0
2.512563e-02	4.848238e-02	4.115114e-04	1.847414e+04	1.647454e+12	8.229265e-01	-3.870307e+08	5.000000e+03	0
3.015075e-02	5.817886e-02	6.899145e-04	1.847041e+04	1.646368e+12	1.143652e+00	-3.869221e+08	5.000000e+03	0
3.517588e-02	6.787534e-02	1.077393e-03	1.846535e+04	1.644891e+12	1.464840e+00	-3.867950e+08	5.000000e+03	0
4.020101e-02	7.757182e-02	1.605394e-03	1.845898e+04	1.643036e+12	1.785911e+00	-3.866457e+08	5.000000e+03	0
4.522613e-02	8.726829e-02	2.243470e-03	1.845159e+04	1.640885e+12	2.106891e+00	-3.864791e+08	5.000000e+03	0
5.025126e-02	9.696477e-02	3.100699e-03	1.844259e+04	1.638263e+12	2.427534e+00	-3.862923e+08	5.000000e+03	0
5.527638e-02	1.066612e-01	4.051434e-03	1.843288e+04	1.635440e+12	2.748035e+00	-3.860859e+08	5.000000e+03	0
6.030151e-02	1.163577e-01	5.317032e-03	1.842123e+04	1.632056e+12	3.067995e+00	-3.858593e+08	5.000000e+03	0
6.532663e-02	1.260542e-01	6.642105e-03	1.840921e+04	1.628565e+12	3.387853e+00	-3.856138e+08	5.000000e+03	0
7.035176e-02	1.357507e-01	8.394585e-03	1.839491e+04	1.624422e+12	3.706940e+00	-3.853484e+08	5.000000e+03	0
7.537688e-02	1.454472e-01	1.021549e-02	1.838029e+04	1.620187e+12	4.025901e+00	-3.850638e+08	5.000000e+03	0
8.040201e-02	1.551436e-01	1.247232e-02	1.836364e+04	1.615373e+12	4.344052e+00	-3.847593e+08	5.000000e+03	0
8.542714e-02	1.648401e-01	1.487469e-02	1.834638e+04	1.610387e+12	4.661927e+00	-3.844354e+08	5.000000e+03	0
9.045226e-02	1.745366e-01	1.768772e-02	1.832740e+04	1.604918e+12	4.979022e+00	-3.840922e+08	5.000000e+03	0
9.547739e-02	1.842331e-01	2.074810e-02	1.830750e+04	1.599190e+12	5.295640e+00	-3.837298e+08	5.000000e+03	0
1.005025e-01	1.939295e-01	2.417662e-02	1.828621e+04	1.593073e+12	5.611546e+00	-3.833477e+08	5.000000e+03	0
1.055276e-01	2.036260e-01	2.797046e-02	1.826366e+04	1.586609e+12	5.926735e+00	-3.829463e+08	5.000000e+03	0
1.105528e-01	2.133225e-01	3.207292e-02	1.824006e+04	1.579852e+12	6.241318e+00	-3.825258e+08	5.000000e+03	0
1.155779e-01	2.230190e-01	3.667444e-02	1.821487e+04	1.572662e+12	6.554908e+00	-3.820861e+08	5.000000e+03	0
1.206030e-01	2.327154e-01	4.150839e-02	1.818894e+04	1.565272e+12	6.868035e+00	-3.816271e+08	5.000000e+03	0
1.256281e-01	2.424119e-01	4.699046e-02	1.816112e+04	1.557367e+12	7.179855e+00	-3.811491e+08	5.000000e+03	0
1.306533e-01	2.521084e-01	5.261245e-02	1.813287e+04	1.549351e+12	7.491393e+00	-3.806519e+08	5.000000e+03	0
1.356784e-01	2.618049e-01	5.904643e-02	1.810240e+04	1.540742e+12	7.801273e+00	-3.801322e+08	5.000000e+03	0
1.407035e-01	2.715014e-01	6.560424e-02	1.807160e+04	1.532048e+12	8.110897e+00	-3.796007e+08	5.000000e+03	0
1.457286e-01	2.811978e-01	7.296756e-02	1.803873e+04	1.522810e+12	8.418856e+00	-3.790467e+08	5.000000e+03	0
1.507538e-01	2.908943e-01	8.056193e-02	1.800529e+04	1.513427e+12	8.726332e+00	-3.784754e+08	5.000000e+03	0
1.557789e-01	3.005908e-01	8.887610e-02	1.797009e+04	1.503594e+12	9.032302e+00	-3.778824e+08	5.000000e+03	0
1.608040e-01	3.102873e-01	9.757442e-02	1.793401e+04	1.493536e+12	9.337458e+00	-3.772720e+08	5.000000e+03	0
1.658291e-01	3.199837e-01	1.068911e-01	1.789650e+04	1.483117e+12	9.641304e+00	-3.766427e+08	5.000000e+03	0
1.708543e-01	3.296802e-01	1.167588e-01	1.785777e+04	1.472399e+12	9.943970e+00	-3.759956e+08	5.000000e+03	0
1.758794e-01	3.393767e-01	1.271283e-01	1.781793e+04	1.461408e+12	1.024556e+01	-3.753294e+08	5.000000e+03	0
1.809045e-01	3.490732e-01	1.382287e-01	1.777656e+04	1.450044e+12	1.054556e+01	-3.746463e+08	5.000000e+03	0
1.859296e-01	3.587696e-01	1.496998e-01	1.773440e+04	1.438493e+12	1.084476e+01	-3.739432e+08	5.000000e+03	0
1.909548e-01	3.684661e-01	1.620940e-01	1.769038e+04	1.426501e+12	1.114193e+01	-3.732223e+08	5.000000e+03	0
1.959799e-01	3.781626e-01	1.747136e-01	1.764590e+04	1.414402e+12	1.143861e+01	-3.724833e+08	5.000000e+03	0
2.010050e-01	3.878591e-01	1.884604e-01	1.759922e+04	1.401799e+12	1.173278e+01	-3.717263e+08	5.000000e+03	0
2.060302e-01	3.975556e-01	2.023782e-01	1.755222e+04	1.389123e+12	1.202656e+01	-3.709508e+08	5.000000e+03	0
2.110553e-01	4.072520e-01	2.174296e-01	1.750309e+04	1.375971e+12	1.231778e+01	-3.701579e+08	5.000000e+03	0
2.160804e-01	4.169485e-01	2.327679e-01	1.745343e+04	1.362707e+12	1.260835e+01	-3.693473e+08	5.000000e+03	0
2.211055e-01	4.266450e-01	2.490987e-01	1.740196e+04	1.349051e+12	1.289665e+01	-3.685186e+08	5.000000e+03	0
2.261307e-01	4.363415e-01	2.659103e-01	1.734965e+04	1.335217e+12	1.318383e+01	-3.676728e+08	5.000000e+03	0
2.311558e-01	4.460379e-01	2.835603e-01	1.729585e+04	1.321072e+12	1.346907e+01	-3.668093e+08	5.000000e+03	0
2.361809e-01	4.557344e-01	3.018950e-01	1.724087e+04	1.306690e+12	1.375269e+01	-3.659282e+08	5.000000e+03	0
2.412060e-01	4.654309e-01	3.209018e-01	1.718473e+04	1.292073e+12	1.403473e+01	-3.650303e+08	5.000000e+03	0
2.462312e-01	4.751274e-01	3.408066e-01	1.712708e+04	1.277163e+12	1.431463e+01	-3.641144e+08	5.000000e+03	0
2.512563e-01	4.848238e-01	3.612058e-01	1.706860e+04	1.262090e+12	1.459333e+01	-3.631825e+08	5.000000e+03	0
2.562814e-01	4.945203e-01	3.827243e-01	1.700827e+04	1.246674e+12	1.486932e+01	-3.622332e+08	5.000000e+03	0
2.613065e-01	5.042168e-01	4.045492e-01	1.694744e+04	1.231164e+12	1.514456e+01	-3.612671e+08	5.000000e+03	0
2.663317e-01	5.139133e-01	4.277219e-01	1.688443e+04	1.215265e+12	1.541647e+01	-3.602842e+08	5.000000e+03	0
2.713568e-01	5.236098e-01	4.511007e-01	1.682109e+04	1.199308e+12	1.568786e+01	-3.592849e+08	5.000000e+03	0
2.763819e-01	5.333062e-01	4.758674e-01	1.675554e+04	1.182975e+12	1.595576e+01	-3.582691e+08	5.000000e+03	0
2.814070e-01	5.430027e-01	5.009449e-01	1.668950e+04	1.166564e+12	1.622286e+01	-3.572366e+08	5.000000e+03	0
2.864322e-01	5.526992e-01	5.272227e-01	1.662157e+04	1.149849e+12	1.648688e+01	-3.561876e+08	5.000000e+03	0
2.914573e-01	5.623957e-01	5.540312e-01	1.655283e+04	1.133008e+12	1.674952e+01	-3.551235e+08	5.000000e+03	0
2.964824e-01	5.720921e-01	5.818435e-01	1.648252e+04	1.115930e+12	1.700952e+01	-3.540430e+08	5.000000e+03	0
3.015075e-01	5.817886e-01	6.104115e-01	1.641105e+04	1.098684e+12	1.726751e+01	-3.529468e+08	5.000000e+03	0
3.065327e-01	5.914851e-01	6.397789e-01	1.633835e+04	1.081263e+12	1.752336e+01	-3.518347e+08	5.000000e+03	0
3.115578e-01	6.011816e-01	6.701311e-01	1.626415e+04	1.063639e+12	1.777652e+01	-3.507072e+08	5.000000e+03	0
3.165829e-01	6.108780e-01	7.010712e-01	1.618904e+04	1.045894e+12	1.802808e+01	-3.495642e+08	5.000000e+03	0
3.216080e-01	6.205745e-01	7.332279e-01	1.611208e+04	1.027918e+12	1.827623e+01	-3.484061e+08	5.000000e+03	0
3.266332e-01	6.302710e-01	7.657556e-01	1.603455e+04	1.009872e+12	1.852336e+01	-3.472362e+08	5.000000e+03	0
3.316583e-01	6.399675e-01	7.997332e-01	1.595482e+04	9.915715e+11	1.876633e+01	-3.460446e+08	5.000000e+03	0
3.366834e-01	6.496640e-01	8.339353e-01	1.587474e+04	9.732327e+11	1.900865e+01	-3.448417e+08	5.000000e+03	0
3.417085e-01	6.593604e-01	8.696702e-01	1.579232e+04	9.546474e+11	1.924648e+01	-3.436241e+08	5.000000e+03	0
3.467337e-01	6.690569e-01	9.057065e-01	1.570944e+04	9.360180e+11	1.948339e+01	-3.423911e+08	5.000000e+03	0
3.517588e-01	6.787534e-01	9.430545e-01	1.562454e+04	9.171966e+11	1.971635e+01	-3.411458e+08	5.000000e+03	0
3.567839e-01	6.884499e-01	9.809308e-01	1.553883e+04	8.983053e+11	1.994767e+01	-3.398851e+08	5.000000e+03	0
3.618090e-01	6.981463e-01	1.019894e+00	1.545143e+04	8.792703e+11	2.017562e+01	-3.386105e+08	5.000000e+03	0
3.668342e-01	7.078428e-01	1.059611e+00	1.536286e+04	8.601464e+11	2.040116e+01	-3.373222e+08	5.000000e+03	0
3.718593e-01	7.175393e-01	1.100187e+00	1.527294e+04	8.409212e+11	2.062394e+01	-3.360202e+08	5.000000e+03	0
3.768844e-01	7.272358e-01	1.141740e+00	1.518146e+04	8.215945e+11	2.084350e+01	-3.347048e+08	5.000000e+03	0
3.819095e-01	7.369322e-01	1.183924e+00	1.508898e+04	8.022025e+11	2.106098e+01	-3.333756e+08	5.000000e+03	0
3.869347e-01	7.466287e-01	1.227304e+00	1.499457e+04	7.827035e+11	2.127437e+01	-3.320341e+08	5.000000e+03	0
3.919598e-01	7.563252e-01	1.271086e+00	1.489950e+04	7.631686e+11	2.148639e+01	-3.306788e+08	5.000000e+03	0
3.969849e-01	7.660217e-01	1.316277e+00	1.480210e+04	7.435283e+11	2.169341e+01	-3.293119e+08	5.000000e+03	0
4.020101e-01	7.757182e-01	1.361689e+00	1.470433e+04	7.238722e+11	2.189964e+01	-3.279319e+08	5.000000e+03	0
4.070352e-01	7.854146e-01	1.408626e+00	1.460397e+04	7.041247e+11	2.210026e+01	-3.265395e+08	5.000000e+03	0
4.120603e-01	7.951111e-01	1.455823e+00	1.450315e+04	6.843657e+11	2.229987e+01	-3.251356e+08	5.000000e+03	0
4.170854e-01	8.048076e-01	1.504306e+00	1.440007e+04	6.645494e+11	2.249455e+01	-3.237197e+08	5.000000e+03	0
4.221106e-01	8.145041e-01	1.553258e+00	1.429613e+04	6.447197e+11	2.268734e+01	-3.222898e+08	5.000000e+03	0
4.271357e-01	8.242005e-01	1.603262e+00	1.419028e+04	6.248599e+11	2.287590e+01	-3.208498e+08	5.000000e+03	0
4.321608e-01	8.338970e-01	1.644321e+00	1.268831e+04	6.087649e+11	2.293012e+01	-3.193975e+08	5.000000e+03	0
4.371859e-01	8.435935e-01	1.674385e+00	9.470283e+03	5.972976e+11	2.281918e+01	-3.179413e+08	5.000000e+03	0
4.422111e-01	8.532900e-01	1.705016e+00	8.118627e+03	5.859614e+11	2.271483e+01	-3.164866e+08	5.000000e+03	1
4.472362e-01	8.629864e-01	1.736043e+00	8.070469e+03	5.747167e+11	2.261506e+01	-3.150388e+08	5.000000e+03	1
4.522613e-01	8.726829e-01	1.767772e+00	8.022415e+03	5.636255e+11	2.252267e+01	-3.135976e+08	5.000000e+03	1
4.572864e-01	8.823794e-01	1.799762e+00	7.974399e+03	5.525912e+11	2.243300e+01	-3.121628e+08	5.000000e+03	1
4.623116e-01	8.920759e-01	1.832587e+00	7.926469e+03	5.417304e+11	2.235127e+01	-3.107339e+08	5.000000e+03	1
4.673367e-01	9.017724e-01	1.865548e+00	7.878552e+03	5.308975e+11	2.227082e+01	-3.093107e+08	5.000000e+03	1
4.723618e-01	9.114688e-01	1.899459e+00	7.830693e+03	5.202526e+11	2.219853e+01	-3.078927e+08	5.000000e+03	1
4.773869e-01	9.211653e-01	1.933513e+00	7.782837e+03	5.096348e+11	2.212735e+01	-3.064799e+08	5.000000e+03	1
4.824121e-01	9.308618e-01	1.968379e+00	7.734997e+03	4.991713e+11	2.206251e+01	-3.050720e+08	5.000000e+03	1
4.874372e-01	9.405583e-01	2.003521e+00	7.687151e+03	4.887580e+11	2.199962e+01	-3.036686e+08	5.000000e+03	1
4.924623e-01	9.502547e-01	2.039338e+00	7.639294e+03	4.784682e+11	2.194149e+01	-3.022694e+08	5.000000e+03	1
4.974874e-01	9.599512e-01	2.075561e+00	7.591414e+03	4.682502e+11	2.188597e+01	-3.008743e+08	5.000000e+03	1
5.025126e-01	9.696477e-01	2.112323e+00	7.543505e+03	4.581275e+11	2.183390e+01	-2.994833e+08	5.000000e+03	1
5.075377e-01	9.793442e-01	2.149619e+00	7.495546e+03	4.480967e+11	2.178493e+01	-2.980957e+08	5.000000e+03	1
5.125628e-01	9.890406e-01	2.187319e+00	7.447552e+03	4.381352e+11	2.173830e+01	-2.967094e+08	5.000000e+03	1
5.175879e-01	9.987371e-01	2.225678e+00	7.399474e+03	4.282846e+11	2.169514e+01	-2.953307e+08	5.000000e+03	1
5.226131e-01	1.008434e+00	2.264306e+00	7.351362e+03	4.184793e+11	2.165340e+01	-2.939533e+08	5.000000e+03	1
5.276382e-01	1.018130e+00	2.303715e+00	7.303124e+03	4.088031e+11	2.161538e+01	-2.925786e+08	5.000000e+03	1
5.326633e-01	1.027827e+00	2.343262e+00	7.254865e+03	3.991495e+11	2.157801e+01	-2.912069e+08	5.000000e+03	1
5.376884e-01	1.037523e+00	2.383708e+00	7.206429e+03	3.896425e+11	2.154450e+01	-2.898374e+08	5.000000e+03	1
5.427136e-01	1.047220e+00	2.424280e+00	7.157964e+03	3.801558e+11	2.151148e+01	-2.884708e+08	5.000000e+03	1
5.477387e-01	1.056916e+00	2.465630e+00	7.109319e+03	3.707949e+11	2.148147e+01	-2.871067e+08	5.000000e+03	1
5.527638e-01	1.066612e+00	2.507218e+00	7.060610e+03	3.614725e+11	2.145230e+01	-2.857445e+08	5.000000e+03	1
5.577889e-01	1.076309e+00	2.549448e+00	7.011728e+03	3.522536e+11	2.142535e+01	-2.843852e+08	5.000000e+03	1
5.628141e-01	1.086005e+00	2.592034e+00	6.962738e+03	3.430921e+11	2.139950e+01	-2.830269e+08	5.000000e+03	1
5.678392e-01	1.095702e+00	2.635129e+00	6.913592e+03	3.340130e+11	2.137524e+01	-2.816710e+08	5.000000e+03	1
5.728643e-01	1.105398e+00	2.678691e+00	6.864283e+03	3.250099e+11	2.135226e+01	-2.803171e+08	5.000000e+03	1
5.778894e-01	1.115095e+00	2.722634e+00	6.814843e+03	3.160687e+11	2.133033e+01	-2.789650e+08	5.000000e+03	1
5.829146e-01	1.124791e+00	2.767151e+00	6.765179e+03	3.072220e+11	2.130979e+01	-2.776143e+08	5.000000e+03	1
5.879397e-01	1.134488e+00	2.811923e+00	6.715415e+03	2.984173e+11	2.128987e+01	-2.762657e+08	5.000000e+03	1
5.929648e-01	1.144184e+00	2.857367e+00	6.665358e+03	2.897254e+11	2.127137e+01	-2.749185e+08	5.000000e+03	1
5.979899e-01	1.153881e+00	2.902947e+00	6.615242e+03	2.810563e+11	2.125315e+01	-2.735727e+08	5.000000e+03	1
6.030151e-01	1.163577e+00	2.949292e+00	6.564754e+03	2.725182e+11	2.123632e+01	-2.722284e+08	5.000000e+03	1
6.080402e-01	1.173274e+00	2.995744e+00	6.514208e+03	2.639990e+11	2.121965e+01	-2.708855e+08	5.000000e+03	1
6.130653e-01	1.182970e+00	3.042873e+00	6.463294e+03	2.555992e+11	2.120401e+01	-2.695440e+08	5.000000e+03	1
6.180905e-01	1.192667e+00	3.090187e+00	6.412268e+03	2.472333e+11	2.118859e+01	-2.682038e+08	5.000000e+03	1
6.231156e-01	1.202363e+00	3.138052e+00	6.360907e+03	2.389679e+11	2.117384e+01	-2.668649e+08	5.000000e+03	1
6.281407e-01	1.212060e+00	3.186195e+00	6.309357e+03	2.307554e+11	2.115935e+01	-2.655272e+08	5.000000e+03	1
6.331658e-01	1.221756e+00	3.234768e+00	6.257515e+03	2.226247e+11	2.114526e+01	-2.641907e+08	5.000000e+03	1
6.381910e-01	1.231453e+00	3.283702e+00	6.205397e+03	2.145660e+11	2.113140e+01	-2.628554e+08	5.000000e+03	1
6.432161e-01	1.241149e+00	3.332953e+00	6.153037e+03	2.065705e+11	2.111774e+01	-2.615212e+08	5.000000e+03	1
6.482412e-01	1.250846e+00	3.382639e+00	6.100302e+03	1.986664e+11	2.110423e+01	-2.601884e+08	5.000000e+03	1
6.532663e-01	1.260542e+00	3.432536e+00	6.047386e+03	1.908068e+11	2.109078e+01	-2.588566e+08	5.000000e+03	1
6.582915e-01	1.270238e+00	3.482930e+00	5.993983e+03	1.830585e+11	2.107734e+01	-2.575259e+08	5.000000e+03	1
6.633166e-01	1.279935e+00	3.533438e+00	5.940468e+03	1.753358e+11	2.106390e+01	-2.561970e+08	5.000000e+03	1
6.683417e-01	1.289631e+00	3.584493e+00	5.886339e+03	1.677449e+11	2.105028e+01	-2.548681e+08	5.000000e+03	1
6.733668e-01	1.299328e+00	3.635626e+00	5.832115e+03	1.601735e+11	2.103660e+01	-2.535395e+08	5.000000e+03	1
6.783920e-01	1.309024e+00	3.687243e+00	5.777264e+03	1.527286e+11	2.102258e+01	-2.522148e+08	5.000000e+03	1
6.834171e-01	1.318721e+00	3.738975e+00	5.722237e+03	1.453169e+11	2.100842e+01	-2.508900e+08	5.000000e+03	1
6.884422e-01	1.328417e+00	3.791084e+00	5.666637e+03	1.380134e+11	2.099382e+01	-2.495661e+08	5.000000e+03	1
6.934673e-01	1.338114e+00	3.832322e+00	4.989577e+03	1.322756e+11	2.091963e+01	-2.482436e+08	5.000000e+03	1
6.984925e-01	1.347810e+00	3.855353e+00	3.271569e+03	1.291603e+11	2.074562e+01	-2.469246e+08	5.000000e+03	1
7.035176e-01	1.357507e+00	3.878621e+00	2.432106e+03	1.260800e+11	2.057554e+01	-2.456138e+08	5.000000e+03	2
7.085427e-01	1.367203e+00	3.902114e+00	2.423268e+03	1.230327e+11	2.040919e+01	-2.443139e+08	5.000000e+03	2
7.135678e-01	1.376900e+00	3.925911e+00	2.414517e+03	1.200281e+11	2.024757e+01	-2.430245e+08	5.000000e+03	2
7.185930e-01	1.386596e+00	3.949868e+00	2.405811e+03	1.170461e+11	2.008847e+01	-2.417455e+08	5.000000e+03	2
7.236181e-01	1.396293e+00	3.974196e+00	2.397206e+03	1.141135e+11	1.993482e+01	-2.404766e+08	5.000000e+03	2
7.286432e-01	1.405989e+00	3.998620e+00	2.388627e+03	1.111937e+11	1.978258e+01	-2.392177e+08	5.000000e+03	2
7.336683e-01	1.415686e+00	4.023482e+00	2.380161e+03	1.083297e+11	1.963644e+01	-2.379683e+08	5.000000e+03	2
7.386935e-01	1.425382e+00	4.048410e+00	2.371711e+03	1.054739e+11	1.949118e+01	-2.367285e+08	5.000000e+03	2
7.437186e-01	1.435079e+00	4.073773e+00	2.363368e+03	1.026709e+11	1.935164e+01	-2.354978e+08	5.000000e+03	2
7.487437e-01	1.444775e+00	4.099237e+00	2.355048e+03	9.987970e+10	1.921337e+01	-2.342762e+08	5.000000e+03	2
7.537688e-01	1.454472e+00	4.125073e+00	2.346814e+03	9.713153e+10	1.907970e+01	-2.330633e+08	5.000000e+03	2
7.587940e-01	1.464168e+00	4.151077e+00	2.338618e+03	9.440202e+10	1.894801e+01	-2.318591e+08	5.000000e+03	2
7.638191e-01	1.473864e+00	4.177387e+00	2.330490e+03	9.170640e+10	1.881992e+01	-2.306631e+08	5.000000e+03	2
7.688442e-01	1.483561e+00	4.203933e+00	2.322411e+03	8.903577e+10	1.869446e+01	-2.294757e+08	5.000000e+03	2
7.738693e-01	1.493257e+00	4.230719e+00	2.314383e+03	8.639061e+10	1.857167e+01	-2.282962e+08	5.000000e+03	2
7.788945e-01	1.502954e+00	4.257808e+00	2.306415e+03	8.377624e+10	1.845208e+01	-2.271250e+08	5.000000e+03	2
7.839196e-01	1.512650e+00	4.285072e+00	2.298483e+03	8.117954e+10	1.833433e+01	-2.259605e+08	5.000000e+03	2
7.889447e-01	1.522347e+00	4.312707e+00	2.290621e+03	7.861897e+10	1.822030e+01	-2.248040e+08	5.000000e+03	2
7.939698e-01	1.532043e+00	4.340450e+00	2.282780e+03	7.606885e+10	1.810735e+01	-2.236549e+08	5.000000e+03	2
7.989950e-01	1.541740e+00	4.368633e+00	2.275019e+03	7.355977e+10	1.799857e+01	-2.225131e+08	5.000000e+03	2
8.040201e-01	1.551436e+00	4.396883e+00	2.267270e+03	7.105687e+10	1.789043e+01	-2.213782e+08	5.000000e+03	2
8.090452e-01	1.561133e+00	4.425588e+00	2.259600e+03	6.859467e+10	1.778639e+01	-2.202502e+08	5.000000e+03	2
8.140704e-01	1.570829e+00	4.454358e+00	2.249442e+03	6.614314e+10	1.768304e+01	-2.191289e+08	5.000000e+03	2
8.190955e-01	1.580526e+00	4.483391e+00	2.229092e+03	6.373529e+10	1.758253e+01	-2.180144e+08	5.000000e+03	2
8.241206e-01	1.590222e+00	4.512480e+00	2.208807e+03	6.134944e+10	1.748295e+01	-2.169063e+08	5.000000e+03	2
8.291457e-01	1.599919e+00	4.541681e+00	2.188650e+03	5.900697e+10	1.738521e+01	-2.158047e+08	5.000000e+03	2
8.341709e-01	1.609615e+00	4.570955e+00	2.168579e+03	5.669476e+10	1.728871e+01	-2.147092e+08	5.000000e+03	2
8.391960e-01	1.619312e+00	4.600311e+00	2.148603e+03	5.441578e+10	1.719358e+01	-2.136201e+08	5.000000e+03	2
8.442211e-01	1.629008e+00	4.629757e+00	2.128731e+03	5.217486e+10	1.709997e+01	-2.125371e+08	5.000000e+03	2
8.492462e-01	1.638705e+00	4.659259e+00	2.108923e+03	4.995760e+10	1.700732e+01	-2.114602e+08	5.000000e+03	2
8.542714e-01	1.648401e+00	4.688863e+00	2.089233e+03	4.778579e+10	1.691644e+01	-2.103892e+08	5.000000e+03	2
8.592965e-01	1.658098e+00	4.718499e+00	2.069581e+03	4.562858e+10	1.682612e+01	-2.093241e+08	5.000000e+03	2
8.643216e-01	1.667794e+00	4.748245e+00	2.050058e+03	4.352381e+10	1.673780e+01	-2.082648e+08	5.000000e+03	2
8.693467e-01	1.677491e+00	4.778007e+00	2.030555e+03	4.142719e+10	1.664978e+01	-2.072115e+08	5.000000e+03	2
8.743719e-01	1.687187e+00	4.807876e+00	2.011179e+03	3.938541e+10	1.656377e+01	-2.061633e+08	5.000000e+03	2
8.793970e-01	1.696883e+00	4.837762e+00	1.991823e+03	3.735350e+10	1.647812e+01	-2.051210e+08	5.000000e+03	2
8.844221e-01	1.706580e+00	4.867729e+00	1.972565e+03	3.536728e+10	1.639409e+01	-2.040841e+08	5.000000e+03	2
8.894472e-01	1.716276e+00	4.897723e+00	1.953341e+03	3.339829e+10	1.631066e+01	-2.030528e+08	5.000000e+03	2
8.944724e-01	1.725973e+00	4.927775e+00	1.934190e+03	3.146631e+10	1.622851e+01	-2.020268e+08	5.000000e+03	2
8.994975e-01	1.735669e+00	4.957859e+00	1.915080e+03	2.955859e+10	1.614716e+01	-2.010014e+08	5.000000e+03	2
9.045226e-01	1.745366e+00	4.987981e+00	1.896021e+03	2.767960e+10	1.606677e+01	-1.999907e+08	5.000000e+03	2
9.095477e-01	1.755062e+00	5.018138e+00	1.877010e+03	2.583158e+10	1.598737e+01	-1.989804e+08	5.000000e+03	2
9.145729e-01	1.764759e+00	5.048317e+00	1.858030e+03	2.400439e+10	1.590864e+01	-1.979753e+08	5.000000e+03	2
9.195980e-01	1.774455e+00	5.078528e+00	1.839097e+03	2.221463e+10	1.583107e+01	-1.969752e+08	5.000000e+03	2
9.246231e-01	1.784152e+00	5.108750e+00	1.820182e+03	2.043813e+10	1.575391e+01	-1.959802e+08	5.000000e+03	2
9.296482e-01	1.793848e+00	5.138994e+00	1.801310e+03	1.870527e+10	1.567804e+01	-1.949902e+08	5.000000e+03	2
9.346734e-01	1.803545e+00	5.169243e+00	1.782445e+03	1.697934e+10	1.560238e+01	-1.940051e+08	5.000000e+03	2
9.396985e-01	1.813241e+00	5.199501e+00	1.763613e+03	1.530119e+10	1.552807e+01	-1.930248e+08	5.000000e+03	2
9.447236e-01	1.822938e+00	5.229635e+00	1.737217e+03	1.363724e+10	1.545361e+01	-1.920492e+08	5.000000e+03	2
9.497487e-01	1.832634e+00	5.259114e+00	1.670783e+03	1.204843e+10	1.537836e+01	-1.910790e+08	5.000000e+03	2
9.547739e-01	1.842331e+00	5.288099e+00	1.603675e+03	1.049906e+10	1.530211e+01	-1.901130e+08	5.000000e+03	2
9.597990e-01	1.852027e+00	5.315925e+00	1.534992e+03	9.042100e+09	1.522351e+01	-1.891516e+08	5.000000e+03	2
9.648241e-01	1.861724e+00	5.342943e+00	1.464562e+03	7.644622e+09	1.514333e+01	-1.881965e+08	5.000000e+03	2
9.698492e-01	1.871420e+00	5.368932e+00	1.391902e+03	6.323074e+09	1.506111e+01	-1.872468e+08	5.000000e+03	2
9.748744e-01	1.881117e+00	5.393694e+00	1.314783e+03	5.084399e+09	1.497649e+01	-1.863015e+08	5.000000e+03	2
9.798995e-01	1.890813e+00	5.417566e+00	1.234427e+03	3.905874e+09	1.489013e+01	-1.853621e+08	5.000000e+03	2
9.849246e-01	1.900509e+00	5.439537e+00	1.139695e+03	2.843508e+09	1.479998e+01	-1.844284e+08	5.000000e+03	2
9.899497e-01	1.910206e+00	5.460768e+00	1.039362e+03	1.826398e+09	1.470835e+01	-1.835001e+08	5.000000e+03	2
9.949749e-01	1.919902e+00	5.480506e+00	1.013602e+03	9.053668e+08	1.461452e+01	-1.825782e+08	5.000000e+03	2
1.000000e+00	1.929599e+00	5.500000e+00	1.000000e+03	4.768372e-07	1.452034e+01	-1.816623e+08	3.000000e+02	2
