#t		Qconv[W]	Ri[Rp]		R*[Rp]		Qc[W]		Qm[W]		Qr[W]		Tcmb[K]		Tl[K]		Tup[K]		RiFlag		Bs[T]
0.000000e+00	1.079491e+14	0.000000e+00	7.318842e-01	1.325137e+15	1.628969e+15	1.226619e+14	1.159028e+04	3.974393e+03	2.449600e+03	0	1.388385e-03
1.000000e+07	1.051110e+14	0.000000e+00	7.318842e-01	1.292287e+15	1.586129e+15	1.219823e+14	1.152612e+04	3.961283e+03	2.441519e+03	0	1.376109e-03
2.000000e+07	1.023919e+14	0.000000e+00	7.318842e-01	1.260805e+15	1.545913e+15	1.213078e+14	1.146354e+04	3.948823e+03	2.433840e+03	0	1.364139e-03
3.000000e+07	9.978444e+13	0.000000e+00	7.318842e-01	1.230607e+15	1.508000e+15	1.206382e+14	1.140247e+04	3.936927e+03	2.426508e+03	0	1.352460e-03
4.000000e+07	9.728182e+13	0.000000e+00	7.318842e-01	1.201616e+15	1.472127e+15	1.199737e+14	1.134285e+04	3.925524e+03	2.419479e+03	0	1.341058e-03
5.000000e+07	9.487794e+13	0.000000e+00	7.318842e-01	1.173759e+15	1.438078e+15	1.193142e+14	1.128463e+04	3.914556e+03	2.412719e+03	0	1.329919e-03
6.000000e+07	9.256716e+13	0.000000e+00	7.318842e-01	1.146975e+15	1.405672e+15	1.186595e+14	1.122774e+04	3.903974e+03	2.406197e+03	0	1.319034e-03
7.000000e+07	9.034432e+13	0.000000e+00	7.318842e-01	1.121202e+15	1.374757e+15	1.180098e+14	1.117215e+04	3.893741e+03	2.399890e+03	0	1.308390e-03
8.000000e+07	8.820467e+13	0.000000e+00	7.318842e-01	1.096387e+15	1.345204e+15	1.173648e+14	1.111779e+04	3.883822e+03	2.393776e+03	0	1.297978e-03
9.000000e+07	8.614381e+13	0.000000e+00	7.318842e-01	1.072479e+15	1.316902e+15	1.167247e+14	1.106463e+04	3.874189e+03	2.387839e+03	0	1.287790e-03
1.000000e+08	8.415765e+13	0.000000e+00	7.318842e-01	1.049432e+15	1.289755e+15	1.160893e+14	1.101262e+04	3.864819e+03	2.382064e+03	0	1.277815e-03
1.100000e+08	8.224241e+13	0.000000e+00	7.318842e-01	1.027201e+15	1.263679e+15	1.154586e+14	1.096173e+04	3.855692e+03	2.376439e+03	0	1.268047e-03
1.200000e+08	8.039454e+13	0.000000e+00	7.318842e-01	1.005746e+15	1.238600e+15	1.148326e+14	1.091190e+04	3.846791e+03	2.370953e+03	0	1.258478e-03
1.300000e+08	7.861075e+13	0.000000e+00	7.318842e-01	9.850290e+14	1.214454e+15	1.142113e+14	1.086310e+04	3.838100e+03	2.365596e+03	0	1.249101e-03
1.400000e+08	7.688795e+13	0.000000e+00	7.318842e-01	9.650153e+14	1.191182e+15	1.135945e+14	1.081531e+04	3.829606e+03	2.360361e+03	0	1.239909e-03
1.500000e+08	7.522327e+13	0.000000e+00	7.318842e-01	9.456712e+14	1.168731e+15	1.129823e+14	1.076848e+04	3.821297e+03	2.355240e+03	0	1.230895e-03
1.600000e+08	7.361398e+13	0.000000e+00	7.318842e-01	9.269657e+14	1.147055e+15	1.123746e+14	1.072258e+04	3.813165e+03	2.350227e+03	0	1.222054e-03
1.700000e+08	7.205755e+13	0.000000e+00	7.318842e-01	9.088695e+14	1.126111e+15	1.117714e+14	1.067759e+04	3.805198e+03	2.345317e+03	0	1.213380e-03
1.800000e+08	7.055158e+13	0.000000e+00	7.318842e-01	8.913552e+14	1.105860e+15	1.111727e+14	1.063347e+04	3.797390e+03	2.340504e+03	0	1.204867e-03
1.900000e+08	6.909382e+13	0.000000e+00	7.318842e-01	8.743969e+14	1.086265e+15	1.105783e+14	1.059019e+04	3.789732e+03	2.335785e+03	0	1.196511e-03
2.000000e+08	6.768215e+13	0.000000e+00	7.318842e-01	8.579703e+14	1.067294e+15	1.099884e+14	1.054773e+04	3.782219e+03	2.331154e+03	0	1.188306e-03
2.100000e+08	6.631457e+13	0.000000e+00	7.318842e-01	8.420522e+14	1.048917e+15	1.094027e+14	1.050606e+04	3.774844e+03	2.326608e+03	0	1.180248e-03
2.200000e+08	6.498918e+13	0.000000e+00	7.318842e-01	8.266210e+14	1.031105e+15	1.088214e+14	1.046517e+04	3.767601e+03	2.322145e+03	0	1.172332e-03
2.300000e+08	6.370421e+13	0.000000e+00	7.318842e-01	8.116562e+14	1.013832e+15	1.082444e+14	1.042501e+04	3.760486e+03	2.317759e+03	0	1.164554e-03
2.400000e+08	6.245796e+13	0.000000e+00	7.318842e-01	7.971382e+14	9.970739e+14	1.076715e+14	1.038559e+04	3.753494e+03	2.313450e+03	0	1.156910e-03
2.500000e+08	6.124882e+13	0.000000e+00	7.318842e-01	7.830488e+14	9.808079e+14	1.071029e+14	1.034686e+04	3.746620e+03	2.309213e+03	0	1.149395e-03
2.600000e+08	6.007530e+13	0.000000e+00	7.318842e-01	7.693705e+14	9.650125e+14	1.065384e+14	1.030881e+04	3.739861e+03	2.305047e+03	0	1.142007e-03
2.700000e+08	5.893594e+13	0.000000e+00	7.318842e-01	7.560867e+14	9.496677e+14	1.059781e+14	1.027142e+04	3.733212e+03	2.300949e+03	0	1.134742e-03
2.800000e+08	5.782939e+13	0.000000e+00	7.318842e-01	7.431819e+14	9.347548e+14	1.054218e+14	1.023468e+04	3.726670e+03	2.296917e+03	0	1.127595e-03
2.900000e+08	5.675435e+13	0.000000e+00	7.318842e-01	7.306410e+14	9.202560e+14	1.048696e+14	1.019856e+04	3.720232e+03	2.292948e+03	0	1.120564e-03
3.000000e+08	5.570960e+13	0.000000e+00	7.318842e-01	7.184501e+14	9.061547e+14	1.043214e+14	1.016304e+04	3.713894e+03	2.289042e+03	0	1.113645e-03
3.100000e+08	5.469396e+13	0.000000e+00	7.318842e-01	7.065955e+14	8.924350e+14	1.037773e+14	1.012812e+04	3.707653e+03	2.285196e+03	0	1.106836e-03
3.200000e+08	5.370632e+13	0.000000e+00	7.318842e-01	6.950646e+14	8.790820e+14	1.032371e+14	1.009377e+04	3.701507e+03	2.281408e+03	0	1.100133e-03
3.300000e+08	5.274563e+13	0.000000e+00	7.318842e-01	6.838452e+14	8.660816e+14	1.027008e+14	1.005997e+04	3.695453e+03	2.277676e+03	0	1.093534e-03
3.400000e+08	5.181088e+13	0.000000e+00	7.318842e-01	6.729256e+14	8.534205e+14	1.021684e+14	1.002672e+04	3.689488e+03	2.274000e+03	0	1.087036e-03
3.500000e+08	5.090112e+13	0.000000e+00	7.318842e-01	6.622949e+14	8.410858e+14	1.016398e+14	9.993997e+03	3.683610e+03	2.270377e+03	0	1.080636e-03
3.600000e+08	5.001541e+13	0.000000e+00	7.318842e-01	6.519425e+14	8.290656e+14	1.011151e+14	9.961788e+03	3.677816e+03	2.266806e+03	0	1.074331e-03
3.700000e+08	4.915291e+13	0.000000e+00	7.318842e-01	6.418584e+14	8.173483e+14	1.005942e+14	9.930080e+03	3.672105e+03	2.263286e+03	0	1.068120e-03
3.800000e+08	4.831276e+13	0.000000e+00	7.318842e-01	6.320330e+14	8.059230e+14	1.000771e+14	9.898859e+03	3.666474e+03	2.259815e+03	0	1.061999e-03
3.900000e+08	4.749419e+13	0.000000e+00	7.318842e-01	6.224571e+14	7.947794e+14	9.956373e+13	9.868115e+03	3.660921e+03	2.256393e+03	0	1.055967e-03
4.000000e+08	4.669642e+13	0.000000e+00	7.318842e-01	6.131221e+14	7.839075e+14	9.905404e+13	9.837834e+03	3.655444e+03	2.253017e+03	0	1.050021e-03
4.100000e+08	4.591874e+13	0.000000e+00	7.318842e-01	6.040194e+14	7.732979e+14	9.854803e+13	9.808005e+03	3.650042e+03	2.249687e+03	0	1.044160e-03
4.200000e+08	4.516046e+13	0.000000e+00	7.318842e-01	5.951413e+14	7.629415e+14	9.804567e+13	9.778616e+03	3.644711e+03	2.246402e+03	0	1.038380e-03
4.300000e+08	4.442090e+13	0.000000e+00	7.318842e-01	5.864800e+14	7.528298e+14	9.754693e+13	9.749658e+03	3.639452e+03	2.243160e+03	0	1.032681e-03
4.400000e+08	4.369944e+13	0.000000e+00	7.318842e-01	5.780283e+14	7.429544e+14	9.705177e+13	9.721119e+03	3.634261e+03	2.239961e+03	0	1.027059e-03
4.500000e+08	4.299546e+13	0.000000e+00	7.318842e-01	5.697791e+14	7.333076e+14	9.656018e+13	9.692989e+03	3.629138e+03	2.236803e+03	0	1.021514e-03
4.600000e+08	4.230840e+13	0.000000e+00	7.318842e-01	5.617257e+14	7.238818e+14	9.607211e+13	9.665259e+03	3.624080e+03	2.233686e+03	0	1.016044e-03
4.700000e+08	4.163768e+13	0.000000e+00	7.318842e-01	5.538617e+14	7.146698e+14	9.558754e+13	9.637920e+03	3.619087e+03	2.230608e+03	0	1.010646e-03
4.800000e+08	4.098278e+13	0.000000e+00	7.318842e-01	5.461811e+14	7.056646e+14	9.510645e+13	9.610961e+03	3.614156e+03	2.227569e+03	0	1.005319e-03
4.900000e+08	4.034319e+13	0.000000e+00	7.318842e-01	5.386778e+14	6.968598e+14	9.462880e+13	9.584374e+03	3.609287e+03	2.224568e+03	0	1.000062e-03
5.000000e+08	3.971841e+13	0.000000e+00	7.318842e-01	5.313462e+14	6.882489e+14	9.415456e+13	9.558151e+03	3.604478e+03	2.221604e+03	0	9.948727e-04
5.100000e+08	3.910798e+13	0.000000e+00	7.318842e-01	5.241809e+14	6.798258e+14	9.368371e+13	9.532283e+03	3.599728e+03	2.218676e+03	0	9.897496e-04
5.200000e+08	3.851144e+13	0.000000e+00	7.318842e-01	5.171767e+14	6.715848e+14	9.321623e+13	9.506763e+03	3.595035e+03	2.215784e+03	0	9.846914e-04
5.300000e+08	3.792836e+13	0.000000e+00	7.318842e-01	5.103285e+14	6.635201e+14	9.275207e+13	9.481582e+03	3.590398e+03	2.212926e+03	0	9.796966e-04
5.400000e+08	3.735832e+13	0.000000e+00	7.318842e-01	5.036317e+14	6.556266e+14	9.229123e+13	9.456733e+03	3.585816e+03	2.210102e+03	0	9.747637e-04
5.500000e+08	3.680093e+13	0.000000e+00	7.318842e-01	4.970814e+14	6.478989e+14	9.183366e+13	9.432209e+03	3.581288e+03	2.207311e+03	0	9.698915e-04
5.600000e+08	3.625579e+13	0.000000e+00	7.318842e-01	4.906734e+14	6.403321e+14	9.137934e+13	9.408002e+03	3.576812e+03	2.204553e+03	0	9.650786e-04
5.700000e+08	3.572254e+13	0.000000e+00	7.318842e-01	4.844033e+14	6.329215e+14	9.092825e+13	9.384107e+03	3.572389e+03	2.201826e+03	0	9.603237e-04
5.800000e+08	3.520082e+13	0.000000e+00	7.318842e-01	4.782671e+14	6.256625e+14	9.048037e+13	9.360515e+03	3.568015e+03	2.199131e+03	0	9.556257e-04
5.900000e+08	3.469028e+13	0.000000e+00	7.318842e-01	4.722607e+14	6.185506e+14	9.003565e+13	9.337221e+03	3.563692e+03	2.196466e+03	0	9.509832e-04
6.000000e+08	3.419061e+13	0.000000e+00	7.318842e-01	4.663804e+14	6.115816e+14	8.959409e+13	9.314218e+03	3.559416e+03	2.193831e+03	0	9.463952e-04
6.100000e+08	3.370148e+13	0.000000e+00	7.318842e-01	4.606225e+14	6.047514e+14	8.915564e+13	9.291500e+03	3.555189e+03	2.191225e+03	0	9.418604e-04
6.200000e+08	3.322259e+13	0.000000e+00	7.318842e-01	4.549834e+14	5.980561e+14	8.872030e+13	9.269062e+03	3.551007e+03	2.188648e+03	0	9.373779e-04
6.300000e+08	3.275364e+13	0.000000e+00	7.318842e-01	4.494599e+14	5.914918e+14	8.828803e+13	9.246898e+03	3.546872e+03	2.186099e+03	0	9.329465e-04
6.400000e+08	3.229435e+13	0.000000e+00	7.318842e-01	4.440486e+14	5.850550e+14	8.785881e+13	9.225001e+03	3.542781e+03	2.183578e+03	0	9.285652e-04
6.500000e+08	3.184444e+13	0.000000e+00	7.318842e-01	4.387463e+14	5.787420e+14	8.743261e+13	9.203367e+03	3.538734e+03	2.181083e+03	0	9.242329e-04
6.600000e+08	3.140366e+13	0.000000e+00	7.318842e-01	4.335500e+14	5.725495e+14	8.700941e+13	9.181991e+03	3.534731e+03	2.178616e+03	0	9.199487e-04
6.700000e+08	3.097174e+13	0.000000e+00	7.318842e-01	4.284568e+14	5.664742e+14	8.658919e+13	9.160866e+03	3.530769e+03	2.176174e+03	0	9.157117e-04
6.800000e+08	3.054844e+13	0.000000e+00	7.318842e-01	4.234639e+14	5.605130e+14	8.617191e+13	9.139989e+03	3.526849e+03	2.173758e+03	0	9.115208e-04
6.900000e+08	3.013354e+13	0.000000e+00	7.318842e-01	4.185684e+14	5.546628e+14	8.575757e+13	9.119354e+03	3.522970e+03	2.171367e+03	0	9.073752e-04
7.000000e+08	2.972679e+13	0.000000e+00	7.318842e-01	4.137678e+14	5.489206e+14	8.534613e+13	9.098957e+03	3.519130e+03	2.169001e+03	0	9.032741e-04
7.100000e+08	2.932797e+13	0.000000e+00	7.318842e-01	4.090595e+14	5.432835e+14	8.493757e+13	9.078793e+03	3.515330e+03	2.166658e+03	0	8.992164e-04
7.200000e+08	2.893688e+13	0.000000e+00	7.318842e-01	4.044411e+14	5.377489e+14	8.453186e+13	9.058857e+03	3.511568e+03	2.164340e+03	0	8.952015e-04
7.300000e+08	2.855331e+13	0.000000e+00	7.318842e-01	3.999101e+14	5.323141e+14	8.412899e+13	9.039146e+03	3.507844e+03	2.162044e+03	0	8.912285e-04
7.400000e+08	2.817706e+13	0.000000e+00	7.318842e-01	3.954643e+14	5.269765e+14	8.372894e+13	9.019654e+03	3.504157e+03	2.159772e+03	0	8.872965e-04
7.500000e+08	2.780794e+13	0.000000e+00	7.318842e-01	3.911015e+14	5.217336e+14	8.333167e+13	9.000379e+03	3.500507e+03	2.157522e+03	0	8.834049e-04
7.600000e+08	2.744576e+13	0.000000e+00	7.318842e-01	3.868194e+14	5.165831e+14	8.293717e+13	8.981315e+03	3.496892e+03	2.155294e+03	0	8.795529e-04
7.700000e+08	2.709034e+13	0.000000e+00	7.318842e-01	3.826161e+14	5.115225e+14	8.254542e+13	8.962460e+03	3.493313e+03	2.153088e+03	0	8.757397e-04
7.800000e+08	2.674151e+13	0.000000e+00	7.318842e-01	3.784895e+14	5.065497e+14	8.215638e+13	8.943809e+03	3.489767e+03	2.150903e+03	0	8.719646e-04
7.900000e+08	2.639910e+13	0.000000e+00	7.318842e-01	3.744377e+14	5.016625e+14	8.177005e+13	8.925358e+03	3.486256e+03	2.148739e+03	0	8.682269e-04
8.000000e+08	2.606295e+13	0.000000e+00	7.318842e-01	3.704588e+14	4.968587e+14	8.138640e+13	8.907103e+03	3.482779e+03	2.146595e+03	0	8.645260e-04
8.100000e+08	2.573290e+13	0.000000e+00	7.318842e-01	3.665509e+14	4.921363e+14	8.100541e+13	8.889043e+03	3.479334e+03	2.144472e+03	0	8.608612e-04
8.200000e+08	2.540879e+13	0.000000e+00	7.318842e-01	3.627124e+14	4.874934e+14	8.062705e+13	8.871172e+03	3.475921e+03	2.142369e+03	0	8.572317e-04
8.300000e+08	2.509049e+13	0.000000e+00	7.318842e-01	3.589414e+14	4.829281e+14	8.025132e+13	8.853487e+03	3.472540e+03	2.140285e+03	0	8.536371e-04
8.400000e+08	2.477785e+13	0.000000e+00	7.318842e-01	3.552364e+14	4.784384e+14	7.987817e+13	8.835986e+03	3.469190e+03	2.138220e+03	0	8.500766e-04
8.500000e+08	2.447072e+13	0.000000e+00	7.318842e-01	3.515957e+14	4.740226e+14	7.950760e+13	8.818665e+03	3.465871e+03	2.136174e+03	0	8.465498e-04
8.600000e+08	2.416898e+13	0.000000e+00	7.318842e-01	3.480179e+14	4.696790e+14	7.913959e+13	8.801521e+03	3.462581e+03	2.134147e+03	0	8.430559e-04
8.700000e+08	2.387250e+13	0.000000e+00	7.318842e-01	3.445013e+14	4.654058e+14	7.877410e+13	8.784550e+03	3.459322e+03	2.132138e+03	0	8.395944e-04
8.800000e+08	2.358115e+13	0.000000e+00	7.318842e-01	3.410445e+14	4.612015e+14	7.841114e+13	8.767751e+03	3.456092e+03	2.130147e+03	0	8.361648e-04
8.900000e+08	2.329480e+13	0.000000e+00	7.318842e-01	3.376462e+14	4.570644e+14	7.805066e+13	8.751119e+03	3.452890e+03	2.128174e+03	0	8.327664e-04
9.000000e+08	2.301334e+13	0.000000e+00	7.318842e-01	3.343048e+14	4.529930e+14	7.769266e+13	8.734653e+03	3.449716e+03	2.126218e+03	0	8.293989e-04
9.100000e+08	2.273666e+13	0.000000e+00	7.318842e-01	3.310192e+14	4.489858e+14	7.733711e+13	8.718349e+03	3.446571e+03	2.124279e+03	0	8.260616e-04
9.200000e+08	2.246463e+13	0.000000e+00	7.318842e-01	3.277880e+14	4.450413e+14	7.698400e+13	8.702205e+03	3.443452e+03	2.122357e+03	0	8.227540e-04
9.300000e+08	2.219716e+13	0.000000e+00	7.318842e-01	3.246100e+14	4.411582e+14	7.663331e+13	8.686218e+03	3.440361e+03	2.120451e+03	0	8.194756e-04
9.400000e+08	2.193414e+13	0.000000e+00	7.318842e-01	3.214839e+14	4.373351e+14	7.628501e+13	8.670385e+03	3.437296e+03	2.118562e+03	0	8.162261e-04
9.500000e+08	2.167547e+13	0.000000e+00	7.318842e-01	3.184085e+14	4.335706e+14	7.593909e+13	8.654705e+03	3.434257e+03	2.116689e+03	0	8.130047e-04
9.600000e+08	2.142105e+13	0.000000e+00	7.318842e-01	3.153828e+14	4.298635e+14	7.559552e+13	8.639174e+03	3.431244e+03	2.114832e+03	0	8.098112e-04
9.700000e+08	2.117078e+13	0.000000e+00	7.318842e-01	3.124056e+14	4.262125e+14	7.525430e+13	8.623790e+03	3.428256e+03	2.112991e+03	0	8.066451e-04
9.800000e+08	2.092456e+13	0.000000e+00	7.318842e-01	3.094758e+14	4.226163e+14	7.491540e+13	8.608551e+03	3.425293e+03	2.111164e+03	0	8.035058e-04
9.900000e+08	2.068232e+13	0.000000e+00	7.318842e-01	3.065923e+14	4.190739e+14	7.457880e+13	8.593454e+03	3.422354e+03	2.109353e+03	0	8.003930e-04
1.000000e+09	2.044395e+13	0.000000e+00	7.318842e-01	3.037542e+14	4.155840e+14	7.424449e+13	8.578497e+03	3.419440e+03	2.107557e+03	0	7.973063e-04
1.010000e+09	2.020938e+13	0.000000e+00	7.318842e-01	3.009605e+14	4.121456e+14	7.391244e+13	8.563679e+03	3.416550e+03	2.105775e+03	0	7.942451e-04
1.020000e+09	1.997852e+13	0.000000e+00	7.318842e-01	2.982101e+14	4.087575e+14	7.358265e+13	8.548996e+03	3.413682e+03	2.104008e+03	0	7.912092e-04
1.030000e+09	1.975129e+13	0.000000e+00	7.318842e-01	2.955022e+14	4.054187e+14	7.325508e+13	8.534448e+03	3.410838e+03	2.102255e+03	0	7.881981e-04
1.040000e+09	1.952762e+13	0.000000e+00	7.318842e-01	2.928358e+14	4.021281e+14	7.292973e+13	8.520031e+03	3.408017e+03	2.100516e+03	0	7.852115e-04
1.050000e+09	1.930741e+13	0.000000e+00	7.318842e-01	2.902101e+14	3.988849e+14	7.260658e+13	8.505743e+03	3.405218e+03	2.098791e+03	0	7.822488e-04
1.060000e+09	1.909061e+13	0.000000e+00	7.318842e-01	2.876241e+14	3.956879e+14	7.228561e+13	8.491584e+03	3.402442e+03	2.097080e+03	0	7.793099e-04
1.070000e+09	1.887714e+13	0.000000e+00	7.318842e-01	2.850771e+14	3.925362e+14	7.196679e+13	8.477550e+03	3.399687e+03	2.095382e+03	0	7.763942e-04
1.080000e+09	1.866692e+13	0.000000e+00	7.318842e-01	2.825682e+14	3.894290e+14	7.165013e+13	8.463640e+03	3.396953e+03	2.093697e+03	0	7.735015e-04
1.090000e+09	1.845990e+13	0.000000e+00	7.318842e-01	2.800967e+14	3.863653e+14	7.133559e+13	8.449852e+03	3.394241e+03	2.092026e+03	0	7.706313e-04
1.100000e+09	1.825600e+13	0.000000e+00	7.318842e-01	2.776617e+14	3.833442e+14	7.102316e+13	8.436184e+03	3.391550e+03	2.090367e+03	0	7.677834e-04
1.110000e+09	1.805515e+13	0.000000e+00	7.318842e-01	2.752625e+14	3.803649e+14	7.071283e+13	8.422635e+03	3.388879e+03	2.088721e+03	0	7.649574e-04
1.120000e+09	1.785730e+13	0.000000e+00	7.318842e-01	2.728983e+14	3.774266e+14	7.040458e+13	8.409203e+03	3.386228e+03	2.087087e+03	0	7.621530e-04
1.130000e+09	1.766238e+13	0.000000e+00	7.318842e-01	2.705685e+14	3.745284e+14	7.009840e+13	8.395886e+03	3.383598e+03	2.085466e+03	0	7.593698e-04
1.140000e+09	1.747034e+13	0.000000e+00	7.318842e-01	2.682724e+14	3.716696e+14	6.979425e+13	8.382682e+03	3.380987e+03	2.083857e+03	0	7.566075e-04
1.150000e+09	1.728111e+13	0.000000e+00	7.318842e-01	2.660093e+14	3.688494e+14	6.949214e+13	8.369589e+03	3.378396e+03	2.082259e+03	0	7.538659e-04
1.160000e+09	1.709464e+13	0.000000e+00	7.318842e-01	2.637784e+14	3.660671e+14	6.919205e+13	8.356607e+03	3.375824e+03	2.080674e+03	0	7.511445e-04
1.170000e+09	1.691087e+13	0.000000e+00	7.318842e-01	2.615793e+14	3.633218e+14	6.889395e+13	8.343734e+03	3.373271e+03	2.079101e+03	0	7.484432e-04
1.180000e+09	1.672975e+13	0.000000e+00	7.318842e-01	2.594112e+14	3.606130e+14	6.859784e+13	8.330967e+03	3.370736e+03	2.077538e+03	0	7.457616e-04
1.190000e+09	1.655122e+13	0.000000e+00	7.318842e-01	2.572735e+14	3.579399e+14	6.830369e+13	8.318306e+03	3.368220e+03	2.075988e+03	0	7.430994e-04
1.200000e+09	1.637524e+13	0.000000e+00	7.318842e-01	2.551657e+14	3.553018e+14	6.801150e+13	8.305749e+03	3.365722e+03	2.074448e+03	0	7.404564e-04
1.210000e+09	1.620176e+13	0.000000e+00	7.318842e-01	2.530871e+14	3.526982e+14	6.772125e+13	8.293295e+03	3.363243e+03	2.072920e+03	0	7.378322e-04
1.220000e+09	1.603072e+13	0.000000e+00	7.318842e-01	2.510372e+14	3.501282e+14	6.743292e+13	8.280942e+03	3.360780e+03	2.071402e+03	0	7.352266e-04
1.230000e+09	1.586208e+13	0.000000e+00	7.318842e-01	2.490154e+14	3.475914e+14	6.714649e+13	8.268688e+03	3.358336e+03	2.069896e+03	0	7.326394e-04
1.240000e+09	1.569579e+13	0.000000e+00	7.318842e-01	2.470213e+14	3.450870e+14	6.686196e+13	8.256533e+03	3.355908e+03	2.068399e+03	0	7.300702e-04
1.250000e+09	1.553181e+13	0.000000e+00	7.318842e-01	2.450542e+14	3.426146e+14	6.657931e+13	8.244476e+03	3.353498e+03	2.066914e+03	0	7.275188e-04
1.260000e+09	1.537009e+13	0.000000e+00	7.318842e-01	2.431137e+14	3.401735e+14	6.629852e+13	8.232513e+03	3.351105e+03	2.065439e+03	0	7.249850e-04
1.270000e+09	1.521059e+13	0.000000e+00	7.318842e-01	2.411992e+14	3.377631e+14	6.601958e+13	8.220646e+03	3.348728e+03	2.063974e+03	0	7.224685e-04
1.280000e+09	1.505327e+13	0.000000e+00	7.318842e-01	2.393103e+14	3.353829e+14	6.574248e+13	8.208871e+03	3.346367e+03	2.062519e+03	0	7.199690e-04
1.290000e+09	1.489808e+13	0.000000e+00	7.318842e-01	2.374465e+14	3.330324e+14	6.546720e+13	8.197189e+03	3.344023e+03	2.061074e+03	0	7.174864e-04
1.300000e+09	1.474499e+13	0.000000e+00	7.318842e-01	2.356073e+14	3.307110e+14	6.519372e+13	8.185597e+03	3.341695e+03	2.059639e+03	0	7.150204e-04
1.310000e+09	1.459396e+13	0.000000e+00	7.318842e-01	2.337923e+14	3.284182e+14	6.492204e+13	8.174095e+03	3.339383e+03	2.058214e+03	0	7.125707e-04
1.320000e+09	1.444495e+13	0.000000e+00	7.318842e-01	2.320010e+14	3.261535e+14	6.465213e+13	8.162681e+03	3.337086e+03	2.056798e+03	0	7.101372e-04
1.330000e+09	1.429792e+13	0.000000e+00	7.318842e-01	2.302331e+14	3.239164e+14	6.438399e+13	8.151355e+03	3.334804e+03	2.055392e+03	0	7.077196e-04
1.340000e+09	1.415284e+13	0.000000e+00	7.318842e-01	2.284879e+14	3.217064e+14	6.411761e+13	8.140114e+03	3.332538e+03	2.053995e+03	0	7.053176e-04
1.350000e+09	1.400967e+13	0.000000e+00	7.318842e-01	2.267653e+14	3.195230e+14	6.385296e+13	8.128959e+03	3.330287e+03	2.052608e+03	0	7.029312e-04
1.360000e+09	1.386837e+13	0.000000e+00	7.318842e-01	2.250647e+14	3.173658e+14	6.359004e+13	8.117887e+03	3.328051e+03	2.051229e+03	0	7.005600e-04
1.370000e+09	1.372891e+13	0.000000e+00	7.318842e-01	2.233857e+14	3.152344e+14	6.332882e+13	8.106899e+03	3.325829e+03	2.049860e+03	0	6.982039e-04
1.380000e+09	1.359127e+13	0.000000e+00	7.318842e-01	2.217281e+14	3.131283e+14	6.306931e+13	8.095992e+03	3.323622e+03	2.048500e+03	0	6.958626e-04
1.390000e+09	1.345540e+13	0.000000e+00	7.318842e-01	2.200913e+14	3.110470e+14	6.281148e+13	8.085165e+03	3.321429e+03	2.047148e+03	0	6.935361e-04
1.400000e+09	1.332127e+13	0.000000e+00	7.318842e-01	2.184750e+14	3.089902e+14	6.255533e+13	8.074419e+03	3.319250e+03	2.045805e+03	0	6.912239e-04
1.410000e+09	1.318886e+13	0.000000e+00	7.318842e-01	2.168790e+14	3.069574e+14	6.230083e+13	8.063751e+03	3.317086e+03	2.044471e+03	0	6.889261e-04
1.420000e+09	1.305813e+13	0.000000e+00	7.318842e-01	2.153027e+14	3.049482e+14	6.204798e+13	8.053161e+03	3.314935e+03	2.043146e+03	0	6.866423e-04
1.430000e+09	1.292906e+13	0.000000e+00	7.318842e-01	2.137459e+14	3.029622e+14	6.179677e+13	8.042648e+03	3.312798e+03	2.041828e+03	0	6.843724e-04
1.440000e+09	1.280161e+13	0.000000e+00	7.318842e-01	2.122083e+14	3.009991e+14	6.154718e+13	8.032210e+03	3.310674e+03	2.040519e+03	0	6.821162e-04
1.450000e+09	1.267576e+13	0.000000e+00	7.318842e-01	2.106894e+14	2.990585e+14	6.129920e+13	8.021848e+03	3.308564e+03	2.039219e+03	0	6.798736e-04
1.460000e+09	1.255147e+13	0.000000e+00	7.318842e-01	2.091891e+14	2.971400e+14	6.105281e+13	8.011559e+03	3.306467e+03	2.037926e+03	0	6.776443e-04
1.470000e+09	1.242874e+13	0.000000e+00	7.318842e-01	2.077069e+14	2.952432e+14	6.080801e+13	8.001344e+03	3.304383e+03	2.036642e+03	0	6.754282e-04
1.480000e+09	1.230751e+13	0.000000e+00	7.318842e-01	2.062425e+14	2.933678e+14	6.056479e+13	7.991201e+03	3.302311e+03	2.035365e+03	0	6.732251e-04
1.490000e+09	1.218778e+13	0.000000e+00	7.318842e-01	2.047958e+14	2.915135e+14	6.032312e+13	7.981129e+03	3.300253e+03	2.034096e+03	0	6.710349e-04
1.500000e+09	1.206951e+13	0.000000e+00	7.318842e-01	2.033663e+14	2.896798e+14	6.008301e+13	7.971127e+03	3.298207e+03	2.032836e+03	0	6.688573e-04
1.510000e+09	1.195268e+13	0.000000e+00	7.318842e-01	2.019537e+14	2.878666e+14	5.984443e+13	7.961196e+03	3.296174e+03	2.031582e+03	0	6.666922e-04
1.520000e+09	1.183727e+13	0.000000e+00	7.318842e-01	2.005579e+14	2.860733e+14	5.960738e+13	7.951333e+03	3.294153e+03	2.030337e+03	0	6.645395e-04
1.530000e+09	1.172325e+13	0.000000e+00	7.318842e-01	1.991785e+14	2.842998e+14	5.937184e+13	7.941538e+03	3.292144e+03	2.029099e+03	0	6.623989e-04
1.540000e+09	1.161060e+13	0.000000e+00	7.318842e-01	1.978152e+14	2.825458e+14	5.913780e+13	7.931810e+03	3.290147e+03	2.027868e+03	0	6.602704e-04
1.550000e+09	1.149930e+13	0.000000e+00	7.318842e-01	1.964679e+14	2.808108e+14	5.890526e+13	7.922149e+03	3.288163e+03	2.026645e+03	0	6.581538e-04
1.560000e+09	1.138932e+13	0.000000e+00	7.318842e-01	1.951361e+14	2.790946e+14	5.867419e+13	7.912553e+03	3.286190e+03	2.025429e+03	0	6.560489e-04
1.570000e+09	1.128065e+13	0.000000e+00	7.318842e-01	1.938198e+14	2.773970e+14	5.844460e+13	7.903022e+03	3.284228e+03	2.024220e+03	0	6.539556e-04
1.580000e+09	1.117325e+13	0.000000e+00	7.318842e-01	1.925185e+14	2.757176e+14	5.821646e+13	7.893556e+03	3.282279e+03	2.023018e+03	0	6.518737e-04
1.590000e+09	1.106712e+13	0.000000e+00	7.318842e-01	1.912321e+14	2.740562e+14	5.798977e+13	7.884153e+03	3.280340e+03	2.021823e+03	0	6.498031e-04
1.600000e+09	1.096223e+13	0.000000e+00	7.318842e-01	1.899604e+14	2.724124e+14	5.776451e+13	7.874812e+03	3.278413e+03	2.020636e+03	0	6.477437e-04
1.610000e+09	1.085856e+13	0.000000e+00	7.318842e-01	1.887031e+14	2.707861e+14	5.754068e+13	7.865534e+03	3.276497e+03	2.019455e+03	0	6.456952e-04
1.620000e+09	1.075608e+13	0.000000e+00	7.318842e-01	1.874599e+14	2.691769e+14	5.731826e+13	7.856316e+03	3.274593e+03	2.018281e+03	0	6.436577e-04
1.630000e+09	1.065479e+13	0.000000e+00	7.318842e-01	1.862308e+14	2.675846e+14	5.709725e+13	7.847160e+03	3.272699e+03	2.017114e+03	0	6.416308e-04
1.640000e+09	1.055467e+13	0.000000e+00	7.318842e-01	1.850153e+14	2.660089e+14	5.687763e+13	7.838063e+03	3.270816e+03	2.015953e+03	0	6.396146e-04
1.650000e+09	1.045568e+13	0.000000e+00	7.318842e-01	1.838134e+14	2.644496e+14	5.665939e+13	7.829026e+03	3.268944e+03	2.014799e+03	0	6.376089e-04
1.660000e+09	1.035782e+13	0.000000e+00	7.318842e-01	1.826248e+14	2.629065e+14	5.644253e+13	7.820047e+03	3.267082e+03	2.013652e+03	0	6.356134e-04
1.670000e+09	1.026108e+13	0.000000e+00	7.318842e-01	1.814493e+14	2.613792e+14	5.622702e+13	7.811126e+03	3.265231e+03	2.012511e+03	0	6.336282e-04
1.680000e+09	1.016542e+13	0.000000e+00	7.318842e-01	1.802867e+14	2.598677e+14	5.601287e+13	7.802262e+03	3.263390e+03	2.011376e+03	0	6.316531e-04
1.690000e+09	1.007084e+13	0.000000e+00	7.318842e-01	1.791368e+14	2.583715e+14	5.580006e+13	7.793455e+03	3.261560e+03	2.010248e+03	0	6.296880e-04
1.700000e+09	9.977313e+12	0.000000e+00	7.318842e-01	1.779994e+14	2.568906e+14	5.558858e+13	7.784704e+03	3.259739e+03	2.009126e+03	0	6.277327e-04
1.710000e+09	9.884829e+12	0.000000e+00	7.318842e-01	1.768743e+14	2.554247e+14	5.537842e+13	7.776009e+03	3.257929e+03	2.008010e+03	0	6.257871e-04
1.720000e+09	9.793372e+12	0.000000e+00	7.318842e-01	1.757613e+14	2.539735e+14	5.516957e+13	7.767368e+03	3.256129e+03	2.006901e+03	0	6.238511e-04
1.730000e+09	9.702924e+12	0.000000e+00	7.318842e-01	1.746603e+14	2.525369e+14	5.496203e+13	7.758781e+03	3.254339e+03	2.005797e+03	0	6.219246e-04
1.740000e+09	9.613471e+12	0.000000e+00	7.318842e-01	1.735711e+14	2.511146e+14	5.475578e+13	7.750249e+03	3.252558e+03	2.004700e+03	0	6.200075e-04
1.750000e+09	9.524997e+12	0.000000e+00	7.318842e-01	1.724935e+14	2.497065e+14	5.455081e+13	7.741769e+03	3.250787e+03	2.003608e+03	0	6.180996e-04
1.760000e+09	9.437487e+12	0.000000e+00	7.318842e-01	1.714273e+14	2.483124e+14	5.434711e+13	7.733342e+03	3.249026e+03	2.002523e+03	0	6.162009e-04
1.770000e+09	9.350928e+12	0.000000e+00	7.318842e-01	1.703723e+14	2.469320e+14	5.414467e+13	7.724967e+03	3.247274e+03	2.001443e+03	0	6.143112e-04
1.780000e+09	9.265305e+12	0.000000e+00	7.318842e-01	1.693284e+14	2.455651e+14	5.394349e+13	7.716643e+03	3.245532e+03	2.000369e+03	0	6.124305e-04
1.790000e+09	9.180603e+12	0.000000e+00	7.318842e-01	1.682954e+14	2.442116e+14	5.374355e+13	7.708370e+03	3.243799e+03	1.999301e+03	0	6.105585e-04
1.800000e+09	9.096810e+12	0.000000e+00	7.318842e-01	1.672732e+14	2.428713e+14	5.354485e+13	7.700148e+03	3.242075e+03	1.998239e+03	0	6.086953e-04
1.810000e+09	9.013912e+12	0.000000e+00	7.318842e-01	1.662616e+14	2.415440e+14	5.334738e+13	7.691975e+03	3.240360e+03	1.997182e+03	0	6.068406e-04
1.820000e+09	8.931896e+12	0.000000e+00	7.318842e-01	1.652605e+14	2.402294e+14	5.315112e+13	7.683852e+03	3.238655e+03	1.996131e+03	0	6.049945e-04
1.830000e+09	8.850748e+12	0.000000e+00	7.318842e-01	1.642696e+14	2.389276e+14	5.295607e+13	7.675778e+03	3.236958e+03	1.995085e+03	0	6.031568e-04
1.840000e+09	8.770456e+12	0.000000e+00	7.318842e-01	1.632889e+14	2.376382e+14	5.276221e+13	7.667752e+03	3.235270e+03	1.994044e+03	0	6.013273e-04
1.850000e+09	8.691009e+12	0.000000e+00	7.318842e-01	1.623182e+14	2.363610e+14	5.256955e+13	7.659773e+03	3.233591e+03	1.993010e+03	0	5.995061e-04
1.860000e+09	8.612392e+12	0.000000e+00	7.318842e-01	1.613574e+14	2.350960e+14	5.237807e+13	7.651842e+03	3.231921e+03	1.991980e+03	0	5.976930e-04
1.870000e+09	8.534595e+12	0.000000e+00	7.318842e-01	1.604063e+14	2.338430e+14	5.218776e+13	7.643958e+03	3.230259e+03	1.990956e+03	0	5.958879e-04
1.880000e+09	8.457606e+12	0.000000e+00	7.318842e-01	1.594647e+14	2.326018e+14	5.199862e+13	7.636121e+03	3.228606e+03	1.989937e+03	0	5.940906e-04
1.890000e+09	8.381413e+12	0.000000e+00	7.318842e-01	1.585326e+14	2.313722e+14	5.181063e+13	7.628329e+03	3.226961e+03	1.988923e+03	0	5.923012e-04
1.900000e+09	8.306005e+12	0.000000e+00	7.318842e-01	1.576098e+14	2.301541e+14	5.162379e+13	7.620582e+03	3.225325e+03	1.987915e+03	0	5.905196e-04
1.910000e+09	8.231370e+12	0.000000e+00	7.318842e-01	1.566962e+14	2.289473e+14	5.143808e+13	7.612881e+03	3.223697e+03	1.986911e+03	0	5.887455e-04
1.920000e+09	8.157499e+12	0.000000e+00	7.318842e-01	1.557917e+14	2.277517e+14	5.125351e+13	7.605224e+03	3.222077e+03	1.985913e+03	0	5.869790e-04
1.930000e+09	8.084379e+12	0.000000e+00	7.318842e-01	1.548961e+14	2.265671e+14	5.107006e+13	7.597612e+03	3.220465e+03	1.984920e+03	0	5.852199e-04
1.940000e+09	8.012001e+12	0.000000e+00	7.318842e-01	1.540093e+14	2.253935e+14	5.088772e+13	7.590043e+03	3.218862e+03	1.983931e+03	0	5.834682e-04
1.950000e+09	7.940354e+12	0.000000e+00	7.318842e-01	1.531311e+14	2.242305e+14	5.070648e+13	7.582517e+03	3.217266e+03	1.982948e+03	0	5.817238e-04
1.960000e+09	7.869428e+12	0.000000e+00	7.318842e-01	1.522616e+14	2.230782e+14	5.052634e+13	7.575034e+03	3.215679e+03	1.981970e+03	0	5.799866e-04
1.970000e+09	7.799213e+12	0.000000e+00	7.318842e-01	1.514004e+14	2.219363e+14	5.034730e+13	7.567593e+03	3.214099e+03	1.980996e+03	0	5.782564e-04
1.980000e+09	7.729699e+12	0.000000e+00	7.318842e-01	1.505477e+14	2.208048e+14	5.016933e+13	7.560195e+03	3.212527e+03	1.980027e+03	0	5.765333e-04
1.990000e+09	7.660876e+12	0.000000e+00	7.318842e-01	1.497031e+14	2.196835e+14	4.999243e+13	7.552838e+03	3.210963e+03	1.979063e+03	0	5.748171e-04
2.000000e+09	7.592736e+12	0.000000e+00	7.318842e-01	1.488666e+14	2.185722e+14	4.981660e+13	7.545522e+03	3.209407e+03	1.978104e+03	0	5.731078e-04
2.010000e+09	7.525268e+12	0.000000e+00	7.318842e-01	1.480382e+14	2.174709e+14	4.964183e+13	7.538247e+03	3.207858e+03	1.977149e+03	0	5.714052e-04
2.020000e+09	7.458464e+12	0.000000e+00	7.318842e-01	1.472176e+14	2.163794e+14	4.946811e+13	7.531013e+03	3.206316e+03	1.976199e+03	0	5.697094e-04
2.030000e+09	7.392315e+12	0.000000e+00	7.318842e-01	1.464048e+14	2.152976e+14	4.929543e+13	7.523818e+03	3.204782e+03	1.975254e+03	0	5.680201e-04
2.040000e+09	7.326811e+12	0.000000e+00	7.318842e-01	1.455997e+14	2.142253e+14	4.912378e+13	7.516663e+03	3.203256e+03	1.974313e+03	0	5.663374e-04
2.050000e+09	7.261944e+12	0.000000e+00	7.318842e-01	1.448022e+14	2.131625e+14	4.895316e+13	7.509548e+03	3.201737e+03	1.973376e+03	0	5.646611e-04
2.060000e+09	7.197706e+12	0.000000e+00	7.318842e-01	1.440122e+14	2.121090e+14	4.878356e+13	7.502471e+03	3.200225e+03	1.972444e+03	0	5.629912e-04
2.070000e+09	7.134089e+12	0.000000e+00	7.318842e-01	1.432295e+14	2.110647e+14	4.861497e+13	7.495433e+03	3.198720e+03	1.971517e+03	0	5.613276e-04
2.080000e+09	7.071083e+12	0.000000e+00	7.318842e-01	1.424541e+14	2.100295e+14	4.844739e+13	7.488433e+03	3.197222e+03	1.970594e+03	0	5.596702e-04
2.090000e+09	7.008681e+12	0.000000e+00	7.318842e-01	1.416859e+14	2.090033e+14	4.828080e+13	7.481471e+03	3.195732e+03	1.969675e+03	0	5.580190e-04
2.100000e+09	6.946875e+12	0.000000e+00	7.318842e-01	1.409248e+14	2.079860e+14	4.811520e+13	7.474546e+03	3.194248e+03	1.968761e+03	0	5.563739e-04
2.110000e+09	6.885657e+12	0.000000e+00	7.318842e-01	1.401707e+14	2.069774e+14	4.795059e+13	7.467659e+03	3.192772e+03	1.967851e+03	0	5.547347e-04
2.120000e+09	6.825019e+12	0.000000e+00	7.318842e-01	1.394236e+14	2.059775e+14	4.778695e+13	7.460808e+03	3.191302e+03	1.966945e+03	0	5.531015e-04
2.130000e+09	6.764954e+12	0.000000e+00	7.318842e-01	1.386832e+14	2.049861e+14	4.762428e+13	7.453994e+03	3.189840e+03	1.966044e+03	0	5.514742e-04
2.140000e+09	6.705455e+12	0.000000e+00	7.318842e-01	1.379496e+14	2.040031e+14	4.746257e+13	7.447215e+03	3.188384e+03	1.965146e+03	0	5.498526e-04
2.150000e+09	6.646513e+12	0.000000e+00	7.318842e-01	1.372226e+14	2.030286e+14	4.730182e+13	7.440473e+03	3.186934e+03	1.964253e+03	0	5.482368e-04
2.160000e+09	6.588123e+12	0.000000e+00	7.318842e-01	1.365022e+14	2.020622e+14	4.714201e+13	7.433766e+03	3.185492e+03	1.963364e+03	0	5.466266e-04
2.170000e+09	6.530276e+12	0.000000e+00	7.318842e-01	1.357883e+14	2.011040e+14	4.698315e+13	7.427094e+03	3.184056e+03	1.962479e+03	0	5.450220e-04
2.180000e+09	6.472966e+12	0.000000e+00	7.318842e-01	1.350808e+14	2.001538e+14	4.682522e+13	7.420458e+03	3.182627e+03	1.961598e+03	0	5.434230e-04
2.190000e+09	6.416186e+12	0.000000e+00	7.318842e-01	1.343796e+14	1.992116e+14	4.666821e+13	7.413855e+03	3.181204e+03	1.960721e+03	0	5.418293e-04
2.200000e+09	6.359929e+12	0.000000e+00	7.318842e-01	1.336847e+14	1.982773e+14	4.651213e+13	7.407287e+03	3.179787e+03	1.959848e+03	0	5.402411e-04
2.210000e+09	6.304188e+12	0.000000e+00	7.318842e-01	1.329959e+14	1.973506e+14	4.635696e+13	7.400753e+03	3.178377e+03	1.958979e+03	0	5.386582e-04
2.220000e+09	6.248958e+12	0.000000e+00	7.318842e-01	1.323132e+14	1.964317e+14	4.620270e+13	7.394252e+03	3.176974e+03	1.958114e+03	0	5.370805e-04
2.230000e+09	6.194231e+12	0.000000e+00	7.318842e-01	1.316365e+14	1.955204e+14	4.604933e+13	7.387785e+03	3.175577e+03	1.957253e+03	0	5.355081e-04
2.240000e+09	6.140001e+12	0.000000e+00	7.318842e-01	1.309657e+14	1.946165e+14	4.589687e+13	7.381350e+03	3.174186e+03	1.956395e+03	0	5.339407e-04
2.250000e+09	6.086263e+12	0.000000e+00	7.318842e-01	1.303008e+14	1.937200e+14	4.574529e+13	7.374949e+03	3.172801e+03	1.955542e+03	0	5.323784e-04
2.260000e+09	6.033010e+12	0.000000e+00	7.318842e-01	1.296417e+14	1.928309e+14	4.559459e+13	7.368579e+03	3.171422e+03	1.954692e+03	0	5.308212e-04
2.270000e+09	5.980235e+12	0.000000e+00	7.318842e-01	1.289883e+14	1.919490e+14	4.544477e+13	7.362242e+03	3.170049e+03	1.953846e+03	0	5.292688e-04
2.280000e+09	5.927934e+12	0.000000e+00	7.318842e-01	1.283406e+14	1.910742e+14	4.529582e+13	7.355937e+03	3.168683e+03	1.953004e+03	0	5.277213e-04
2.290000e+09	5.876099e+12	0.000000e+00	7.318842e-01	1.276985e+14	1.902065e+14	4.514773e+13	7.349664e+03	3.167322e+03	1.952165e+03	0	5.261787e-04
2.300000e+09	5.824727e+12	0.000000e+00	7.318842e-01	1.270618e+14	1.893458e+14	4.500049e+13	7.343422e+03	3.165968e+03	1.951330e+03	0	5.246408e-04
2.310000e+09	5.773810e+12	0.000000e+00	7.318842e-01	1.264306e+14	1.884920e+14	4.485411e+13	7.337211e+03	3.164619e+03	1.950499e+03	0	5.231076e-04
2.320000e+09	5.723343e+12	0.000000e+00	7.318842e-01	1.258048e+14	1.876450e+14	4.470857e+13	7.331030e+03	3.163277e+03	1.949672e+03	0	5.215791e-04
2.330000e+09	5.673321e+12	0.000000e+00	7.318842e-01	1.251843e+14	1.868047e+14	4.456387e+13	7.324880e+03	3.161940e+03	1.948848e+03	0	5.200551e-04
2.340000e+09	5.623738e+12	0.000000e+00	7.318842e-01	1.245691e+14	1.859711e+14	4.442000e+13	7.318761e+03	3.160608e+03	1.948027e+03	0	5.185356e-04
2.350000e+09	5.574590e+12	0.000000e+00	7.318842e-01	1.239590e+14	1.851442e+14	4.427696e+13	7.312672e+03	3.159283e+03	1.947210e+03	0	5.170206e-04
2.360000e+09	5.525870e+12	0.000000e+00	7.318842e-01	1.233541e+14	1.843237e+14	4.413474e+13	7.306612e+03	3.157963e+03	1.946397e+03	0	5.155100e-04
2.370000e+09	5.477574e+12	0.000000e+00	7.318842e-01	1.227543e+14	1.835097e+14	4.399333e+13	7.300582e+03	3.156649e+03	1.945587e+03	0	5.140038e-04
2.380000e+09	5.429697e+12	0.000000e+00	7.318842e-01	1.221595e+14	1.827021e+14	4.385274e+13	7.294581e+03	3.155341e+03	1.944781e+03	0	5.125018e-04
2.390000e+09	5.382234e+12	0.000000e+00	7.318842e-01	1.215696e+14	1.819008e+14	4.371294e+13	7.288609e+03	3.154038e+03	1.943978e+03	0	5.110041e-04
2.400000e+09	5.335179e+12	0.000000e+00	7.318842e-01	1.209846e+14	1.811057e+14	4.357395e+13	7.282666e+03	3.152741e+03	1.943178e+03	0	5.095106e-04
2.410000e+09	5.288528e+12	0.000000e+00	7.318842e-01	1.204044e+14	1.803168e+14	4.343574e+13	7.276751e+03	3.151449e+03	1.942382e+03	0	5.080212e-04
2.420000e+09	5.242276e+12	0.000000e+00	7.318842e-01	1.198290e+14	1.795340e+14	4.329833e+13	7.270865e+03	3.150162e+03	1.941589e+03	0	5.065358e-04
2.430000e+09	5.196419e+12	0.000000e+00	7.318842e-01	1.192584e+14	1.787572e+14	4.316169e+13	7.265007e+03	3.148881e+03	1.940799e+03	0	5.050545e-04
2.440000e+09	5.150952e+12	0.000000e+00	7.318842e-01	1.186924e+14	1.779864e+14	4.302583e+13	7.259177e+03	3.147606e+03	1.940013e+03	0	5.035772e-04
2.450000e+09	5.105869e+12	0.000000e+00	7.318842e-01	1.181310e+14	1.772215e+14	4.289074e+13	7.253374e+03	3.146335e+03	1.939230e+03	0	5.021037e-04
2.460000e+09	5.061168e+12	0.000000e+00	7.318842e-01	1.175742e+14	1.764624e+14	4.275641e+13	7.247599e+03	3.145070e+03	1.938450e+03	0	5.006342e-04
2.470000e+09	5.016843e+12	0.000000e+00	7.318842e-01	1.170219e+14	1.757091e+14	4.262284e+13	7.241851e+03	3.143810e+03	1.937674e+03	0	4.991684e-04
2.480000e+09	4.972890e+12	0.000000e+00	7.318842e-01	1.164741e+14	1.749615e+14	4.249002e+13	7.236130e+03	3.142556e+03	1.936900e+03	0	4.977063e-04
2.490000e+09	4.929305e+12	0.000000e+00	7.318842e-01	1.159307e+14	1.742196e+14	4.235796e+13	7.230435e+03	3.141306e+03	1.936130e+03	0	4.962480e-04
2.500000e+09	4.886084e+12	0.000000e+00	7.318842e-01	1.153916e+14	1.734832e+14	4.222663e+13	7.224767e+03	3.140062e+03	1.935363e+03	0	4.947933e-04
2.510000e+09	4.843221e+12	0.000000e+00	7.318842e-01	1.148569e+14	1.727524e+14	4.209605e+13	7.219126e+03	3.138823e+03	1.934600e+03	0	4.933423e-04
2.520000e+09	4.800714e+12	0.000000e+00	7.318842e-01	1.143264e+14	1.720271e+14	4.196619e+13	7.213511e+03	3.137589e+03	1.933839e+03	0	4.918947e-04
2.530000e+09	4.758559e+12	0.000000e+00	7.318842e-01	1.138001e+14	1.713071e+14	4.183707e+13	7.207921e+03	3.136359e+03	1.933081e+03	0	4.904507e-04
2.540000e+09	4.716750e+12	0.000000e+00	7.318842e-01	1.132780e+14	1.705926e+14	4.170867e+13	7.202357e+03	3.135135e+03	1.932327e+03	0	4.890101e-04
2.550000e+09	4.675285e+12	0.000000e+00	7.318842e-01	1.127600e+14	1.698833e+14	4.158098e+13	7.196819e+03	3.133916e+03	1.931575e+03	0	4.875729e-04
2.560000e+09	4.634159e+12	0.000000e+00	7.318842e-01	1.122461e+14	1.691793e+14	4.145401e+13	7.191306e+03	3.132702e+03	1.930827e+03	0	4.861391e-04
2.570000e+09	4.593369e+12	0.000000e+00	7.318842e-01	1.117362e+14	1.684804e+14	4.132774e+13	7.185818e+03	3.131492e+03	1.930081e+03	0	4.847085e-04
2.580000e+09	4.552910e+12	0.000000e+00	7.318842e-01	1.112303e+14	1.677867e+14	4.120217e+13	7.180355e+03	3.130288e+03	1.929339e+03	0	4.832812e-04
2.590000e+09	4.512780e+12	0.000000e+00	7.318842e-01	1.107283e+14	1.670981e+14	4.107731e+13	7.174916e+03	3.129088e+03	1.928599e+03	0	4.818571e-04
2.600000e+09	4.472974e+12	0.000000e+00	7.318842e-01	1.102302e+14	1.664145e+14	4.095313e+13	7.169502e+03	3.127893e+03	1.927863e+03	0	4.804362e-04
2.610000e+09	4.433490e+12	0.000000e+00	7.318842e-01	1.097360e+14	1.657359e+14	4.082965e+13	7.164113e+03	3.126702e+03	1.927129e+03	0	4.790183e-04
2.620000e+09	4.394322e+12	0.000000e+00	7.318842e-01	1.092456e+14	1.650622e+14	4.070684e+13	7.158747e+03	3.125517e+03	1.926399e+03	0	4.776035e-04
2.630000e+09	4.355468e+12	0.000000e+00	7.318842e-01	1.087590e+14	1.643934e+14	4.058472e+13	7.153406e+03	3.124336e+03	1.925671e+03	0	4.761917e-04
2.640000e+09	4.316925e+12	0.000000e+00	7.318842e-01	1.082761e+14	1.637294e+14	4.046327e+13	7.148088e+03	3.123160e+03	1.924946e+03	0	4.747829e-04
2.650000e+09	4.278689e+12	0.000000e+00	7.318842e-01	1.077969e+14	1.630702e+14	4.034249e+13	7.142794e+03	3.121988e+03	1.924224e+03	0	4.733770e-04
2.660000e+09	4.240756e+12	0.000000e+00	7.318842e-01	1.073214e+14	1.624157e+14	4.022237e+13	7.137523e+03	3.120821e+03	1.923504e+03	0	4.719739e-04
2.670000e+09	4.203124e+12	0.000000e+00	7.318842e-01	1.068494e+14	1.617659e+14	4.010291e+13	7.132276e+03	3.119658e+03	1.922788e+03	0	4.705737e-04
2.680000e+09	4.165789e+12	0.000000e+00	7.318842e-01	1.063810e+14	1.611207e+14	3.998411e+13	7.127051e+03	3.118500e+03	1.922074e+03	0	4.691762e-04
2.690000e+09	4.128748e+12	0.000000e+00	7.318842e-01	1.059162e+14	1.604801e+14	3.986595e+13	7.121849e+03	3.117347e+03	1.921363e+03	0	4.677815e-04
2.700000e+09	4.091997e+12	0.000000e+00	7.318842e-01	1.054549e+14	1.598441e+14	3.974845e+13	7.116671e+03	3.116198e+03	1.920655e+03	0	4.663894e-04
2.710000e+09	4.055534e+12	0.000000e+00	7.318842e-01	1.049970e+14	1.592125e+14	3.963158e+13	7.111514e+03	3.115053e+03	1.919949e+03	0	4.649999e-04
2.720000e+09	4.019355e+12	0.000000e+00	7.318842e-01	1.045426e+14	1.585854e+14	3.951535e+13	7.106380e+03	3.113913e+03	1.919246e+03	0	4.636131e-04
2.730000e+09	3.983458e+12	0.000000e+00	7.318842e-01	1.040915e+14	1.579627e+14	3.939976e+13	7.101268e+03	3.112777e+03	1.918546e+03	0	4.622288e-04
2.740000e+09	3.947839e+12	0.000000e+00	7.318842e-01	1.036438e+14	1.573444e+14	3.928479e+13	7.096178e+03	3.111645e+03	1.917849e+03	0	4.608469e-04
2.750000e+09	3.912496e+12	0.000000e+00	7.318842e-01	1.031994e+14	1.567303e+14	3.917045e+13	7.091110e+03	3.110518e+03	1.917154e+03	0	4.594675e-04
2.760000e+09	3.877425e+12	0.000000e+00	7.318842e-01	1.027583e+14	1.561206e+14	3.905672e+13	7.086064e+03	3.109395e+03	1.916462e+03	0	4.580906e-04
2.770000e+09	3.842624e+12	0.000000e+00	7.318842e-01	1.023204e+14	1.555151e+14	3.894361e+13	7.081039e+03	3.108276e+03	1.915772e+03	0	4.567159e-04
2.780000e+09	3.808089e+12	0.000000e+00	7.318842e-01	1.018858e+14	1.549137e+14	3.883112e+13	7.076036e+03	3.107162e+03	1.915085e+03	0	4.553436e-04
2.790000e+09	3.773819e+12	0.000000e+00	7.318842e-01	1.014543e+14	1.543166e+14	3.871923e+13	7.071054e+03	3.106051e+03	1.914401e+03	0	4.539736e-04
2.800000e+09	3.739810e+12	0.000000e+00	7.318842e-01	1.010260e+14	1.537235e+14	3.860794e+13	7.066093e+03	3.104945e+03	1.913719e+03	0	4.526057e-04
2.810000e+09	3.706059e+12	0.000000e+00	7.318842e-01	1.006008e+14	1.531345e+14	3.849725e+13	7.061152e+03	3.103843e+03	1.913040e+03	0	4.512401e-04
2.820000e+09	3.672564e+12	0.000000e+00	7.318842e-01	1.001787e+14	1.525495e+14	3.838716e+13	7.056233e+03	3.102745e+03	1.912363e+03	0	4.498766e-04
2.830000e+09	3.639323e+12	0.000000e+00	7.318842e-01	9.975966e+13	1.519685e+14	3.827766e+13	7.051334e+03	3.101651e+03	1.911689e+03	0	4.485151e-04
2.840000e+09	3.606332e+12	0.000000e+00	7.318842e-01	9.934362e+13	1.513915e+14	3.816874e+13	7.046456e+03	3.100562e+03	1.911018e+03	0	4.471557e-04
2.850000e+09	3.573588e+12	0.000000e+00	7.318842e-01	9.893058e+13	1.508184e+14	3.806041e+13	7.041598e+03	3.099476e+03	1.910348e+03	0	4.457983e-04
2.860000e+09	3.541091e+12	0.000000e+00	7.318842e-01	9.852050e+13	1.502492e+14	3.795266e+13	7.036760e+03	3.098394e+03	1.909682e+03	0	4.444428e-04
2.870000e+09	3.508836e+12	0.000000e+00	7.318842e-01	9.811335e+13	1.496838e+14	3.784548e+13	7.031942e+03	3.097316e+03	1.909017e+03	0	4.430893e-04
2.880000e+09	3.476821e+12	0.000000e+00	7.318842e-01	9.770910e+13	1.491222e+14	3.773887e+13	7.027144e+03	3.096243e+03	1.908356e+03	0	4.417376e-04
2.890000e+09	3.445045e+12	0.000000e+00	7.318842e-01	9.730772e+13	1.485644e+14	3.763283e+13	7.022366e+03	3.095173e+03	1.907696e+03	0	4.403877e-04
2.900000e+09	3.413504e+12	0.000000e+00	7.318842e-01	9.690919e+13	1.480103e+14	3.752735e+13	7.017607e+03	3.094107e+03	1.907039e+03	0	4.390396e-04
2.910000e+09	3.382196e+12	0.000000e+00	7.318842e-01	9.651347e+13	1.474599e+14	3.742243e+13	7.012868e+03	3.093045e+03	1.906385e+03	0	4.376932e-04
2.920000e+09	3.351119e+12	0.000000e+00	7.318842e-01	9.612054e+13	1.469132e+14	3.731806e+13	7.008148e+03	3.091986e+03	1.905732e+03	0	4.363485e-04
2.930000e+09	3.320270e+12	0.000000e+00	7.318842e-01	9.573037e+13	1.463701e+14	3.721425e+13	7.003448e+03	3.090932e+03	1.905082e+03	0	4.350054e-04
2.940000e+09	3.289647e+12	0.000000e+00	7.318842e-01	9.534294e+13	1.458305e+14	3.711098e+13	6.998766e+03	3.089881e+03	1.904435e+03	0	4.336640e-04
2.950000e+09	3.259248e+12	0.000000e+00	7.318842e-01	9.495821e+13	1.452946e+14	3.700826e+13	6.994104e+03	3.088835e+03	1.903790e+03	0	4.323240e-04
2.960000e+09	3.229071e+12	0.000000e+00	7.318842e-01	9.457616e+13	1.447622e+14	3.690608e+13	6.989460e+03	3.087792e+03	1.903147e+03	0	4.309856e-04
2.970000e+09	3.199114e+12	0.000000e+00	7.318842e-01	9.419676e+13	1.442332e+14	3.680444e+13	6.984835e+03	3.086752e+03	1.902506e+03	0	4.296486e-04
2.980000e+09	3.169373e+12	0.000000e+00	7.318842e-01	9.381999e+13	1.437078e+14	3.670333e+13	6.980228e+03	3.085717e+03	1.901868e+03	0	4.283131e-04
2.990000e+09	3.139848e+12	0.000000e+00	7.318842e-01	9.344581e+13	1.431857e+14	3.660275e+13	6.975640e+03	3.084685e+03	1.901232e+03	0	4.269789e-04
3.000000e+09	3.110535e+12	0.000000e+00	7.318842e-01	9.307422e+13	1.426671e+14	3.650270e+13	6.971070e+03	3.083656e+03	1.900598e+03	0	4.256460e-04
3.010000e+09	3.081433e+12	0.000000e+00	7.318842e-01	9.270518e+13	1.421518e+14	3.640316e+13	6.966518e+03	3.082632e+03	1.899967e+03	0	4.243144e-04
3.020000e+09	3.052540e+12	0.000000e+00	7.318842e-01	9.233866e+13	1.416399e+14	3.630415e+13	6.961984e+03	3.081611e+03	1.899337e+03	0	4.229841e-04
3.030000e+09	3.023854e+12	0.000000e+00	7.318842e-01	9.197464e+13	1.411312e+14	3.620565e+13	6.957468e+03	3.080593e+03	1.898710e+03	0	4.216549e-04
3.040000e+09	2.995373e+12	0.000000e+00	7.318842e-01	9.161311e+13	1.406259e+14	3.610767e+13	6.952970e+03	3.079580e+03	1.898085e+03	0	4.203269e-04
3.050000e+09	2.967094e+12	0.000000e+00	7.318842e-01	9.125402e+13	1.401237e+14	3.601019e+13	6.948489e+03	3.078569e+03	1.897463e+03	0	4.190000e-04
3.060000e+09	2.939016e+12	0.000000e+00	7.318842e-01	9.089737e+13	1.396248e+14	3.591322e+13	6.944026e+03	3.077563e+03	1.896842e+03	0	4.176741e-04
3.070000e+09	2.911136e+12	0.000000e+00	7.318842e-01	9.054313e+13	1.391291e+14	3.581675e+13	6.939581e+03	3.076559e+03	1.896224e+03	0	4.163492e-04
3.080000e+09	2.883454e+12	0.000000e+00	7.318842e-01	9.019126e+13	1.386366e+14	3.572078e+13	6.935153e+03	3.075560e+03	1.895608e+03	0	4.150253e-04
3.090000e+09	2.855966e+12	0.000000e+00	7.318842e-01	8.984177e+13	1.381471e+14	3.562531e+13	6.930742e+03	3.074563e+03	1.894994e+03	0	4.137023e-04
3.100000e+09	2.828672e+12	0.000000e+00	7.318842e-01	8.949461e+13	1.376608e+14	3.553032e+13	6.926348e+03	3.073571e+03	1.894382e+03	0	4.123801e-04
3.110000e+09	2.801568e+12	0.000000e+00	7.318842e-01	8.914977e+13	1.371775e+14	3.543583e+13	6.921971e+03	3.072581e+03	1.893772e+03	0	4.110588e-04
3.120000e+09	2.774654e+12	0.000000e+00	7.318842e-01	8.880722e+13	1.366973e+14	3.534182e+13	6.917610e+03	3.071595e+03	1.893164e+03	0	4.097383e-04
3.130000e+09	2.747928e+12	0.000000e+00	7.318842e-01	8.846695e+13	1.362201e+14	3.524829e+13	6.913267e+03	3.070613e+03	1.892559e+03	0	4.084184e-04
3.140000e+09	2.721387e+12	0.000000e+00	7.318842e-01	8.812893e+13	1.357460e+14	3.515524e+13	6.908940e+03	3.069633e+03	1.891955e+03	0	4.070993e-04
3.150000e+09	2.695030e+12	0.000000e+00	7.318842e-01	8.779314e+13	1.352747e+14	3.506267e+13	6.904630e+03	3.068657e+03	1.891354e+03	0	4.057808e-04
3.160000e+09	2.668856e+12	0.000000e+00	7.318842e-01	8.745957e+13	1.348064e+14	3.497057e+13	6.900336e+03	3.067685e+03	1.890754e+03	0	4.044628e-04
3.170000e+09	2.642862e+12	0.000000e+00	7.318842e-01	8.712818e+13	1.343411e+14	3.487894e+13	6.896058e+03	3.066716e+03	1.890157e+03	0	4.031454e-04
3.180000e+09	2.617047e+12	0.000000e+00	7.318842e-01	8.679897e+13	1.338786e+14	3.478778e+13	6.891797e+03	3.065750e+03	1.889561e+03	0	4.018285e-04
3.190000e+09	2.591409e+12	0.000000e+00	7.318842e-01	8.647190e+13	1.334189e+14	3.469708e+13	6.887552e+03	3.064787e+03	1.888968e+03	0	4.005120e-04
3.200000e+09	2.565947e+12	0.000000e+00	7.318842e-01	8.614697e+13	1.329621e+14	3.460683e+13	6.883322e+03	3.063827e+03	1.888377e+03	0	3.991959e-04
3.210000e+09	2.540658e+12	0.000000e+00	7.318842e-01	8.582415e+13	1.325082e+14	3.451705e+13	6.879109e+03	3.062871e+03	1.887787e+03	0	3.978802e-04
3.220000e+09	2.515542e+12	0.000000e+00	7.318842e-01	8.550342e+13	1.320570e+14	3.442772e+13	6.874911e+03	3.061918e+03	1.887200e+03	0	3.965647e-04
3.230000e+09	2.490596e+12	0.000000e+00	7.318842e-01	8.518476e+13	1.316086e+14	3.433884e+13	6.870729e+03	3.060968e+03	1.886614e+03	0	3.952495e-04
3.240000e+09	2.465820e+12	0.000000e+00	7.318842e-01	8.486815e+13	1.311629e+14	3.425041e+13	6.866562e+03	3.060022e+03	1.886031e+03	0	3.939345e-04
3.250000e+09	2.441210e+12	0.000000e+00	7.318842e-01	8.455358e+13	1.307199e+14	3.416243e+13	6.862411e+03	3.059078e+03	1.885449e+03	0	3.926196e-04
3.260000e+09	2.416767e+12	0.000000e+00	7.318842e-01	8.424103e+13	1.302796e+14	3.407488e+13	6.858276e+03	3.058138e+03	1.884870e+03	0	3.913048e-04
3.270000e+09	2.392488e+12	0.000000e+00	7.318842e-01	8.393047e+13	1.298420e+14	3.398778e+13	6.854155e+03	3.057201e+03	1.884292e+03	0	3.899900e-04
3.280000e+09	2.368372e+12	0.000000e+00	7.318842e-01	8.362190e+13	1.294071e+14	3.390111e+13	6.850050e+03	3.056267e+03	1.883716e+03	0	3.886752e-04
3.290000e+09	2.344418e+12	0.000000e+00	7.318842e-01	8.331529e+13	1.289748e+14	3.381488e+13	6.845960e+03	3.055335e+03	1.883143e+03	0	3.873604e-04
3.300000e+09	2.320623e+12	0.000000e+00	7.318842e-01	8.301062e+13	1.285450e+14	3.372908e+13	6.841885e+03	3.054407e+03	1.882571e+03	0	3.860454e-04
3.310000e+09	2.296987e+12	0.000000e+00	7.318842e-01	8.270788e+13	1.281179e+14	3.364370e+13	6.837824e+03	3.053483e+03	1.882001e+03	0	3.847303e-04
3.320000e+09	2.273508e+12	0.000000e+00	7.318842e-01	8.240705e+13	1.276933e+14	3.355875e+13	6.833779e+03	3.052561e+03	1.881432e+03	0	3.834149e-04
3.330000e+09	2.250184e+12	0.000000e+00	7.318842e-01	8.210812e+13	1.272712e+14	3.347423e+13	6.829748e+03	3.051642e+03	1.880866e+03	0	3.820993e-04
3.340000e+09	2.227015e+12	0.000000e+00	7.318842e-01	8.181106e+13	1.268517e+14	3.339012e+13	6.825732e+03	3.050726e+03	1.880302e+03	0	3.807833e-04
3.350000e+09	2.203998e+12	0.000000e+00	7.318842e-01	8.151586e+13	1.264347e+14	3.330643e+13	6.821730e+03	3.049813e+03	1.879739e+03	0	3.794669e-04
3.360000e+09	2.181133e+12	0.000000e+00	7.318842e-01	8.122250e+13	1.260201e+14	3.322315e+13	6.817743e+03	3.048903e+03	1.879178e+03	0	3.781501e-04
3.370000e+09	2.158418e+12	0.000000e+00	7.318842e-01	8.093097e+13	1.256080e+14	3.314029e+13	6.813770e+03	3.047996e+03	1.878619e+03	0	3.768328e-04
3.380000e+09	2.135851e+12	0.000000e+00	7.318842e-01	8.064125e+13	1.251983e+14	3.305783e+13	6.809811e+03	3.047092e+03	1.878062e+03	0	3.755149e-04
3.390000e+09	2.113432e+12	0.000000e+00	7.318842e-01	8.035333e+13	1.247910e+14	3.297578e+13	6.805867e+03	3.046191e+03	1.877506e+03	0	3.741964e-04
3.400000e+09	2.091159e+12	0.000000e+00	7.318842e-01	8.006719e+13	1.243862e+14	3.289413e+13	6.801936e+03	3.045293e+03	1.876953e+03	0	3.728773e-04
3.410000e+09	2.069031e+12	0.000000e+00	7.318842e-01	7.978281e+13	1.239836e+14	3.281289e+13	6.798020e+03	3.044397e+03	1.876401e+03	0	3.715574e-04
3.420000e+09	2.047046e+12	0.000000e+00	7.318842e-01	7.950018e+13	1.235835e+14	3.273204e+13	6.794117e+03	3.043505e+03	1.875851e+03	0	3.702367e-04
3.430000e+09	2.025203e+12	0.000000e+00	7.318842e-01	7.921928e+13	1.231857e+14	3.265159e+13	6.790229e+03	3.042615e+03	1.875302e+03	0	3.689151e-04
3.440000e+09	2.003502e+12	0.000000e+00	7.318842e-01	7.894011e+13	1.227902e+14	3.257153e+13	6.786353e+03	3.041728e+03	1.874756e+03	0	3.675926e-04
3.450000e+09	1.981940e+12	0.000000e+00	7.318842e-01	7.866263e+13	1.223970e+14	3.249186e+13	6.782492e+03	3.040844e+03	1.874211e+03	0	3.662692e-04
3.460000e+09	1.960516e+12	0.000000e+00	7.318842e-01	7.838685e+13	1.220060e+14	3.241258e+13	6.778644e+03	3.039963e+03	1.873668e+03	0	3.649447e-04
3.470000e+09	1.939230e+12	0.000000e+00	7.318842e-01	7.811274e+13	1.216173e+14	3.233369e+13	6.774810e+03	3.039085e+03	1.873126e+03	0	3.636191e-04
3.480000e+09	1.918080e+12	0.000000e+00	7.318842e-01	7.784029e+13	1.212309e+14	3.225518e+13	6.770989e+03	3.038209e+03	1.872587e+03	0	3.622923e-04
3.490000e+09	1.897065e+12	0.000000e+00	7.318842e-01	7.756949e+13	1.208467e+14	3.217704e+13	6.767181e+03	3.037336e+03	1.872049e+03	0	3.609643e-04
3.500000e+09	1.876183e+12	0.000000e+00	7.318842e-01	7.730032e+13	1.204647e+14	3.209929e+13	6.763387e+03	3.036466e+03	1.871512e+03	0	3.596350e-04
3.510000e+09	1.855434e+12	0.000000e+00	7.318842e-01	7.703276e+13	1.200848e+14	3.202191e+13	6.759605e+03	3.035598e+03	1.870978e+03	0	3.583044e-04
3.520000e+09	1.834817e+12	0.000000e+00	7.318842e-01	7.676681e+13	1.197072e+14	3.194491e+13	6.755837e+03	3.034734e+03	1.870445e+03	0	3.569723e-04
3.530000e+09	1.814330e+12	0.000000e+00	7.318842e-01	7.650246e+13	1.193317e+14	3.186828e+13	6.752082e+03	3.033872e+03	1.869914e+03	0	3.556387e-04
3.540000e+09	1.793972e+12	0.000000e+00	7.318842e-01	7.623968e+13	1.189583e+14	3.179201e+13	6.748339e+03	3.033012e+03	1.869384e+03	0	3.543035e-04
3.550000e+09	1.773741e+12	0.000000e+00	7.318842e-01	7.597846e+13	1.185870e+14	3.171612e+13	6.744610e+03	3.032156e+03	1.868856e+03	0	3.529666e-04
3.560000e+09	1.753638e+12	0.000000e+00	7.318842e-01	7.571879e+13	1.182179e+14	3.164058e+13	6.740893e+03	3.031302e+03	1.868330e+03	0	3.516281e-04
3.570000e+09	1.733661e+12	0.000000e+00	7.318842e-01	7.546067e+13	1.178508e+14	3.156541e+13	6.737189e+03	3.030450e+03	1.867805e+03	0	3.502877e-04
3.580000e+09	1.713809e+12	0.000000e+00	7.318842e-01	7.520407e+13	1.174857e+14	3.149060e+13	6.733498e+03	3.029602e+03	1.867282e+03	0	3.489455e-04
3.590000e+09	1.694080e+12	0.000000e+00	7.318842e-01	7.494898e+13	1.171228e+14	3.141614e+13	6.729819e+03	3.028756e+03	1.866760e+03	0	3.476014e-04
3.600000e+09	1.674474e+12	0.000000e+00	7.318842e-01	7.469539e+13	1.167618e+14	3.134204e+13	6.726153e+03	3.027912e+03	1.866240e+03	0	3.462552e-04
3.610000e+09	1.654989e+12	0.000000e+00	7.318842e-01	7.444328e+13	1.164029e+14	3.126829e+13	6.722498e+03	3.027071e+03	1.865722e+03	0	3.449069e-04
3.620000e+09	1.635625e+12	0.000000e+00	7.318842e-01	7.419266e+13	1.160460e+14	3.119489e+13	6.718857e+03	3.026233e+03	1.865205e+03	0	3.435565e-04
3.630000e+09	1.616381e+12	0.000000e+00	7.318842e-01	7.394349e+13	1.156911e+14	3.112184e+13	6.715227e+03	3.025397e+03	1.864690e+03	0	3.422038e-04
3.640000e+09	1.597255e+12	0.000000e+00	7.318842e-01	7.369578e+13	1.153381e+14	3.104913e+13	6.711610e+03	3.024564e+03	1.864177e+03	0	3.408487e-04
3.650000e+09	1.578247e+12	0.000000e+00	7.318842e-01	7.344951e+13	1.149871e+14	3.097677e+13	6.708005e+03	3.023733e+03	1.863665e+03	0	3.394912e-04
3.660000e+09	1.559355e+12	0.000000e+00	7.318842e-01	7.320466e+13	1.146380e+14	3.090475e+13	6.704412e+03	3.022905e+03	1.863154e+03	0	3.381312e-04
3.670000e+09	1.540579e+12	0.000000e+00	7.318842e-01	7.296123e+13	1.142909e+14	3.083306e+13	6.700831e+03	3.022079e+03	1.862645e+03	0	3.367686e-04
3.680000e+09	1.521918e+12	0.000000e+00	7.318842e-01	7.271920e+13	1.139456e+14	3.076172e+13	6.697261e+03	3.021256e+03	1.862138e+03	0	3.354033e-04
3.690000e+09	1.503370e+12	0.000000e+00	7.318842e-01	7.247857e+13	1.136023e+14	3.069071e+13	6.693704e+03	3.020435e+03	1.861632e+03	0	3.340352e-04
3.700000e+09	1.484935e+12	0.000000e+00	7.318842e-01	7.223931e+13	1.132608e+14	3.062003e+13	6.690158e+03	3.019617e+03	1.861128e+03	0	3.326642e-04
3.710000e+09	1.466612e+12	0.000000e+00	7.318842e-01	7.200143e+13	1.129212e+14	3.054968e+13	6.686624e+03	3.018801e+03	1.860625e+03	0	3.312902e-04
3.720000e+09	1.448400e+12	0.000000e+00	7.318842e-01	7.176491e+13	1.125835e+14	3.047967e+13	6.683102e+03	3.017988e+03	1.860124e+03	0	3.299132e-04
3.730000e+09	1.430298e+12	0.000000e+00	7.318842e-01	7.152973e+13	1.122475e+14	3.040998e+13	6.679591e+03	3.017177e+03	1.859624e+03	0	3.285330e-04
3.740000e+09	1.412305e+12	0.000000e+00	7.318842e-01	7.129589e+13	1.119135e+14	3.034061e+13	6.676091e+03	3.016368e+03	1.859125e+03	0	3.271496e-04
3.750000e+09	1.394420e+12	0.000000e+00	7.318842e-01	7.106338e+13	1.115812e+14	3.027156e+13	6.672604e+03	3.015562e+03	1.858629e+03	0	3.257627e-04
3.760000e+09	1.376642e+12	0.000000e+00	7.318842e-01	7.083218e+13	1.112507e+14	3.020284e+13	6.669127e+03	3.014759e+03	1.858133e+03	0	3.243724e-04
3.770000e+09	1.358971e+12	0.000000e+00	7.318842e-01	7.060229e+13	1.109220e+14	3.013443e+13	6.665662e+03	3.013957e+03	1.857639e+03	0	3.229785e-04
3.780000e+09	1.341405e+12	0.000000e+00	7.318842e-01	7.037369e+13	1.105950e+14	3.006634e+13	6.662208e+03	3.013158e+03	1.857147e+03	0	3.215809e-04
3.790000e+09	1.323944e+12	0.000000e+00	7.318842e-01	7.014638e+13	1.102698e+14	2.999857e+13	6.658765e+03	3.012362e+03	1.856656e+03	0	3.201794e-04
3.800000e+09	1.306587e+12	0.000000e+00	7.318842e-01	6.992034e+13	1.099464e+14	2.993110e+13	6.655333e+03	3.011567e+03	1.856166e+03	0	3.187741e-04
3.810000e+09	1.289333e+12	0.000000e+00	7.318842e-01	6.969557e+13	1.096247e+14	2.986395e+13	6.651912e+03	3.010776e+03	1.855678e+03	0	3.173647e-04
3.820000e+09	1.272181e+12	0.000000e+00	7.318842e-01	6.947205e+13	1.093046e+14	2.979711e+13	6.648503e+03	3.009986e+03	1.855192e+03	0	3.159511e-04
3.830000e+09	1.255130e+12	0.000000e+00	7.318842e-01	6.924978e+13	1.089863e+14	2.973057e+13	6.645104e+03	3.009199e+03	1.854706e+03	0	3.145332e-04
3.840000e+09	1.238180e+12	0.000000e+00	7.318842e-01	6.902874e+13	1.086697e+14	2.966434e+13	6.641716e+03	3.008414e+03	1.854223e+03	0	3.131109e-04
3.850000e+09	1.221330e+12	0.000000e+00	7.318842e-01	6.880892e+13	1.083548e+14	2.959841e+13	6.638339e+03	3.007631e+03	1.853740e+03	0	3.116840e-04
3.860000e+09	1.204578e+12	0.000000e+00	7.318842e-01	6.859032e+13	1.080415e+14	2.953278e+13	6.634973e+03	3.006850e+03	1.853259e+03	0	3.102525e-04
3.870000e+09	1.187925e+12	0.000000e+00	7.318842e-01	6.837293e+13	1.077298e+14	2.946745e+13	6.631617e+03	3.006072e+03	1.852779e+03	0	3.088161e-04
3.880000e+09	1.171369e+12	0.000000e+00	7.318842e-01	6.815673e+13	1.074199e+14	2.940242e+13	6.628272e+03	3.005296e+03	1.852301e+03	0	3.073747e-04
3.890000e+09	1.154910e+12	0.000000e+00	7.318842e-01	6.794172e+13	1.071115e+14	2.933768e+13	6.624937e+03	3.004523e+03	1.851824e+03	0	3.059282e-04
3.900000e+09	1.138546e+12	0.000000e+00	7.318842e-01	6.772789e+13	1.068047e+14	2.927324e+13	6.621613e+03	3.003751e+03	1.851349e+03	0	3.044765e-04
3.910000e+09	1.122278e+12	0.000000e+00	7.318842e-01	6.751523e+13	1.064996e+14	2.920908e+13	6.618300e+03	3.002982e+03	1.850875e+03	0	3.030193e-04
3.920000e+09	1.106104e+12	0.000000e+00	7.318842e-01	6.730372e+13	1.061960e+14	2.914522e+13	6.614997e+03	3.002215e+03	1.850402e+03	0	3.015566e-04
3.930000e+09	1.090023e+12	0.000000e+00	7.318842e-01	6.709337e+13	1.058940e+14	2.908165e+13	6.611704e+03	3.001450e+03	1.849931e+03	0	3.000881e-04
3.940000e+09	1.074035e+12	0.000000e+00	7.318842e-01	6.688416e+13	1.055936e+14	2.901836e+13	6.608421e+03	3.000687e+03	1.849461e+03	0	2.986137e-04
3.950000e+09	1.058139e+12	0.000000e+00	7.318842e-01	6.667608e+13	1.052948e+14	2.895536e+13	6.605149e+03	2.999927e+03	1.848992e+03	0	2.971332e-04
3.960000e+09	1.042335e+12	0.000000e+00	7.318842e-01	6.646913e+13	1.049975e+14	2.889264e+13	6.601887e+03	2.999169e+03	1.848524e+03	0	2.956464e-04
3.970000e+09	1.026621e+12	0.000000e+00	7.318842e-01	6.626329e+13	1.047017e+14	2.883020e+13	6.598635e+03	2.998412e+03	1.848058e+03	0	2.941533e-04
3.980000e+09	1.010998e+12	0.000000e+00	7.318842e-01	6.605857e+13	1.044074e+14	2.876804e+13	6.595393e+03	2.997658e+03	1.847594e+03	0	2.926534e-04
3.990000e+09	9.954632e+11	0.000000e+00	7.318842e-01	6.585494e+13	1.041147e+14	2.870616e+13	6.592161e+03	2.996907e+03	1.847130e+03	0	2.911468e-04
4.000000e+09	9.800173e+11	0.000000e+00	7.318842e-01	6.565240e+13	1.038234e+14	2.864455e+13	6.588939e+03	2.996157e+03	1.846668e+03	0	2.896331e-04
4.010000e+09	9.646593e+11	0.000000e+00	7.318842e-01	6.545094e+13	1.035337e+14	2.858322e+13	6.585727e+03	2.995409e+03	1.846207e+03	0	2.881121e-04
4.020000e+09	9.493884e+11	0.000000e+00	7.318842e-01	6.525056e+13	1.032454e+14	2.852216e+13	6.582524e+03	2.994664e+03	1.845748e+03	0	2.865837e-04
4.030000e+09	9.342041e+11	0.000000e+00	7.318842e-01	6.505124e+13	1.029586e+14	2.846137e+13	6.579332e+03	2.993920e+03	1.845290e+03	0	2.850477e-04
4.040000e+09	9.191057e+11	0.000000e+00	7.318842e-01	6.485299e+13	1.026732e+14	2.840085e+13	6.576149e+03	2.993179e+03	1.844833e+03	0	2.835037e-04
4.050000e+09	9.040924e+11	0.000000e+00	7.318842e-01	6.465578e+13	1.023893e+14	2.834060e+13	6.572976e+03	2.992439e+03	1.844377e+03	0	2.819516e-04
4.060000e+09	8.891637e+11	0.000000e+00	7.318842e-01	6.445961e+13	1.021068e+14	2.828061e+13	6.569813e+03	2.991702e+03	1.843923e+03	0	2.803910e-04
4.070000e+09	8.743189e+11	0.000000e+00	7.318842e-01	6.426448e+13	1.018258e+14	2.822089e+13	6.566659e+03	2.990967e+03	1.843469e+03	0	2.788219e-04
4.080000e+09	8.595573e+11	0.000000e+00	7.318842e-01	6.407038e+13	1.015461e+14	2.816143e+13	6.563515e+03	2.990234e+03	1.843018e+03	0	2.772438e-04
4.090000e+09	8.448784e+11	0.000000e+00	7.318842e-01	6.387730e+13	1.012679e+14	2.810223e+13	6.560380e+03	2.989503e+03	1.842567e+03	0	2.756565e-04
4.100000e+09	8.302814e+11	0.000000e+00	7.318842e-01	6.368523e+13	1.009910e+14	2.804329e+13	6.557255e+03	2.988774e+03	1.842118e+03	0	2.740598e-04
4.110000e+09	8.157658e+11	0.000000e+00	7.318842e-01	6.349416e+13	1.007156e+14	2.798461e+13	6.554139e+03	2.988047e+03	1.841669e+03	0	2.724533e-04
4.120000e+09	8.013310e+11	0.000000e+00	7.318842e-01	6.330409e+13	1.004415e+14	2.792619e+13	6.551032e+03	2.987321e+03	1.841223e+03	0	2.708367e-04
4.130000e+09	7.869763e+11	0.000000e+00	7.318842e-01	6.311501e+13	1.001688e+14	2.786802e+13	6.547935e+03	2.986598e+03	1.840777e+03	0	2.692097e-04
4.140000e+09	7.727012e+11	0.000000e+00	7.318842e-01	6.292691e+13	9.989747e+13	2.781010e+13	6.544846e+03	2.985877e+03	1.840332e+03	0	2.675721e-04
4.150000e+09	7.585050e+11	0.000000e+00	7.318842e-01	6.273978e+13	9.962746e+13	2.775244e+13	6.541768e+03	2.985158e+03	1.839889e+03	0	2.659233e-04
4.160000e+09	7.443871e+11	0.000000e+00	7.318842e-01	6.255363e+13	9.935879e+13	2.769502e+13	6.538698e+03	2.984441e+03	1.839447e+03	0	2.642631e-04
4.170000e+09	7.303471e+11	0.000000e+00	7.318842e-01	6.236843e+13	9.909146e+13	2.763786e+13	6.535637e+03	2.983726e+03	1.839006e+03	0	2.625911e-04
4.180000e+09	7.163842e+11	0.000000e+00	7.318842e-01	6.218419e+13	9.882543e+13	2.758094e+13	6.532586e+03	2.983013e+03	1.838567e+03	0	2.609069e-04
4.190000e+09	7.024979e+11	0.000000e+00	7.318842e-01	6.200090e+13	9.856072e+13	2.752427e+13	6.529543e+03	2.982301e+03	1.838128e+03	0	2.592101e-04
4.200000e+09	6.886876e+11	0.000000e+00	7.318842e-01	6.181854e+13	9.829731e+13	2.746784e+13	6.526509e+03	2.981592e+03	1.837691e+03	0	2.575002e-04
4.210000e+09	6.749528e+11	0.000000e+00	7.318842e-01	6.163712e+13	9.803519e+13	2.741165e+13	6.523485e+03	2.980884e+03	1.837255e+03	0	2.557769e-04
4.220000e+09	6.612929e+11	0.000000e+00	7.318842e-01	6.145662e+13	9.777435e+13	2.735571e+13	6.520469e+03	2.980179e+03	1.836820e+03	0	2.540397e-04
4.230000e+09	6.477074e+11	0.000000e+00	7.318842e-01	6.127705e+13	9.751479e+13	2.730001e+13	6.517462e+03	2.979475e+03	1.836386e+03	0	2.522879e-04
4.240000e+09	6.341957e+11	0.000000e+00	7.318842e-01	6.109839e+13	9.725649e+13	2.724454e+13	6.514463e+03	2.978773e+03	1.835954e+03	0	2.505213e-04
4.250000e+09	6.207572e+11	0.000000e+00	7.318842e-01	6.092063e+13	9.699944e+13	2.718931e+13	6.511474e+03	2.978074e+03	1.835523e+03	0	2.487392e-04
4.260000e+09	6.073915e+11	0.000000e+00	7.318842e-01	6.074377e+13	9.674365e+13	2.713432e+13	6.508493e+03	2.977376e+03	1.835092e+03	0	2.469410e-04
4.270000e+09	5.940980e+11	0.000000e+00	7.318842e-01	6.056781e+13	9.648909e+13	2.707956e+13	6.505521e+03	2.976679e+03	1.834663e+03	0	2.451261e-04
4.280000e+09	5.808761e+11	0.000000e+00	7.318842e-01	6.039274e+13	9.623576e+13	2.702503e+13	6.502557e+03	2.975985e+03	1.834235e+03	0	2.432940e-04
4.290000e+09	5.677253e+11	0.000000e+00	7.318842e-01	6.021854e+13	9.598365e+13	2.697074e+13	6.499602e+03	2.975293e+03	1.833809e+03	0	2.414439e-04
4.300000e+09	5.546452e+11	0.000000e+00	7.318842e-01	6.004522e+13	9.573276e+13	2.691667e+13	6.496656e+03	2.974602e+03	1.833383e+03	0	2.395753e-04
4.310000e+09	5.416352e+11	0.000000e+00	7.318842e-01	5.987277e+13	9.548307e+13	2.686284e+13	6.493718e+03	2.973914e+03	1.832959e+03	0	2.376872e-04
4.320000e+09	5.286948e+11	0.000000e+00	7.318842e-01	5.970118e+13	9.523458e+13	2.680923e+13	6.490788e+03	2.973227e+03	1.832535e+03	0	2.357791e-04
4.330000e+09	5.158234e+11	0.000000e+00	7.318842e-01	5.953045e+13	9.498728e+13	2.675584e+13	6.487867e+03	2.972542e+03	1.832113e+03	0	2.338499e-04
4.340000e+09	5.030207e+11	0.000000e+00	7.318842e-01	5.936057e+13	9.474115e+13	2.670268e+13	6.484954e+03	2.971858e+03	1.831692e+03	0	2.318990e-04
4.350000e+09	4.902860e+11	0.000000e+00	7.318842e-01	5.919153e+13	9.449620e+13	2.664975e+13	6.482049e+03	2.971177e+03	1.831272e+03	0	2.299253e-04
4.360000e+09	4.776190e+11	0.000000e+00	7.318842e-01	5.902333e+13	9.425242e+13	2.659704e+13	6.479153e+03	2.970497e+03	1.830853e+03	0	2.279279e-04
4.370000e+09	4.650190e+11	0.000000e+00	7.318842e-01	5.885596e+13	9.400979e+13	2.654454e+13	6.476265e+03	2.969819e+03	1.830435e+03	0	2.259057e-04
4.380000e+09	4.524857e+11	0.000000e+00	7.318842e-01	5.868942e+13	9.376831e+13	2.649227e+13	6.473385e+03	2.969143e+03	1.830018e+03	0	2.238576e-04
4.390000e+09	4.400186e+11	0.000000e+00	7.318842e-01	5.852369e+13	9.352797e+13	2.644021e+13	6.470513e+03	2.968469e+03	1.829603e+03	0	2.217825e-04
4.400000e+09	4.276171e+11	0.000000e+00	7.318842e-01	5.835879e+13	9.328877e+13	2.638837e+13	6.467650e+03	2.967796e+03	1.829188e+03	0	2.196790e-04
4.410000e+09	4.152809e+11	0.000000e+00	7.318842e-01	5.819469e+13	9.305069e+13	2.633675e+13	6.464794e+03	2.967125e+03	1.828775e+03	0	2.175459e-04
4.420000e+09	4.030094e+11	0.000000e+00	7.318842e-01	5.803140e+13	9.281373e+13	2.628534e+13	6.461947e+03	2.966456e+03	1.828362e+03	0	2.153816e-04
4.430000e+09	3.908022e+11	0.000000e+00	7.318842e-01	5.786890e+13	9.257788e+13	2.623415e+13	6.459107e+03	2.965789e+03	1.827951e+03	0	2.131846e-04
4.440000e+09	3.786588e+11	0.000000e+00	7.318842e-01	5.770720e+13	9.234313e+13	2.618316e+13	6.456275e+03	2.965123e+03	1.827541e+03	0	2.109533e-04
4.450000e+09	3.665788e+11	0.000000e+00	7.318842e-01	5.754629e+13	9.210949e+13	2.613239e+13	6.453452e+03	2.964459e+03	1.827131e+03	0	2.086857e-04
4.460000e+09	3.545618e+11	0.000000e+00	7.318842e-01	5.738615e+13	9.187693e+13	2.608182e+13	6.450636e+03	2.963797e+03	1.826723e+03	0	2.063800e-04
4.470000e+09	3.426072e+11	0.000000e+00	7.318842e-01	5.722679e+13	9.164545e+13	2.603147e+13	6.447828e+03	2.963136e+03	1.826316e+03	0	2.040339e-04
4.480000e+09	3.307147e+11	0.000000e+00	7.318842e-01	5.706821e+13	9.141505e+13	2.598132e+13	6.445027e+03	2.962478e+03	1.825910e+03	0	2.016453e-04
4.490000e+09	3.188838e+11	0.000000e+00	7.318842e-01	5.691039e+13	9.118571e+13	2.593137e+13	6.442235e+03	2.961821e+03	1.825505e+03	0	1.992115e-04
4.500000e+09	3.071141e+11	0.000000e+00	7.318842e-01	5.675333e+13	9.095743e+13	2.588163e+13	6.439450e+03	2.961165e+03	1.825101e+03	0	1.967298e-04
4.510000e+09	2.954051e+11	0.000000e+00	7.318842e-01	5.659702e+13	9.073021e+13	2.583209e+13	6.436673e+03	2.960511e+03	1.824698e+03	0	1.941972e-04
4.520000e+09	2.837565e+11	0.000000e+00	7.318842e-01	5.644147e+13	9.050404e+13	2.578276e+13	6.433903e+03	2.959859e+03	1.824296e+03	0	1.916103e-04
4.530000e+09	2.721678e+11	0.000000e+00	7.318842e-01	5.628666e+13	9.027890e+13	2.573362e+13	6.431142e+03	2.959209e+03	1.823895e+03	0	1.889655e-04
4.540000e+09	2.606385e+11	0.000000e+00	7.318842e-01	5.613259e+13	9.005480e+13	2.568469e+13	6.428387e+03	2.958560e+03	1.823496e+03	0	1.862586e-04
4.550000e+09	2.491683e+11	0.000000e+00	7.318842e-01	5.597926e+13	8.983173e+13	2.563595e+13	6.425640e+03	2.957913e+03	1.823097e+03	0	1.834853e-04
4.560000e+09	2.377569e+11	0.000000e+00	7.318842e-01	5.582665e+13	8.960967e+13	2.558741e+13	6.422901e+03	2.957268e+03	1.822699e+03	0	1.806403e-04
4.570000e+09	2.264036e+11	0.000000e+00	7.318842e-01	5.567477e+13	8.938863e+13	2.553907e+13	6.420169e+03	2.956624e+03	1.822302e+03	0	1.777180e-04
4.580000e+09	2.151082e+11	0.000000e+00	7.318842e-01	5.552361e+13	8.916859e+13	2.549092e+13	6.417445e+03	2.955982e+03	1.821906e+03	0	1.747119e-04
4.590000e+09	2.038703e+11	0.000000e+00	7.318842e-01	5.537317e+13	8.894955e+13	2.544297e+13	6.414728e+03	2.955341e+03	1.821511e+03	0	1.716149e-04
4.600000e+09	1.926895e+11	0.000000e+00	7.318842e-01	5.522344e+13	8.873151e+13	2.539520e+13	6.412018e+03	2.954702e+03	1.821118e+03	0	1.684184e-04
4.610000e+09	1.815653e+11	0.000000e+00	7.318842e-01	5.507441e+13	8.851445e+13	2.534763e+13	6.409316e+03	2.954065e+03	1.820725e+03	0	1.651130e-04
4.620000e+09	1.704974e+11	0.000000e+00	7.318842e-01	5.492609e+13	8.829838e+13	2.530026e+13	6.406621e+03	2.953429e+03	1.820333e+03	0	1.616874e-04
4.630000e+09	1.594854e+11	0.000000e+00	7.318842e-01	5.477846e+13	8.808328e+13	2.525307e+13	6.403933e+03	2.952795e+03	1.819942e+03	0	1.581286e-04
4.640000e+09	1.485289e+11	0.000000e+00	7.318842e-01	5.463152e+13	8.786915e+13	2.520606e+13	6.401253e+03	2.952162e+03	1.819552e+03	0	1.544213e-04
4.650000e+09	1.376276e+11	0.000000e+00	7.318842e-01	5.448527e+13	8.765597e+13	2.515925e+13	6.398579e+03	2.951531e+03	1.819163e+03	0	1.505470e-04
4.660000e+09	1.267810e+11	0.000000e+00	7.318842e-01	5.433970e+13	8.744376e+13	2.511262e+13	6.395913e+03	2.950902e+03	1.818775e+03	0	1.464834e-04
4.670000e+09	1.159888e+11	0.000000e+00	7.318842e-01	5.419481e+13	8.723249e+13	2.506618e+13	6.393254e+03	2.950274e+03	1.818388e+03	0	1.422030e-04
4.680000e+09	1.052506e+11	0.000000e+00	7.318842e-01	5.405060e+13	8.702217e+13	2.501992e+13	6.390602e+03	2.949647e+03	1.818002e+03	0	1.376718e-04
4.690000e+09	9.456613e+10	0.000000e+00	7.318842e-01	5.390705e+13	8.681279e+13	2.497384e+13	6.387957e+03	2.949023e+03	1.817617e+03	0	1.328461e-04
4.700000e+09	8.393492e+10	0.000000e+00	7.318842e-01	5.376417e+13	8.660433e+13	2.492795e+13	6.385319e+03	2.948399e+03	1.817233e+03	0	1.276687e-04
4.710000e+09	7.335664e+10	0.000000e+00	7.318842e-01	5.362195e+13	8.639681e+13	2.488224e+13	6.382688e+03	2.947778e+03	1.816850e+03	0	1.220628e-04
4.720000e+09	6.283094e+10	0.000000e+00	7.318842e-01	5.348039e+13	8.619020e+13	2.483670e+13	6.380064e+03	2.947157e+03	1.816468e+03	0	1.159208e-04
4.730000e+09	5.235746e+10	0.000000e+00	7.318842e-01	5.333948e+13	8.598451e+13	2.479135e+13	6.377447e+03	2.946539e+03	1.816086e+03	0	1.090845e-04
4.740000e+09	4.193586e+10	0.000000e+00	7.318842e-01	5.319921e+13	8.577972e+13	2.474617e+13	6.374837e+03	2.945922e+03	1.815706e+03	0	1.013053e-04
4.750000e+09	3.156579e+10	0.000000e+00	7.318842e-01	5.305959e+13	8.557584e+13	2.470117e+13	6.372233e+03	2.945306e+03	1.815326e+03	0	9.215292e-05
4.760000e+09	2.124690e+10	0.000000e+00	7.318842e-01	5.292061e+13	8.537286e+13	2.465635e+13	6.369637e+03	2.944692e+03	1.814948e+03	0	8.076108e-05
4.770000e+09	1.097886e+10	0.000000e+00	7.318842e-01	5.278226e+13	8.517076e+13	2.461170e+13	6.367047e+03	2.944079e+03	1.814570e+03	0	6.480711e-05
4.780000e+09	7.613210e+08	0.000000e+00	7.318842e-01	5.264455e+13	8.496955e+13	2.456722e+13	6.364464e+03	2.943468e+03	1.814194e+03	0	2.662520e-05
4.790000e+09	-9.406050e+09	0.000000e+00	7.318842e-01	5.250746e+13	8.476923e+13	2.452292e+13	6.361888e+03	2.942858e+03	1.813818e+03	0	nan
