#t		Qconv[W]	Ri[Rp]		R*[Rp]		Qc[W]		Qm[W]		Qr[W]		Tcmb[K]		Tl[K]		Tup[K]		RiFlag		Bs[T]
0.000000e+00	4.719464e+12	0.000000e+00	5.929649e-01	7.872682e+13	2.419874e+15	2.205732e+14	6.963242e+03	4.355125e+03	2.289744e+03	0	5.395140e-04
1.000000e+07	4.642326e+12	0.000000e+00	5.929649e-01	7.767409e+13	2.161148e+15	2.193511e+14	6.958466e+03	4.259733e+03	2.239591e+03	0	5.365584e-04
2.000000e+07	4.559132e+12	0.000000e+00	5.929649e-01	7.653966e+13	1.947647e+15	2.181381e+14	6.953754e+03	4.175511e+03	2.195311e+03	0	5.333339e-04
3.000000e+07	4.473640e+12	0.000000e+00	5.929649e-01	7.537433e+13	1.769216e+15	2.169342e+14	6.949110e+03	4.100545e+03	2.155897e+03	0	5.299792e-04
4.000000e+07	4.388159e+12	0.000000e+00	5.929649e-01	7.420929e+13	1.618402e+15	2.157392e+14	6.944537e+03	4.033341e+03	2.120564e+03	0	5.265819e-04
5.000000e+07	4.304095e+12	0.000000e+00	5.929649e-01	7.306356e+13	1.489642e+15	2.145532e+14	6.940034e+03	3.972713e+03	2.088688e+03	0	5.231976e-04
6.000000e+07	4.222283e+12	0.000000e+00	5.929649e-01	7.194840e+13	1.378715e+15	2.133760e+14	6.935601e+03	3.917712e+03	2.059771e+03	0	5.198614e-04
7.000000e+07	4.143194e+12	0.000000e+00	5.929649e-01	7.087019e+13	1.282371e+15	2.122076e+14	6.931235e+03	3.867564e+03	2.033405e+03	0	5.165950e-04
8.000000e+07	4.067066e+12	0.000000e+00	5.929649e-01	6.983214e+13	1.198077e+15	2.110478e+14	6.926934e+03	3.821636e+03	2.009258e+03	0	5.134114e-04
9.000000e+07	3.993990e+12	0.000000e+00	5.929649e-01	6.883546e+13	1.123833e+15	2.098967e+14	6.922697e+03	3.779401e+03	1.987053e+03	0	5.103179e-04
1.000000e+08	3.923958e+12	0.000000e+00	5.929649e-01	6.788006e+13	1.058042e+15	2.087542e+14	6.918519e+03	3.740419e+03	1.966557e+03	0	5.073176e-04
1.100000e+08	3.856908e+12	0.000000e+00	5.929649e-01	6.696507e+13	9.994180e+14	2.076201e+14	6.914400e+03	3.704318e+03	1.947577e+03	0	5.044114e-04
1.200000e+08	3.792736e+12	0.000000e+00	5.929649e-01	6.608911e+13	9.469134e+14	2.064944e+14	6.910336e+03	3.670783e+03	1.929945e+03	0	5.015983e-04
1.300000e+08	3.731323e+12	0.000000e+00	5.929649e-01	6.525054e+13	8.996684e+14	2.053771e+14	6.906325e+03	3.639542e+03	1.913521e+03	0	4.988761e-04
1.400000e+08	3.672534e+12	0.000000e+00	5.929649e-01	6.444755e+13	8.569720e+14	2.042680e+14	6.902365e+03	3.610365e+03	1.898181e+03	0	4.962423e-04
1.500000e+08	3.616236e+12	0.000000e+00	5.929649e-01	6.367831e+13	8.182312e+14	2.031671e+14	6.898453e+03	3.583049e+03	1.883819e+03	0	4.936935e-04
1.600000e+08	3.562291e+12	0.000000e+00	5.929649e-01	6.294099e+13	7.829487e+14	2.020744e+14	6.894588e+03	3.557418e+03	1.870343e+03	0	4.912263e-04
1.700000e+08	3.510569e+12	0.000000e+00	5.929649e-01	6.223380e+13	7.507043e+14	2.009897e+14	6.890768e+03	3.533318e+03	1.857672e+03	0	4.888373e-04
1.800000e+08	3.460942e+12	0.000000e+00	5.929649e-01	6.155501e+13	7.211410e+14	1.999130e+14	6.886991e+03	3.510615e+03	1.845736e+03	0	4.865229e-04
1.900000e+08	3.413289e+12	0.000000e+00	5.929649e-01	6.090299e+13	6.939540e+14	1.988442e+14	6.883255e+03	3.489189e+03	1.834471e+03	0	4.842796e-04
2.000000e+08	3.367496e+12	0.000000e+00	5.929649e-01	6.027619e+13	6.688813e+14	1.977833e+14	6.879558e+03	3.468934e+03	1.823822e+03	0	4.821041e-04
2.100000e+08	3.323454e+12	0.000000e+00	5.929649e-01	5.967315e+13	6.456970e+14	1.967302e+14	6.875899e+03	3.449755e+03	1.813738e+03	0	4.799931e-04
2.200000e+08	3.281063e+12	0.000000e+00	5.929649e-01	5.909248e+13	6.242053e+14	1.956849e+14	6.872277e+03	3.431568e+03	1.804177e+03	0	4.779436e-04
2.300000e+08	3.240228e+12	0.000000e+00	5.929649e-01	5.853292e+13	6.042354e+14	1.946472e+14	6.868690e+03	3.414298e+03	1.795097e+03	0	4.759525e-04
2.400000e+08	3.200859e+12	0.000000e+00	5.929649e-01	5.799325e+13	5.856384e+14	1.936171e+14	6.865137e+03	3.397877e+03	1.786463e+03	0	4.740171e-04
2.500000e+08	3.162875e+12	0.000000e+00	5.929649e-01	5.747236e+13	5.682833e+14	1.925946e+14	6.861617e+03	3.382243e+03	1.778243e+03	0	4.721346e-04
2.600000e+08	3.126198e+12	0.000000e+00	5.929649e-01	5.696921e+13	5.520548e+14	1.915796e+14	6.858128e+03	3.367340e+03	1.770408e+03	0	4.703025e-04
2.700000e+08	3.090755e+12	0.000000e+00	5.929649e-01	5.648280e+13	5.368512e+14	1.905719e+14	6.854670e+03	3.353119e+03	1.762931e+03	0	4.685184e-04
2.800000e+08	3.056480e+12	0.000000e+00	5.929649e-01	5.601223e+13	5.225820e+14	1.895717e+14	6.851241e+03	3.339533e+03	1.755788e+03	0	4.667801e-04
2.900000e+08	3.023310e+12	0.000000e+00	5.929649e-01	5.555666e+13	5.091668e+14	1.885787e+14	6.847841e+03	3.326541e+03	1.748957e+03	0	4.650854e-04
3.000000e+08	2.991186e+12	0.000000e+00	5.929649e-01	5.511528e+13	4.965341e+14	1.875930e+14	6.844468e+03	3.314104e+03	1.742419e+03	0	4.634323e-04
3.100000e+08	2.960052e+12	0.000000e+00	5.929649e-01	5.468735e+13	4.846196e+14	1.866144e+14	6.841122e+03	3.302188e+03	1.736154e+03	0	4.618188e-04
3.200000e+08	2.929859e+12	0.000000e+00	5.929649e-01	5.427218e+13	4.733658e+14	1.856430e+14	6.837802e+03	3.290760e+03	1.730145e+03	0	4.602432e-04
3.300000e+08	2.900558e+12	0.000000e+00	5.929649e-01	5.386912e+13	4.627210e+14	1.846786e+14	6.834508e+03	3.279791e+03	1.724379e+03	0	4.587038e-04
3.400000e+08	2.872104e+12	0.000000e+00	5.929649e-01	5.347757e+13	4.526385e+14	1.837213e+14	6.831237e+03	3.269254e+03	1.718839e+03	0	4.571989e-04
3.500000e+08	2.844456e+12	0.000000e+00	5.929649e-01	5.309695e+13	4.430763e+14	1.827709e+14	6.827991e+03	3.259124e+03	1.713512e+03	0	4.557271e-04
3.600000e+08	2.817574e+12	0.000000e+00	5.929649e-01	5.272673e+13	4.339960e+14	1.818273e+14	6.824767e+03	3.249377e+03	1.708388e+03	0	4.542869e-04
3.700000e+08	2.791421e+12	0.000000e+00	5.929649e-01	5.236642e+13	4.253631e+14	1.808906e+14	6.821566e+03	3.239992e+03	1.703454e+03	0	4.528770e-04
3.800000e+08	2.765963e+12	0.000000e+00	5.929649e-01	5.201555e+13	4.171461e+14	1.799607e+14	6.818387e+03	3.230949e+03	1.698699e+03	0	4.514960e-04
3.900000e+08	2.741167e+12	0.000000e+00	5.929649e-01	5.167367e+13	4.093163e+14	1.790375e+14	6.815229e+03	3.222230e+03	1.694115e+03	0	4.501428e-04
4.000000e+08	2.717003e+12	0.000000e+00	5.929649e-01	5.134038e+13	4.018474e+14	1.781210e+14	6.812092e+03	3.213818e+03	1.689692e+03	0	4.488162e-04
4.100000e+08	2.693442e+12	0.000000e+00	5.929649e-01	5.101528e+13	3.947155e+14	1.772111e+14	6.808975e+03	3.205695e+03	1.685422e+03	0	4.475151e-04
4.200000e+08	2.670458e+12	0.000000e+00	5.929649e-01	5.069801e+13	3.878986e+14	1.763077e+14	6.805878e+03	3.197849e+03	1.681297e+03	0	4.462385e-04
4.300000e+08	2.648024e+12	0.000000e+00	5.929649e-01	5.038823e+13	3.813765e+14	1.754109e+14	6.802800e+03	3.190264e+03	1.677309e+03	0	4.449854e-04
4.400000e+08	2.626117e+12	0.000000e+00	5.929649e-01	5.008560e+13	3.751308e+14	1.745205e+14	6.799741e+03	3.182927e+03	1.673451e+03	0	4.437549e-04
4.500000e+08	2.604715e+12	0.000000e+00	5.929649e-01	4.978983e+13	3.691444e+14	1.736365e+14	6.796700e+03	3.175827e+03	1.669718e+03	0	4.425461e-04
4.600000e+08	2.583795e+12	0.000000e+00	5.929649e-01	4.950063e+13	3.634015e+14	1.727588e+14	6.793677e+03	3.168952e+03	1.666104e+03	0	4.413582e-04
4.700000e+08	2.563338e+12	0.000000e+00	5.929649e-01	4.921772e+13	3.578877e+14	1.718875e+14	6.790672e+03	3.162291e+03	1.662602e+03	0	4.401903e-04
4.800000e+08	2.543325e+12	0.000000e+00	5.929649e-01	4.894084e+13	3.525895e+14	1.710224e+14	6.787683e+03	3.155834e+03	1.659207e+03	0	4.390417e-04
4.900000e+08	2.523738e+12	0.000000e+00	5.929649e-01	4.866975e+13	3.474945e+14	1.701634e+14	6.784712e+03	3.149571e+03	1.655914e+03	0	4.379117e-04
5.000000e+08	2.504560e+12	0.000000e+00	5.929649e-01	4.840423e+13	3.425912e+14	1.693107e+14	6.781757e+03	3.143495e+03	1.652720e+03	0	4.367996e-04
5.100000e+08	2.485774e+12	0.000000e+00	5.929649e-01	4.814404e+13	3.378689e+14	1.684640e+14	6.778818e+03	3.137596e+03	1.649618e+03	0	4.357048e-04
5.200000e+08	2.467365e+12	0.000000e+00	5.929649e-01	4.788899e+13	3.333175e+14	1.676233e+14	6.775895e+03	3.131866e+03	1.646606e+03	0	4.346266e-04
5.300000e+08	2.449320e+12	0.000000e+00	5.929649e-01	4.763887e+13	3.289280e+14	1.667887e+14	6.772987e+03	3.126299e+03	1.643678e+03	0	4.335644e-04
5.400000e+08	2.431623e+12	0.000000e+00	5.929649e-01	4.739351e+13	3.246917e+14	1.659600e+14	6.770095e+03	3.120886e+03	1.640833e+03	0	4.325177e-04
5.500000e+08	2.414263e+12	0.000000e+00	5.929649e-01	4.715272e+13	3.206005e+14	1.651372e+14	6.767217e+03	3.115622e+03	1.638065e+03	0	4.314860e-04
5.600000e+08	2.397226e+12	0.000000e+00	5.929649e-01	4.691633e+13	3.166470e+14	1.643202e+14	6.764354e+03	3.110500e+03	1.635372e+03	0	4.304686e-04
5.700000e+08	2.380502e+12	0.000000e+00	5.929649e-01	4.668419e+13	3.128241e+14	1.635091e+14	6.761506e+03	3.105514e+03	1.632751e+03	0	4.294652e-04
5.800000e+08	2.364078e+12	0.000000e+00	5.929649e-01	4.645615e+13	3.091253e+14	1.627036e+14	6.758671e+03	3.100659e+03	1.630198e+03	0	4.284752e-04
5.900000e+08	2.347944e+12	0.000000e+00	5.929649e-01	4.623205e+13	3.055445e+14	1.619040e+14	6.755850e+03	3.095929e+03	1.627711e+03	0	4.274983e-04
6.000000e+08	2.332089e+12	0.000000e+00	5.929649e-01	4.601177e+13	3.020759e+14	1.611099e+14	6.753043e+03	3.091319e+03	1.625287e+03	0	4.265339e-04
6.100000e+08	2.316505e+12	0.000000e+00	5.929649e-01	4.579516e+13	2.987141e+14	1.603215e+14	6.750249e+03	3.086824e+03	1.622924e+03	0	4.255817e-04
6.200000e+08	2.301182e+12	0.000000e+00	5.929649e-01	4.558211e+13	2.954541e+14	1.595387e+14	6.747469e+03	3.082440e+03	1.620619e+03	0	4.246412e-04
6.300000e+08	2.286112e+12	0.000000e+00	5.929649e-01	4.537250e+13	2.922911e+14	1.587613e+14	6.744701e+03	3.078163e+03	1.618371e+03	0	4.237122e-04
6.400000e+08	2.271285e+12	0.000000e+00	5.929649e-01	4.516621e+13	2.892206e+14	1.579895e+14	6.741946e+03	3.073988e+03	1.616175e+03	0	4.227942e-04
6.500000e+08	2.256694e+12	0.000000e+00	5.929649e-01	4.496313e+13	2.862385e+14	1.572231e+14	6.739203e+03	3.069911e+03	1.614032e+03	0	4.218869e-04
6.600000e+08	2.242331e+12	0.000000e+00	5.929649e-01	4.476317e+13	2.833406e+14	1.564621e+14	6.736473e+03	3.065929e+03	1.611938e+03	0	4.209899e-04
6.700000e+08	2.228188e+12	0.000000e+00	5.929649e-01	4.456621e+13	2.805234e+14	1.557064e+14	6.733755e+03	3.062038e+03	1.609893e+03	0	4.201030e-04
6.800000e+08	2.214260e+12	0.000000e+00	5.929649e-01	4.437217e+13	2.777833e+14	1.549561e+14	6.731049e+03	3.058234e+03	1.607893e+03	0	4.192258e-04
6.900000e+08	2.200539e+12	0.000000e+00	5.929649e-01	4.418095e+13	2.751169e+14	1.542110e+14	6.728355e+03	3.054516e+03	1.605938e+03	0	4.183581e-04
7.000000e+08	2.187019e+12	0.000000e+00	5.929649e-01	4.399248e+13	2.725212e+14	1.534712e+14	6.725672e+03	3.050878e+03	1.604026e+03	0	4.174995e-04
7.100000e+08	2.173693e+12	0.000000e+00	5.929649e-01	4.380666e+13	2.699930e+14	1.527365e+14	6.723001e+03	3.047320e+03	1.602155e+03	0	4.166498e-04
7.200000e+08	2.160556e+12	0.000000e+00	5.929649e-01	4.362341e+13	2.675297e+14	1.520069e+14	6.720341e+03	3.043837e+03	1.600323e+03	0	4.158088e-04
7.300000e+08	2.147603e+12	0.000000e+00	5.929649e-01	4.344267e+13	2.651286e+14	1.512825e+14	6.717692e+03	3.040427e+03	1.598530e+03	0	4.149761e-04
7.400000e+08	2.134827e+12	0.000000e+00	5.929649e-01	4.326435e+13	2.627871e+14	1.505631e+14	6.715054e+03	3.037087e+03	1.596775e+03	0	4.141516e-04
7.500000e+08	2.122224e+12	0.000000e+00	5.929649e-01	4.308839e+13	2.605028e+14	1.498487e+14	6.712427e+03	3.033815e+03	1.595055e+03	0	4.133350e-04
7.600000e+08	2.109789e+12	0.000000e+00	5.929649e-01	4.291472e+13	2.582735e+14	1.491393e+14	6.709810e+03	3.030610e+03	1.593369e+03	0	4.125261e-04
7.700000e+08	2.097517e+12	0.000000e+00	5.929649e-01	4.274327e+13	2.560970e+14	1.484349e+14	6.707204e+03	3.027467e+03	1.591717e+03	0	4.117247e-04
7.800000e+08	2.085403e+12	0.000000e+00	5.929649e-01	4.257399e+13	2.539713e+14	1.477353e+14	6.704609e+03	3.024386e+03	1.590097e+03	0	4.109306e-04
7.900000e+08	2.073443e+12	0.000000e+00	5.929649e-01	4.240682e+13	2.518945e+14	1.470406e+14	6.702024e+03	3.021364e+03	1.588508e+03	0	4.101435e-04
8.000000e+08	2.061633e+12	0.000000e+00	5.929649e-01	4.224169e+13	2.498646e+14	1.463507e+14	6.699448e+03	3.018400e+03	1.586950e+03	0	4.093633e-04
8.100000e+08	2.049969e+12	0.000000e+00	5.929649e-01	4.207855e+13	2.478799e+14	1.456656e+14	6.696883e+03	3.015490e+03	1.585420e+03	0	4.085899e-04
8.200000e+08	2.038447e+12	0.000000e+00	5.929649e-01	4.191735e+13	2.459389e+14	1.449852e+14	6.694328e+03	3.012635e+03	1.583919e+03	0	4.078229e-04
8.300000e+08	2.027063e+12	0.000000e+00	5.929649e-01	4.175804e+13	2.440398e+14	1.443096e+14	6.691783e+03	3.009831e+03	1.582445e+03	0	4.070623e-04
8.400000e+08	2.015814e+12	0.000000e+00	5.929649e-01	4.160057e+13	2.421811e+14	1.436386e+14	6.689247e+03	3.007077e+03	1.580997e+03	0	4.063079e-04
8.500000e+08	2.004696e+12	0.000000e+00	5.929649e-01	4.144490e+13	2.403615e+14	1.429722e+14	6.686721e+03	3.004372e+03	1.579575e+03	0	4.055596e-04
8.600000e+08	1.993706e+12	0.000000e+00	5.929649e-01	4.129097e+13	2.385795e+14	1.423104e+14	6.684204e+03	3.001715e+03	1.578177e+03	0	4.048171e-04
8.700000e+08	1.982841e+12	0.000000e+00	5.929649e-01	4.113875e+13	2.368338e+14	1.416532e+14	6.681697e+03	2.999102e+03	1.576804e+03	0	4.040804e-04
8.800000e+08	1.972097e+12	0.000000e+00	5.929649e-01	4.098819e+13	2.351232e+14	1.410005e+14	6.679198e+03	2.996534e+03	1.575454e+03	0	4.033492e-04
8.900000e+08	1.961471e+12	0.000000e+00	5.929649e-01	4.083925e+13	2.334465e+14	1.403523e+14	6.676709e+03	2.994009e+03	1.574126e+03	0	4.026235e-04
9.000000e+08	1.950962e+12	0.000000e+00	5.929649e-01	4.069190e+13	2.318025e+14	1.397085e+14	6.674229e+03	2.991525e+03	1.572820e+03	0	4.019031e-04
9.100000e+08	1.940565e+12	0.000000e+00	5.929649e-01	4.054609e+13	2.301901e+14	1.390692e+14	6.671758e+03	2.989082e+03	1.571536e+03	0	4.011879e-04
9.200000e+08	1.930278e+12	0.000000e+00	5.929649e-01	4.040179e+13	2.286083e+14	1.384342e+14	6.669296e+03	2.986677e+03	1.570271e+03	0	4.004778e-04
9.300000e+08	1.920100e+12	0.000000e+00	5.929649e-01	4.025896e+13	2.270561e+14	1.378036e+14	6.666843e+03	2.984311e+03	1.569027e+03	0	3.997726e-04
9.400000e+08	1.910026e+12	0.000000e+00	5.929649e-01	4.011758e+13	2.255326e+14	1.371773e+14	6.664398e+03	2.981981e+03	1.567802e+03	0	3.990723e-04
9.500000e+08	1.900056e+12	0.000000e+00	5.929649e-01	3.997760e+13	2.240367e+14	1.365552e+14	6.661962e+03	2.979687e+03	1.566596e+03	0	3.983767e-04
9.600000e+08	1.890185e+12	0.000000e+00	5.929649e-01	3.983900e+13	2.225677e+14	1.359374e+14	6.659534e+03	2.977428e+03	1.565408e+03	0	3.976857e-04
9.700000e+08	1.880413e+12	0.000000e+00	5.929649e-01	3.970175e+13	2.211247e+14	1.353238e+14	6.657115e+03	2.975202e+03	1.564238e+03	0	3.969992e-04
9.800000e+08	1.870738e+12	0.000000e+00	5.929649e-01	3.956581e+13	2.197068e+14	1.347144e+14	6.654704e+03	2.973009e+03	1.563085e+03	0	3.963171e-04
9.900000e+08	1.861156e+12	0.000000e+00	5.929649e-01	3.943116e+13	2.183134e+14	1.341091e+14	6.652301e+03	2.970848e+03	1.561949e+03	0	3.956393e-04
1.000000e+09	1.851666e+12	0.000000e+00	5.929649e-01	3.929777e+13	2.169437e+14	1.335080e+14	6.649906e+03	2.968718e+03	1.560829e+03	0	3.949657e-04
1.010000e+09	1.842266e+12	0.000000e+00	5.929649e-01	3.916562e+13	2.155969e+14	1.329109e+14	6.647520e+03	2.966618e+03	1.559725e+03	0	3.942962e-04
1.020000e+09	1.832955e+12	0.000000e+00	5.929649e-01	3.903467e+13	2.142724e+14	1.323178e+14	6.645141e+03	2.964547e+03	1.558636e+03	0	3.936308e-04
1.030000e+09	1.823729e+12	0.000000e+00	5.929649e-01	3.890491e+13	2.129696e+14	1.317288e+14	6.642771e+03	2.962504e+03	1.557562e+03	0	3.929693e-04
1.040000e+09	1.814589e+12	0.000000e+00	5.929649e-01	3.877631e+13	2.116877e+14	1.311437e+14	6.640408e+03	2.960489e+03	1.556503e+03	0	3.923117e-04
1.050000e+09	1.805531e+12	0.000000e+00	5.929649e-01	3.864884e+13	2.104262e+14	1.305626e+14	6.638053e+03	2.958501e+03	1.555457e+03	0	3.916578e-04
1.060000e+09	1.796554e+12	0.000000e+00	5.929649e-01	3.852249e+13	2.091846e+14	1.299855e+14	6.635706e+03	2.956539e+03	1.554426e+03	0	3.910076e-04
1.070000e+09	1.787657e+12	0.000000e+00	5.929649e-01	3.839723e+13	2.079622e+14	1.294122e+14	6.633367e+03	2.954602e+03	1.553407e+03	0	3.903611e-04
1.080000e+09	1.778838e+12	0.000000e+00	5.929649e-01	3.827303e+13	2.067585e+14	1.288427e+14	6.631035e+03	2.952690e+03	1.552402e+03	0	3.897181e-04
1.090000e+09	1.770095e+12	0.000000e+00	5.929649e-01	3.814989e+13	2.055730e+14	1.282771e+14	6.628711e+03	2.950803e+03	1.551410e+03	0	3.890786e-04
1.100000e+09	1.761427e+12	0.000000e+00	5.929649e-01	3.802778e+13	2.044052e+14	1.277153e+14	6.626394e+03	2.948938e+03	1.550430e+03	0	3.884425e-04
1.110000e+09	1.752833e+12	0.000000e+00	5.929649e-01	3.790668e+13	2.032546e+14	1.271573e+14	6.624084e+03	2.947097e+03	1.549462e+03	0	3.878097e-04
1.120000e+09	1.744312e+12	0.000000e+00	5.929649e-01	3.778658e+13	2.021208e+14	1.266030e+14	6.621782e+03	2.945278e+03	1.548505e+03	0	3.871802e-04
1.130000e+09	1.735861e+12	0.000000e+00	5.929649e-01	3.766744e+13	2.010033e+14	1.260524e+14	6.619487e+03	2.943481e+03	1.547560e+03	0	3.865539e-04
1.140000e+09	1.727479e+12	0.000000e+00	5.929649e-01	3.754926e+13	1.999017e+14	1.255055e+14	6.617200e+03	2.941705e+03	1.546627e+03	0	3.859308e-04
1.150000e+09	1.719166e+12	0.000000e+00	5.929649e-01	3.743202e+13	1.988156e+14	1.249622e+14	6.614919e+03	2.939950e+03	1.545704e+03	0	3.853107e-04
1.160000e+09	1.710921e+12	0.000000e+00	5.929649e-01	3.731571e+13	1.977445e+14	1.244226e+14	6.612646e+03	2.938214e+03	1.544791e+03	0	3.846937e-04
1.170000e+09	1.702741e+12	0.000000e+00	5.929649e-01	3.720029e+13	1.966881e+14	1.238865e+14	6.610380e+03	2.936499e+03	1.543889e+03	0	3.840797e-04
1.180000e+09	1.694625e+12	0.000000e+00	5.929649e-01	3.708577e+13	1.956461e+14	1.233540e+14	6.608121e+03	2.934802e+03	1.542998e+03	0	3.834685e-04
1.190000e+09	1.686574e+12	0.000000e+00	5.929649e-01	3.697213e+13	1.946180e+14	1.228251e+14	6.605868e+03	2.933125e+03	1.542116e+03	0	3.828602e-04
1.200000e+09	1.678585e+12	0.000000e+00	5.929649e-01	3.685934e+13	1.936035e+14	1.222997e+14	6.603623e+03	2.931465e+03	1.541243e+03	0	3.822548e-04
1.210000e+09	1.670657e+12	0.000000e+00	5.929649e-01	3.674740e+13	1.926023e+14	1.217777e+14	6.601384e+03	2.929824e+03	1.540380e+03	0	3.816521e-04
1.220000e+09	1.662790e+12	0.000000e+00	5.929649e-01	3.663629e+13	1.916140e+14	1.212593e+14	6.599153e+03	2.928199e+03	1.539526e+03	0	3.810521e-04
1.230000e+09	1.654983e+12	0.000000e+00	5.929649e-01	3.652600e+13	1.906384e+14	1.207442e+14	6.596928e+03	2.926592e+03	1.538681e+03	0	3.804547e-04
1.240000e+09	1.647234e+12	0.000000e+00	5.929649e-01	3.641652e+13	1.896752e+14	1.202326e+14	6.594709e+03	2.925002e+03	1.537845e+03	0	3.798600e-04
1.250000e+09	1.639542e+12	0.000000e+00	5.929649e-01	3.630783e+13	1.887240e+14	1.197243e+14	6.592498e+03	2.923427e+03	1.537017e+03	0	3.792678e-04
1.260000e+09	1.631907e+12	0.000000e+00	5.929649e-01	3.619991e+13	1.877846e+14	1.192194e+14	6.590293e+03	2.921869e+03	1.536198e+03	0	3.786782e-04
1.270000e+09	1.624328e+12	0.000000e+00	5.929649e-01	3.609277e+13	1.868567e+14	1.187178e+14	6.588094e+03	2.920325e+03	1.535386e+03	0	3.780911e-04
1.280000e+09	1.616804e+12	0.000000e+00	5.929649e-01	3.598637e+13	1.859400e+14	1.182195e+14	6.585902e+03	2.918797e+03	1.534583e+03	0	3.775063e-04
1.290000e+09	1.609334e+12	0.000000e+00	5.929649e-01	3.588073e+13	1.850344e+14	1.177245e+14	6.583717e+03	2.917284e+03	1.533787e+03	0	3.769240e-04
1.300000e+09	1.601916e+12	0.000000e+00	5.929649e-01	3.577581e+13	1.841394e+14	1.172327e+14	6.581537e+03	2.915785e+03	1.532999e+03	0	3.763441e-04
1.310000e+09	1.594552e+12	0.000000e+00	5.929649e-01	3.567162e+13	1.832550e+14	1.167441e+14	6.579365e+03	2.914301e+03	1.532219e+03	0	3.757665e-04
1.320000e+09	1.587239e+12	0.000000e+00	5.929649e-01	3.556813e+13	1.823808e+14	1.162588e+14	6.577198e+03	2.912830e+03	1.531445e+03	0	3.751911e-04
1.330000e+09	1.579976e+12	0.000000e+00	5.929649e-01	3.546535e+13	1.815167e+14	1.157766e+14	6.575038e+03	2.911373e+03	1.530679e+03	0	3.746180e-04
1.340000e+09	1.572764e+12	0.000000e+00	5.929649e-01	3.536326e+13	1.806625e+14	1.152976e+14	6.572884e+03	2.909929e+03	1.529920e+03	0	3.740471e-04
1.350000e+09	1.565601e+12	0.000000e+00	5.929649e-01	3.526184e+13	1.798178e+14	1.148217e+14	6.570736e+03	2.908498e+03	1.529168e+03	0	3.734784e-04
1.360000e+09	1.558486e+12	0.000000e+00	5.929649e-01	3.516110e+13	1.789826e+14	1.143489e+14	6.568595e+03	2.907079e+03	1.528422e+03	0	3.729118e-04
1.370000e+09	1.551420e+12	0.000000e+00	5.929649e-01	3.506102e+13	1.781566e+14	1.138792e+14	6.566459e+03	2.905673e+03	1.527683e+03	0	3.723474e-04
1.380000e+09	1.544401e+12	0.000000e+00	5.929649e-01	3.496159e+13	1.773396e+14	1.134125e+14	6.564330e+03	2.904280e+03	1.526950e+03	0	3.717850e-04
1.390000e+09	1.537428e+12	0.000000e+00	5.929649e-01	3.486280e+13	1.765315e+14	1.129489e+14	6.562206e+03	2.902898e+03	1.526223e+03	0	3.712246e-04
1.400000e+09	1.530502e+12	0.000000e+00	5.929649e-01	3.476465e+13	1.757320e+14	1.124883e+14	6.560089e+03	2.901527e+03	1.525503e+03	0	3.706663e-04
1.410000e+09	1.523620e+12	0.000000e+00	5.929649e-01	3.466712e+13	1.749411e+14	1.120306e+14	6.557978e+03	2.900168e+03	1.524789e+03	0	3.701099e-04
1.420000e+09	1.516784e+12	0.000000e+00	5.929649e-01	3.457020e+13	1.741584e+14	1.115760e+14	6.555872e+03	2.898821e+03	1.524080e+03	0	3.695555e-04
1.430000e+09	1.509991e+12	0.000000e+00	5.929649e-01	3.447390e+13	1.733840e+14	1.111242e+14	6.553773e+03	2.897484e+03	1.523377e+03	0	3.690030e-04
1.440000e+09	1.503242e+12	0.000000e+00	5.929649e-01	3.437820e+13	1.726175e+14	1.106754e+14	6.551679e+03	2.896158e+03	1.522680e+03	0	3.684524e-04
1.450000e+09	1.496536e+12	0.000000e+00	5.929649e-01	3.428309e+13	1.718589e+14	1.102295e+14	6.549591e+03	2.894843e+03	1.521988e+03	0	3.679037e-04
1.460000e+09	1.489872e+12	0.000000e+00	5.929649e-01	3.418856e+13	1.711079e+14	1.097864e+14	6.547509e+03	2.893538e+03	1.521302e+03	0	3.673569e-04
1.470000e+09	1.483250e+12	0.000000e+00	5.929649e-01	3.409462e+13	1.703645e+14	1.093462e+14	6.545432e+03	2.892243e+03	1.520621e+03	0	3.668118e-04
1.480000e+09	1.476670e+12	0.000000e+00	5.929649e-01	3.400124e+13	1.696285e+14	1.089088e+14	6.543361e+03	2.890958e+03	1.519946e+03	0	3.662685e-04
1.490000e+09	1.470130e+12	0.000000e+00	5.929649e-01	3.390843e+13	1.688998e+14	1.084743e+14	6.541296e+03	2.889682e+03	1.519275e+03	0	3.657270e-04
1.500000e+09	1.463631e+12	0.000000e+00	5.929649e-01	3.381617e+13	1.681783e+14	1.080425e+14	6.539237e+03	2.888417e+03	1.518610e+03	0	3.651873e-04
1.510000e+09	1.457171e+12	0.000000e+00	5.929649e-01	3.372446e+13	1.674637e+14	1.076135e+14	6.537183e+03	2.887160e+03	1.517949e+03	0	3.646492e-04
1.520000e+09	1.450750e+12	0.000000e+00	5.929649e-01	3.363329e+13	1.667560e+14	1.071872e+14	6.535135e+03	2.885913e+03	1.517294e+03	0	3.641129e-04
1.530000e+09	1.444369e+12	0.000000e+00	5.929649e-01	3.354267e+13	1.660550e+14	1.067637e+14	6.533092e+03	2.884675e+03	1.516643e+03	0	3.635782e-04
1.540000e+09	1.438025e+12	0.000000e+00	5.929649e-01	3.345257e+13	1.653607e+14	1.063428e+14	6.531055e+03	2.883446e+03	1.515996e+03	0	3.630452e-04
1.550000e+09	1.431720e+12	0.000000e+00	5.929649e-01	3.336299e+13	1.646729e+14	1.059246e+14	6.529023e+03	2.882225e+03	1.515355e+03	0	3.625138e-04
1.560000e+09	1.425452e+12	0.000000e+00	5.929649e-01	3.327393e+13	1.639915e+14	1.055091e+14	6.526996e+03	2.881013e+03	1.514717e+03	0	3.619840e-04
1.570000e+09	1.419221e+12	0.000000e+00	5.929649e-01	3.318539e+13	1.633164e+14	1.050963e+14	6.524976e+03	2.879809e+03	1.514085e+03	0	3.614557e-04
1.580000e+09	1.413026e+12	0.000000e+00	5.929649e-01	3.309735e+13	1.626475e+14	1.046860e+14	6.522960e+03	2.878614e+03	1.513456e+03	0	3.609291e-04
1.590000e+09	1.406868e+12	0.000000e+00	5.929649e-01	3.300980e+13	1.619847e+14	1.042784e+14	6.520950e+03	2.877427e+03	1.512832e+03	0	3.604040e-04
1.600000e+09	1.400745e+12	0.000000e+00	5.929649e-01	3.292276e+13	1.613278e+14	1.038733e+14	6.518945e+03	2.876248e+03	1.512212e+03	0	3.598804e-04
1.610000e+09	1.394658e+12	0.000000e+00	5.929649e-01	3.283620e+13	1.606768e+14	1.034708e+14	6.516945e+03	2.875076e+03	1.511596e+03	0	3.593583e-04
1.620000e+09	1.388606e+12	0.000000e+00	5.929649e-01	3.275012e+13	1.600316e+14	1.030709e+14	6.514951e+03	2.873912e+03	1.510984e+03	0	3.588377e-04
1.630000e+09	1.382588e+12	0.000000e+00	5.929649e-01	3.266452e+13	1.593921e+14	1.026734e+14	6.512962e+03	2.872756e+03	1.510376e+03	0	3.583186e-04
1.640000e+09	1.376604e+12	0.000000e+00	5.929649e-01	3.257940e+13	1.587582e+14	1.022785e+14	6.510978e+03	2.871607e+03	1.509772e+03	0	3.578009e-04
1.650000e+09	1.370654e+12	0.000000e+00	5.929649e-01	3.249474e+13	1.581298e+14	1.018861e+14	6.508999e+03	2.870466e+03	1.509172e+03	0	3.572847e-04
1.660000e+09	1.364737e+12	0.000000e+00	5.929649e-01	3.241055e+13	1.575068e+14	1.014961e+14	6.507025e+03	2.869332e+03	1.508576e+03	0	3.567699e-04
1.670000e+09	1.358854e+12	0.000000e+00	5.929649e-01	3.232681e+13	1.568891e+14	1.011086e+14	6.505057e+03	2.868204e+03	1.507983e+03	0	3.562564e-04
1.680000e+09	1.353003e+12	0.000000e+00	5.929649e-01	3.224353e+13	1.562767e+14	1.007235e+14	6.503093e+03	2.867084e+03	1.507394e+03	0	3.557444e-04
1.690000e+09	1.347185e+12	0.000000e+00	5.929649e-01	3.216069e+13	1.556694e+14	1.003408e+14	6.501135e+03	2.865971e+03	1.506809e+03	0	3.552337e-04
1.700000e+09	1.341398e+12	0.000000e+00	5.929649e-01	3.207830e+13	1.550672e+14	9.996052e+13	6.499181e+03	2.864864e+03	1.506227e+03	0	3.547244e-04
1.710000e+09	1.335643e+12	0.000000e+00	5.929649e-01	3.199634e+13	1.544701e+14	9.958261e+13	6.497233e+03	2.863764e+03	1.505649e+03	0	3.542164e-04
1.720000e+09	1.329920e+12	0.000000e+00	5.929649e-01	3.191482e+13	1.538778e+14	9.920706e+13	6.495289e+03	2.862671e+03	1.505074e+03	0	3.537097e-04
1.730000e+09	1.324228e+12	0.000000e+00	5.929649e-01	3.183373e+13	1.532904e+14	9.883385e+13	6.493351e+03	2.861584e+03	1.504502e+03	0	3.532043e-04
1.740000e+09	1.318566e+12	0.000000e+00	5.929649e-01	3.175307e+13	1.527079e+14	9.846296e+13	6.491417e+03	2.860503e+03	1.503934e+03	0	3.527002e-04
1.750000e+09	1.312935e+12	0.000000e+00	5.929649e-01	3.167282e+13	1.521300e+14	9.809438e+13	6.489489e+03	2.859428e+03	1.503369e+03	0	3.521974e-04
1.760000e+09	1.307333e+12	0.000000e+00	5.929649e-01	3.159300e+13	1.515567e+14	9.772808e+13	6.487565e+03	2.858360e+03	1.502807e+03	0	3.516959e-04
1.770000e+09	1.301762e+12	0.000000e+00	5.929649e-01	3.151359e+13	1.509881e+14	9.736406e+13	6.485646e+03	2.857298e+03	1.502249e+03	0	3.511956e-04
1.780000e+09	1.296220e+12	0.000000e+00	5.929649e-01	3.143458e+13	1.504240e+14	9.700229e+13	6.483732e+03	2.856241e+03	1.501693e+03	0	3.506965e-04
1.790000e+09	1.290708e+12	0.000000e+00	5.929649e-01	3.135599e+13	1.498643e+14	9.664276e+13	6.481823e+03	2.855191e+03	1.501141e+03	0	3.501986e-04
1.800000e+09	1.285224e+12	0.000000e+00	5.929649e-01	3.127779e+13	1.493090e+14	9.628545e+13	6.479918e+03	2.854146e+03	1.500592e+03	0	3.497020e-04
1.810000e+09	1.279769e+12	0.000000e+00	5.929649e-01	3.119999e+13	1.487580e+14	9.593035e+13	6.478018e+03	2.853107e+03	1.500046e+03	0	3.492065e-04
1.820000e+09	1.274342e+12	0.000000e+00	5.929649e-01	3.112259e+13	1.482113e+14	9.557743e+13	6.476123e+03	2.852074e+03	1.499502e+03	0	3.487122e-04
1.830000e+09	1.268944e+12	0.000000e+00	5.929649e-01	3.104557e+13	1.476688e+14	9.522668e+13	6.474233e+03	2.851046e+03	1.498962e+03	0	3.482191e-04
1.840000e+09	1.263573e+12	0.000000e+00	5.929649e-01	3.096894e+13	1.471304e+14	9.487810e+13	6.472347e+03	2.850024e+03	1.498424e+03	0	3.477271e-04
1.850000e+09	1.258230e+12	0.000000e+00	5.929649e-01	3.089270e+13	1.465962e+14	9.453165e+13	6.470466e+03	2.849006e+03	1.497890e+03	0	3.472363e-04
1.860000e+09	1.252914e+12	0.000000e+00	5.929649e-01	3.081683e+13	1.460659e+14	9.418732e+13	6.468590e+03	2.847995e+03	1.497358e+03	0	3.467466e-04
1.870000e+09	1.247626e+12	0.000000e+00	5.929649e-01	3.074134e+13	1.455397e+14	9.384511e+13	6.466718e+03	2.846988e+03	1.496829e+03	0	3.462581e-04
1.880000e+09	1.242364e+12	0.000000e+00	5.929649e-01	3.066622e+13	1.450174e+14	9.350498e+13	6.464850e+03	2.845987e+03	1.496302e+03	0	3.457706e-04
1.890000e+09	1.237129e+12	0.000000e+00	5.929649e-01	3.059147e+13	1.444990e+14	9.316694e+13	6.462988e+03	2.844991e+03	1.495778e+03	0	3.452843e-04
1.900000e+09	1.231920e+12	0.000000e+00	5.929649e-01	3.051709e+13	1.439844e+14	9.283095e+13	6.461130e+03	2.844000e+03	1.495257e+03	0	3.447990e-04
1.910000e+09	1.226737e+12	0.000000e+00	5.929649e-01	3.044307e+13	1.434736e+14	9.249702e+13	6.459276e+03	2.843013e+03	1.494739e+03	0	3.443148e-04
1.920000e+09	1.221580e+12	0.000000e+00	5.929649e-01	3.036941e+13	1.429665e+14	9.216511e+13	6.457427e+03	2.842032e+03	1.494223e+03	0	3.438316e-04
1.930000e+09	1.216449e+12	0.000000e+00	5.929649e-01	3.029611e+13	1.424631e+14	9.183522e+13	6.455582e+03	2.841056e+03	1.493709e+03	0	3.433495e-04
1.940000e+09	1.211344e+12	0.000000e+00	5.929649e-01	3.022316e+13	1.419633e+14	9.150734e+13	6.453742e+03	2.840084e+03	1.493199e+03	0	3.428685e-04
1.950000e+09	1.206263e+12	0.000000e+00	5.929649e-01	3.015056e+13	1.414671e+14	9.118144e+13	6.451906e+03	2.839117e+03	1.492690e+03	0	3.423885e-04
1.960000e+09	1.201208e+12	0.000000e+00	5.929649e-01	3.007830e+13	1.409745e+14	9.085751e+13	6.450075e+03	2.838154e+03	1.492184e+03	0	3.419095e-04
1.970000e+09	1.196177e+12	0.000000e+00	5.929649e-01	3.000640e+13	1.404854e+14	9.053554e+13	6.448248e+03	2.837197e+03	1.491681e+03	0	3.414315e-04
1.980000e+09	1.191171e+12	0.000000e+00	5.929649e-01	2.993483e+13	1.399997e+14	9.021551e+13	6.446425e+03	2.836243e+03	1.491179e+03	0	3.409545e-04
1.990000e+09	1.186189e+12	0.000000e+00	5.929649e-01	2.986360e+13	1.395174e+14	8.989742e+13	6.444607e+03	2.835295e+03	1.490681e+03	0	3.404786e-04
2.000000e+09	1.181231e+12	0.000000e+00	5.929649e-01	2.979271e+13	1.390386e+14	8.958124e+13	6.442793e+03	2.834350e+03	1.490184e+03	0	3.400036e-04
2.010000e+09	1.176298e+12	0.000000e+00	5.929649e-01	2.972215e+13	1.385630e+14	8.926696e+13	6.440983e+03	2.833410e+03	1.489690e+03	0	3.395295e-04
2.020000e+09	1.171388e+12	0.000000e+00	5.929649e-01	2.965192e+13	1.380908e+14	8.895457e+13	6.439178e+03	2.832475e+03	1.489198e+03	0	3.390565e-04
2.030000e+09	1.166501e+12	0.000000e+00	5.929649e-01	2.958202e+13	1.376218e+14	8.864405e+13	6.437377e+03	2.831543e+03	1.488708e+03	0	3.385844e-04
2.040000e+09	1.161638e+12	0.000000e+00	5.929649e-01	2.951244e+13	1.371561e+14	8.833539e+13	6.435580e+03	2.830616e+03	1.488221e+03	0	3.381132e-04
2.050000e+09	1.156799e+12	0.000000e+00	5.929649e-01	2.944318e+13	1.366935e+14	8.802858e+13	6.433787e+03	2.829693e+03	1.487736e+03	0	3.376430e-04
2.060000e+09	1.151982e+12	0.000000e+00	5.929649e-01	2.937425e+13	1.362340e+14	8.772360e+13	6.431999e+03	2.828774e+03	1.487253e+03	0	3.371737e-04
2.070000e+09	1.147188e+12	0.000000e+00	5.929649e-01	2.930563e+13	1.357777e+14	8.742044e+13	6.430214e+03	2.827860e+03	1.486772e+03	0	3.367053e-04
2.080000e+09	1.142416e+12	0.000000e+00	5.929649e-01	2.923733e+13	1.353245e+14	8.711909e+13	6.428434e+03	2.826949e+03	1.486293e+03	0	3.362379e-04
2.090000e+09	1.137667e+12	0.000000e+00	5.929649e-01	2.916934e+13	1.348743e+14	8.681953e+13	6.426658e+03	2.826042e+03	1.485816e+03	0	3.357713e-04
2.100000e+09	1.132941e+12	0.000000e+00	5.929649e-01	2.910166e+13	1.344271e+14	8.652175e+13	6.424887e+03	2.825139e+03	1.485341e+03	0	3.353056e-04
2.110000e+09	1.128236e+12	0.000000e+00	5.929649e-01	2.903428e+13	1.339828e+14	8.622573e+13	6.423119e+03	2.824240e+03	1.484869e+03	0	3.348409e-04
2.120000e+09	1.123553e+12	0.000000e+00	5.929649e-01	2.896721e+13	1.335415e+14	8.593148e+13	6.421355e+03	2.823345e+03	1.484398e+03	0	3.343770e-04
2.130000e+09	1.118892e+12	0.000000e+00	5.929649e-01	2.890045e+13	1.331032e+14	8.563896e+13	6.419596e+03	2.822454e+03	1.483929e+03	0	3.339140e-04
2.140000e+09	1.114253e+12	0.000000e+00	5.929649e-01	2.883398e+13	1.326676e+14	8.534817e+13	6.417840e+03	2.821566e+03	1.483463e+03	0	3.334518e-04
2.150000e+09	1.109635e+12	0.000000e+00	5.929649e-01	2.876781e+13	1.322350e+14	8.505910e+13	6.416089e+03	2.820683e+03	1.482998e+03	0	3.329905e-04
2.160000e+09	1.105038e+12	0.000000e+00	5.929649e-01	2.870194e+13	1.318051e+14	8.477173e+13	6.414341e+03	2.819803e+03	1.482535e+03	0	3.325301e-04
2.170000e+09	1.100463e+12	0.000000e+00	5.929649e-01	2.863636e+13	1.313780e+14	8.448606e+13	6.412598e+03	2.818926e+03	1.482075e+03	0	3.320705e-04
2.180000e+09	1.095908e+12	0.000000e+00	5.929649e-01	2.857107e+13	1.309537e+14	8.420206e+13	6.410858e+03	2.818053e+03	1.481616e+03	0	3.316117e-04
2.190000e+09	1.091374e+12	0.000000e+00	5.929649e-01	2.850607e+13	1.305321e+14	8.391973e+13	6.409123e+03	2.817184e+03	1.481159e+03	0	3.311537e-04
2.200000e+09	1.086861e+12	0.000000e+00	5.929649e-01	2.844136e+13	1.301132e+14	8.363906e+13	6.407391e+03	2.816318e+03	1.480704e+03	0	3.306966e-04
2.210000e+09	1.082368e+12	0.000000e+00	5.929649e-01	2.837693e+13	1.296970e+14	8.336003e+13	6.405664e+03	2.815456e+03	1.480250e+03	0	3.302403e-04
2.220000e+09	1.077895e+12	0.000000e+00	5.929649e-01	2.831279e+13	1.292834e+14	8.308263e+13	6.403940e+03	2.814597e+03	1.479799e+03	0	3.297848e-04
2.230000e+09	1.073442e+12	0.000000e+00	5.929649e-01	2.824892e+13	1.288724e+14	8.280686e+13	6.402220e+03	2.813742e+03	1.479349e+03	0	3.293301e-04
2.240000e+09	1.069010e+12	0.000000e+00	5.929649e-01	2.818534e+13	1.284640e+14	8.253269e+13	6.400504e+03	2.812890e+03	1.478901e+03	0	3.288762e-04
2.250000e+09	1.064597e+12	0.000000e+00	5.929649e-01	2.812203e+13	1.280582e+14	8.226012e+13	6.398792e+03	2.812042e+03	1.478455e+03	0	3.284230e-04
2.260000e+09	1.060204e+12	0.000000e+00	5.929649e-01	2.805899e+13	1.276549e+14	8.198913e+13	6.397084e+03	2.811196e+03	1.478011e+03	0	3.279707e-04
2.270000e+09	1.055831e+12	0.000000e+00	5.929649e-01	2.799623e+13	1.272541e+14	8.171972e+13	6.395379e+03	2.810355e+03	1.477568e+03	0	3.275191e-04
2.280000e+09	1.051477e+12	0.000000e+00	5.929649e-01	2.793374e+13	1.268557e+14	8.145187e+13	6.393679e+03	2.809516e+03	1.477127e+03	0	3.270683e-04
2.290000e+09	1.047142e+12	0.000000e+00	5.929649e-01	2.787152e+13	1.264599e+14	8.118557e+13	6.391982e+03	2.808681e+03	1.476688e+03	0	3.266182e-04
2.300000e+09	1.042827e+12	0.000000e+00	5.929649e-01	2.780956e+13	1.260664e+14	8.092081e+13	6.390289e+03	2.807848e+03	1.476250e+03	0	3.261689e-04
2.310000e+09	1.038531e+12	0.000000e+00	5.929649e-01	2.774787e+13	1.256754e+14	8.065758e+13	6.388599e+03	2.807019e+03	1.475815e+03	0	3.257203e-04
2.320000e+09	1.034253e+12	0.000000e+00	5.929649e-01	2.768644e+13	1.252868e+14	8.039587e+13	6.386914e+03	2.806194e+03	1.475380e+03	0	3.252725e-04
2.330000e+09	1.029994e+12	0.000000e+00	5.929649e-01	2.762528e+13	1.249005e+14	8.013567e+13	6.385232e+03	2.805371e+03	1.474948e+03	0	3.248254e-04
2.340000e+09	1.025754e+12	0.000000e+00	5.929649e-01	2.756437e+13	1.245166e+14	7.987696e+13	6.383554e+03	2.804551e+03	1.474517e+03	0	3.243791e-04
2.350000e+09	1.021532e+12	0.000000e+00	5.929649e-01	2.750372e+13	1.241350e+14	7.961974e+13	6.381880e+03	2.803735e+03	1.474088e+03	0	3.239334e-04
2.360000e+09	1.017329e+12	0.000000e+00	5.929649e-01	2.744333e+13	1.237557e+14	7.936400e+13	6.380209e+03	2.802921e+03	1.473660e+03	0	3.234885e-04
2.370000e+09	1.013143e+12	0.000000e+00	5.929649e-01	2.738319e+13	1.233786e+14	7.910972e+13	6.378542e+03	2.802111e+03	1.473234e+03	0	3.230443e-04
2.380000e+09	1.008976e+12	0.000000e+00	5.929649e-01	2.732331e+13	1.230038e+14	7.885689e+13	6.376878e+03	2.801303e+03	1.472809e+03	0	3.226008e-04
2.390000e+09	1.004827e+12	0.000000e+00	5.929649e-01	2.726367e+13	1.226313e+14	7.860551e+13	6.375219e+03	2.800499e+03	1.472386e+03	0	3.221580e-04
2.400000e+09	1.000696e+12	0.000000e+00	5.929649e-01	2.720428e+13	1.222609e+14	7.835557e+13	6.373562e+03	2.799697e+03	1.471965e+03	0	3.217159e-04
2.410000e+09	9.965823e+11	0.000000e+00	5.929649e-01	2.714515e+13	1.218927e+14	7.810705e+13	6.371910e+03	2.798898e+03	1.471545e+03	0	3.212745e-04
2.420000e+09	9.924864e+11	0.000000e+00	5.929649e-01	2.708625e+13	1.215267e+14	7.785994e+13	6.370261e+03	2.798102e+03	1.471126e+03	0	3.208337e-04
2.430000e+09	9.884080e+11	0.000000e+00	5.929649e-01	2.702760e+13	1.211629e+14	7.761424e+13	6.368616e+03	2.797309e+03	1.470710e+03	0	3.203936e-04
2.440000e+09	9.843469e+11	0.000000e+00	5.929649e-01	2.696920e+13	1.208012e+14	7.736993e+13	6.366974e+03	2.796519e+03	1.470294e+03	0	3.199542e-04
2.450000e+09	9.803031e+11	0.000000e+00	5.929649e-01	2.691103e+13	1.204416e+14	7.712700e+13	6.365335e+03	2.795732e+03	1.469880e+03	0	3.195155e-04
2.460000e+09	9.762765e+11	0.000000e+00	5.929649e-01	2.685310e+13	1.200840e+14	7.688545e+13	6.363701e+03	2.794947e+03	1.469468e+03	0	3.190774e-04
2.470000e+09	9.722668e+11	0.000000e+00	5.929649e-01	2.679541e+13	1.197286e+14	7.664526e+13	6.362069e+03	2.794166e+03	1.469057e+03	0	3.186400e-04
2.480000e+09	9.682741e+11	0.000000e+00	5.929649e-01	2.673796e+13	1.193752e+14	7.640643e+13	6.360442e+03	2.793387e+03	1.468647e+03	0	3.182032e-04
2.490000e+09	9.642982e+11	0.000000e+00	5.929649e-01	2.668074e+13	1.190238e+14	7.616895e+13	6.358817e+03	2.792610e+03	1.468239e+03	0	3.177671e-04
2.500000e+09	9.603390e+11	0.000000e+00	5.929649e-01	2.662376e+13	1.186745e+14	7.593280e+13	6.357197e+03	2.791837e+03	1.467832e+03	0	3.173316e-04
2.510000e+09	9.563964e+11	0.000000e+00	5.929649e-01	2.656701e+13	1.183272e+14	7.569798e+13	6.355579e+03	2.791066e+03	1.467427e+03	0	3.168967e-04
2.520000e+09	9.524703e+11	0.000000e+00	5.929649e-01	2.651048e+13	1.179818e+14	7.546447e+13	6.353966e+03	2.790298e+03	1.467023e+03	0	3.164625e-04
2.530000e+09	9.485605e+11	0.000000e+00	5.929649e-01	2.645419e+13	1.176384e+14	7.523227e+13	6.352355e+03	2.789532e+03	1.466621e+03	0	3.160289e-04
2.540000e+09	9.446670e+11	0.000000e+00	5.929649e-01	2.639812e+13	1.172969e+14	7.500138e+13	6.350748e+03	2.788769e+03	1.466219e+03	0	3.155959e-04
2.550000e+09	9.407896e+11	0.000000e+00	5.929649e-01	2.634228e+13	1.169574e+14	7.477177e+13	6.349144e+03	2.788009e+03	1.465820e+03	0	3.151635e-04
2.560000e+09	9.369283e+11	0.000000e+00	5.929649e-01	2.628666e+13	1.166198e+14	7.454344e+13	6.347544e+03	2.787251e+03	1.465421e+03	0	3.147318e-04
2.570000e+09	9.330830e+11	0.000000e+00	5.929649e-01	2.623126e+13	1.162841e+14	7.431639e+13	6.345947e+03	2.786496e+03	1.465024e+03	0	3.143006e-04
2.580000e+09	9.292535e+11	0.000000e+00	5.929649e-01	2.617609e+13	1.159502e+14	7.409060e+13	6.344354e+03	2.785743e+03	1.464628e+03	0	3.138700e-04
2.590000e+09	9.254398e+11	0.000000e+00	5.929649e-01	2.612114e+13	1.156183e+14	7.386606e+13	6.342764e+03	2.784993e+03	1.464234e+03	0	3.134401e-04
2.600000e+09	9.216417e+11	0.000000e+00	5.929649e-01	2.606640e+13	1.152881e+14	7.364277e+13	6.341177e+03	2.784245e+03	1.463841e+03	0	3.130107e-04
2.610000e+09	9.178592e+11	0.000000e+00	5.929649e-01	2.601189e+13	1.149599e+14	7.342071e+13	6.339594e+03	2.783500e+03	1.463449e+03	0	3.125819e-04
2.620000e+09	9.140921e+11	0.000000e+00	5.929649e-01	2.595758e+13	1.146334e+14	7.319988e+13	6.338013e+03	2.782757e+03	1.463059e+03	0	3.121537e-04
2.630000e+09	9.103404e+11	0.000000e+00	5.929649e-01	2.590350e+13	1.143087e+14	7.298028e+13	6.336437e+03	2.782017e+03	1.462670e+03	0	3.117260e-04
2.640000e+09	9.066039e+11	0.000000e+00	5.929649e-01	2.584962e+13	1.139858e+14	7.276188e+13	6.334863e+03	2.781279e+03	1.462282e+03	0	3.112990e-04
2.650000e+09	9.028827e+11	0.000000e+00	5.929649e-01	2.579596e+13	1.136647e+14	7.254469e+13	6.333293e+03	2.780544e+03	1.461895e+03	0	3.108725e-04
2.660000e+09	8.991765e+11	0.000000e+00	5.929649e-01	2.574251e+13	1.133453e+14	7.232869e+13	6.331726e+03	2.779811e+03	1.461510e+03	0	3.104465e-04
2.670000e+09	8.954852e+11	0.000000e+00	5.929649e-01	2.568927e+13	1.130277e+14	7.211387e+13	6.330162e+03	2.779080e+03	1.461125e+03	0	3.100211e-04
2.680000e+09	8.918089e+11	0.000000e+00	5.929649e-01	2.563624e+13	1.127118e+14	7.190024e+13	6.328601e+03	2.778352e+03	1.460743e+03	0	3.095963e-04
2.690000e+09	8.881474e+11	0.000000e+00	5.929649e-01	2.558341e+13	1.123977e+14	7.168777e+13	6.327044e+03	2.777626e+03	1.460361e+03	0	3.091720e-04
2.700000e+09	8.845005e+11	0.000000e+00	5.929649e-01	2.553079e+13	1.120852e+14	7.147647e+13	6.325490e+03	2.776903e+03	1.459980e+03	0	3.087482e-04
2.710000e+09	8.808683e+11	0.000000e+00	5.929649e-01	2.547838e+13	1.117744e+14	7.126632e+13	6.323939e+03	2.776181e+03	1.459601e+03	0	3.083250e-04
2.720000e+09	8.772506e+11	0.000000e+00	5.929649e-01	2.542616e+13	1.114653e+14	7.105732e+13	6.322391e+03	2.775462e+03	1.459223e+03	0	3.079024e-04
2.730000e+09	8.736474e+11	0.000000e+00	5.929649e-01	2.537415e+13	1.111579e+14	7.084945e+13	6.320846e+03	2.774746e+03	1.458846e+03	0	3.074802e-04
2.740000e+09	8.700585e+11	0.000000e+00	5.929649e-01	2.532234e+13	1.108520e+14	7.064271e+13	6.319305e+03	2.774031e+03	1.458471e+03	0	3.070586e-04
2.750000e+09	8.664839e+11	0.000000e+00	5.929649e-01	2.527073e+13	1.105479e+14	7.043710e+13	6.317767e+03	2.773319e+03	1.458096e+03	0	3.066375e-04
2.760000e+09	8.629234e+11	0.000000e+00	5.929649e-01	2.521932e+13	1.102453e+14	7.023260e+13	6.316231e+03	2.772609e+03	1.457723e+03	0	3.062169e-04
2.770000e+09	8.593771e+11	0.000000e+00	5.929649e-01	2.516810e+13	1.099444e+14	7.002921e+13	6.314699e+03	2.771902e+03	1.457351e+03	0	3.057969e-04
2.780000e+09	8.558447e+11	0.000000e+00	5.929649e-01	2.511708e+13	1.096450e+14	6.982691e+13	6.313170e+03	2.771196e+03	1.456980e+03	0	3.053773e-04
2.790000e+09	8.523263e+11	0.000000e+00	5.929649e-01	2.506626e+13	1.093473e+14	6.962571e+13	6.311645e+03	2.770493e+03	1.456611e+03	0	3.049583e-04
2.800000e+09	8.488218e+11	0.000000e+00	5.929649e-01	2.501563e+13	1.090511e+14	6.942559e+13	6.310122e+03	2.769792e+03	1.456242e+03	0	3.045397e-04
2.810000e+09	8.453310e+11	0.000000e+00	5.929649e-01	2.496519e+13	1.087564e+14	6.922655e+13	6.308602e+03	2.769093e+03	1.455875e+03	0	3.041217e-04
2.820000e+09	8.418539e+11	0.000000e+00	5.929649e-01	2.491495e+13	1.084633e+14	6.902858e+13	6.307086e+03	2.768396e+03	1.455508e+03	0	3.037041e-04
2.830000e+09	8.383903e+11	0.000000e+00	5.929649e-01	2.486489e+13	1.081717e+14	6.883167e+13	6.305572e+03	2.767702e+03	1.455143e+03	0	3.032871e-04
2.840000e+09	8.349404e+11	0.000000e+00	5.929649e-01	2.481502e+13	1.078817e+14	6.863582e+13	6.304061e+03	2.767009e+03	1.454779e+03	0	3.028705e-04
2.850000e+09	8.315038e+11	0.000000e+00	5.929649e-01	2.476534e+13	1.075932e+14	6.844101e+13	6.302554e+03	2.766319e+03	1.454416e+03	0	3.024544e-04
2.860000e+09	8.280806e+11	0.000000e+00	5.929649e-01	2.471585e+13	1.073061e+14	6.824724e+13	6.301049e+03	2.765631e+03	1.454054e+03	0	3.020388e-04
2.870000e+09	8.246708e+11	0.000000e+00	5.929649e-01	2.466655e+13	1.070206e+14	6.805451e+13	6.299548e+03	2.764944e+03	1.453693e+03	0	3.016236e-04
2.880000e+09	8.212741e+11	0.000000e+00	5.929649e-01	2.461743e+13	1.067365e+14	6.786280e+13	6.298049e+03	2.764260e+03	1.453334e+03	0	3.012089e-04
2.890000e+09	8.178905e+11	0.000000e+00	5.929649e-01	2.456849e+13	1.064539e+14	6.767212e+13	6.296554e+03	2.763578e+03	1.452975e+03	0	3.007947e-04
2.900000e+09	8.145200e+11	0.000000e+00	5.929649e-01	2.451974e+13	1.061727e+14	6.748244e+13	6.295061e+03	2.762898e+03	1.452618e+03	0	3.003810e-04
2.910000e+09	8.111625e+11	0.000000e+00	5.929649e-01	2.447117e+13	1.058930e+14	6.729377e+13	6.293572e+03	2.762220e+03	1.452261e+03	0	2.999677e-04
2.920000e+09	8.078180e+11	0.000000e+00	5.929649e-01	2.442277e+13	1.056147e+14	6.710610e+13	6.292085e+03	2.761545e+03	1.451906e+03	0	2.995548e-04
2.930000e+09	8.044862e+11	0.000000e+00	5.929649e-01	2.437456e+13	1.053379e+14	6.691943e+13	6.290602e+03	2.760871e+03	1.451552e+03	0	2.991424e-04
2.940000e+09	8.011672e+11	0.000000e+00	5.929649e-01	2.432653e+13	1.050624e+14	6.673373e+13	6.289121e+03	2.760199e+03	1.451198e+03	0	2.987305e-04
2.950000e+09	7.978609e+11	0.000000e+00	5.929649e-01	2.427868e+13	1.047884e+14	6.654902e+13	6.287643e+03	2.759529e+03	1.450846e+03	0	2.983190e-04
2.960000e+09	7.945672e+11	0.000000e+00	5.929649e-01	2.423100e+13	1.045157e+14	6.636528e+13	6.286168e+03	2.758861e+03	1.450495e+03	0	2.979079e-04
2.970000e+09	7.912861e+11	0.000000e+00	5.929649e-01	2.418350e+13	1.042444e+14	6.618250e+13	6.284696e+03	2.758195e+03	1.450145e+03	0	2.974973e-04
2.980000e+09	7.880174e+11	0.000000e+00	5.929649e-01	2.413617e+13	1.039745e+14	6.600068e+13	6.283227e+03	2.757531e+03	1.449796e+03	0	2.970871e-04
2.990000e+09	7.847612e+11	0.000000e+00	5.929649e-01	2.408901e+13	1.037060e+14	6.581981e+13	6.281761e+03	2.756869e+03	1.449448e+03	0	2.966773e-04
3.000000e+09	7.815173e+11	0.000000e+00	5.929649e-01	2.404203e+13	1.034387e+14	6.563990e+13	6.280297e+03	2.756209e+03	1.449101e+03	0	2.962679e-04
3.010000e+09	7.782856e+11	0.000000e+00	5.929649e-01	2.399523e+13	1.031729e+14	6.546092e+13	6.278837e+03	2.755551e+03	1.448755e+03	0	2.958590e-04
3.020000e+09	7.750661e+11	0.000000e+00	5.929649e-01	2.394859e+13	1.029083e+14	6.528287e+13	6.277379e+03	2.754895e+03	1.448410e+03	0	2.954505e-04
3.030000e+09	7.718588e+11	0.000000e+00	5.929649e-01	2.390212e+13	1.026451e+14	6.510575e+13	6.275924e+03	2.754240e+03	1.448066e+03	0	2.950424e-04
3.040000e+09	7.686636e+11	0.000000e+00	5.929649e-01	2.385582e+13	1.023832e+14	6.492955e+13	6.274472e+03	2.753588e+03	1.447722e+03	0	2.946347e-04
3.050000e+09	7.654803e+11	0.000000e+00	5.929649e-01	2.380969e+13	1.021226e+14	6.475427e+13	6.273023e+03	2.752937e+03	1.447380e+03	0	2.942274e-04
3.060000e+09	7.623090e+11	0.000000e+00	5.929649e-01	2.376373e+13	1.018632e+14	6.457989e+13	6.271576e+03	2.752289e+03	1.447039e+03	0	2.938205e-04
3.070000e+09	7.591495e+11	0.000000e+00	5.929649e-01	2.371793e+13	1.016052e+14	6.440642e+13	6.270132e+03	2.751642e+03	1.446699e+03	0	2.934140e-04
3.080000e+09	7.560018e+11	0.000000e+00	5.929649e-01	2.367230e+13	1.013484e+14	6.423384e+13	6.268692e+03	2.750997e+03	1.446360e+03	0	2.930080e-04
3.090000e+09	7.528659e+11	0.000000e+00	5.929649e-01	2.362683e+13	1.010929e+14	6.406216e+13	6.267253e+03	2.750354e+03	1.446022e+03	0	2.926023e-04
3.100000e+09	7.497416e+11	0.000000e+00	5.929649e-01	2.358153e+13	1.008387e+14	6.389136e+13	6.265818e+03	2.749712e+03	1.445685e+03	0	2.921969e-04
3.110000e+09	7.466289e+11	0.000000e+00	5.929649e-01	2.353639e+13	1.005857e+14	6.372144e+13	6.264385e+03	2.749073e+03	1.445349e+03	0	2.917920e-04
3.120000e+09	7.435278e+11	0.000000e+00	5.929649e-01	2.349141e+13	1.003339e+14	6.355239e+13	6.262956e+03	2.748435e+03	1.445013e+03	0	2.913875e-04
3.130000e+09	7.404382e+11	0.000000e+00	5.929649e-01	2.344659e+13	1.000834e+14	6.338420e+13	6.261528e+03	2.747799e+03	1.444679e+03	0	2.909833e-04
3.140000e+09	7.373599e+11	0.000000e+00	5.929649e-01	2.340193e+13	9.983404e+13	6.321688e+13	6.260104e+03	2.747165e+03	1.444346e+03	0	2.905795e-04
3.150000e+09	7.342931e+11	0.000000e+00	5.929649e-01	2.335743e+13	9.958593e+13	6.305042e+13	6.258682e+03	2.746533e+03	1.444013e+03	0	2.901761e-04
3.160000e+09	7.312375e+11	0.000000e+00	5.929649e-01	2.331309e+13	9.933902e+13	6.288480e+13	6.257263e+03	2.745902e+03	1.443682e+03	0	2.897730e-04
3.170000e+09	7.281931e+11	0.000000e+00	5.929649e-01	2.326891e+13	9.909331e+13	6.272003e+13	6.255847e+03	2.745274e+03	1.443351e+03	0	2.893703e-04
3.180000e+09	7.251600e+11	0.000000e+00	5.929649e-01	2.322489e+13	9.884878e+13	6.255609e+13	6.254433e+03	2.744647e+03	1.443022e+03	0	2.889680e-04
3.190000e+09	7.221379e+11	0.000000e+00	5.929649e-01	2.318102e+13	9.860543e+13	6.239299e+13	6.253022e+03	2.744021e+03	1.442693e+03	0	2.885660e-04
3.200000e+09	7.191269e+11	0.000000e+00	5.929649e-01	2.313730e+13	9.836325e+13	6.223072e+13	6.251614e+03	2.743398e+03	1.442365e+03	0	2.881644e-04
3.210000e+09	7.161269e+11	0.000000e+00	5.929649e-01	2.309374e+13	9.812222e+13	6.206927e+13	6.250208e+03	2.742776e+03	1.442038e+03	0	2.877631e-04
3.220000e+09	7.131378e+11	0.000000e+00	5.929649e-01	2.305033e+13	9.788236e+13	6.190863e+13	6.248805e+03	2.742156e+03	1.441712e+03	0	2.873622e-04
3.230000e+09	7.101596e+11	0.000000e+00	5.929649e-01	2.300708e+13	9.764363e+13	6.174881e+13	6.247405e+03	2.741538e+03	1.441387e+03	0	2.869616e-04
3.240000e+09	7.071922e+11	0.000000e+00	5.929649e-01	2.296398e+13	9.740605e+13	6.158979e+13	6.246007e+03	2.740921e+03	1.441063e+03	0	2.865614e-04
3.250000e+09	7.042356e+11	0.000000e+00	5.929649e-01	2.292103e+13	9.716959e+13	6.143158e+13	6.244612e+03	2.740306e+03	1.440739e+03	0	2.861615e-04
3.260000e+09	7.012897e+11	0.000000e+00	5.929649e-01	2.287822e+13	9.693426e+13	6.127416e+13	6.243220e+03	2.739693e+03	1.440417e+03	0	2.857619e-04
3.270000e+09	6.983544e+11	0.000000e+00	5.929649e-01	2.283557e+13	9.670004e+13	6.111752e+13	6.241830e+03	2.739081e+03	1.440096e+03	0	2.853626e-04
3.280000e+09	6.954298e+11	0.000000e+00	5.929649e-01	2.279307e+13	9.646692e+13	6.096168e+13	6.240443e+03	2.738471e+03	1.439775e+03	0	2.849637e-04
3.290000e+09	6.925156e+11	0.000000e+00	5.929649e-01	2.275071e+13	9.623491e+13	6.080661e+13	6.239058e+03	2.737863e+03	1.439455e+03	0	2.845651e-04
3.300000e+09	6.896120e+11	0.000000e+00	5.929649e-01	2.270851e+13	9.600399e+13	6.065232e+13	6.237676e+03	2.737256e+03	1.439136e+03	0	2.841668e-04
3.310000e+09	6.867188e+11	0.000000e+00	5.929649e-01	2.266645e+13	9.577415e+13	6.049880e+13	6.236296e+03	2.736651e+03	1.438818e+03	0	2.837689e-04
3.320000e+09	6.838359e+11	0.000000e+00	5.929649e-01	2.262453e+13	9.554539e+13	6.034604e+13	6.234919e+03	2.736048e+03	1.438501e+03	0	2.833712e-04
3.330000e+09	6.809634e+11	0.000000e+00	5.929649e-01	2.258276e+13	9.531769e+13	6.019404e+13	6.233544e+03	2.735446e+03	1.438185e+03	0	2.829739e-04
3.340000e+09	6.781011e+11	0.000000e+00	5.929649e-01	2.254113e+13	9.509107e+13	6.004280e+13	6.232172e+03	2.734846e+03	1.437869e+03	0	2.825769e-04
3.350000e+09	6.752490e+11	0.000000e+00	5.929649e-01	2.249965e+13	9.486549e+13	5.989230e+13	6.230803e+03	2.734248e+03	1.437554e+03	0	2.821802e-04
3.360000e+09	6.724072e+11	0.000000e+00	5.929649e-01	2.245831e+13	9.464097e+13	5.974255e+13	6.229436e+03	2.733651e+03	1.437241e+03	0	2.817837e-04
3.370000e+09	6.695754e+11	0.000000e+00	5.929649e-01	2.241711e+13	9.441749e+13	5.959354e+13	6.228072e+03	2.733056e+03	1.436928e+03	0	2.813876e-04
3.380000e+09	6.667536e+11	0.000000e+00	5.929649e-01	2.237605e+13	9.419504e+13	5.944527e+13	6.226710e+03	2.732462e+03	1.436615e+03	0	2.809918e-04
3.390000e+09	6.639419e+11	0.000000e+00	5.929649e-01	2.233514e+13	9.397362e+13	5.929772e+13	6.225350e+03	2.731870e+03	1.436304e+03	0	2.805962e-04
3.400000e+09	6.611401e+11	0.000000e+00	5.929649e-01	2.229436e+13	9.375322e+13	5.915091e+13	6.223993e+03	2.731280e+03	1.435994e+03	0	2.802010e-04
3.410000e+09	6.583482e+11	0.000000e+00	5.929649e-01	2.225372e+13	9.353384e+13	5.900481e+13	6.222639e+03	2.730691e+03	1.435684e+03	0	2.798060e-04
3.420000e+09	6.555662e+11	0.000000e+00	5.929649e-01	2.221322e+13	9.331546e+13	5.885943e+13	6.221287e+03	2.730103e+03	1.435375e+03	0	2.794113e-04
3.430000e+09	6.527939e+11	0.000000e+00	5.929649e-01	2.217286e+13	9.309808e+13	5.871476e+13	6.219937e+03	2.729517e+03	1.435067e+03	0	2.790169e-04
3.440000e+09	6.500314e+11	0.000000e+00	5.929649e-01	2.213264e+13	9.288170e+13	5.857079e+13	6.218590e+03	2.728933e+03	1.434760e+03	0	2.786228e-04
3.450000e+09	6.472787e+11	0.000000e+00	5.929649e-01	2.209255e+13	9.266631e+13	5.842753e+13	6.217246e+03	2.728350e+03	1.434454e+03	0	2.782289e-04
3.460000e+09	6.445355e+11	0.000000e+00	5.929649e-01	2.205259e+13	9.245190e+13	5.828497e+13	6.215904e+03	2.727769e+03	1.434148e+03	0	2.778353e-04
3.470000e+09	6.418020e+11	0.000000e+00	5.929649e-01	2.201278e+13	9.223847e+13	5.814310e+13	6.214564e+03	2.727189e+03	1.433843e+03	0	2.774420e-04
3.480000e+09	6.390780e+11	0.000000e+00	5.929649e-01	2.197309e+13	9.202600e+13	5.800192e+13	6.213226e+03	2.726611e+03	1.433539e+03	0	2.770489e-04
3.490000e+09	6.363635e+11	0.000000e+00	5.929649e-01	2.193354e+13	9.181449e+13	5.786142e+13	6.211891e+03	2.726035e+03	1.433236e+03	0	2.766561e-04
3.500000e+09	6.336585e+11	0.000000e+00	5.929649e-01	2.189413e+13	9.160395e+13	5.772160e+13	6.210559e+03	2.725459e+03	1.432934e+03	0	2.762635e-04
3.510000e+09	6.309629e+11	0.000000e+00	5.929649e-01	2.185484e+13	9.139435e+13	5.758246e+13	6.209229e+03	2.724886e+03	1.432632e+03	0	2.758712e-04
3.520000e+09	6.282766e+11	0.000000e+00	5.929649e-01	2.181569e+13	9.118570e+13	5.744399e+13	6.207901e+03	2.724314e+03	1.432331e+03	0	2.754792e-04
3.530000e+09	6.255997e+11	0.000000e+00	5.929649e-01	2.177667e+13	9.097798e+13	5.730619e+13	6.206576e+03	2.723743e+03	1.432031e+03	0	2.750874e-04
3.540000e+09	6.229320e+11	0.000000e+00	5.929649e-01	2.173777e+13	9.077120e+13	5.716905e+13	6.205253e+03	2.723174e+03	1.431732e+03	0	2.746958e-04
3.550000e+09	6.202735e+11	0.000000e+00	5.929649e-01	2.169901e+13	9.056534e+13	5.703257e+13	6.203932e+03	2.722606e+03	1.431434e+03	0	2.743045e-04
3.560000e+09	6.176243e+11	0.000000e+00	5.929649e-01	2.166038e+13	9.036041e+13	5.689674e+13	6.202614e+03	2.722040e+03	1.431136e+03	0	2.739134e-04
3.570000e+09	6.149841e+11	0.000000e+00	5.929649e-01	2.162187e+13	9.015639e+13	5.676157e+13	6.201298e+03	2.721475e+03	1.430839e+03	0	2.735225e-04
3.580000e+09	6.123531e+11	0.000000e+00	5.929649e-01	2.158350e+13	8.995327e+13	5.662703e+13	6.199984e+03	2.720912e+03	1.430543e+03	0	2.731319e-04
3.590000e+09	6.097310e+11	0.000000e+00	5.929649e-01	2.154525e+13	8.975106e+13	5.649315e+13	6.198673e+03	2.720350e+03	1.430247e+03	0	2.727415e-04
3.600000e+09	6.071180e+11	0.000000e+00	5.929649e-01	2.150713e+13	8.954975e+13	5.635989e+13	6.197364e+03	2.719789e+03	1.429953e+03	0	2.723513e-04
3.610000e+09	6.045139e+11	0.000000e+00	5.929649e-01	2.146913e+13	8.934933e+13	5.622728e+13	6.196057e+03	2.719230e+03	1.429659e+03	0	2.719614e-04
3.620000e+09	6.019188e+11	0.000000e+00	5.929649e-01	2.143126e+13	8.914979e+13	5.609529e+13	6.194753e+03	2.718672e+03	1.429365e+03	0	2.715716e-04
3.630000e+09	5.993324e+11	0.000000e+00	5.929649e-01	2.139351e+13	8.895114e+13	5.596392e+13	6.193451e+03	2.718116e+03	1.429073e+03	0	2.711821e-04
3.640000e+09	5.967550e+11	0.000000e+00	5.929649e-01	2.135589e+13	8.875336e+13	5.583318e+13	6.192151e+03	2.717561e+03	1.428781e+03	0	2.707928e-04
3.650000e+09	5.941862e+11	0.000000e+00	5.929649e-01	2.131839e+13	8.855645e+13	5.570306e+13	6.190853e+03	2.717008e+03	1.428490e+03	0	2.704037e-04
3.660000e+09	5.916263e+11	0.000000e+00	5.929649e-01	2.128101e+13	8.836040e+13	5.557355e+13	6.189558e+03	2.716456e+03	1.428200e+03	0	2.700148e-04
3.670000e+09	5.890750e+11	0.000000e+00	5.929649e-01	2.124376e+13	8.816521e+13	5.544465e+13	6.188265e+03	2.715905e+03	1.427911e+03	0	2.696261e-04
3.680000e+09	5.865323e+11	0.000000e+00	5.929649e-01	2.120662e+13	8.797088e+13	5.531635e+13	6.186975e+03	2.715356e+03	1.427622e+03	0	2.692376e-04
3.690000e+09	5.839983e+11	0.000000e+00	5.929649e-01	2.116961e+13	8.777739e+13	5.518866e+13	6.185686e+03	2.714808e+03	1.427334e+03	0	2.688494e-04
3.700000e+09	5.814728e+11	0.000000e+00	5.929649e-01	2.113272e+13	8.758475e+13	5.506157e+13	6.184400e+03	2.714262e+03	1.427047e+03	0	2.684612e-04
3.710000e+09	5.789558e+11	0.000000e+00	5.929649e-01	2.109595e+13	8.739294e+13	5.493507e+13	6.183116e+03	2.713717e+03	1.426760e+03	0	2.680733e-04
3.720000e+09	5.764474e+11	0.000000e+00	5.929649e-01	2.105930e+13	8.720196e+13	5.480916e+13	6.181834e+03	2.713173e+03	1.426474e+03	0	2.676856e-04
3.730000e+09	5.739473e+11	0.000000e+00	5.929649e-01	2.102277e+13	8.701182e+13	5.468384e+13	6.180555e+03	2.712631e+03	1.426189e+03	0	2.672981e-04
3.740000e+09	5.714557e+11	0.000000e+00	5.929649e-01	2.098635e+13	8.682249e+13	5.455910e+13	6.179278e+03	2.712090e+03	1.425904e+03	0	2.669107e-04
3.750000e+09	5.689724e+11	0.000000e+00	5.929649e-01	2.095005e+13	8.663398e+13	5.443495e+13	6.178003e+03	2.711550e+03	1.425621e+03	0	2.665235e-04
3.760000e+09	5.664975e+11	0.000000e+00	5.929649e-01	2.091387e+13	8.644628e+13	5.431136e+13	6.176730e+03	2.711012e+03	1.425338e+03	0	2.661365e-04
3.770000e+09	5.640308e+11	0.000000e+00	5.929649e-01	2.087781e+13	8.625939e+13	5.418835e+13	6.175459e+03	2.710475e+03	1.425055e+03	0	2.657497e-04
3.780000e+09	5.615723e+11	0.000000e+00	5.929649e-01	2.084186e+13	8.607330e+13	5.406591e+13	6.174191e+03	2.709939e+03	1.424774e+03	0	2.653630e-04
3.790000e+09	5.591221e+11	0.000000e+00	5.929649e-01	2.080603e+13	8.588801e+13	5.394404e+13	6.172924e+03	2.709405e+03	1.424493e+03	0	2.649765e-04
3.800000e+09	5.566800e+11	0.000000e+00	5.929649e-01	2.077032e+13	8.570351e+13	5.382273e+13	6.171660e+03	2.708872e+03	1.424213e+03	0	2.645902e-04
3.810000e+09	5.542460e+11	0.000000e+00	5.929649e-01	2.073471e+13	8.551980e+13	5.370197e+13	6.170398e+03	2.708340e+03	1.423933e+03	0	2.642040e-04
3.820000e+09	5.518201e+11	0.000000e+00	5.929649e-01	2.069923e+13	8.533687e+13	5.358177e+13	6.169139e+03	2.707810e+03	1.423654e+03	0	2.638179e-04
3.830000e+09	5.494023e+11	0.000000e+00	5.929649e-01	2.066385e+13	8.515472e+13	5.346212e+13	6.167881e+03	2.707280e+03	1.423376e+03	0	2.634321e-04
3.840000e+09	5.469924e+11	0.000000e+00	5.929649e-01	2.062859e+13	8.497335e+13	5.334302e+13	6.166626e+03	2.706753e+03	1.423098e+03	0	2.630463e-04
3.850000e+09	5.445906e+11	0.000000e+00	5.929649e-01	2.059344e+13	8.479274e+13	5.322447e+13	6.165372e+03	2.706226e+03	1.422822e+03	0	2.626607e-04
3.860000e+09	5.421966e+11	0.000000e+00	5.929649e-01	2.055840e+13	8.461289e+13	5.310645e+13	6.164121e+03	2.705701e+03	1.422546e+03	0	2.622753e-04
3.870000e+09	5.398106e+11	0.000000e+00	5.929649e-01	2.052347e+13	8.443381e+13	5.298897e+13	6.162872e+03	2.705177e+03	1.422270e+03	0	2.618900e-04
3.880000e+09	5.374324e+11	0.000000e+00	5.929649e-01	2.048866e+13	8.425547e+13	5.287203e+13	6.161625e+03	2.704654e+03	1.421995e+03	0	2.615048e-04
3.890000e+09	5.350620e+11	0.000000e+00	5.929649e-01	2.045395e+13	8.407789e+13	5.275562e+13	6.160380e+03	2.704133e+03	1.421721e+03	0	2.611198e-04
3.900000e+09	5.326994e+11	0.000000e+00	5.929649e-01	2.041935e+13	8.390106e+13	5.263973e+13	6.159138e+03	2.703613e+03	1.421448e+03	0	2.607349e-04
3.910000e+09	5.303445e+11	0.000000e+00	5.929649e-01	2.038487e+13	8.372496e+13	5.252437e+13	6.157897e+03	2.703094e+03	1.421175e+03	0	2.603502e-04
3.920000e+09	5.279974e+11	0.000000e+00	5.929649e-01	2.035049e+13	8.354961e+13	5.240954e+13	6.156659e+03	2.702576e+03	1.420903e+03	0	2.599655e-04
3.930000e+09	5.256579e+11	0.000000e+00	5.929649e-01	2.031622e+13	8.337498e+13	5.229522e+13	6.155422e+03	2.702060e+03	1.420631e+03	0	2.595810e-04
3.940000e+09	5.233261e+11	0.000000e+00	5.929649e-01	2.028205e+13	8.320109e+13	5.218141e+13	6.154188e+03	2.701545e+03	1.420360e+03	0	2.591966e-04
3.950000e+09	5.210018e+11	0.000000e+00	5.929649e-01	2.024800e+13	8.302791e+13	5.206812e+13	6.152955e+03	2.701031e+03	1.420090e+03	0	2.588123e-04
3.960000e+09	5.186851e+11	0.000000e+00	5.929649e-01	2.021405e+13	8.285546e+13	5.195533e+13	6.151725e+03	2.700518e+03	1.419821e+03	0	2.584281e-04
3.970000e+09	5.163760e+11	0.000000e+00	5.929649e-01	2.018021e+13	8.268372e+13	5.184305e+13	6.150497e+03	2.700007e+03	1.419552e+03	0	2.580440e-04
3.980000e+09	5.140743e+11	0.000000e+00	5.929649e-01	2.014647e+13	8.251270e+13	5.173127e+13	6.149271e+03	2.699497e+03	1.419284e+03	0	2.576601e-04
3.990000e+09	5.117801e+11	0.000000e+00	5.929649e-01	2.011284e+13	8.234238e+13	5.162000e+13	6.148047e+03	2.698988e+03	1.419016e+03	0	2.572762e-04
4.000000e+09	5.094933e+11	0.000000e+00	5.929649e-01	2.007931e+13	8.217276e+13	5.150921e+13	6.146825e+03	2.698480e+03	1.418749e+03	0	2.568924e-04
4.010000e+09	5.072140e+11	0.000000e+00	5.929649e-01	2.004589e+13	8.200384e+13	5.139893e+13	6.145605e+03	2.697973e+03	1.418483e+03	0	2.565088e-04
4.020000e+09	5.049419e+11	0.000000e+00	5.929649e-01	2.001257e+13	8.183562e+13	5.128913e+13	6.144387e+03	2.697468e+03	1.418217e+03	0	2.561252e-04
4.030000e+09	5.026772e+11	0.000000e+00	5.929649e-01	1.997935e+13	8.166808e+13	5.117982e+13	6.143171e+03	2.696964e+03	1.417952e+03	0	2.557417e-04
4.040000e+09	5.004198e+11	0.000000e+00	5.929649e-01	1.994624e+13	8.150124e+13	5.107099e+13	6.141957e+03	2.696461e+03	1.417688e+03	0	2.553583e-04
4.050000e+09	4.981696e+11	0.000000e+00	5.929649e-01	1.991323e+13	8.133507e+13	5.096264e+13	6.140745e+03	2.695959e+03	1.417424e+03	0	2.549750e-04
4.060000e+09	4.959267e+11	0.000000e+00	5.929649e-01	1.988032e+13	8.116958e+13	5.085477e+13	6.139536e+03	2.695459e+03	1.417161e+03	0	2.545917e-04
4.070000e+09	4.936909e+11	0.000000e+00	5.929649e-01	1.984751e+13	8.100477e+13	5.074738e+13	6.138328e+03	2.694959e+03	1.416898e+03	0	2.542086e-04
4.080000e+09	4.914623e+11	0.000000e+00	5.929649e-01	1.981481e+13	8.084063e+13	5.064046e+13	6.137122e+03	2.694461e+03	1.416636e+03	0	2.538255e-04
4.090000e+09	4.892408e+11	0.000000e+00	5.929649e-01	1.978220e+13	8.067715e+13	5.053401e+13	6.135918e+03	2.693964e+03	1.416375e+03	0	2.534425e-04
4.100000e+09	4.870264e+11	0.000000e+00	5.929649e-01	1.974969e+13	8.051434e+13	5.042802e+13	6.134716e+03	2.693468e+03	1.416114e+03	0	2.530595e-04
4.110000e+09	4.848191e+11	0.000000e+00	5.929649e-01	1.971729e+13	8.035219e+13	5.032250e+13	6.133516e+03	2.692973e+03	1.415854e+03	0	2.526766e-04
4.120000e+09	4.826188e+11	0.000000e+00	5.929649e-01	1.968498e+13	8.019069e+13	5.021744e+13	6.132318e+03	2.692480e+03	1.415594e+03	0	2.522938e-04
4.130000e+09	4.804255e+11	0.000000e+00	5.929649e-01	1.965277e+13	8.002984e+13	5.011284e+13	6.131122e+03	2.691987e+03	1.415336e+03	0	2.519110e-04
4.140000e+09	4.782391e+11	0.000000e+00	5.929649e-01	1.962066e+13	7.986964e+13	5.000870e+13	6.129928e+03	2.691496e+03	1.415077e+03	0	2.515283e-04
4.150000e+09	4.760597e+11	0.000000e+00	5.929649e-01	1.958865e+13	7.971008e+13	4.990500e+13	6.128736e+03	2.691006e+03	1.414820e+03	0	2.511456e-04
4.160000e+09	4.738872e+11	0.000000e+00	5.929649e-01	1.955673e+13	7.955117e+13	4.980176e+13	6.127546e+03	2.690517e+03	1.414562e+03	0	2.507630e-04
4.170000e+09	4.717215e+11	0.000000e+00	5.929649e-01	1.952492e+13	7.939289e+13	4.969896e+13	6.126358e+03	2.690029e+03	1.414306e+03	0	2.503804e-04
4.180000e+09	4.695627e+11	0.000000e+00	5.929649e-01	1.949319e+13	7.923524e+13	4.959661e+13	6.125171e+03	2.689543e+03	1.414050e+03	0	2.499979e-04
4.190000e+09	4.674107e+11	0.000000e+00	5.929649e-01	1.946157e+13	7.907822e+13	4.949470e+13	6.123987e+03	2.689057e+03	1.413795e+03	0	2.496154e-04
4.200000e+09	4.652654e+11	0.000000e+00	5.929649e-01	1.943004e+13	7.892183e+13	4.939323e+13	6.122804e+03	2.688572e+03	1.413540e+03	0	2.492329e-04
4.210000e+09	4.631269e+11	0.000000e+00	5.929649e-01	1.939861e+13	7.876606e+13	4.929220e+13	6.121624e+03	2.688089e+03	1.413286e+03	0	2.488505e-04
4.220000e+09	4.609952e+11	0.000000e+00	5.929649e-01	1.936727e+13	7.861091e+13	4.919160e+13	6.120445e+03	2.687607e+03	1.413032e+03	0	2.484681e-04
4.230000e+09	4.588701e+11	0.000000e+00	5.929649e-01	1.933602e+13	7.845638e+13	4.909143e+13	6.119269e+03	2.687126e+03	1.412780e+03	0	2.480857e-04
4.240000e+09	4.567516e+11	0.000000e+00	5.929649e-01	1.930487e+13	7.830245e+13	4.899169e+13	6.118094e+03	2.686646e+03	1.412527e+03	0	2.477033e-04
4.250000e+09	4.546398e+11	0.000000e+00	5.929649e-01	1.927381e+13	7.814913e+13	4.889238e+13	6.116921e+03	2.686167e+03	1.412275e+03	0	2.473210e-04
4.260000e+09	4.525346e+11	0.000000e+00	5.929649e-01	1.924285e+13	7.799642e+13	4.879349e+13	6.115750e+03	2.685689e+03	1.412024e+03	0	2.469386e-04
4.270000e+09	4.504359e+11	0.000000e+00	5.929649e-01	1.921198e+13	7.784431e+13	4.869502e+13	6.114581e+03	2.685212e+03	1.411774e+03	0	2.465563e-04
4.280000e+09	4.483438e+11	0.000000e+00	5.929649e-01	1.918120e+13	7.769280e+13	4.859697e+13	6.113413e+03	2.684737e+03	1.411523e+03	0	2.461740e-04
4.290000e+09	4.462581e+11	0.000000e+00	5.929649e-01	1.915051e+13	7.754188e+13	4.849933e+13	6.112248e+03	2.684262e+03	1.411274e+03	0	2.457917e-04
4.300000e+09	4.441790e+11	0.000000e+00	5.929649e-01	1.911991e+13	7.739155e+13	4.840211e+13	6.111084e+03	2.683789e+03	1.411025e+03	0	2.454094e-04
4.310000e+09	4.421063e+11	0.000000e+00	5.929649e-01	1.908941e+13	7.724181e+13	4.830530e+13	6.109923e+03	2.683316e+03	1.410777e+03	0	2.450271e-04
4.320000e+09	4.400400e+11	0.000000e+00	5.929649e-01	1.905899e+13	7.709266e+13	4.820890e+13	6.108763e+03	2.682845e+03	1.410529e+03	0	2.446447e-04
4.330000e+09	4.379801e+11	0.000000e+00	5.929649e-01	1.902867e+13	7.694408e+13	4.811291e+13	6.107605e+03	2.682375e+03	1.410282e+03	0	2.442624e-04
4.340000e+09	4.359266e+11	0.000000e+00	5.929649e-01	1.899844e+13	7.679608e+13	4.801731e+13	6.106449e+03	2.681906e+03	1.410035e+03	0	2.438800e-04
4.350000e+09	4.338794e+11	0.000000e+00	5.929649e-01	1.896829e+13	7.664866e+13	4.792212e+13	6.105294e+03	2.681438e+03	1.409789e+03	0	2.434977e-04
4.360000e+09	4.318386e+11	0.000000e+00	5.929649e-01	1.893824e+13	7.650181e+13	4.782733e+13	6.104142e+03	2.680970e+03	1.409543e+03	0	2.431153e-04
4.370000e+09	4.298040e+11	0.000000e+00	5.929649e-01	1.890827e+13	7.635553e+13	4.773294e+13	6.102991e+03	2.680504e+03	1.409298e+03	0	2.427329e-04
4.380000e+09	4.277756e+11	0.000000e+00	5.929649e-01	1.887839e+13	7.620981e+13	4.763894e+13	6.101842e+03	2.680040e+03	1.409054e+03	0	2.423504e-04
4.390000e+09	4.257535e+11	0.000000e+00	5.929649e-01	1.884860e+13	7.606466e+13	4.754533e+13	6.100695e+03	2.679576e+03	1.408810e+03	0	2.419680e-04
4.400000e+09	4.237376e+11	0.000000e+00	5.929649e-01	1.881890e+13	7.592006e+13	4.745212e+13	6.099550e+03	2.679113e+03	1.408567e+03	0	2.415855e-04
4.410000e+09	4.217278e+11	0.000000e+00	5.929649e-01	1.878929e+13	7.577602e+13	4.735929e+13	6.098407e+03	2.678651e+03	1.408324e+03	0	2.412029e-04
4.420000e+09	4.197242e+11	0.000000e+00	5.929649e-01	1.875976e+13	7.563254e+13	4.726684e+13	6.097265e+03	2.678190e+03	1.408081e+03	0	2.408203e-04
4.430000e+09	4.177268e+11	0.000000e+00	5.929649e-01	1.873032e+13	7.548960e+13	4.717478e+13	6.096125e+03	2.677730e+03	1.407840e+03	0	2.404377e-04
4.440000e+09	4.157354e+11	0.000000e+00	5.929649e-01	1.870096e+13	7.534721e+13	4.708310e+13	6.094987e+03	2.677272e+03	1.407599e+03	0	2.400550e-04
4.450000e+09	4.137500e+11	0.000000e+00	5.929649e-01	1.867169e+13	7.520536e+13	4.699179e+13	6.093851e+03	2.676814e+03	1.407358e+03	0	2.396723e-04
4.460000e+09	4.117707e+11	0.000000e+00	5.929649e-01	1.864251e+13	7.506406e+13	4.690087e+13	6.092716e+03	2.676357e+03	1.407118e+03	0	2.392895e-04
4.470000e+09	4.097974e+11	0.000000e+00	5.929649e-01	1.861341e+13	7.492329e+13	4.681031e+13	6.091584e+03	2.675901e+03	1.406878e+03	0	2.389066e-04
4.480000e+09	4.078301e+11	0.000000e+00	5.929649e-01	1.858440e+13	7.478305e+13	4.672013e+13	6.090453e+03	2.675447e+03	1.406639e+03	0	2.385237e-04
4.490000e+09	4.058688e+11	0.000000e+00	5.929649e-01	1.855547e+13	7.464335e+13	4.663032e+13	6.089324e+03	2.674993e+03	1.406401e+03	0	2.381407e-04
4.500000e+09	4.039134e+11	0.000000e+00	5.929649e-01	1.852662e+13	7.450418e+13	4.654088e+13	6.088196e+03	2.674540e+03	1.406163e+03	0	2.377577e-04
4.510000e+09	4.019639e+11	0.000000e+00	5.929649e-01	1.849786e+13	7.436553e+13	4.645180e+13	6.087071e+03	2.674089e+03	1.405925e+03	0	2.373745e-04
4.520000e+09	4.000203e+11	0.000000e+00	5.929649e-01	1.846918e+13	7.422741e+13	4.636308e+13	6.085947e+03	2.673638e+03	1.405688e+03	0	2.369913e-04
4.530000e+09	3.980825e+11	0.000000e+00	5.929649e-01	1.844058e+13	7.408980e+13	4.627473e+13	6.084824e+03	2.673188e+03	1.405452e+03	0	2.366080e-04
4.540000e+09	3.961506e+11	0.000000e+00	5.929649e-01	1.841207e+13	7.395272e+13	4.618673e+13	6.083704e+03	2.672740e+03	1.405216e+03	0	2.362247e-04
4.550000e+09	3.942244e+11	0.000000e+00	5.929649e-01	1.838364e+13	7.381615e+13	4.609909e+13	6.082585e+03	2.672292e+03	1.404980e+03	0	2.358412e-04
4.560000e+09	3.923041e+11	0.000000e+00	5.929649e-01	1.835529e+13	7.368009e+13	4.601181e+13	6.081468e+03	2.671845e+03	1.404746e+03	0	2.354576e-04
4.570000e+09	3.903895e+11	0.000000e+00	5.929649e-01	1.832702e+13	7.354453e+13	4.592488e+13	6.080353e+03	2.671399e+03	1.404511e+03	0	2.350740e-04
4.580000e+09	3.884807e+11	0.000000e+00	5.929649e-01	1.829883e+13	7.340949e+13	4.583830e+13	6.079239e+03	2.670955e+03	1.404277e+03	0	2.346902e-04
4.590000e+09	3.865775e+11	0.000000e+00	5.929649e-01	1.827073e+13	7.327495e+13	4.575206e+13	6.078128e+03	2.670511e+03	1.404044e+03	0	2.343063e-04
4.600000e+09	3.846800e+11	0.000000e+00	5.929649e-01	1.824270e+13	7.314091e+13	4.566618e+13	6.077018e+03	2.670068e+03	1.403811e+03	0	2.339223e-04
4.610000e+09	3.827882e+11	0.000000e+00	5.929649e-01	1.821475e+13	7.300737e+13	4.558064e+13	6.075909e+03	2.669626e+03	1.403579e+03	0	2.335382e-04
4.620000e+09	3.809021e+11	0.000000e+00	5.929649e-01	1.818689e+13	7.287432e+13	4.549544e+13	6.074802e+03	2.669185e+03	1.403347e+03	0	2.331540e-04
4.630000e+09	3.790215e+11	0.000000e+00	5.929649e-01	1.815910e+13	7.274177e+13	4.541058e+13	6.073697e+03	2.668745e+03	1.403116e+03	0	2.327697e-04
4.640000e+09	3.771465e+11	0.000000e+00	5.929649e-01	1.813139e+13	7.260971e+13	4.532606e+13	6.072594e+03	2.668306e+03	1.402885e+03	0	2.323852e-04
4.650000e+09	3.752771e+11	0.000000e+00	5.929649e-01	1.810377e+13	7.247813e+13	4.524188e+13	6.071492e+03	2.667868e+03	1.402654e+03	0	2.320006e-04
4.660000e+09	3.734133e+11	0.000000e+00	5.929649e-01	1.807622e+13	7.234704e+13	4.515803e+13	6.070392e+03	2.667431e+03	1.402425e+03	0	2.316159e-04
4.670000e+09	3.715549e+11	0.000000e+00	5.929649e-01	1.804874e+13	7.221644e+13	4.507452e+13	6.069294e+03	2.666995e+03	1.402195e+03	0	2.312310e-04
4.680000e+09	3.697021e+11	0.000000e+00	5.929649e-01	1.802135e+13	7.208631e+13	4.499133e+13	6.068197e+03	2.666559e+03	1.401966e+03	0	2.308460e-04
4.690000e+09	3.678547e+11	0.000000e+00	5.929649e-01	1.799403e+13	7.195666e+13	4.490848e+13	6.067102e+03	2.666125e+03	1.401738e+03	0	2.304609e-04
4.700000e+09	3.660127e+11	0.000000e+00	5.929649e-01	1.796679e+13	7.182748e+13	4.482595e+13	6.066009e+03	2.665692e+03	1.401510e+03	0	2.300756e-04
4.710000e+09	3.641762e+11	0.000000e+00	5.929649e-01	1.793963e+13	7.169878e+13	4.474375e+13	6.064917e+03	2.665259e+03	1.401283e+03	0	2.296901e-04
4.720000e+09	3.623451e+11	0.000000e+00	5.929649e-01	1.791254e+13	7.157054e+13	4.466187e+13	6.063827e+03	2.664828e+03	1.401056e+03	0	2.293045e-04
4.730000e+09	3.605194e+11	0.000000e+00	5.929649e-01	1.788553e+13	7.144278e+13	4.458031e+13	6.062739e+03	2.664397e+03	1.400830e+03	0	2.289187e-04
4.740000e+09	3.586990e+11	0.000000e+00	5.929649e-01	1.785860e+13	7.131548e+13	4.449907e+13	6.061652e+03	2.663967e+03	1.400604e+03	0	2.285328e-04
4.750000e+09	3.568840e+11	0.000000e+00	5.929649e-01	1.783174e+13	7.118864e+13	4.441815e+13	6.060567e+03	2.663538e+03	1.400378e+03	0	2.281467e-04
4.760000e+09	3.550742e+11	0.000000e+00	5.929649e-01	1.780496e+13	7.106226e+13	4.433755e+13	6.059484e+03	2.663111e+03	1.400153e+03	0	2.277604e-04
4.770000e+09	3.532698e+11	0.000000e+00	5.929649e-01	1.777825e+13	7.093633e+13	4.425726e+13	6.058402e+03	2.662684e+03	1.399929e+03	0	2.273739e-04
4.780000e+09	3.514706e+11	0.000000e+00	5.929649e-01	1.775162e+13	7.081087e+13	4.417729e+13	6.057322e+03	2.662258e+03	1.399705e+03	0	2.269873e-04
4.790000e+09	3.496767e+11	0.000000e+00	5.929649e-01	1.772506e+13	7.068585e+13	4.409762e+13	6.056243e+03	2.661832e+03	1.399481e+03	0	2.266004e-04
4.800000e+09	3.478880e+11	0.000000e+00	5.929649e-01	1.769857e+13	7.056129e+13	4.401826e+13	6.055166e+03	2.661408e+03	1.399258e+03	0	2.262134e-04
4.810000e+09	3.461045e+11	0.000000e+00	5.929649e-01	1.767216e+13	7.043717e+13	4.393921e+13	6.054091e+03	2.660985e+03	1.399036e+03	0	2.258261e-04
4.820000e+09	3.443261e+11	0.000000e+00	5.929649e-01	1.764583e+13	7.031350e+13	4.386047e+13	6.053017e+03	2.660562e+03	1.398814e+03	0	2.254387e-04
4.830000e+09	3.425530e+11	0.000000e+00	5.929649e-01	1.761956e+13	7.019027e+13	4.378203e+13	6.051945e+03	2.660141e+03	1.398592e+03	0	2.250511e-04
4.840000e+09	3.407849e+11	0.000000e+00	5.929649e-01	1.759337e+13	7.006748e+13	4.370389e+13	6.050874e+03	2.659720e+03	1.398371e+03	0	2.246632e-04
4.850000e+09	3.390220e+11	0.000000e+00	5.929649e-01	1.756725e+13	6.994514e+13	4.362605e+13	6.049805e+03	2.659300e+03	1.398150e+03	0	2.242751e-04
4.860000e+09	3.372642e+11	0.000000e+00	5.929649e-01	1.754120e+13	6.982322e+13	4.354851e+13	6.048738e+03	2.658881e+03	1.397930e+03	0	2.238868e-04
4.870000e+09	3.355114e+11	0.000000e+00	5.929649e-01	1.751523e+13	6.970175e+13	4.347127e+13	6.047672e+03	2.658463e+03	1.397710e+03	0	2.234983e-04
4.880000e+09	3.337637e+11	0.000000e+00	5.929649e-01	1.748932e+13	6.958070e+13	4.339433e+13	6.046608e+03	2.658046e+03	1.397491e+03	0	2.231096e-04
4.890000e+09	3.320211e+11	0.000000e+00	5.929649e-01	1.746349e+13	6.946008e+13	4.331767e+13	6.045545e+03	2.657630e+03	1.397272e+03	0	2.227206e-04
4.900000e+09	3.302834e+11	0.000000e+00	5.929649e-01	1.743773e+13	6.933989e+13	4.324131e+13	6.044484e+03	2.657214e+03	1.397053e+03	0	2.223314e-04
4.910000e+09	3.285508e+11	0.000000e+00	5.929649e-01	1.741204e+13	6.922013e+13	4.316524e+13	6.043424e+03	2.656800e+03	1.396835e+03	0	2.219419e-04
4.920000e+09	3.268231e+11	0.000000e+00	5.929649e-01	1.738642e+13	6.910079e+13	4.308946e+13	6.042366e+03	2.656386e+03	1.396618e+03	0	2.215522e-04
4.930000e+09	3.251003e+11	0.000000e+00	5.929649e-01	1.736087e+13	6.898187e+13	4.301396e+13	6.041310e+03	2.655973e+03	1.396401e+03	0	2.211622e-04
4.940000e+09	3.233825e+11	0.000000e+00	5.929649e-01	1.733539e+13	6.886337e+13	4.293876e+13	6.040255e+03	2.655561e+03	1.396184e+03	0	2.207720e-04
4.950000e+09	3.216696e+11	0.000000e+00	5.929649e-01	1.730998e+13	6.874528e+13	4.286383e+13	6.039202e+03	2.655150e+03	1.395968e+03	0	2.203815e-04
4.960000e+09	3.199616e+11	0.000000e+00	5.929649e-01	1.728464e+13	6.862761e+13	4.278919e+13	6.038150e+03	2.654740e+03	1.395752e+03	0	2.199908e-04
4.970000e+09	3.182585e+11	0.000000e+00	5.929649e-01	1.725937e+13	6.851035e+13	4.271483e+13	6.037100e+03	2.654330e+03	1.395537e+03	0	2.195997e-04
4.980000e+09	3.165602e+11	0.000000e+00	5.929649e-01	1.723417e+13	6.839350e+13	4.264074e+13	6.036051e+03	2.653921e+03	1.395322e+03	0	2.192084e-04
4.990000e+09	3.148667e+11	0.000000e+00	5.929649e-01	1.720904e+13	6.827706e+13	4.256694e+13	6.035004e+03	2.653514e+03	1.395108e+03	0	2.188168e-04
5.000000e+09	3.131781e+11	0.000000e+00	5.929649e-01	1.718397e+13	6.816102e+13	4.249341e+13	6.033958e+03	2.653107e+03	1.394894e+03	0	2.184250e-04
5.010000e+09	3.114942e+11	0.000000e+00	5.929649e-01	1.715897e+13	6.804539e+13	4.242015e+13	6.032914e+03	2.652701e+03	1.394680e+03	0	2.180328e-04
5.020000e+09	3.098151e+11	0.000000e+00	5.929649e-01	1.713404e+13	6.793016e+13	4.234717e+13	6.031871e+03	2.652295e+03	1.394467e+03	0	2.176403e-04
5.030000e+09	3.081408e+11	0.000000e+00	5.929649e-01	1.710918e+13	6.781533e+13	4.227446e+13	6.030830e+03	2.651891e+03	1.394254e+03	0	2.172475e-04
5.040000e+09	3.064712e+11	0.000000e+00	5.929649e-01	1.708439e+13	6.770090e+13	4.220202e+13	6.029791e+03	2.651487e+03	1.394042e+03	0	2.168545e-04
5.050000e+09	3.048063e+11	0.000000e+00	5.929649e-01	1.705966e+13	6.758686e+13	4.212985e+13	6.028753e+03	2.651084e+03	1.393830e+03	0	2.164611e-04
5.060000e+09	3.031461e+11	0.000000e+00	5.929649e-01	1.703500e+13	6.747322e+13	4.205795e+13	6.027716e+03	2.650682e+03	1.393619e+03	0	2.160673e-04
5.070000e+09	3.014906e+11	0.000000e+00	5.929649e-01	1.701040e+13	6.735996e+13	4.198631e+13	6.026681e+03	2.650281e+03	1.393408e+03	0	2.156733e-04
5.080000e+09	2.998397e+11	0.000000e+00	5.929649e-01	1.698587e+13	6.724710e+13	4.191493e+13	6.025647e+03	2.649881e+03	1.393198e+03	0	2.152789e-04
5.090000e+09	2.981935e+11	0.000000e+00	5.929649e-01	1.696141e+13	6.713463e+13	4.184382e+13	6.024615e+03	2.649481e+03	1.392988e+03	0	2.148842e-04
5.100000e+09	2.965519e+11	0.000000e+00	5.929649e-01	1.693701e+13	6.702254e+13	4.177297e+13	6.023585e+03	2.649083e+03	1.392778e+03	0	2.144892e-04
5.110000e+09	2.949149e+11	0.000000e+00	5.929649e-01	1.691268e+13	6.691083e+13	4.170238e+13	6.022556e+03	2.648685e+03	1.392569e+03	0	2.140938e-04
5.120000e+09	2.932825e+11	0.000000e+00	5.929649e-01	1.688841e+13	6.679951e+13	4.163205e+13	6.021528e+03	2.648288e+03	1.392360e+03	0	2.136980e-04
5.130000e+09	2.916546e+11	0.000000e+00	5.929649e-01	1.686421e+13	6.668856e+13	4.156197e+13	6.020502e+03	2.647891e+03	1.392152e+03	0	2.133019e-04
5.140000e+09	2.900313e+11	0.000000e+00	5.929649e-01	1.684007e+13	6.657799e+13	4.149215e+13	6.019477e+03	2.647496e+03	1.391944e+03	0	2.129055e-04
5.150000e+09	2.884126e+11	0.000000e+00	5.929649e-01	1.681600e+13	6.646780e+13	4.142259e+13	6.018454e+03	2.647101e+03	1.391736e+03	0	2.125086e-04
5.160000e+09	2.867983e+11	0.000000e+00	5.929649e-01	1.679199e+13	6.635799e+13	4.135327e+13	6.017432e+03	2.646707e+03	1.391529e+03	0	2.121114e-04
5.170000e+09	2.851885e+11	0.000000e+00	5.929649e-01	1.676805e+13	6.624854e+13	4.128421e+13	6.016412e+03	2.646314e+03	1.391322e+03	0	2.117138e-04
5.180000e+09	2.835832e+11	0.000000e+00	5.929649e-01	1.674417e+13	6.613947e+13	4.121540e+13	6.015393e+03	2.645922e+03	1.391116e+03	0	2.113158e-04
5.190000e+09	2.819824e+11	0.000000e+00	5.929649e-01	1.672035e+13	6.603077e+13	4.114684e+13	6.014375e+03	2.645530e+03	1.390910e+03	0	2.109174e-04
5.200000e+09	2.803860e+11	0.000000e+00	5.929649e-01	1.669659e+13	6.592243e+13	4.107852e+13	6.013359e+03	2.645139e+03	1.390705e+03	0	2.105186e-04
5.210000e+09	2.787940e+11	0.000000e+00	5.929649e-01	1.667290e+13	6.581445e+13	4.101045e+13	6.012345e+03	2.644749e+03	1.390500e+03	0	2.101195e-04
5.220000e+09	2.772064e+11	0.000000e+00	5.929649e-01	1.664927e+13	6.570684e+13	4.094263e+13	6.011332e+03	2.644360e+03	1.390295e+03	0	2.097199e-04
5.230000e+09	2.756232e+11	0.000000e+00	5.929649e-01	1.662570e+13	6.559959e+13	4.087505e+13	6.010320e+03	2.643971e+03	1.390091e+03	0	2.093198e-04
5.240000e+09	2.740444e+11	0.000000e+00	5.929649e-01	1.660220e+13	6.549270e+13	4.080771e+13	6.009310e+03	2.643584e+03	1.389887e+03	0	2.089194e-04
5.250000e+09	2.724699e+11	0.000000e+00	5.929649e-01	1.657875e+13	6.538617e+13	4.074061e+13	6.008301e+03	2.643197e+03	1.389683e+03	0	2.085185e-04
5.260000e+09	2.708998e+11	0.000000e+00	5.929649e-01	1.655537e+13	6.528000e+13	4.067375e+13	6.007294e+03	2.642811e+03	1.389480e+03	0	2.081172e-04
5.270000e+09	2.693340e+11	0.000000e+00	5.929649e-01	1.653205e+13	6.517417e+13	4.060713e+13	6.006288e+03	2.642425e+03	1.389278e+03	0	2.077155e-04
5.280000e+09	2.677724e+11	0.000000e+00	5.929649e-01	1.650879e+13	6.506870e+13	4.054074e+13	6.005283e+03	2.642040e+03	1.389076e+03	0	2.073133e-04
5.290000e+09	2.662152e+11	0.000000e+00	5.929649e-01	1.648559e+13	6.496359e+13	4.047460e+13	6.004280e+03	2.641657e+03	1.388874e+03	0	2.069106e-04
5.300000e+09	2.646622e+11	0.000000e+00	5.929649e-01	1.646246e+13	6.485882e+13	4.040868e+13	6.003279e+03	2.641273e+03	1.388672e+03	0	2.065075e-04
5.310000e+09	2.631135e+11	0.000000e+00	5.929649e-01	1.643938e+13	6.475439e+13	4.034300e+13	6.002278e+03	2.640891e+03	1.388471e+03	0	2.061039e-04
5.320000e+09	2.615690e+11	0.000000e+00	5.929649e-01	1.641636e+13	6.465032e+13	4.027755e+13	6.001279e+03	2.640509e+03	1.388271e+03	0	2.056998e-04
5.330000e+09	2.600288e+11	0.000000e+00	5.929649e-01	1.639341e+13	6.454658e+13	4.021233e+13	6.000282e+03	2.640128e+03	1.388070e+03	0	2.052953e-04
5.340000e+09	2.584927e+11	0.000000e+00	5.929649e-01	1.637051e+13	6.444319e+13	4.014734e+13	5.999286e+03	2.639748e+03	1.387870e+03	0	2.048902e-04
5.350000e+09	2.569608e+11	0.000000e+00	5.929649e-01	1.634767e+13	6.434014e+13	4.008258e+13	5.998291e+03	2.639369e+03	1.387671e+03	0	2.044847e-04
5.360000e+09	2.554331e+11	0.000000e+00	5.929649e-01	1.632489e+13	6.423743e+13	4.001804e+13	5.997298e+03	2.638990e+03	1.387472e+03	0	2.040786e-04
5.370000e+09	2.539095e+11	0.000000e+00	5.929649e-01	1.630217e+13	6.413505e+13	3.995373e+13	5.996306e+03	2.638612e+03	1.387273e+03	0	2.036721e-04
5.380000e+09	2.523901e+11	0.000000e+00	5.929649e-01	1.627951e+13	6.403301e+13	3.988965e+13	5.995315e+03	2.638235e+03	1.387075e+03	0	2.032650e-04
5.390000e+09	2.508748e+11	0.000000e+00	5.929649e-01	1.625691e+13	6.393131e+13	3.982578e+13	5.994326e+03	2.637859e+03	1.386877e+03	0	2.028574e-04
5.400000e+09	2.493636e+11	0.000000e+00	5.929649e-01	1.623437e+13	6.382993e+13	3.976214e+13	5.993338e+03	2.637483e+03	1.386679e+03	0	2.024492e-04
5.410000e+09	2.478565e+11	0.000000e+00	5.929649e-01	1.621188e+13	6.372889e+13	3.969872e+13	5.992352e+03	2.637108e+03	1.386482e+03	0	2.020406e-04
5.420000e+09	2.463535e+11	0.000000e+00	5.929649e-01	1.618946e+13	6.362817e+13	3.963552e+13	5.991367e+03	2.636734e+03	1.386285e+03	0	2.016313e-04
5.430000e+09	2.448545e+11	0.000000e+00	5.929649e-01	1.616709e+13	6.352779e+13	3.957254e+13	5.990383e+03	2.636360e+03	1.386089e+03	0	2.012215e-04
5.440000e+09	2.433595e+11	0.000000e+00	5.929649e-01	1.614478e+13	6.342773e+13	3.950978e+13	5.989400e+03	2.635987e+03	1.385893e+03	0	2.008112e-04
5.450000e+09	2.418686e+11	0.000000e+00	5.929649e-01	1.612252e+13	6.332799e+13	3.944723e+13	5.988419e+03	2.635615e+03	1.385697e+03	0	2.004003e-04
5.460000e+09	2.403817e+11	0.000000e+00	5.929649e-01	1.610032e+13	6.322857e+13	3.938490e+13	5.987440e+03	2.635244e+03	1.385502e+03	0	1.999888e-04
5.470000e+09	2.388988e+11	0.000000e+00	5.929649e-01	1.607818e+13	6.312948e+13	3.932278e+13	5.986461e+03	2.634873e+03	1.385307e+03	0	1.995767e-04
5.480000e+09	2.374198e+11	0.000000e+00	5.929649e-01	1.605610e+13	6.303071e+13	3.926088e+13	5.985484e+03	2.634503e+03	1.385113e+03	0	1.991640e-04
5.490000e+09	2.359449e+11	0.000000e+00	5.929649e-01	1.603407e+13	6.293225e+13	3.919918e+13	5.984509e+03	2.634134e+03	1.384918e+03	0	1.987507e-04
5.500000e+09	2.344738e+11	0.000000e+00	5.929649e-01	1.601210e+13	6.283411e+13	3.913770e+13	5.983535e+03	2.633765e+03	1.384725e+03	0	1.983368e-04
5.510000e+09	2.330068e+11	0.000000e+00	5.929649e-01	1.599019e+13	6.273629e+13	3.907642e+13	5.982562e+03	2.633397e+03	1.384531e+03	0	1.979223e-04
5.520000e+09	2.315436e+11	0.000000e+00	5.929649e-01	1.596833e+13	6.263878e+13	3.901536e+13	5.981590e+03	2.633030e+03	1.384338e+03	0	1.975071e-04
5.530000e+09	2.300843e+11	0.000000e+00	5.929649e-01	1.594652e+13	6.254158e+13	3.895450e+13	5.980620e+03	2.632663e+03	1.384145e+03	0	1.970913e-04
5.540000e+09	2.286289e+11	0.000000e+00	5.929649e-01	1.592477e+13	6.244469e+13	3.889385e+13	5.979651e+03	2.632298e+03	1.383953e+03	0	1.966749e-04
5.550000e+09	2.271774e+11	0.000000e+00	5.929649e-01	1.590308e+13	6.234811e+13	3.883340e+13	5.978683e+03	2.631933e+03	1.383761e+03	0	1.962578e-04
5.560000e+09	2.257298e+11	0.000000e+00	5.929649e-01	1.588144e+13	6.225184e+13	3.877316e+13	5.977717e+03	2.631568e+03	1.383570e+03	0	1.958400e-04
5.570000e+09	2.242860e+11	0.000000e+00	5.929649e-01	1.585986e+13	6.215587e+13	3.871312e+13	5.976752e+03	2.631204e+03	1.383378e+03	0	1.954216e-04
5.580000e+09	2.228460e+11	0.000000e+00	5.929649e-01	1.583833e+13	6.206021e+13	3.865328e+13	5.975788e+03	2.630841e+03	1.383188e+03	0	1.950025e-04
5.590000e+09	2.214098e+11	0.000000e+00	5.929649e-01	1.581686e+13	6.196485e+13	3.859364e+13	5.974826e+03	2.630479e+03	1.382997e+03	0	1.945826e-04
5.600000e+09	2.199775e+11	0.000000e+00	5.929649e-01	1.579543e+13	6.186979e+13	3.853420e+13	5.973865e+03	2.630117e+03	1.382807e+03	0	1.941621e-04
5.610000e+09	2.185489e+11	0.000000e+00	5.929649e-01	1.577407e+13	6.177503e+13	3.847496e+13	5.972905e+03	2.629756e+03	1.382617e+03	0	1.937409e-04
5.620000e+09	2.171241e+11	0.000000e+00	5.929649e-01	1.575276e+13	6.168057e+13	3.841592e+13	5.971946e+03	2.629396e+03	1.382428e+03	0	1.933190e-04
5.630000e+09	2.157031e+11	0.000000e+00	5.929649e-01	1.573150e+13	6.158641e+13	3.835708e+13	5.970989e+03	2.629036e+03	1.382239e+03	0	1.928963e-04
5.640000e+09	2.142858e+11	0.000000e+00	5.929649e-01	1.571029e+13	6.149255e+13	3.829843e+13	5.970033e+03	2.628677e+03	1.382050e+03	0	1.924729e-04
5.650000e+09	2.128722e+11	0.000000e+00	5.929649e-01	1.568914e+13	6.139898e+13	3.823997e+13	5.969078e+03	2.628319e+03	1.381861e+03	0	1.920487e-04
5.660000e+09	2.114623e+11	0.000000e+00	5.929649e-01	1.566804e+13	6.130570e+13	3.818171e+13	5.968125e+03	2.627962e+03	1.381673e+03	0	1.916238e-04
5.670000e+09	2.100562e+11	0.000000e+00	5.929649e-01	1.564699e+13	6.121271e+13	3.812364e+13	5.967173e+03	2.627605e+03	1.381486e+03	0	1.911981e-04
5.680000e+09	2.086537e+11	0.000000e+00	5.929649e-01	1.562600e+13	6.112002e+13	3.806577e+13	5.966222e+03	2.627248e+03	1.381298e+03	0	1.907717e-04
5.690000e+09	2.072549e+11	0.000000e+00	5.929649e-01	1.560506e+13	6.102761e+13	3.800808e+13	5.965273e+03	2.626893e+03	1.381111e+03	0	1.903444e-04
5.700000e+09	2.058598e+11	0.000000e+00	5.929649e-01	1.558417e+13	6.093549e+13	3.795058e+13	5.964325e+03	2.626538e+03	1.380925e+03	0	1.899163e-04
5.710000e+09	2.044683e+11	0.000000e+00	5.929649e-01	1.556333e+13	6.084366e+13	3.789328e+13	5.963378e+03	2.626183e+03	1.380738e+03	0	1.894875e-04
5.720000e+09	2.030804e+11	0.000000e+00	5.929649e-01	1.554254e+13	6.075211e+13	3.783616e+13	5.962432e+03	2.625830e+03	1.380553e+03	0	1.890578e-04
5.730000e+09	2.016962e+11	0.000000e+00	5.929649e-01	1.552181e+13	6.066085e+13	3.777922e+13	5.961487e+03	2.625477e+03	1.380367e+03	0	1.886272e-04
5.740000e+09	2.003156e+11	0.000000e+00	5.929649e-01	1.550113e+13	6.056987e+13	3.772248e+13	5.960544e+03	2.625124e+03	1.380182e+03	0	1.881959e-04
5.750000e+09	1.989385e+11	0.000000e+00	5.929649e-01	1.548049e+13	6.047917e+13	3.766591e+13	5.959602e+03	2.624773e+03	1.379997e+03	0	1.877636e-04
5.760000e+09	1.975651e+11	0.000000e+00	5.929649e-01	1.545991e+13	6.038875e+13	3.760953e+13	5.958662e+03	2.624421e+03	1.379812e+03	0	1.873305e-04
5.770000e+09	1.961952e+11	0.000000e+00	5.929649e-01	1.543938e+13	6.029860e+13	3.755334e+13	5.957722e+03	2.624071e+03	1.379628e+03	0	1.868965e-04
5.780000e+09	1.948289e+11	0.000000e+00	5.929649e-01	1.541890e+13	6.020874e+13	3.749733e+13	5.956784e+03	2.623721e+03	1.379444e+03	0	1.864617e-04
5.790000e+09	1.934660e+11	0.000000e+00	5.929649e-01	1.539848e+13	6.011915e+13	3.744149e+13	5.955847e+03	2.623372e+03	1.379260e+03	0	1.860259e-04
5.800000e+09	1.921068e+11	0.000000e+00	5.929649e-01	1.537810e+13	6.002983e+13	3.738584e+13	5.954912e+03	2.623024e+03	1.379077e+03	0	1.855892e-04
5.810000e+09	1.907510e+11	0.000000e+00	5.929649e-01	1.535777e+13	5.994079e+13	3.733037e+13	5.953977e+03	2.622676e+03	1.378894e+03	0	1.851516e-04
5.820000e+09	1.893987e+11	0.000000e+00	5.929649e-01	1.533749e+13	5.985202e+13	3.727507e+13	5.953044e+03	2.622329e+03	1.378712e+03	0	1.847130e-04
5.830000e+09	1.880500e+11	0.000000e+00	5.929649e-01	1.531726e+13	5.976352e+13	3.721996e+13	5.952112e+03	2.621982e+03	1.378530e+03	0	1.842735e-04
5.840000e+09	1.867047e+11	0.000000e+00	5.929649e-01	1.529709e+13	5.967529e+13	3.716501e+13	5.951181e+03	2.621636e+03	1.378348e+03	0	1.838330e-04
5.850000e+09	1.853628e+11	0.000000e+00	5.929649e-01	1.527696e+13	5.958733e+13	3.711025e+13	5.950252e+03	2.621291e+03	1.378166e+03	0	1.833916e-04
5.860000e+09	1.840244e+11	0.000000e+00	5.929649e-01	1.525688e+13	5.949963e+13	3.705566e+13	5.949323e+03	2.620946e+03	1.377985e+03	0	1.829491e-04
5.870000e+09	1.826895e+11	0.000000e+00	5.929649e-01	1.523684e+13	5.941220e+13	3.700124e+13	5.948396e+03	2.620602e+03	1.377804e+03	0	1.825057e-04
5.880000e+09	1.813579e+11	0.000000e+00	5.929649e-01	1.521686e+13	5.932504e+13	3.694700e+13	5.947470e+03	2.620258e+03	1.377623e+03	0	1.820612e-04
5.890000e+09	1.800298e+11	0.000000e+00	5.929649e-01	1.519693e+13	5.923814e+13	3.689293e+13	5.946546e+03	2.619915e+03	1.377443e+03	0	1.816157e-04
5.900000e+09	1.787051e+11	0.000000e+00	5.929649e-01	1.517704e+13	5.915150e+13	3.683903e+13	5.945622e+03	2.619573e+03	1.377263e+03	0	1.811691e-04
5.910000e+09	1.773838e+11	0.000000e+00	5.929649e-01	1.515721e+13	5.906512e+13	3.678530e+13	5.944700e+03	2.619232e+03	1.377084e+03	0	1.807215e-04
5.920000e+09	1.760658e+11	0.000000e+00	5.929649e-01	1.513742e+13	5.897900e+13	3.673174e+13	5.943779e+03	2.618890e+03	1.376904e+03	0	1.802728e-04
5.930000e+09	2.639457e+12	3.051856e-02	5.929649e-01	1.511768e+13	5.889314e+13	3.667835e+13	5.942859e+03	2.618550e+03	1.376725e+03	0	4.367643e-04
5.940000e+09	4.333377e+12	3.850878e-02	5.929649e-01	1.510115e+13	5.880873e+13	3.662512e+13	5.942123e+03	2.618210e+03	1.376547e+03	1	5.128217e-04
5.950000e+09	3.982256e+12	4.242709e-02	5.929649e-01	1.508684e+13	5.872543e+13	3.657207e+13	5.941513e+03	2.617871e+03	1.376368e+03	1	4.974170e-04
5.960000e+09	3.895389e+12	4.661262e-02	5.929649e-01	1.507212e+13	5.864222e+13	3.651918e+13	5.940877e+03	2.617533e+03	1.376190e+03	1	4.925387e-04
5.970000e+09	3.757545e+12	5.052380e-02	5.929649e-01	1.505732e+13	5.855925e+13	3.646645e+13	5.940237e+03	2.617195e+03	1.376013e+03	1	4.855165e-04
5.980000e+09	4.898160e+12	5.379709e-02	5.929649e-01	1.504238e+13	5.847648e+13	3.641389e+13	5.939587e+03	2.616858e+03	1.375836e+03	1	5.293252e-04
5.990000e+09	4.372482e+12	5.679794e-02	5.929649e-01	1.502893e+13	5.839454e+13	3.636149e+13	5.939023e+03	2.616522e+03	1.375659e+03	1	5.087434e-04
6.000000e+09	5.439404e+12	5.980315e-02	5.929649e-01	1.501485e+13	5.831261e+13	3.630926e+13	5.938420e+03	2.616187e+03	1.375483e+03	1	5.461528e-04
6.100000e+09	6.020600e+12	8.031860e-02	5.929649e-01	1.500217e+13	5.805619e+13	3.579570e+13	5.937898e+03	2.615852e+03	1.375307e+03	1	5.578810e-04
6.200000e+09	6.254883e+12	9.520603e-02	5.929649e-01	1.488288e+13	5.724837e+13	3.529756e+13	5.933130e+03	2.612435e+03	1.373510e+03	1	5.598117e-04
6.300000e+09	5.887118e+12	1.069391e-01	5.929649e-01	1.476958e+13	5.646996e+13	3.481411e+13	5.928615e+03	2.609106e+03	1.371760e+03	1	5.445877e-04
6.400000e+09	5.986981e+12	1.166111e-01	5.929649e-01	1.465443e+13	5.571649e+13	3.434465e+13	5.923899e+03	2.605862e+03	1.370054e+03	1	5.443103e-04
6.500000e+09	6.570175e+12	1.251470e-01	5.929649e-01	1.454331e+13	5.498846e+13	3.388854e+13	5.919332e+03	2.602696e+03	1.368390e+03	1	5.584026e-04
6.600000e+09	6.347413e+12	1.329209e-01	5.929649e-01	1.444222e+13	5.428683e+13	3.344514e+13	5.915278e+03	2.599604e+03	1.366764e+03	1	5.492888e-04
6.700000e+09	6.608228e+12	1.397849e-01	5.929649e-01	1.434071e+13	5.360670e+13	3.301388e+13	5.911120e+03	2.596586e+03	1.365177e+03	1	5.542722e-04
6.800000e+09	6.255098e+12	1.460613e-01	5.929649e-01	1.424486e+13	5.294905e+13	3.259421e+13	5.907228e+03	2.593636e+03	1.363627e+03	1	5.420318e-04
6.900000e+09	6.431738e+12	1.523871e-01	5.929649e-01	1.414675e+13	5.230993e+13	3.218562e+13	5.903127e+03	2.590752e+03	1.362110e+03	1	5.448671e-04
7.000000e+09	6.547566e+12	1.583561e-01	5.929649e-01	1.405306e+13	5.169063e+13	3.178761e+13	5.899225e+03	2.587931e+03	1.360627e+03	1	5.460162e-04
7.100000e+09	6.574226e+12	1.635292e-01	5.929649e-01	1.396291e+13	5.108997e+13	3.139972e+13	5.895473e+03	2.585168e+03	1.359174e+03	1	5.449355e-04
7.200000e+09	6.556201e+12	1.682540e-01	5.929649e-01	1.387508e+13	5.050669e+13	3.102153e+13	5.891801e+03	2.582463e+03	1.357752e+03	1	5.427790e-04
7.300000e+09	6.559346e+12	1.732106e-01	5.929649e-01	1.378893e+13	4.993973e+13	3.065261e+13	5.888172e+03	2.579812e+03	1.356358e+03	1	5.411297e-04
7.400000e+09	6.529804e+12	1.778813e-01	5.929649e-01	1.370466e+13	4.938838e+13	3.029259e+13	5.884601e+03	2.577214e+03	1.354992e+03	1	5.386862e-04
7.500000e+09	6.494993e+12	1.822882e-01	5.929649e-01	1.362180e+13	4.885175e+13	2.994108e+13	5.881062e+03	2.574665e+03	1.353652e+03	1	5.361955e-04
7.600000e+09	6.429538e+12	1.864558e-01	5.929649e-01	1.354022e+13	4.832912e+13	2.959774e+13	5.877549e+03	2.572165e+03	1.352338e+03	1	5.329477e-04
7.700000e+09	6.693872e+12	1.904825e-01	5.929649e-01	1.345949e+13	4.781968e+13	2.926225e+13	5.874037e+03	2.569710e+03	1.351047e+03	1	5.387457e-04
7.800000e+09	6.587454e+12	1.940866e-01	5.929649e-01	1.338373e+13	4.732434e+13	2.893428e+13	5.870789e+03	2.567298e+03	1.349779e+03	1	5.346248e-04
7.900000e+09	6.480651e+12	1.976692e-01	5.929649e-01	1.330817e+13	4.684092e+13	2.861355e+13	5.867506e+03	2.564930e+03	1.348534e+03	1	5.304857e-04
8.000000e+09	6.384873e+12	2.012165e-01	5.929649e-01	1.323278e+13	4.636884e+13	2.829977e+13	5.864186e+03	2.562602e+03	1.347310e+03	1	5.266461e-04
8.100000e+09	6.571870e+12	2.046539e-01	5.929649e-01	1.315766e+13	4.590759e+13	2.799267e+13	5.860838e+03	2.560313e+03	1.346106e+03	1	5.305534e-04
8.200000e+09	6.441339e+12	2.077540e-01	5.929649e-01	1.308635e+13	4.545800e+13	2.769201e+13	5.857691e+03	2.558061e+03	1.344922e+03	1	5.259581e-04
8.300000e+09	6.607718e+12	2.110164e-01	5.929649e-01	1.301478e+13	4.501821e+13	2.739755e+13	5.854485e+03	2.555845e+03	1.343757e+03	1	5.293261e-04
8.400000e+09	6.476404e+12	2.139658e-01	5.929649e-01	1.294667e+13	4.458915e+13	2.710905e+13	5.851462e+03	2.553664e+03	1.342611e+03	1	5.247906e-04
8.500000e+09	6.353851e+12	2.170093e-01	5.929649e-01	1.287821e+13	4.416911e+13	2.682630e+13	5.848377e+03	2.551516e+03	1.341482e+03	1	5.204301e-04
8.600000e+09	6.486003e+12	2.199650e-01	5.929649e-01	1.280949e+13	4.375768e+13	2.654909e+13	5.845236e+03	2.549401e+03	1.340370e+03	1	5.230091e-04
8.700000e+09	6.347315e+12	2.226504e-01	5.929649e-01	1.274370e+13	4.335567e+13	2.627724e+13	5.842250e+03	2.547317e+03	1.339274e+03	1	5.183501e-04
8.800000e+09	6.464612e+12	2.254622e-01	5.929649e-01	1.267739e+13	4.296154e+13	2.601055e+13	5.839192e+03	2.545263e+03	1.338194e+03	1	5.205728e-04
8.900000e+09	6.324324e+12	2.280217e-01	5.929649e-01	1.261375e+13	4.257610e+13	2.574885e+13	5.836277e+03	2.543237e+03	1.337129e+03	1	5.159218e-04
9.000000e+09	6.428385e+12	2.306992e-01	5.929649e-01	1.254951e+13	4.219792e+13	2.549196e+13	5.833286e+03	2.541240e+03	1.336079e+03	1	5.178356e-04
9.100000e+09	6.287722e+12	2.331416e-01	5.929649e-01	1.248772e+13	4.182780e+13	2.523974e+13	5.830426e+03	2.539269e+03	1.335043e+03	1	5.132167e-04
9.200000e+09	6.380019e+12	2.356938e-01	5.929649e-01	1.242528e+13	4.146438e+13	2.499202e+13	5.827489e+03	2.537325e+03	1.334021e+03	1	5.148625e-04
9.300000e+09	6.244991e+12	2.380317e-01	5.929649e-01	1.236508e+13	4.110842e+13	2.474866e+13	5.824672e+03	2.535406e+03	1.333011e+03	1	5.104297e-04
9.400000e+09	6.327029e+12	2.404689e-01	5.929649e-01	1.230425e+13	4.075868e+13	2.450952e+13	5.821780e+03	2.533511e+03	1.332015e+03	1	5.118454e-04
9.500000e+09	6.179784e+12	2.426962e-01	5.929649e-01	1.224550e+13	4.041589e+13	2.427447e+13	5.818999e+03	2.531640e+03	1.331031e+03	1	5.071108e-04
9.600000e+09	6.252263e+12	2.450210e-01	5.929649e-01	1.218592e+13	4.007880e+13	2.404339e+13	5.816132e+03	2.529792e+03	1.330060e+03	1	5.083189e-04
9.700000e+09	6.126507e+12	2.472987e-01	5.929649e-01	1.212827e+13	3.974816e+13	2.381615e+13	5.813367e+03	2.527965e+03	1.329099e+03	1	5.041430e-04
9.800000e+09	6.190914e+12	2.495238e-01	5.929649e-01	1.207001e+13	3.942290e+13	2.359264e+13	5.810532e+03	2.526160e+03	1.328150e+03	1	5.051746e-04
9.900000e+09	6.058616e+12	2.517032e-01	5.929649e-01	1.201353e+13	3.910367e+13	2.337274e+13	5.807792e+03	2.524376e+03	1.327212e+03	1	5.008426e-04
1.000000e+10	6.115617e+12	2.538321e-01	5.929649e-01	1.195634e+13	3.878940e+13	2.315636e+13	5.804975e+03	2.522611e+03	1.326285e+03	1	5.017161e-04
