#R=1.6492971845405355
#a=1.0
#interptype='linear'
#name='planet'
#norm={'P': 1000000000000.0, 'R': 1.6492971845405355, 'M': 6.7999999999999998, 'g': 24.573059414686021, 'rho': 4000.0}
#state=1
#composition
#layer0		Fe08FeS02		0.400000
#layer1		pv_fmw		0.600000
#Cols=
 #'ur		r		mr		rho		P		g		phi		T		composition'
#-end-
0.000000e+00	0.000000e+00	4.936401e-11	2.182408e+04	2.647807e+12	0.000000e+00	-4.815491e+08	5.000000e+03	0
5.025126e-03	8.287926e-03	2.992716e-06	2.182467e+04	2.648023e+12	4.396297e-04	-4.815406e+08	5.000000e+03	0
1.005025e-02	1.657585e-02	1.799578e-05	2.182424e+04	2.647866e+12	3.164271e-01	-4.815153e+08	5.000000e+03	0
1.507538e-02	2.486378e-02	6.282640e-05	2.182268e+04	2.647297e+12	6.391328e-01	-4.814726e+08	5.000000e+03	0
2.010050e-02	3.315170e-02	1.437128e-04	2.182022e+04	2.646398e+12	9.619739e-01	-4.814131e+08	5.000000e+03	0
2.512563e-02	4.143963e-02	2.840933e-04	2.181664e+04	2.645089e+12	1.284765e+00	-4.813367e+08	5.000000e+03	0
3.015075e-02	4.972755e-02	4.846609e-04	2.181214e+04	2.643448e+12	1.607465e+00	-4.812433e+08	5.000000e+03	0
3.517588e-02	5.801548e-02	7.742117e-04	2.180653e+04	2.641399e+12	1.930015e+00	-4.811328e+08	5.000000e+03	0
4.020101e-02	6.630340e-02	1.148140e-03	2.180000e+04	2.639019e+12	2.252417e+00	-4.810054e+08	5.000000e+03	0
4.522613e-02	7.459133e-02	1.640330e-03	2.179236e+04	2.636232e+12	2.574607e+00	-4.808610e+08	5.000000e+03	0
5.025126e-02	8.287926e-02	2.241120e-03	2.178380e+04	2.633114e+12	2.896599e+00	-4.806998e+08	5.000000e+03	0
5.527638e-02	9.116718e-02	2.989208e-03	2.177413e+04	2.629592e+12	3.218321e+00	-4.805215e+08	5.000000e+03	0
6.030151e-02	9.945511e-02	3.870121e-03	2.176354e+04	2.625739e+12	3.539796e+00	-4.803263e+08	5.000000e+03	0
6.532663e-02	1.077430e-01	4.927095e-03	2.175184e+04	2.621485e+12	3.860942e+00	-4.801144e+08	5.000000e+03	0
7.035176e-02	1.160310e-01	6.141093e-03	2.173922e+04	2.616901e+12	4.181792e+00	-4.798853e+08	5.000000e+03	0
7.537688e-02	1.243189e-01	7.559608e-03	2.172549e+04	2.611918e+12	4.502255e+00	-4.796395e+08	5.000000e+03	0
8.040201e-02	1.326068e-01	9.159296e-03	2.171085e+04	2.606607e+12	4.822372e+00	-4.793768e+08	5.000000e+03	0
8.542714e-02	1.408947e-01	1.099162e-02	2.169509e+04	2.600901e+12	5.142044e+00	-4.790973e+08	5.000000e+03	0
9.045226e-02	1.491827e-01	1.302918e-02	2.167842e+04	2.594867e+12	5.461321e+00	-4.788010e+08	5.000000e+03	0
9.547739e-02	1.574706e-01	1.532713e-02	2.166063e+04	2.588442e+12	5.780095e+00	-4.784878e+08	5.000000e+03	0
1.005025e-01	1.657585e-01	1.785427e-02	2.164193e+04	2.581692e+12	6.098424e+00	-4.781579e+08	5.000000e+03	0
1.055276e-01	1.740464e-01	2.066914e-02	2.162212e+04	2.574554e+12	6.416192e+00	-4.778114e+08	5.000000e+03	0
1.105528e-01	1.823344e-01	2.373703e-02	2.160139e+04	2.567092e+12	6.733465e+00	-4.774481e+08	5.000000e+03	0
1.155779e-01	1.906223e-01	2.711956e-02	2.157956e+04	2.559248e+12	7.050121e+00	-4.770681e+08	5.000000e+03	0
1.206030e-01	1.989102e-01	3.077876e-02	2.155680e+04	2.551082e+12	7.366231e+00	-4.766714e+08	5.000000e+03	0
1.256281e-01	2.071981e-01	3.477906e-02	2.153294e+04	2.542538e+12	7.681666e+00	-4.762582e+08	5.000000e+03	0
1.306533e-01	2.154861e-01	3.907948e-02	2.150815e+04	2.533675e+12	7.996506e+00	-4.758283e+08	5.000000e+03	0
1.356784e-01	2.237740e-01	4.374697e-02	2.148227e+04	2.524439e+12	8.310614e+00	-4.753819e+08	5.000000e+03	0
1.407035e-01	2.320619e-01	4.873780e-02	2.145546e+04	2.514888e+12	8.624075e+00	-4.749191e+08	5.000000e+03	0
1.457286e-01	2.403498e-01	5.412113e-02	2.142755e+04	2.504968e+12	8.936749e+00	-4.744397e+08	5.000000e+03	0
1.507538e-01	2.486378e-01	5.985078e-02	2.139872e+04	2.494736e+12	9.248725e+00	-4.739439e+08	5.000000e+03	0
1.557789e-01	2.569257e-01	6.599783e-02	2.136879e+04	2.484142e+12	9.559857e+00	-4.734317e+08	5.000000e+03	0
1.608040e-01	2.652136e-01	7.251386e-02	2.133793e+04	2.473239e+12	9.870240e+00	-4.729032e+08	5.000000e+03	0
1.658291e-01	2.735015e-01	7.947161e-02	2.130598e+04	2.461979e+12	1.017972e+01	-4.723584e+08	5.000000e+03	0
1.708543e-01	2.817895e-01	8.682070e-02	2.127309e+04	2.450414e+12	1.048841e+01	-4.717973e+08	5.000000e+03	0
1.758794e-01	2.900774e-01	9.463521e-02	2.123912e+04	2.438500e+12	1.079613e+01	-4.712199e+08	5.000000e+03	0
1.809045e-01	2.983653e-01	1.028631e-01	2.120422e+04	2.426284e+12	1.110301e+01	-4.706265e+08	5.000000e+03	0
1.859296e-01	3.066532e-01	1.115794e-01	2.116822e+04	2.413725e+12	1.140887e+01	-4.700169e+08	5.000000e+03	0
1.909548e-01	3.149412e-01	1.207308e-01	2.113129e+04	2.400870e+12	1.171383e+01	-4.693912e+08	5.000000e+03	0
1.959799e-01	3.232291e-01	1.303930e-01	2.109328e+04	2.387677e+12	1.201773e+01	-4.687495e+08	5.000000e+03	0
2.010050e-01	3.315170e-01	1.405114e-01	2.105433e+04	2.374194e+12	1.232066e+01	-4.680919e+08	5.000000e+03	0
2.060302e-01	3.398049e-01	1.511624e-01	2.101429e+04	2.360380e+12	1.262248e+01	-4.674184e+08	5.000000e+03	0
2.110553e-01	3.480929e-01	1.622904e-01	2.097332e+04	2.346280e+12	1.292329e+01	-4.667289e+08	5.000000e+03	0
2.160804e-01	3.563808e-01	1.739720e-01	2.093126e+04	2.331858e+12	1.322292e+01	-4.660237e+08	5.000000e+03	0
2.211055e-01	3.646687e-01	1.861508e-01	2.088827e+04	2.317154e+12	1.352149e+01	-4.653028e+08	5.000000e+03	0
2.261307e-01	3.729566e-01	1.989034e-01	2.084419e+04	2.302136e+12	1.381884e+01	-4.645662e+08	5.000000e+03	0
2.311558e-01	3.812446e-01	2.121732e-01	2.079917e+04	2.286843e+12	1.411506e+01	-4.638140e+08	5.000000e+03	0
2.361809e-01	3.895325e-01	2.260361e-01	2.075308e+04	2.271242e+12	1.441001e+01	-4.630462e+08	5.000000e+03	0
2.412060e-01	3.978204e-01	2.404354e-01	2.070603e+04	2.255373e+12	1.470378e+01	-4.622630e+08	5.000000e+03	0
2.462312e-01	4.061084e-01	2.554466e-01	2.065792e+04	2.239204e+12	1.499622e+01	-4.614644e+08	5.000000e+03	0
2.512563e-01	4.143963e-01	2.710127e-01	2.060885e+04	2.222772e+12	1.528744e+01	-4.606513e+08	5.000000e+03	0
2.562814e-01	4.226842e-01	2.872086e-01	2.055871e+04	2.206050e+12	1.557726e+01	-4.598210e+08	5.000000e+03	0
2.613065e-01	4.309721e-01	3.039776e-01	2.050762e+04	2.189072e+12	1.586581e+01	-4.589766e+08	5.000000e+03	0
2.663317e-01	4.392601e-01	3.213932e-01	2.045546e+04	2.171811e+12	1.615292e+01	-4.581169e+08	5.000000e+03	0
2.713568e-01	4.475480e-01	3.393993e-01	2.040234e+04	2.154301e+12	1.643870e+01	-4.572422e+08	5.000000e+03	0
2.763819e-01	4.558359e-01	3.580682e-01	2.034816e+04	2.136518e+12	1.672297e+01	-4.563526e+08	5.000000e+03	0
2.814070e-01	4.641238e-01	3.773443e-01	2.029301e+04	2.118492e+12	1.700587e+01	-4.554480e+08	5.000000e+03	0
2.864322e-01	4.724118e-01	3.972983e-01	2.023680e+04	2.100203e+12	1.728721e+01	-4.545286e+08	5.000000e+03	0
2.914573e-01	4.806997e-01	4.178756e-01	2.017962e+04	2.081678e+12	1.756712e+01	-4.535944e+08	5.000000e+03	0
2.964824e-01	4.889876e-01	4.391450e-01	2.012138e+04	2.062898e+12	1.784542e+01	-4.526455e+08	5.000000e+03	0
3.015075e-01	4.972755e-01	4.610530e-01	2.006217e+04	2.043891e+12	1.812223e+01	-4.516821e+08	5.000000e+03	0
3.065327e-01	5.055635e-01	4.836663e-01	2.000190e+04	2.024639e+12	1.839738e+01	-4.507041e+08	5.000000e+03	0
3.115578e-01	5.138514e-01	5.069328e-01	1.994066e+04	2.005167e+12	1.867098e+01	-4.497117e+08	5.000000e+03	0
3.165829e-01	5.221393e-01	5.309168e-01	1.987835e+04	1.985460e+12	1.894288e+01	-4.487049e+08	5.000000e+03	0
3.216080e-01	5.304272e-01	5.555678e-01	1.981506e+04	1.965542e+12	1.921317e+01	-4.476840e+08	5.000000e+03	0
3.266332e-01	5.387152e-01	5.809474e-01	1.975072e+04	1.945398e+12	1.948169e+01	-4.466488e+08	5.000000e+03	0
3.316583e-01	5.470031e-01	6.070069e-01	1.968539e+04	1.925051e+12	1.974856e+01	-4.455996e+08	5.000000e+03	0
3.366834e-01	5.552910e-01	6.338052e-01	1.961899e+04	1.904488e+12	2.001361e+01	-4.445364e+08	5.000000e+03	0
3.417085e-01	5.635789e-01	6.612952e-01	1.955162e+04	1.883731e+12	2.027694e+01	-4.434593e+08	5.000000e+03	0
3.467337e-01	5.718669e-01	6.895332e-01	1.948317e+04	1.862770e+12	2.053841e+01	-4.423684e+08	5.000000e+03	0
3.517588e-01	5.801548e-01	7.184741e-01	1.941374e+04	1.841622e+12	2.079810e+01	-4.412638e+08	5.000000e+03	0
3.567839e-01	5.884427e-01	7.481708e-01	1.934324e+04	1.820281e+12	2.105587e+01	-4.401456e+08	5.000000e+03	0
3.618090e-01	5.967306e-01	7.785804e-01	1.927174e+04	1.798762e+12	2.131181e+01	-4.390140e+08	5.000000e+03	0
3.668342e-01	6.050186e-01	8.097528e-01	1.919917e+04	1.777061e+12	2.156578e+01	-4.378689e+08	5.000000e+03	0
3.718593e-01	6.133065e-01	8.416472e-01	1.912560e+04	1.755191e+12	2.181786e+01	-4.367105e+08	5.000000e+03	0
3.768844e-01	6.215944e-01	8.743100e-01	1.905097e+04	1.733150e+12	2.206791e+01	-4.355389e+08	5.000000e+03	0
3.819095e-01	6.298823e-01	9.077027e-01	1.897531e+04	1.710950e+12	2.231602e+01	-4.343542e+08	5.000000e+03	0
3.869347e-01	6.381703e-01	9.418684e-01	1.889859e+04	1.688589e+12	2.256204e+01	-4.331566e+08	5.000000e+03	0
3.919598e-01	6.464582e-01	9.767709e-01	1.882085e+04	1.666080e+12	2.280606e+01	-4.319461e+08	5.000000e+03	0
3.969849e-01	6.547461e-01	1.012450e+00	1.874203e+04	1.643421e+12	2.304795e+01	-4.307228e+08	5.000000e+03	0
4.020101e-01	6.630340e-01	1.048871e+00	1.866219e+04	1.620623e+12	2.328777e+01	-4.294868e+08	5.000000e+03	0
4.070352e-01	6.713220e-01	1.086071e+00	1.858126e+04	1.597687e+12	2.352540e+01	-4.282383e+08	5.000000e+03	0
4.120603e-01	6.796099e-01	1.124018e+00	1.849930e+04	1.574623e+12	2.376091e+01	-4.269774e+08	5.000000e+03	0
4.170854e-01	6.878978e-01	1.162743e+00	1.841625e+04	1.551432e+12	2.399418e+01	-4.257042e+08	5.000000e+03	0
4.221106e-01	6.961857e-01	1.202220e+00	1.833215e+04	1.528123e+12	2.422527e+01	-4.244188e+08	5.000000e+03	0
4.271357e-01	7.044737e-01	1.242474e+00	1.824697e+04	1.504698e+12	2.445405e+01	-4.231213e+08	5.000000e+03	0
4.321608e-01	7.127616e-01	1.283482e+00	1.816072e+04	1.481167e+12	2.468059e+01	-4.218118e+08	5.000000e+03	0
4.371859e-01	7.210495e-01	1.325265e+00	1.807338e+04	1.457532e+12	2.490479e+01	-4.204905e+08	5.000000e+03	0
4.422111e-01	7.293374e-01	1.367803e+00	1.798496e+04	1.433801e+12	2.512667e+01	-4.191575e+08	5.000000e+03	0
4.472362e-01	7.376254e-01	1.411113e+00	1.789544e+04	1.409977e+12	2.534614e+01	-4.178129e+08	5.000000e+03	0
4.522613e-01	7.459133e-01	1.455176e+00	1.780483e+04	1.386070e+12	2.556324e+01	-4.164568e+08	5.000000e+03	0
4.572864e-01	7.542012e-01	1.500007e+00	1.771310e+04	1.362081e+12	2.577788e+01	-4.150895e+08	5.000000e+03	0
4.623116e-01	7.624892e-01	1.545589e+00	1.762028e+04	1.338020e+12	2.599008e+01	-4.137109e+08	5.000000e+03	0
4.673367e-01	7.707771e-01	1.591933e+00	1.752633e+04	1.313890e+12	2.619977e+01	-4.123212e+08	5.000000e+03	0
4.723618e-01	7.790650e-01	1.639024e+00	1.743125e+04	1.289699e+12	2.640695e+01	-4.109205e+08	5.000000e+03	0
4.773869e-01	7.873529e-01	1.686869e+00	1.733504e+04	1.265452e+12	2.661156e+01	-4.095092e+08	5.000000e+03	0
4.824121e-01	7.956409e-01	1.735456e+00	1.723770e+04	1.241155e+12	2.681359e+01	-4.080870e+08	5.000000e+03	0
4.874372e-01	8.039288e-01	1.784788e+00	1.713920e+04	1.216813e+12	2.701299e+01	-4.066544e+08	5.000000e+03	0
4.924623e-01	8.122167e-01	1.834855e+00	1.703954e+04	1.192434e+12	2.720975e+01	-4.052114e+08	5.000000e+03	0
4.974874e-01	8.205046e-01	1.885656e+00	1.693871e+04	1.168024e+12	2.740382e+01	-4.037582e+08	5.000000e+03	0
5.025126e-01	8.287926e-01	1.937184e+00	1.683671e+04	1.143588e+12	2.759518e+01	-4.022948e+08	5.000000e+03	0
5.075377e-01	8.370805e-01	1.989433e+00	1.673351e+04	1.119132e+12	2.778378e+01	-4.008214e+08	5.000000e+03	0
5.125628e-01	8.453684e-01	2.042399e+00	1.662911e+04	1.094663e+12	2.796960e+01	-3.993383e+08	5.000000e+03	0
5.175879e-01	8.536563e-01	2.096071e+00	1.652350e+04	1.070188e+12	2.815261e+01	-3.978424e+08	5.000000e+03	0
5.226131e-01	8.619443e-01	2.150448e+00	1.641665e+04	1.045712e+12	2.833276e+01	-3.963431e+08	5.000000e+03	0
5.276382e-01	8.702322e-01	2.205515e+00	1.630857e+04	1.021242e+12	2.851004e+01	-3.948314e+08	5.000000e+03	0
5.326633e-01	8.785201e-01	2.261272e+00	1.619923e+04	9.967839e+11	2.868437e+01	-3.933104e+08	5.000000e+03	0
5.376884e-01	8.868080e-01	2.317703e+00	1.608862e+04	9.723444e+11	2.885577e+01	-3.917804e+08	5.000000e+03	0
5.427136e-01	8.950960e-01	2.374807e+00	1.597672e+04	9.479304e+11	2.902415e+01	-3.902415e+08	5.000000e+03	0
5.477387e-01	9.033839e-01	2.432564e+00	1.586352e+04	9.235475e+11	2.918953e+01	-3.886938e+08	5.000000e+03	0
5.527638e-01	9.116718e-01	2.490976e+00	1.574898e+04	8.992033e+11	2.935180e+01	-3.871376e+08	5.000000e+03	0
5.577889e-01	9.199597e-01	2.550020e+00	1.563312e+04	8.749032e+11	2.951101e+01	-3.855730e+08	5.000000e+03	0
5.628141e-01	9.282477e-01	2.609698e+00	1.551587e+04	8.506552e+11	2.966702e+01	-3.840000e+08	5.000000e+03	0
5.678392e-01	9.365356e-01	2.669983e+00	1.539726e+04	8.264642e+11	2.981989e+01	-3.824190e+08	5.000000e+03	0
5.728643e-01	9.448235e-01	2.726011e+00	1.346197e+04	8.042607e+11	2.991632e+01	-3.808302e+08	5.000000e+03	0
5.778894e-01	9.531114e-01	2.761891e+00	8.854750e+03	7.903099e+11	2.978655e+01	-3.792392e+08	5.000000e+03	1
5.829146e-01	9.613994e-01	2.798192e+00	8.802260e+03	7.765034e+11	2.966128e+01	-3.776547e+08	5.000000e+03	1
5.879397e-01	9.696873e-01	2.834897e+00	8.749876e+03	7.628332e+11	2.954018e+01	-3.760771e+08	5.000000e+03	1
5.929648e-01	9.779752e-01	2.872020e+00	8.697594e+03	7.493017e+11	2.942321e+01	-3.745056e+08	5.000000e+03	1
5.979899e-01	9.862631e-01	2.909543e+00	8.645400e+03	7.359011e+11	2.931007e+01	-3.729406e+08	5.000000e+03	1
6.030151e-01	9.945511e-01	2.947482e+00	8.593290e+03	7.226343e+11	2.920073e+01	-3.713816e+08	5.000000e+03	1
6.080402e-01	1.002839e+00	2.985816e+00	8.541253e+03	7.094933e+11	2.909488e+01	-3.698284e+08	5.000000e+03	1
6.130653e-01	1.011127e+00	3.024562e+00	8.489284e+03	6.964816e+11	2.899254e+01	-3.682810e+08	5.000000e+03	1
6.180905e-01	1.019415e+00	3.063698e+00	8.437371e+03	6.835911e+11	2.889339e+01	-3.667390e+08	5.000000e+03	1
6.231156e-01	1.027703e+00	3.103242e+00	8.385510e+03	6.708260e+11	2.879746e+01	-3.652031e+08	5.000000e+03	1
6.281407e-01	1.035991e+00	3.143170e+00	8.333691e+03	6.581778e+11	2.870445e+01	-3.636709e+08	5.000000e+03	1
6.331658e-01	1.044279e+00	3.183503e+00	8.281909e+03	6.456514e+11	2.861439e+01	-3.621444e+08	5.000000e+03	1
6.381910e-01	1.052567e+00	3.224214e+00	8.230154e+03	6.332381e+11	2.852700e+01	-3.606227e+08	5.000000e+03	1
6.432161e-01	1.060854e+00	3.265323e+00	8.178421e+03	6.209433e+11	2.844232e+01	-3.591058e+08	5.000000e+03	1
6.482412e-01	1.069142e+00	3.306805e+00	8.126702e+03	6.087582e+11	2.836007e+01	-3.575934e+08	5.000000e+03	1
6.532663e-01	1.077430e+00	3.348680e+00	8.074991e+03	5.966885e+11	2.828029e+01	-3.560854e+08	5.000000e+03	1
6.582915e-01	1.085718e+00	3.390920e+00	8.023280e+03	5.847256e+11	2.820274e+01	-3.545818e+08	5.000000e+03	1
6.633166e-01	1.094006e+00	3.433547e+00	7.971562e+03	5.728754e+11	2.812744e+01	-3.530823e+08	5.000000e+03	1
6.683417e-01	1.102294e+00	3.476532e+00	7.919832e+03	5.611290e+11	2.805416e+01	-3.515868e+08	5.000000e+03	1
6.733668e-01	1.110582e+00	3.519897e+00	7.868082e+03	5.494931e+11	2.798295e+01	-3.500954e+08	5.000000e+03	1
6.783920e-01	1.118870e+00	3.563612e+00	7.816307e+03	5.379585e+11	2.791356e+01	-3.486078e+08	5.000000e+03	1
6.834171e-01	1.127158e+00	3.607701e+00	7.764497e+03	5.265322e+11	2.784605e+01	-3.471239e+08	5.000000e+03	1
6.884422e-01	1.135446e+00	3.652130e+00	7.712650e+03	5.152049e+11	2.778019e+01	-3.456437e+08	5.000000e+03	1
6.934673e-01	1.143734e+00	3.696926e+00	7.660756e+03	5.039841e+11	2.771603e+01	-3.441671e+08	5.000000e+03	1
6.984925e-01	1.152022e+00	3.742054e+00	7.608811e+03	4.928602e+11	2.765336e+01	-3.426939e+08	5.000000e+03	1
7.035176e-01	1.160310e+00	3.787539e+00	7.556805e+03	4.818411e+11	2.759223e+01	-3.412241e+08	5.000000e+03	1
7.085427e-01	1.168598e+00	3.833346e+00	7.504738e+03	4.709171e+11	2.753244e+01	-3.397577e+08	5.000000e+03	1
7.135678e-01	1.176885e+00	3.879502e+00	7.452595e+03	4.600965e+11	2.747402e+01	-3.382944e+08	5.000000e+03	1
7.185930e-01	1.185173e+00	3.925971e+00	7.400378e+03	4.493694e+11	2.741680e+01	-3.368345e+08	5.000000e+03	1
7.236181e-01	1.193461e+00	3.972778e+00	7.348072e+03	4.387444e+11	2.736082e+01	-3.353776e+08	5.000000e+03	1
7.286432e-01	1.201749e+00	4.019887e+00	7.295680e+03	4.282115e+11	2.730589e+01	-3.339237e+08	5.000000e+03	1
7.336683e-01	1.210037e+00	4.067323e+00	7.243184e+03	4.177796e+11	2.725206e+01	-3.324728e+08	5.000000e+03	1
7.386935e-01	1.218325e+00	4.115051e+00	7.190589e+03	4.074385e+11	2.719916e+01	-3.310249e+08	5.000000e+03	1
7.437186e-01	1.226613e+00	4.163096e+00	7.137877e+03	3.971975e+11	2.714723e+01	-3.295798e+08	5.000000e+03	1
7.487437e-01	1.234901e+00	4.211419e+00	7.085053e+03	3.870462e+11	2.709611e+01	-3.281376e+08	5.000000e+03	1
7.537688e-01	1.243189e+00	4.260047e+00	7.032096e+03	3.769944e+11	2.704584e+01	-3.266981e+08	5.000000e+03	1
7.587940e-01	1.251477e+00	4.308942e+00	6.979014e+03	3.670313e+11	2.699626e+01	-3.252614e+08	5.000000e+03	1
7.638191e-01	1.259765e+00	4.358129e+00	6.925785e+03	3.571670e+11	2.694741e+01	-3.238274e+08	5.000000e+03	1
7.688442e-01	1.268053e+00	4.407569e+00	6.872416e+03	3.473906e+11	2.689916e+01	-3.223961e+08	5.000000e+03	1
7.738693e-01	1.276341e+00	4.457287e+00	6.818883e+03	3.377127e+11	2.685151e+01	-3.209675e+08	5.000000e+03	1
7.788945e-01	1.284628e+00	4.507245e+00	6.765196e+03	3.281220e+11	2.680436e+01	-3.195414e+08	5.000000e+03	1
7.839196e-01	1.292916e+00	4.557467e+00	6.711329e+03	3.186295e+11	2.675771e+01	-3.181179e+08	5.000000e+03	1
7.889447e-01	1.301204e+00	4.607914e+00	6.657293e+03	3.092235e+11	2.671146e+01	-3.166978e+08	5.000000e+03	1
7.939698e-01	1.309492e+00	4.658610e+00	6.603057e+03	2.999157e+11	2.666561e+01	-3.152785e+08	5.000000e+03	1
7.989950e-01	1.317780e+00	4.709515e+00	6.548638e+03	2.906940e+11	2.662006e+01	-3.138626e+08	5.000000e+03	1
8.040201e-01	1.326068e+00	4.760652e+00	6.493999e+03	2.815704e+11	2.657481e+01	-3.124492e+08	5.000000e+03	1
8.090452e-01	1.334356e+00	4.811983e+00	6.439159e+03	2.725325e+11	2.652978e+01	-3.110383e+08	5.000000e+03	1
8.140704e-01	1.342644e+00	4.863528e+00	6.384079e+03	2.635929e+11	2.648495e+01	-3.096299e+08	5.000000e+03	1
8.190955e-01	1.350932e+00	4.915251e+00	6.328781e+03	2.547389e+11	2.644026e+01	-3.082239e+08	5.000000e+03	1
8.241206e-01	1.359220e+00	4.967169e+00	6.273219e+03	2.459833e+11	2.639567e+01	-3.068204e+08	5.000000e+03	1
8.291457e-01	1.367508e+00	5.019246e+00	6.217419e+03	2.373132e+11	2.635114e+01	-3.054193e+08	5.000000e+03	1
8.341709e-01	1.375796e+00	5.071499e+00	6.161330e+03	2.287419e+11	2.630662e+01	-3.040206e+08	5.000000e+03	1
8.391960e-01	1.384084e+00	5.123893e+00	6.104983e+03	2.202560e+11	2.626208e+01	-3.026243e+08	5.000000e+03	1
8.442211e-01	1.392371e+00	5.176441e+00	6.048320e+03	2.118695e+11	2.621747e+01	-3.012307e+08	5.000000e+03	1
8.492462e-01	1.400659e+00	5.229111e+00	5.991374e+03	2.035684e+11	2.617276e+01	-2.998394e+08	5.000000e+03	1
8.542714e-01	1.408947e+00	5.281911e+00	5.934083e+03	1.953674e+11	2.612788e+01	-2.984505e+08	5.000000e+03	1
8.592965e-01	1.417235e+00	5.334813e+00	5.876483e+03	1.872520e+11	2.608283e+01	-2.970641e+08	5.000000e+03	1
8.643216e-01	1.425523e+00	5.387822e+00	5.818504e+03	1.792374e+11	2.603753e+01	-2.956802e+08	5.000000e+03	1
8.693467e-01	1.433811e+00	5.440910e+00	5.760188e+03	1.713088e+11	2.599198e+01	-2.942987e+08	5.000000e+03	1
8.743719e-01	1.442099e+00	5.494079e+00	5.701454e+03	1.634817e+11	2.594609e+01	-2.929198e+08	5.000000e+03	1
8.793970e-01	1.450387e+00	5.547304e+00	5.642351e+03	1.557411e+11	2.589989e+01	-2.915434e+08	5.000000e+03	1
8.844221e-01	1.458675e+00	5.600582e+00	5.582789e+03	1.481031e+11	2.585326e+01	-2.901695e+08	5.000000e+03	1
8.894472e-01	1.466963e+00	5.653892e+00	5.522819e+03	1.405520e+11	2.580624e+01	-2.887982e+08	5.000000e+03	1
8.944724e-01	1.475251e+00	5.707225e+00	5.462342e+03	1.331047e+11	2.575871e+01	-2.874294e+08	5.000000e+03	1
8.994975e-01	1.483539e+00	5.760564e+00	5.401415e+03	1.257450e+11	2.571071e+01	-2.860632e+08	5.000000e+03	1
9.045226e-01	1.491827e+00	5.813893e+00	5.339924e+03	1.184903e+11	2.566212e+01	-2.846997e+08	5.000000e+03	1
9.095477e-01	1.500115e+00	5.867201e+00	5.277935e+03	1.113240e+11	2.561299e+01	-2.833389e+08	5.000000e+03	1
9.145729e-01	1.508402e+00	5.920465e+00	5.215315e+03	1.042644e+11	2.556316e+01	-2.819807e+08	5.000000e+03	1
9.195980e-01	1.516690e+00	5.973677e+00	5.152141e+03	9.729399e+10	2.551273e+01	-2.806252e+08	5.000000e+03	1
9.246231e-01	1.524978e+00	6.026808e+00	5.088258e+03	9.043188e+10	2.546150e+01	-2.792726e+08	5.000000e+03	1
9.296482e-01	1.533266e+00	6.079854e+00	5.023752e+03	8.366019e+10	2.540959e+01	-2.779227e+08	5.000000e+03	1
9.346734e-01	1.541554e+00	6.132778e+00	4.958445e+03	7.699868e+10	2.535679e+01	-2.765757e+08	5.000000e+03	1
9.396985e-01	1.549842e+00	6.185584e+00	4.892432e+03	7.042888e+10	2.530322e+01	-2.752315e+08	5.000000e+03	1
9.447236e-01	1.558130e+00	6.238222e+00	4.825505e+03	6.397146e+10	2.524866e+01	-2.738903e+08	5.000000e+03	1
9.497487e-01	1.566418e+00	6.290703e+00	4.757772e+03	5.760725e+10	2.519325e+01	-2.725521e+08	5.000000e+03	1
9.547739e-01	1.574706e+00	6.342967e+00	4.688981e+03	5.135794e+10	2.513672e+01	-2.712169e+08	5.000000e+03	1
9.597990e-01	1.582994e+00	6.395032e+00	4.619260e+03	4.520364e+10	2.507925e+01	-2.698847e+08	5.000000e+03	1
9.648241e-01	1.591282e+00	6.446825e+00	4.548301e+03	3.916716e+10	2.502054e+01	-2.685557e+08	5.000000e+03	1
9.698492e-01	1.599570e+00	6.498372e+00	4.476247e+03	3.322783e+10	2.496078e+01	-2.672300e+08	5.000000e+03	1
9.748744e-01	1.607858e+00	6.549584e+00	4.402720e+03	2.740974e+10	2.489966e+01	-2.659075e+08	5.000000e+03	1
9.798995e-01	1.616145e+00	6.600498e+00	4.327882e+03	2.169140e+10	2.483735e+01	-2.645883e+08	5.000000e+03	1
9.849246e-01	1.624433e+00	6.651006e+00	4.251249e+03	1.609842e+10	2.477352e+01	-2.632725e+08	5.000000e+03	1
9.899497e-01	1.632721e+00	6.701153e+00	4.173002e+03	1.060840e+10	2.470838e+01	-2.619602e+08	5.000000e+03	1
9.949749e-01	1.641009e+00	6.750810e+00	4.092159e+03	5.248790e+09	2.464152e+01	-2.606514e+08	5.000000e+03	1
1.000000e+00	1.649297e+00	6.800000e+00	4.000000e+03	-4.768372e-07	2.457306e+01	-2.593463e+08	3.000000e+02	1
