#t		Qconv[W]	Ri[Rp]		R*[Rp]		Qc[W]		Qm[W]		Qr[W]		Tcmb[K]		Tl[K]		Tup[K]		RiFlag		Bs[T]
0.000000e+00	2.816801e+14	0.000000e+00	5.947712e-01	3.346744e+15	2.441099e+15	5.378717e+14	2.056058e+04	6.444715e+03	2.925883e+03	0	2.057674e-03
1.000000e+07	2.769493e+14	0.000000e+00	5.947712e-01	3.306234e+15	2.506009e+15	5.348915e+14	2.049399e+04	6.473829e+03	2.939100e+03	0	2.046090e-03
2.000000e+07	2.722258e+14	0.000000e+00	5.947712e-01	3.265825e+15	2.566157e+15	5.319336e+14	2.042820e+04	6.500743e+03	2.951319e+03	0	2.034391e-03
3.000000e+07	2.675163e+14	0.000000e+00	5.947712e-01	3.225571e+15	2.621545e+15	5.289978e+14	2.036320e+04	6.525558e+03	2.962585e+03	0	2.022591e-03
4.000000e+07	2.628271e+14	0.000000e+00	5.947712e-01	3.185519e+15	2.672222e+15	5.260839e+14	2.029901e+04	6.548378e+03	2.972945e+03	0	2.010703e-03
5.000000e+07	2.581638e+14	0.000000e+00	5.947712e-01	3.145713e+15	2.718268e+15	5.231917e+14	2.023561e+04	6.569302e+03	2.982445e+03	0	1.998740e-03
6.000000e+07	2.535317e+14	0.000000e+00	5.947712e-01	3.106194e+15	2.759797e+15	5.203211e+14	2.017299e+04	6.588434e+03	2.991131e+03	0	1.986714e-03
7.000000e+07	2.489356e+14	0.000000e+00	5.947712e-01	3.066999e+15	2.796946e+15	5.174719e+14	2.011116e+04	6.605870e+03	2.999047e+03	0	1.974635e-03
8.000000e+07	2.443798e+14	0.000000e+00	5.947712e-01	3.028160e+15	2.829874e+15	5.146439e+14	2.005011e+04	6.621708e+03	3.006237e+03	0	1.962515e-03
9.000000e+07	2.398681e+14	0.000000e+00	5.947712e-01	2.989708e+15	2.858754e+15	5.118369e+14	1.998982e+04	6.636041e+03	3.012744e+03	0	1.950363e-03
1.000000e+08	2.354039e+14	0.000000e+00	5.947712e-01	2.951667e+15	2.883771e+15	5.090507e+14	1.993030e+04	6.648960e+03	3.018609e+03	0	1.938188e-03
1.100000e+08	2.309902e+14	0.000000e+00	5.947712e-01	2.914061e+15	2.905118e+15	5.062852e+14	1.987153e+04	6.660553e+03	3.023872e+03	0	1.925998e-03
1.200000e+08	2.266295e+14	0.000000e+00	5.947712e-01	2.876910e+15	2.922992e+15	5.035402e+14	1.981350e+04	6.670902e+03	3.028571e+03	0	1.913801e-03
1.300000e+08	2.223241e+14	0.000000e+00	5.947712e-01	2.840229e+15	2.937593e+15	5.008156e+14	1.975621e+04	6.680088e+03	3.032742e+03	0	1.901604e-03
1.400000e+08	2.180759e+14	0.000000e+00	5.947712e-01	2.804034e+15	2.949119e+15	4.981111e+14	1.969965e+04	6.688188e+03	3.036419e+03	0	1.889414e-03
1.500000e+08	2.138865e+14	0.000000e+00	5.947712e-01	2.768336e+15	2.957768e+15	4.954266e+14	1.964381e+04	6.695272e+03	3.039635e+03	0	1.877237e-03
1.600000e+08	2.097572e+14	0.000000e+00	5.947712e-01	2.733144e+15	2.963730e+15	4.927619e+14	1.958867e+04	6.701410e+03	3.042422e+03	0	1.865077e-03
1.700000e+08	2.056889e+14	0.000000e+00	5.947712e-01	2.698467e+15	2.967194e+15	4.901169e+14	1.953423e+04	6.706667e+03	3.044808e+03	0	1.852941e-03
1.800000e+08	2.016826e+14	0.000000e+00	5.947712e-01	2.664309e+15	2.968339e+15	4.874913e+14	1.948048e+04	6.711103e+03	3.046822e+03	0	1.840831e-03
1.900000e+08	1.977387e+14	0.000000e+00	5.947712e-01	2.630675e+15	2.967339e+15	4.848852e+14	1.942740e+04	6.714777e+03	3.048490e+03	0	1.828753e-03
2.000000e+08	1.938577e+14	0.000000e+00	5.947712e-01	2.597567e+15	2.964360e+15	4.822982e+14	1.937500e+04	6.717742e+03	3.049836e+03	0	1.816710e-03
2.100000e+08	1.900397e+14	0.000000e+00	5.947712e-01	2.564986e+15	2.959560e+15	4.797302e+14	1.932325e+04	6.720048e+03	3.050883e+03	0	1.804704e-03
2.200000e+08	1.862848e+14	0.000000e+00	5.947712e-01	2.532931e+15	2.953088e+15	4.771811e+14	1.927214e+04	6.721745e+03	3.051653e+03	0	1.792739e-03
2.300000e+08	1.825929e+14	0.000000e+00	5.947712e-01	2.501402e+15	2.945086e+15	4.746507e+14	1.922167e+04	6.722875e+03	3.052167e+03	0	1.780817e-03
2.400000e+08	1.789637e+14	0.000000e+00	5.947712e-01	2.470395e+15	2.935686e+15	4.721388e+14	1.917183e+04	6.723481e+03	3.052442e+03	0	1.768939e-03
2.500000e+08	1.753970e+14	0.000000e+00	5.947712e-01	2.439907e+15	2.925015e+15	4.696453e+14	1.912260e+04	6.723602e+03	3.052497e+03	0	1.757109e-03
2.600000e+08	1.718921e+14	0.000000e+00	5.947712e-01	2.409935e+15	2.913188e+15	4.671701e+14	1.907398e+04	6.723274e+03	3.052348e+03	0	1.745326e-03
2.700000e+08	1.684487e+14	0.000000e+00	5.947712e-01	2.380474e+15	2.900316e+15	4.647130e+14	1.902595e+04	6.722531e+03	3.052010e+03	0	1.733593e-03
2.800000e+08	1.650661e+14	0.000000e+00	5.947712e-01	2.351518e+15	2.886501e+15	4.622739e+14	1.897851e+04	6.721405e+03	3.051499e+03	0	1.721910e-03
2.900000e+08	1.617436e+14	0.000000e+00	5.947712e-01	2.323062e+15	2.871837e+15	4.598525e+14	1.893164e+04	6.719924e+03	3.050827e+03	0	1.710279e-03
3.000000e+08	1.584805e+14	0.000000e+00	5.947712e-01	2.295099e+15	2.856413e+15	4.574488e+14	1.888533e+04	6.718117e+03	3.050006e+03	0	1.698699e-03
3.100000e+08	1.552760e+14	0.000000e+00	5.947712e-01	2.267623e+15	2.840312e+15	4.550626e+14	1.883958e+04	6.716008e+03	3.049049e+03	0	1.687172e-03
3.200000e+08	1.521293e+14	0.000000e+00	5.947712e-01	2.240626e+15	2.823608e+15	4.526937e+14	1.879438e+04	6.713622e+03	3.047966e+03	0	1.675697e-03
3.300000e+08	1.490395e+14	0.000000e+00	5.947712e-01	2.214102e+15	2.806372e+15	4.503421e+14	1.874971e+04	6.710981e+03	3.046767e+03	0	1.664275e-03
3.400000e+08	1.460058e+14	0.000000e+00	5.947712e-01	2.188043e+15	2.788669e+15	4.480076e+14	1.870557e+04	6.708105e+03	3.045461e+03	0	1.652905e-03
3.500000e+08	1.430272e+14	0.000000e+00	5.947712e-01	2.162441e+15	2.770558e+15	4.456900e+14	1.866195e+04	6.705013e+03	3.044057e+03	0	1.641588e-03
3.600000e+08	1.401027e+14	0.000000e+00	5.947712e-01	2.137289e+15	2.752094e+15	4.433892e+14	1.861883e+04	6.701723e+03	3.042564e+03	0	1.630322e-03
3.700000e+08	1.372316e+14	0.000000e+00	5.947712e-01	2.112579e+15	2.733329e+15	4.411050e+14	1.857621e+04	6.698252e+03	3.040988e+03	0	1.619108e-03
3.800000e+08	1.344127e+14	0.000000e+00	5.947712e-01	2.088303e+15	2.714308e+15	4.388374e+14	1.853409e+04	6.694614e+03	3.039336e+03	0	1.607946e-03
3.900000e+08	1.316452e+14	0.000000e+00	5.947712e-01	2.064454e+15	2.695075e+15	4.365862e+14	1.849245e+04	6.690824e+03	3.037615e+03	0	1.596833e-03
4.000000e+08	1.289281e+14	0.000000e+00	5.947712e-01	2.041022e+15	2.675668e+15	4.343512e+14	1.845128e+04	6.686895e+03	3.035832e+03	0	1.585771e-03
4.100000e+08	1.262604e+14	0.000000e+00	5.947712e-01	2.018001e+15	2.656123e+15	4.321324e+14	1.841057e+04	6.682839e+03	3.033990e+03	0	1.574757e-03
4.200000e+08	1.236412e+14	0.000000e+00	5.947712e-01	1.995383e+15	2.636473e+15	4.299295e+14	1.837033e+04	6.678667e+03	3.032096e+03	0	1.563792e-03
4.300000e+08	1.210696e+14	0.000000e+00	5.947712e-01	1.973159e+15	2.616747e+15	4.277425e+14	1.833053e+04	6.674391e+03	3.030155e+03	0	1.552874e-03
4.400000e+08	1.185445e+14	0.000000e+00	5.947712e-01	1.951322e+15	2.596974e+15	4.255713e+14	1.829118e+04	6.670019e+03	3.028170e+03	0	1.542002e-03
4.500000e+08	1.160651e+14	0.000000e+00	5.947712e-01	1.929864e+15	2.577178e+15	4.234156e+14	1.825225e+04	6.665562e+03	3.026146e+03	0	1.531176e-03
4.600000e+08	1.136304e+14	0.000000e+00	5.947712e-01	1.908778e+15	2.557381e+15	4.212755e+14	1.821376e+04	6.661026e+03	3.024087e+03	0	1.520394e-03
4.700000e+08	1.112395e+14	0.000000e+00	5.947712e-01	1.888055e+15	2.537604e+15	4.191506e+14	1.817568e+04	6.656421e+03	3.021997e+03	0	1.509654e-03
4.800000e+08	1.088915e+14	0.000000e+00	5.947712e-01	1.867690e+15	2.517866e+15	4.170411e+14	1.813802e+04	6.651753e+03	3.019877e+03	0	1.498957e-03
4.900000e+08	1.065855e+14	0.000000e+00	5.947712e-01	1.847673e+15	2.498184e+15	4.149466e+14	1.810076e+04	6.647029e+03	3.017733e+03	0	1.488300e-03
5.000000e+08	1.043207e+14	0.000000e+00	5.947712e-01	1.827999e+15	2.478572e+15	4.128670e+14	1.806390e+04	6.642255e+03	3.015565e+03	0	1.477683e-03
5.100000e+08	1.020961e+14	0.000000e+00	5.947712e-01	1.808659e+15	2.459045e+15	4.108024e+14	1.802743e+04	6.637438e+03	3.013378e+03	0	1.467104e-03
5.200000e+08	9.991094e+13	0.000000e+00	5.947712e-01	1.789648e+15	2.439614e+15	4.087524e+14	1.799134e+04	6.632582e+03	3.011174e+03	0	1.456562e-03
5.300000e+08	9.776439e+13	0.000000e+00	5.947712e-01	1.770957e+15	2.420292e+15	4.067171e+14	1.795563e+04	6.627692e+03	3.008954e+03	0	1.446055e-03
5.400000e+08	9.565561e+13	0.000000e+00	5.947712e-01	1.752581e+15	2.401087e+15	4.046963e+14	1.792030e+04	6.622773e+03	3.006720e+03	0	1.435582e-03
5.500000e+08	9.358379e+13	0.000000e+00	5.947712e-01	1.734513e+15	2.382010e+15	4.026899e+14	1.788533e+04	6.617829e+03	3.004476e+03	0	1.425142e-03
5.600000e+08	9.154815e+13	0.000000e+00	5.947712e-01	1.716746e+15	2.363067e+15	4.006977e+14	1.785072e+04	6.612865e+03	3.002222e+03	0	1.414733e-03
5.700000e+08	8.954792e+13	0.000000e+00	5.947712e-01	1.699274e+15	2.344265e+15	3.987197e+14	1.781646e+04	6.607883e+03	2.999960e+03	0	1.404353e-03
5.800000e+08	8.758235e+13	0.000000e+00	5.947712e-01	1.682091e+15	2.325612e+15	3.967557e+14	1.778255e+04	6.602887e+03	2.997692e+03	0	1.394002e-03
5.900000e+08	8.565068e+13	0.000000e+00	5.947712e-01	1.665191e+15	2.307111e+15	3.948057e+14	1.774898e+04	6.597881e+03	2.995420e+03	0	1.383677e-03
6.000000e+08	8.375220e+13	0.000000e+00	5.947712e-01	1.648568e+15	2.288769e+15	3.928694e+14	1.771574e+04	6.592867e+03	2.993143e+03	0	1.373378e-03
6.100000e+08	8.188620e+13	0.000000e+00	5.947712e-01	1.632215e+15	2.270589e+15	3.909468e+14	1.768284e+04	6.587848e+03	2.990865e+03	0	1.363101e-03
6.200000e+08	8.005198e+13	0.000000e+00	5.947712e-01	1.616128e+15	2.252574e+15	3.890378e+14	1.765027e+04	6.582826e+03	2.988585e+03	0	1.352847e-03
6.300000e+08	7.824887e+13	0.000000e+00	5.947712e-01	1.600301e+15	2.234728e+15	3.871423e+14	1.761801e+04	6.577805e+03	2.986305e+03	0	1.342612e-03
6.400000e+08	7.647620e+13	0.000000e+00	5.947712e-01	1.584728e+15	2.217053e+15	3.852602e+14	1.758607e+04	6.572785e+03	2.984026e+03	0	1.332396e-03
6.500000e+08	7.473332e+13	0.000000e+00	5.947712e-01	1.569404e+15	2.199551e+15	3.833913e+14	1.755443e+04	6.567768e+03	2.981749e+03	0	1.322196e-03
6.600000e+08	7.301961e+13	0.000000e+00	5.947712e-01	1.554323e+15	2.182224e+15	3.815356e+14	1.752311e+04	6.562758e+03	2.979474e+03	0	1.312012e-03
6.700000e+08	7.133444e+13	0.000000e+00	5.947712e-01	1.539481e+15	2.165073e+15	3.796929e+14	1.749208e+04	6.557754e+03	2.977202e+03	0	1.301840e-03
6.800000e+08	6.967720e+13	0.000000e+00	5.947712e-01	1.524873e+15	2.148098e+15	3.778632e+14	1.746135e+04	6.552760e+03	2.974935e+03	0	1.291680e-03
6.900000e+08	6.804732e+13	0.000000e+00	5.947712e-01	1.510494e+15	2.131301e+15	3.760463e+14	1.743091e+04	6.547775e+03	2.972672e+03	0	1.281528e-03
7.000000e+08	6.644420e+13	0.000000e+00	5.947712e-01	1.496339e+15	2.114683e+15	3.742421e+14	1.740075e+04	6.542803e+03	2.970414e+03	0	1.271385e-03
7.100000e+08	6.486730e+13	0.000000e+00	5.947712e-01	1.482404e+15	2.098242e+15	3.724506e+14	1.737088e+04	6.537843e+03	2.968162e+03	0	1.261246e-03
7.200000e+08	6.331605e+13	0.000000e+00	5.947712e-01	1.468683e+15	2.081979e+15	3.706716e+14	1.734128e+04	6.532897e+03	2.965917e+03	0	1.251111e-03
7.300000e+08	6.178993e+13	0.000000e+00	5.947712e-01	1.455173e+15	2.065894e+15	3.689050e+14	1.731196e+04	6.527965e+03	2.963678e+03	0	1.240977e-03
7.400000e+08	6.028840e+13	0.000000e+00	5.947712e-01	1.441870e+15	2.049985e+15	3.671508e+14	1.728290e+04	6.523050e+03	2.961447e+03	0	1.230842e-03
7.500000e+08	5.881096e+13	0.000000e+00	5.947712e-01	1.428768e+15	2.034254e+15	3.654087e+14	1.725412e+04	6.518151e+03	2.959223e+03	0	1.220705e-03
7.600000e+08	5.735711e+13	0.000000e+00	5.947712e-01	1.415865e+15	2.018697e+15	3.636789e+14	1.722559e+04	6.513270e+03	2.957007e+03	0	1.210562e-03
7.700000e+08	5.592635e+13	0.000000e+00	5.947712e-01	1.403155e+15	2.003315e+15	3.619610e+14	1.719731e+04	6.508407e+03	2.954799e+03	0	1.200411e-03
7.800000e+08	5.451823e+13	0.000000e+00	5.947712e-01	1.390636e+15	1.988107e+15	3.602551e+14	1.716930e+04	6.503563e+03	2.952599e+03	0	1.190251e-03
7.900000e+08	5.313226e+13	0.000000e+00	5.947712e-01	1.378302e+15	1.973071e+15	3.585611e+14	1.714153e+04	6.498738e+03	2.950409e+03	0	1.180078e-03
8.000000e+08	5.176799e+13	0.000000e+00	5.947712e-01	1.366151e+15	1.958206e+15	3.568788e+14	1.711400e+04	6.493933e+03	2.948227e+03	0	1.169890e-03
8.100000e+08	5.042500e+13	0.000000e+00	5.947712e-01	1.354179e+15	1.943511e+15	3.552081e+14	1.708672e+04	6.489148e+03	2.946055e+03	0	1.159685e-03
8.200000e+08	4.910283e+13	0.000000e+00	5.947712e-01	1.342383e+15	1.928983e+15	3.535490e+14	1.705968e+04	6.484385e+03	2.943893e+03	0	1.149459e-03
8.300000e+08	4.780108e+13	0.000000e+00	5.947712e-01	1.330758e+15	1.914622e+15	3.519014e+14	1.703287e+04	6.479642e+03	2.941740e+03	0	1.139210e-03
8.400000e+08	4.651932e+13	0.000000e+00	5.947712e-01	1.319301e+15	1.900426e+15	3.502652e+14	1.700629e+04	6.474921e+03	2.939596e+03	0	1.128935e-03
8.500000e+08	4.525717e+13	0.000000e+00	5.947712e-01	1.308010e+15	1.886394e+15	3.486402e+14	1.697994e+04	6.470222e+03	2.937463e+03	0	1.118631e-03
8.600000e+08	4.401422e+13	0.000000e+00	5.947712e-01	1.296881e+15	1.872523e+15	3.470265e+14	1.695382e+04	6.465546e+03	2.935340e+03	0	1.108295e-03
8.700000e+08	4.279009e+13	0.000000e+00	5.947712e-01	1.285910e+15	1.858812e+15	3.454238e+14	1.692792e+04	6.460891e+03	2.933227e+03	0	1.097924e-03
8.800000e+08	4.158441e+13	0.000000e+00	5.947712e-01	1.275095e+15	1.845259e+15	3.438322e+14	1.690223e+04	6.456260e+03	2.931124e+03	0	1.087514e-03
8.900000e+08	4.039682e+13	0.000000e+00	5.947712e-01	1.264433e+15	1.831862e+15	3.422516e+14	1.687676e+04	6.451651e+03	2.929031e+03	0	1.077061e-03
9.000000e+08	3.922696e+13	0.000000e+00	5.947712e-01	1.253920e+15	1.818621e+15	3.406817e+14	1.685151e+04	6.447065e+03	2.926949e+03	0	1.066562e-03
9.100000e+08	3.807448e+13	0.000000e+00	5.947712e-01	1.243554e+15	1.805531e+15	3.391227e+14	1.682646e+04	6.442502e+03	2.924878e+03	0	1.056013e-03
9.200000e+08	3.693904e+13	0.000000e+00	5.947712e-01	1.233333e+15	1.792593e+15	3.375743e+14	1.680162e+04	6.437962e+03	2.922817e+03	0	1.045409e-03
9.300000e+08	3.582031e+13	0.000000e+00	5.947712e-01	1.223252e+15	1.779804e+15	3.360365e+14	1.677698e+04	6.433446e+03	2.920767e+03	0	1.034747e-03
9.400000e+08	3.471796e+13	0.000000e+00	5.947712e-01	1.213310e+15	1.767161e+15	3.345092e+14	1.675255e+04	6.428953e+03	2.918727e+03	0	1.024022e-03
9.500000e+08	3.363169e+13	0.000000e+00	5.947712e-01	1.203505e+15	1.754665e+15	3.329923e+14	1.672831e+04	6.424484e+03	2.916698e+03	0	1.013229e-03
9.600000e+08	3.256118e+13	0.000000e+00	5.947712e-01	1.193832e+15	1.742311e+15	3.314858e+14	1.670427e+04	6.420038e+03	2.914679e+03	0	1.002362e-03
9.700000e+08	3.150613e+13	0.000000e+00	5.947712e-01	1.184291e+15	1.730099e+15	3.299895e+14	1.668042e+04	6.415615e+03	2.912671e+03	0	9.914168e-04
9.800000e+08	3.046625e+13	0.000000e+00	5.947712e-01	1.174879e+15	1.718027e+15	3.285035e+14	1.665676e+04	6.411216e+03	2.910674e+03	0	9.803870e-04
9.900000e+08	2.944124e+13	0.000000e+00	5.947712e-01	1.165592e+15	1.706093e+15	3.270275e+14	1.663329e+04	6.406841e+03	2.908688e+03	0	9.692667e-04
1.000000e+09	2.843084e+13	0.000000e+00	5.947712e-01	1.156429e+15	1.694295e+15	3.255615e+14	1.661000e+04	6.402489e+03	2.906712e+03	0	9.580491e-04
1.010000e+09	2.743475e+13	0.000000e+00	5.947712e-01	1.147388e+15	1.682632e+15	3.241055e+14	1.658690e+04	6.398160e+03	2.904747e+03	0	9.467273e-04
1.020000e+09	2.645272e+13	0.000000e+00	5.947712e-01	1.138466e+15	1.671100e+15	3.226594e+14	1.656397e+04	6.393854e+03	2.902792e+03	0	9.352937e-04
1.030000e+09	2.548449e+13	0.000000e+00	5.947712e-01	1.129662e+15	1.659700e+15	3.212230e+14	1.654123e+04	6.389572e+03	2.900848e+03	0	9.237402e-04
1.040000e+09	2.452979e+13	0.000000e+00	5.947712e-01	1.120972e+15	1.648428e+15	3.197963e+14	1.651865e+04	6.385314e+03	2.898915e+03	0	9.120581e-04
1.050000e+09	2.358837e+13	0.000000e+00	5.947712e-01	1.112396e+15	1.637283e+15	3.183793e+14	1.649626e+04	6.381078e+03	2.896992e+03	0	9.002377e-04
1.060000e+09	2.266000e+13	0.000000e+00	5.947712e-01	1.103930e+15	1.626264e+15	3.169718e+14	1.647403e+04	6.376865e+03	2.895079e+03	0	8.882690e-04
1.070000e+09	2.174443e+13	0.000000e+00	5.947712e-01	1.095574e+15	1.615368e+15	3.155738e+14	1.645197e+04	6.372676e+03	2.893177e+03	0	8.761408e-04
1.080000e+09	2.084143e+13	0.000000e+00	5.947712e-01	1.087324e+15	1.604594e+15	3.141853e+14	1.643008e+04	6.368509e+03	2.891285e+03	0	8.638408e-04
1.090000e+09	1.995077e+13	0.000000e+00	5.947712e-01	1.079180e+15	1.593940e+15	3.128060e+14	1.640835e+04	6.364365e+03	2.889404e+03	0	8.513558e-04
1.100000e+09	1.907223e+13	0.000000e+00	5.947712e-01	1.071139e+15	1.583405e+15	3.114360e+14	1.638679e+04	6.360244e+03	2.887533e+03	0	8.386711e-04
1.110000e+09	1.820558e+13	0.000000e+00	5.947712e-01	1.063199e+15	1.572986e+15	3.100752e+14	1.636538e+04	6.356145e+03	2.885672e+03	0	8.257706e-04
1.120000e+09	1.735062e+13	0.000000e+00	5.947712e-01	1.055359e+15	1.562683e+15	3.087236e+14	1.634414e+04	6.352069e+03	2.883822e+03	0	8.126364e-04
1.130000e+09	1.650714e+13	0.000000e+00	5.947712e-01	1.047617e+15	1.552493e+15	3.073809e+14	1.632305e+04	6.348015e+03	2.881981e+03	0	7.992486e-04
1.140000e+09	1.567493e+13	0.000000e+00	5.947712e-01	1.039972e+15	1.542415e+15	3.060473e+14	1.630211e+04	6.343983e+03	2.880151e+03	0	7.855849e-04
1.150000e+09	1.485380e+13	0.000000e+00	5.947712e-01	1.032421e+15	1.532448e+15	3.047225e+14	1.628133e+04	6.339974e+03	2.878331e+03	0	7.716205e-04
1.160000e+09	1.404354e+13	0.000000e+00	5.947712e-01	1.024963e+15	1.522589e+15	3.034066e+14	1.626069e+04	6.335986e+03	2.876520e+03	0	7.573270e-04
1.170000e+09	1.324397e+13	0.000000e+00	5.947712e-01	1.017596e+15	1.512838e+15	3.020995e+14	1.624021e+04	6.332020e+03	2.874720e+03	0	7.426724e-04
1.180000e+09	1.245490e+13	0.000000e+00	5.947712e-01	1.010319e+15	1.503192e+15	3.008010e+14	1.621987e+04	6.328076e+03	2.872929e+03	0	7.276200e-04
1.190000e+09	1.167615e+13	0.000000e+00	5.947712e-01	1.003131e+15	1.493651e+15	2.995112e+14	1.619968e+04	6.324154e+03	2.871148e+03	0	7.121275e-04
1.200000e+09	1.090753e+13	0.000000e+00	5.947712e-01	9.960296e+14	1.484212e+15	2.982299e+14	1.617963e+04	6.320252e+03	2.869377e+03	0	6.961455e-04
1.210000e+09	1.014888e+13	0.000000e+00	5.947712e-01	9.890134e+14	1.474875e+15	2.969572e+14	1.615972e+04	6.316372e+03	2.867615e+03	0	6.796165e-04
1.220000e+09	9.400019e+12	0.000000e+00	5.947712e-01	9.820813e+14	1.465637e+15	2.956928e+14	1.613996e+04	6.312513e+03	2.865864e+03	0	6.624719e-04
1.230000e+09	8.660784e+12	0.000000e+00	5.947712e-01	9.752317e+14	1.456498e+15	2.944369e+14	1.612033e+04	6.308676e+03	2.864121e+03	0	6.446297e-04
1.240000e+09	7.931009e+12	0.000000e+00	5.947712e-01	9.684633e+14	1.447456e+15	2.931892e+14	1.610084e+04	6.304858e+03	2.862388e+03	0	6.259900e-04
1.250000e+09	7.210535e+12	0.000000e+00	5.947712e-01	9.617748e+14	1.438510e+15	2.919498e+14	1.608148e+04	6.301062e+03	2.860665e+03	0	6.064296e-04
1.260000e+09	6.499203e+12	0.000000e+00	5.947712e-01	9.551648e+14	1.429659e+15	2.907185e+14	1.606225e+04	6.297286e+03	2.858950e+03	0	5.857936e-04
1.270000e+09	5.796861e+12	0.000000e+00	5.947712e-01	9.486321e+14	1.420900e+15	2.894954e+14	1.604316e+04	6.293530e+03	2.857245e+03	0	5.638828e-04
1.280000e+09	5.103356e+12	0.000000e+00	5.947712e-01	9.421754e+14	1.412233e+15	2.882803e+14	1.602420e+04	6.289795e+03	2.855549e+03	0	5.404347e-04
1.290000e+09	4.418543e+12	0.000000e+00	5.947712e-01	9.357935e+14	1.403657e+15	2.870732e+14	1.600537e+04	6.286080e+03	2.853863e+03	0	5.150914e-04
1.300000e+09	3.742276e+12	0.000000e+00	5.947712e-01	9.294852e+14	1.395169e+15	2.858740e+14	1.598666e+04	6.282384e+03	2.852185e+03	0	4.873450e-04
1.310000e+09	3.074415e+12	0.000000e+00	5.947712e-01	9.232493e+14	1.386770e+15	2.846826e+14	1.596808e+04	6.278708e+03	2.850516e+03	0	4.564348e-04
1.320000e+09	2.414819e+12	0.000000e+00	5.947712e-01	9.170846e+14	1.378457e+15	2.834991e+14	1.594962e+04	6.275052e+03	2.848856e+03	0	4.211332e-04
1.330000e+09	1.763355e+12	0.000000e+00	5.947712e-01	9.109900e+14	1.370230e+15	2.823233e+14	1.593129e+04	6.271416e+03	2.847205e+03	0	3.792316e-04
1.340000e+09	1.119889e+12	0.000000e+00	5.947712e-01	9.049644e+14	1.362087e+15	2.811552e+14	1.591308e+04	6.267798e+03	2.845563e+03	0	3.259739e-04
1.350000e+09	4.842905e+11	0.000000e+00	5.947712e-01	8.990067e+14	1.354027e+15	2.799947e+14	1.589499e+04	6.264200e+03	2.843929e+03	0	2.465055e-04
1.360000e+09	-1.435675e+11	0.000000e+00	5.947712e-01	8.931158e+14	1.346050e+15	2.788418e+14	1.587702e+04	6.260621e+03	2.842305e+03	0	nan
