#t		Qconv[W]	Ri[Rp]		R*[Rp]		Qc[W]		Qm[W]		Qr[W]		Tcmb[K]		Tl[K]		Tup[K]		RiFlag		Bs[T]
0.000000e+00	3.070793e+13	0.000000e+00	5.175878e-01	4.162954e+14	4.076486e+15	5.782458e+14	1.311869e+04	7.365784e+03	2.654993e+03	0	1.052467e-03
1.000000e+07	3.022802e+13	0.000000e+00	5.175878e-01	4.115491e+14	3.874316e+15	5.750418e+14	1.310583e+04	7.302053e+03	2.632021e+03	0	1.046956e-03
2.000000e+07	2.975910e+13	0.000000e+00	5.175878e-01	4.069101e+14	3.690680e+15	5.718619e+14	1.309311e+04	7.242271e+03	2.610473e+03	0	1.041514e-03
3.000000e+07	2.930159e+13	0.000000e+00	5.175878e-01	4.023824e+14	3.523283e+15	5.687057e+14	1.308054e+04	7.186072e+03	2.590216e+03	0	1.036149e-03
4.000000e+07	2.885566e+13	0.000000e+00	5.175878e-01	3.979677e+14	3.370180e+15	5.655731e+14	1.306811e+04	7.133133e+03	2.571134e+03	0	1.030866e-03
5.000000e+07	2.842133e+13	0.000000e+00	5.175878e-01	3.936661e+14	3.229711e+15	5.624639e+14	1.305581e+04	7.083167e+03	2.553124e+03	0	1.025668e-03
6.000000e+07	2.799849e+13	0.000000e+00	5.175878e-01	3.894767e+14	3.100457e+15	5.593778e+14	1.304364e+04	7.035925e+03	2.536095e+03	0	1.020556e-03
7.000000e+07	2.758697e+13	0.000000e+00	5.175878e-01	3.853975e+14	2.981195e+15	5.563147e+14	1.303161e+04	6.991183e+03	2.519968e+03	0	1.015531e-03
8.000000e+07	2.718651e+13	0.000000e+00	5.175878e-01	3.814261e+14	2.870867e+15	5.532744e+14	1.301970e+04	6.948740e+03	2.504670e+03	0	1.010593e-03
9.000000e+07	2.679682e+13	0.000000e+00	5.175878e-01	3.775597e+14	2.768555e+15	5.502567e+14	1.300791e+04	6.908420e+03	2.490136e+03	0	1.005741e-03
1.000000e+08	2.641758e+13	0.000000e+00	5.175878e-01	3.737953e+14	2.673456e+15	5.472614e+14	1.299624e+04	6.870063e+03	2.476310e+03	0	1.000974e-03
1.100000e+08	2.604847e+13	0.000000e+00	5.175878e-01	3.701296e+14	2.584871e+15	5.442883e+14	1.298469e+04	6.833523e+03	2.463139e+03	0	9.962904e-04
1.200000e+08	2.568915e+13	0.000000e+00	5.175878e-01	3.665593e+14	2.502181e+15	5.413373e+14	1.297325e+04	6.798672e+03	2.450577e+03	0	9.916881e-04
1.300000e+08	2.533926e+13	0.000000e+00	5.175878e-01	3.630810e+14	2.424845e+15	5.384081e+14	1.296192e+04	6.765391e+03	2.438581e+03	0	9.871652e-04
1.400000e+08	2.499848e+13	0.000000e+00	5.175878e-01	3.596915e+14	2.352380e+15	5.355006e+14	1.295070e+04	6.733575e+03	2.427113e+03	0	9.827198e-04
1.500000e+08	2.466645e+13	0.000000e+00	5.175878e-01	3.563874e+14	2.284360e+15	5.326146e+14	1.293959e+04	6.703125e+03	2.416138e+03	0	9.783497e-04
1.600000e+08	2.434287e+13	0.000000e+00	5.175878e-01	3.531657e+14	2.220405e+15	5.297499e+14	1.292857e+04	6.673953e+03	2.405623e+03	0	9.740527e-04
1.700000e+08	2.402740e+13	0.000000e+00	5.175878e-01	3.500232e+14	2.160175e+15	5.269063e+14	1.291765e+04	6.645979e+03	2.395539e+03	0	9.698267e-04
1.800000e+08	2.371974e+13	0.000000e+00	5.175878e-01	3.469568e+14	2.103366e+15	5.240837e+14	1.290684e+04	6.619127e+03	2.385861e+03	0	9.656695e-04
1.900000e+08	2.341959e+13	0.000000e+00	5.175878e-01	3.439638e+14	2.049707e+15	5.212819e+14	1.289611e+04	6.593330e+03	2.376562e+03	0	9.615790e-04
2.000000e+08	2.312667e+13	0.000000e+00	5.175878e-01	3.410412e+14	1.998950e+15	5.185007e+14	1.288548e+04	6.568526e+03	2.367621e+03	0	9.575531e-04
2.100000e+08	2.284069e+13	0.000000e+00	5.175878e-01	3.381865e+14	1.950877e+15	5.157400e+14	1.287494e+04	6.544656e+03	2.359017e+03	0	9.535898e-04
2.200000e+08	2.256139e+13	0.000000e+00	5.175878e-01	3.353971e+14	1.905285e+15	5.129995e+14	1.286448e+04	6.521667e+03	2.350731e+03	0	9.496870e-04
2.300000e+08	2.228853e+13	0.000000e+00	5.175878e-01	3.326705e+14	1.861994e+15	5.102792e+14	1.285412e+04	6.499509e+03	2.342744e+03	0	9.458429e-04
2.400000e+08	2.202186e+13	0.000000e+00	5.175878e-01	3.300044e+14	1.820839e+15	5.075788e+14	1.284383e+04	6.478138e+03	2.335041e+03	0	9.420556e-04
2.500000e+08	2.176115e+13	0.000000e+00	5.175878e-01	3.273965e+14	1.781671e+15	5.048981e+14	1.283363e+04	6.457511e+03	2.327606e+03	0	9.383232e-04
2.600000e+08	2.150617e+13	0.000000e+00	5.175878e-01	3.248447e+14	1.744353e+15	5.022371e+14	1.282351e+04	6.437588e+03	2.320425e+03	0	9.346440e-04
2.700000e+08	2.125673e+13	0.000000e+00	5.175878e-01	3.223469e+14	1.708760e+15	4.995956e+14	1.281347e+04	6.418334e+03	2.313485e+03	0	9.310164e-04
2.800000e+08	2.101261e+13	0.000000e+00	5.175878e-01	3.199012e+14	1.674779e+15	4.969733e+14	1.280350e+04	6.399713e+03	2.306773e+03	0	9.274386e-04
2.900000e+08	2.077362e+13	0.000000e+00	5.175878e-01	3.175057e+14	1.642305e+15	4.943702e+14	1.279361e+04	6.381694e+03	2.300278e+03	0	9.239091e-04
3.000000e+08	2.053958e+13	0.000000e+00	5.175878e-01	3.151586e+14	1.611241e+15	4.917861e+14	1.278380e+04	6.364248e+03	2.293989e+03	0	9.204264e-04
3.100000e+08	2.031032e+13	0.000000e+00	5.175878e-01	3.128582e+14	1.581501e+15	4.892207e+14	1.277405e+04	6.347346e+03	2.287897e+03	0	9.169890e-04
3.200000e+08	2.008567e+13	0.000000e+00	5.175878e-01	3.106030e+14	1.553002e+15	4.866741e+14	1.276438e+04	6.330963e+03	2.281992e+03	0	9.135955e-04
3.300000e+08	1.986546e+13	0.000000e+00	5.175878e-01	3.083912e+14	1.525670e+15	4.841459e+14	1.275478e+04	6.315074e+03	2.276265e+03	0	9.102445e-04
3.400000e+08	1.964955e+13	0.000000e+00	5.175878e-01	3.062216e+14	1.499436e+15	4.816362e+14	1.274525e+04	6.299656e+03	2.270707e+03	0	9.069348e-04
3.500000e+08	1.943780e+13	0.000000e+00	5.175878e-01	3.040925e+14	1.474235e+15	4.791446e+14	1.273578e+04	6.284688e+03	2.265312e+03	0	9.036651e-04
3.600000e+08	1.923005e+13	0.000000e+00	5.175878e-01	3.020028e+14	1.450009e+15	4.766711e+14	1.272638e+04	6.270150e+03	2.260072e+03	0	9.004342e-04
3.700000e+08	1.902619e+13	0.000000e+00	5.175878e-01	2.999511e+14	1.426702e+15	4.742155e+14	1.271704e+04	6.256023e+03	2.254980e+03	0	8.972410e-04
3.800000e+08	1.882607e+13	0.000000e+00	5.175878e-01	2.979361e+14	1.404264e+15	4.717777e+14	1.270777e+04	6.242288e+03	2.250029e+03	0	8.940842e-04
3.900000e+08	1.862959e+13	0.000000e+00	5.175878e-01	2.959568e+14	1.382647e+15	4.693575e+14	1.269855e+04	6.228929e+03	2.245214e+03	0	8.909629e-04
4.000000e+08	1.843662e+13	0.000000e+00	5.175878e-01	2.940119e+14	1.361808e+15	4.669547e+14	1.268940e+04	6.215930e+03	2.240528e+03	0	8.878759e-04
4.100000e+08	1.824705e+13	0.000000e+00	5.175878e-01	2.921003e+14	1.341704e+15	4.645694e+14	1.268031e+04	6.203275e+03	2.235967e+03	0	8.848224e-04
4.200000e+08	1.806079e+13	0.000000e+00	5.175878e-01	2.902211e+14	1.322298e+15	4.622012e+14	1.267128e+04	6.190952e+03	2.231525e+03	0	8.818013e-04
4.300000e+08	1.787772e+13	0.000000e+00	5.175878e-01	2.883733e+14	1.303555e+15	4.598500e+14	1.266231e+04	6.178945e+03	2.227197e+03	0	8.788118e-04
4.400000e+08	1.769774e+13	0.000000e+00	5.175878e-01	2.865559e+14	1.285439e+15	4.575158e+14	1.265339e+04	6.167243e+03	2.222979e+03	0	8.758528e-04
4.500000e+08	1.752077e+13	0.000000e+00	5.175878e-01	2.847679e+14	1.267921e+15	4.551983e+14	1.264453e+04	6.155833e+03	2.218866e+03	0	8.729236e-04
4.600000e+08	1.734672e+13	0.000000e+00	5.175878e-01	2.830086e+14	1.250972e+15	4.528975e+14	1.263573e+04	6.144704e+03	2.214855e+03	0	8.700234e-04
4.700000e+08	1.717549e+13	0.000000e+00	5.175878e-01	2.812770e+14	1.234562e+15	4.506132e+14	1.262697e+04	6.133844e+03	2.210941e+03	0	8.671513e-04
4.800000e+08	1.700701e+13	0.000000e+00	5.175878e-01	2.795725e+14	1.218668e+15	4.483452e+14	1.261828e+04	6.123245e+03	2.207120e+03	0	8.643067e-04
4.900000e+08	1.684120e+13	0.000000e+00	5.175878e-01	2.778941e+14	1.203264e+15	4.460935e+14	1.260963e+04	6.112894e+03	2.203389e+03	0	8.614886e-04
5.000000e+08	1.667798e+13	0.000000e+00	5.175878e-01	2.762412e+14	1.188328e+15	4.438579e+14	1.260104e+04	6.102785e+03	2.199745e+03	0	8.586965e-04
5.100000e+08	1.651728e+13	0.000000e+00	5.175878e-01	2.746131e+14	1.173839e+15	4.416383e+14	1.259250e+04	6.092907e+03	2.196185e+03	0	8.559296e-04
5.200000e+08	1.635903e+13	0.000000e+00	5.175878e-01	2.730091e+14	1.159776e+15	4.394345e+14	1.258400e+04	6.083252e+03	2.192705e+03	0	8.531873e-04
5.300000e+08	1.620316e+13	0.000000e+00	5.175878e-01	2.714285e+14	1.146120e+15	4.372464e+14	1.257556e+04	6.073812e+03	2.189302e+03	0	8.504689e-04
5.400000e+08	1.604961e+13	0.000000e+00	5.175878e-01	2.698706e+14	1.132855e+15	4.350739e+14	1.256717e+04	6.064579e+03	2.185974e+03	0	8.477738e-04
5.500000e+08	1.589831e+13	0.000000e+00	5.175878e-01	2.683350e+14	1.119961e+15	4.329168e+14	1.255882e+04	6.055546e+03	2.182718e+03	0	8.451014e-04
5.600000e+08	1.574920e+13	0.000000e+00	5.175878e-01	2.668210e+14	1.107425e+15	4.307751e+14	1.255053e+04	6.046707e+03	2.179532e+03	0	8.424511e-04
5.700000e+08	1.560224e+13	0.000000e+00	5.175878e-01	2.653280e+14	1.095230e+15	4.286486e+14	1.254227e+04	6.038053e+03	2.176413e+03	0	8.398225e-04
5.800000e+08	1.545735e+13	0.000000e+00	5.175878e-01	2.638555e+14	1.083362e+15	4.265372e+14	1.253407e+04	6.029580e+03	2.173359e+03	0	8.372148e-04
5.900000e+08	1.531450e+13	0.000000e+00	5.175878e-01	2.624029e+14	1.071809e+15	4.244408e+14	1.252591e+04	6.021280e+03	2.170367e+03	0	8.346277e-04
6.000000e+08	1.517362e+13	0.000000e+00	5.175878e-01	2.609699e+14	1.060557e+15	4.223592e+14	1.251780e+04	6.013149e+03	2.167436e+03	0	8.320605e-04
6.100000e+08	1.503467e+13	0.000000e+00	5.175878e-01	2.595559e+14	1.049593e+15	4.202923e+14	1.250972e+04	6.005180e+03	2.164564e+03	0	8.295129e-04
6.200000e+08	1.489760e+13	0.000000e+00	5.175878e-01	2.581604e+14	1.038908e+15	4.182400e+14	1.250170e+04	5.997368e+03	2.161748e+03	0	8.269843e-04
6.300000e+08	1.476236e+13	0.000000e+00	5.175878e-01	2.567829e+14	1.028489e+15	4.162022e+14	1.249371e+04	5.989708e+03	2.158987e+03	0	8.244742e-04
6.400000e+08	1.462891e+13	0.000000e+00	5.175878e-01	2.554231e+14	1.018327e+15	4.141788e+14	1.248577e+04	5.982195e+03	2.156279e+03	0	8.219823e-04
6.500000e+08	1.449720e+13	0.000000e+00	5.175878e-01	2.540806e+14	1.008411e+15	4.121697e+14	1.247787e+04	5.974825e+03	2.153622e+03	0	8.195081e-04
6.600000e+08	1.436720e+13	0.000000e+00	5.175878e-01	2.527548e+14	9.987323e+14	4.101747e+14	1.247002e+04	5.967592e+03	2.151015e+03	0	8.170512e-04
6.700000e+08	1.423887e+13	0.000000e+00	5.175878e-01	2.514455e+14	9.892821e+14	4.081937e+14	1.246220e+04	5.960494e+03	2.148456e+03	0	8.146112e-04
6.800000e+08	1.411216e+13	0.000000e+00	5.175878e-01	2.501522e+14	9.800519e+14	4.062266e+14	1.245442e+04	5.953524e+03	2.145944e+03	0	8.121876e-04
6.900000e+08	1.398704e+13	0.000000e+00	5.175878e-01	2.488746e+14	9.710336e+14	4.042733e+14	1.244669e+04	5.946680e+03	2.143477e+03	0	8.097802e-04
7.000000e+08	1.386347e+13	0.000000e+00	5.175878e-01	2.476124e+14	9.622196e+14	4.023337e+14	1.243899e+04	5.939958e+03	2.141054e+03	0	8.073885e-04
7.100000e+08	1.374142e+13	0.000000e+00	5.175878e-01	2.463651e+14	9.536025e+14	4.004077e+14	1.243133e+04	5.933354e+03	2.138674e+03	0	8.050121e-04
7.200000e+08	1.362086e+13	0.000000e+00	5.175878e-01	2.451325e+14	9.451755e+14	3.984951e+14	1.242371e+04	5.926864e+03	2.136335e+03	0	8.026509e-04
7.300000e+08	1.350174e+13	0.000000e+00	5.175878e-01	2.439143e+14	9.369318e+14	3.965960e+14	1.241613e+04	5.920485e+03	2.134036e+03	0	8.003042e-04
7.400000e+08	1.338405e+13	0.000000e+00	5.175878e-01	2.427101e+14	9.288651e+14	3.947100e+14	1.240859e+04	5.914214e+03	2.131775e+03	0	7.979720e-04
7.500000e+08	1.326774e+13	0.000000e+00	5.175878e-01	2.415196e+14	9.209694e+14	3.928373e+14	1.240108e+04	5.908048e+03	2.129553e+03	0	7.956538e-04
7.600000e+08	1.315279e+13	0.000000e+00	5.175878e-01	2.403425e+14	9.132389e+14	3.909775e+14	1.239361e+04	5.901984e+03	2.127367e+03	0	7.933494e-04
7.700000e+08	1.303917e+13	0.000000e+00	5.175878e-01	2.391787e+14	9.056680e+14	3.891308e+14	1.238618e+04	5.896018e+03	2.125216e+03	0	7.910584e-04
7.800000e+08	1.292686e+13	0.000000e+00	5.175878e-01	2.380277e+14	8.982516e+14	3.872968e+14	1.237878e+04	5.890148e+03	2.123101e+03	0	7.887805e-04
7.900000e+08	1.281582e+13	0.000000e+00	5.175878e-01	2.368893e+14	8.909844e+14	3.854756e+14	1.237142e+04	5.884372e+03	2.121018e+03	0	7.865155e-04
8.000000e+08	1.270603e+13	0.000000e+00	5.175878e-01	2.357633e+14	8.838618e+14	3.836670e+14	1.236409e+04	5.878686e+03	2.118969e+03	0	7.842631e-04
8.100000e+08	1.259746e+13	0.000000e+00	5.175878e-01	2.346495e+14	8.768790e+14	3.818710e+14	1.235680e+04	5.873088e+03	2.116951e+03	0	7.820230e-04
8.200000e+08	1.249009e+13	0.000000e+00	5.175878e-01	2.335475e+14	8.700316e+14	3.800873e+14	1.234954e+04	5.867576e+03	2.114964e+03	0	7.797949e-04
8.300000e+08	1.238390e+13	0.000000e+00	5.175878e-01	2.324572e+14	8.633154e+14	3.783160e+14	1.234232e+04	5.862148e+03	2.113008e+03	0	7.775787e-04
8.400000e+08	1.227886e+13	0.000000e+00	5.175878e-01	2.313783e+14	8.567263e+14	3.765570e+14	1.233513e+04	5.856800e+03	2.111080e+03	0	7.753740e-04
8.500000e+08	1.217495e+13	0.000000e+00	5.175878e-01	2.303106e+14	8.502603e+14	3.748101e+14	1.232797e+04	5.851532e+03	2.109181e+03	0	7.731806e-04
8.600000e+08	1.207215e+13	0.000000e+00	5.175878e-01	2.292539e+14	8.439138e+14	3.730752e+14	1.232085e+04	5.846340e+03	2.107310e+03	0	7.709983e-04
8.700000e+08	1.197044e+13	0.000000e+00	5.175878e-01	2.282079e+14	8.376831e+14	3.713523e+14	1.231376e+04	5.841224e+03	2.105466e+03	0	7.688268e-04
8.800000e+08	1.186979e+13	0.000000e+00	5.175878e-01	2.271726e+14	8.315647e+14	3.696412e+14	1.230670e+04	5.836180e+03	2.103648e+03	0	7.666660e-04
8.900000e+08	1.177019e+13	0.000000e+00	5.175878e-01	2.261476e+14	8.255554e+14	3.679418e+14	1.229967e+04	5.831207e+03	2.101855e+03	0	7.645155e-04
9.000000e+08	1.167161e+13	0.000000e+00	5.175878e-01	2.251328e+14	8.196519e+14	3.662542e+14	1.229267e+04	5.826304e+03	2.100088e+03	0	7.623753e-04
9.100000e+08	1.157405e+13	0.000000e+00	5.175878e-01	2.241281e+14	8.138512e+14	3.645781e+14	1.228571e+04	5.821468e+03	2.098345e+03	0	7.602450e-04
9.200000e+08	1.147747e+13	0.000000e+00	5.175878e-01	2.231331e+14	8.081503e+14	3.629135e+14	1.227878e+04	5.816698e+03	2.096625e+03	0	7.581245e-04
9.300000e+08	1.138186e+13	0.000000e+00	5.175878e-01	2.221478e+14	8.025464e+14	3.612602e+14	1.227188e+04	5.811992e+03	2.094929e+03	0	7.560136e-04
9.400000e+08	1.128721e+13	0.000000e+00	5.175878e-01	2.211720e+14	7.970367e+14	3.596183e+14	1.226500e+04	5.807348e+03	2.093255e+03	0	7.539121e-04
9.500000e+08	1.119350e+13	0.000000e+00	5.175878e-01	2.202055e+14	7.916187e+14	3.579876e+14	1.225816e+04	5.802765e+03	2.091603e+03	0	7.518198e-04
9.600000e+08	1.110070e+13	0.000000e+00	5.175878e-01	2.192482e+14	7.862898e+14	3.563680e+14	1.225135e+04	5.798242e+03	2.089973e+03	0	7.497365e-04
9.700000e+08	1.100881e+13	0.000000e+00	5.175878e-01	2.182998e+14	7.810475e+14	3.547594e+14	1.224457e+04	5.793777e+03	2.088364e+03	0	7.476621e-04
9.800000e+08	1.091781e+13	0.000000e+00	5.175878e-01	2.173603e+14	7.758896e+14	3.531618e+14	1.223782e+04	5.789368e+03	2.086775e+03	0	7.455963e-04
9.900000e+08	1.082769e+13	0.000000e+00	5.175878e-01	2.164295e+14	7.708137e+14	3.515750e+14	1.223109e+04	5.785015e+03	2.085205e+03	0	7.435390e-04
1.000000e+09	1.073842e+13	0.000000e+00	5.175878e-01	2.155073e+14	7.658177e+14	3.499990e+14	1.222440e+04	5.780716e+03	2.083656e+03	0	7.414900e-04
1.010000e+09	1.065000e+13	0.000000e+00	5.175878e-01	2.145934e+14	7.608994e+14	3.484337e+14	1.221773e+04	5.776469e+03	2.082125e+03	0	7.394492e-04
1.020000e+09	1.056240e+13	0.000000e+00	5.175878e-01	2.136878e+14	7.560569e+14	3.468790e+14	1.221109e+04	5.772274e+03	2.080613e+03	0	7.374163e-04
1.030000e+09	1.047563e+13	0.000000e+00	5.175878e-01	2.127904e+14	7.512881e+14	3.453348e+14	1.220448e+04	5.768129e+03	2.079119e+03	0	7.353914e-04
1.040000e+09	1.038965e+13	0.000000e+00	5.175878e-01	2.119009e+14	7.465912e+14	3.438011e+14	1.219790e+04	5.764033e+03	2.077642e+03	0	7.333741e-04
1.050000e+09	1.030447e+13	0.000000e+00	5.175878e-01	2.110194e+14	7.419644e+14	3.422777e+14	1.219135e+04	5.759985e+03	2.076183e+03	0	7.313643e-04
1.060000e+09	1.022007e+13	0.000000e+00	5.175878e-01	2.101455e+14	7.374059e+14	3.407646e+14	1.218482e+04	5.755984e+03	2.074741e+03	0	7.293620e-04
1.070000e+09	1.013643e+13	0.000000e+00	5.175878e-01	2.092793e+14	7.329139e+14	3.392616e+14	1.217832e+04	5.752029e+03	2.073315e+03	0	7.273669e-04
1.080000e+09	1.005354e+13	0.000000e+00	5.175878e-01	2.084206e+14	7.284869e+14	3.377688e+14	1.217184e+04	5.748118e+03	2.071906e+03	0	7.253789e-04
1.090000e+09	9.971398e+12	0.000000e+00	5.175878e-01	2.075693e+14	7.241233e+14	3.362861e+14	1.216540e+04	5.744252e+03	2.070512e+03	0	7.233978e-04
1.100000e+09	9.889982e+12	0.000000e+00	5.175878e-01	2.067253e+14	7.198215e+14	3.348132e+14	1.215898e+04	5.740428e+03	2.069134e+03	0	7.214236e-04
1.110000e+09	9.809285e+12	0.000000e+00	5.175878e-01	2.058885e+14	7.155800e+14	3.333503e+14	1.215258e+04	5.736646e+03	2.067771e+03	0	7.194561e-04
1.120000e+09	9.729296e+12	0.000000e+00	5.175878e-01	2.050587e+14	7.113975e+14	3.318972e+14	1.214621e+04	5.732905e+03	2.066422e+03	0	7.174952e-04
1.130000e+09	9.650003e+12	0.000000e+00	5.175878e-01	2.042358e+14	7.072724e+14	3.304537e+14	1.213987e+04	5.729204e+03	2.065088e+03	0	7.155407e-04
1.140000e+09	9.571396e+12	0.000000e+00	5.175878e-01	2.034198e+14	7.032035e+14	3.290200e+14	1.213355e+04	5.725543e+03	2.063769e+03	0	7.135925e-04
1.150000e+09	9.493465e+12	0.000000e+00	5.175878e-01	2.026106e+14	6.991894e+14	3.275958e+14	1.212726e+04	5.721919e+03	2.062463e+03	0	7.116505e-04
1.160000e+09	9.416199e+12	0.000000e+00	5.175878e-01	2.018080e+14	6.952290e+14	3.261811e+14	1.212099e+04	5.718334e+03	2.061170e+03	0	7.097146e-04
1.170000e+09	9.339590e+12	0.000000e+00	5.175878e-01	2.010120e+14	6.913209e+14	3.247758e+14	1.211475e+04	5.714785e+03	2.059891e+03	0	7.077846e-04
1.180000e+09	9.263627e+12	0.000000e+00	5.175878e-01	2.002224e+14	6.874640e+14	3.233799e+14	1.210853e+04	5.711272e+03	2.058625e+03	0	7.058605e-04
1.190000e+09	9.188302e+12	0.000000e+00	5.175878e-01	1.994392e+14	6.836571e+14	3.219933e+14	1.210233e+04	5.707795e+03	2.057371e+03	0	7.039421e-04
1.200000e+09	9.113604e+12	0.000000e+00	5.175878e-01	1.986622e+14	6.798992e+14	3.206158e+14	1.209616e+04	5.704352e+03	2.056130e+03	0	7.020293e-04
1.210000e+09	9.039525e+12	0.000000e+00	5.175878e-01	1.978915e+14	6.761891e+14	3.192475e+14	1.209002e+04	5.700943e+03	2.054902e+03	0	7.001220e-04
1.220000e+09	8.966056e+12	0.000000e+00	5.175878e-01	1.971269e+14	6.725258e+14	3.178883e+14	1.208390e+04	5.697567e+03	2.053685e+03	0	6.982201e-04
1.230000e+09	8.893189e+12	0.000000e+00	5.175878e-01	1.963682e+14	6.689083e+14	3.165381e+14	1.207780e+04	5.694224e+03	2.052480e+03	0	6.963235e-04
1.240000e+09	8.820915e+12	0.000000e+00	5.175878e-01	1.956155e+14	6.653356e+14	3.151967e+14	1.207172e+04	5.690912e+03	2.051286e+03	0	6.944320e-04
1.250000e+09	8.749226e+12	0.000000e+00	5.175878e-01	1.948687e+14	6.618068e+14	3.138643e+14	1.206567e+04	5.687632e+03	2.050104e+03	0	6.925456e-04
1.260000e+09	8.678114e+12	0.000000e+00	5.175878e-01	1.941277e+14	6.583209e+14	3.125406e+14	1.205964e+04	5.684382e+03	2.048932e+03	0	6.906642e-04
1.270000e+09	8.607571e+12	0.000000e+00	5.175878e-01	1.933923e+14	6.548771e+14	3.112256e+14	1.205364e+04	5.681163e+03	2.047772e+03	0	6.887877e-04
1.280000e+09	8.537590e+12	0.000000e+00	5.175878e-01	1.926626e+14	6.514744e+14	3.099193e+14	1.204765e+04	5.677973e+03	2.046622e+03	0	6.869160e-04
1.290000e+09	8.468162e+12	0.000000e+00	5.175878e-01	1.919384e+14	6.481120e+14	3.086216e+14	1.204169e+04	5.674811e+03	2.045483e+03	0	6.850489e-04
1.300000e+09	8.399281e+12	0.000000e+00	5.175878e-01	1.912197e+14	6.447891e+14	3.073324e+14	1.203575e+04	5.671679e+03	2.044353e+03	0	6.831864e-04
1.310000e+09	8.330938e+12	0.000000e+00	5.175878e-01	1.905063e+14	6.415048e+14	3.060517e+14	1.202984e+04	5.668573e+03	2.043234e+03	0	6.813284e-04
1.320000e+09	8.263128e+12	0.000000e+00	5.175878e-01	1.897984e+14	6.382585e+14	3.047793e+14	1.202394e+04	5.665496e+03	2.042125e+03	0	6.794748e-04
1.330000e+09	8.195843e+12	0.000000e+00	5.175878e-01	1.890957e+14	6.350494e+14	3.035152e+14	1.201807e+04	5.662444e+03	2.041025e+03	0	6.776255e-04
1.340000e+09	8.129077e+12	0.000000e+00	5.175878e-01	1.883981e+14	6.318767e+14	3.022595e+14	1.201222e+04	5.659420e+03	2.039935e+03	0	6.757804e-04
1.350000e+09	8.062822e+12	0.000000e+00	5.175878e-01	1.877058e+14	6.287397e+14	3.010119e+14	1.200639e+04	5.656421e+03	2.038854e+03	0	6.739394e-04
1.360000e+09	7.997072e+12	0.000000e+00	5.175878e-01	1.870185e+14	6.256377e+14	2.997724e+14	1.200059e+04	5.653447e+03	2.037782e+03	0	6.721025e-04
1.370000e+09	7.931821e+12	0.000000e+00	5.175878e-01	1.863361e+14	6.225700e+14	2.985410e+14	1.199480e+04	5.650498e+03	2.036719e+03	0	6.702695e-04
1.380000e+09	7.867062e+12	0.000000e+00	5.175878e-01	1.856588e+14	6.195360e+14	2.973176e+14	1.198903e+04	5.647573e+03	2.035665e+03	0	6.684404e-04
1.390000e+09	7.802789e+12	0.000000e+00	5.175878e-01	1.849863e+14	6.165351e+14	2.961022e+14	1.198329e+04	5.644673e+03	2.034619e+03	0	6.666151e-04
1.400000e+09	7.738997e+12	0.000000e+00	5.175878e-01	1.843186e+14	6.135666e+14	2.948947e+14	1.197757e+04	5.641796e+03	2.033582e+03	0	6.647935e-04
1.410000e+09	7.675678e+12	0.000000e+00	5.175878e-01	1.836557e+14	6.106299e+14	2.936949e+14	1.197186e+04	5.638942e+03	2.032553e+03	0	6.629754e-04
1.420000e+09	7.612828e+12	0.000000e+00	5.175878e-01	1.829975e+14	6.077245e+14	2.925030e+14	1.196618e+04	5.636111e+03	2.031533e+03	0	6.611609e-04
1.430000e+09	7.550441e+12	0.000000e+00	5.175878e-01	1.823440e+14	6.048497e+14	2.913187e+14	1.196052e+04	5.633302e+03	2.030520e+03	0	6.593499e-04
1.440000e+09	7.488510e+12	0.000000e+00	5.175878e-01	1.816950e+14	6.020050e+14	2.901421e+14	1.195488e+04	5.630515e+03	2.029516e+03	0	6.575423e-04
1.450000e+09	7.427032e+12	0.000000e+00	5.175878e-01	1.810506e+14	5.991899e+14	2.889731e+14	1.194926e+04	5.627749e+03	2.028519e+03	0	6.557379e-04
1.460000e+09	7.365999e+12	0.000000e+00	5.175878e-01	1.804107e+14	5.964037e+14	2.878116e+14	1.194365e+04	5.625005e+03	2.027530e+03	0	6.539367e-04
1.470000e+09	7.305407e+12	0.000000e+00	5.175878e-01	1.797752e+14	5.936461e+14	2.866576e+14	1.193807e+04	5.622282e+03	2.026548e+03	0	6.521387e-04
1.480000e+09	7.245251e+12	0.000000e+00	5.175878e-01	1.791440e+14	5.909165e+14	2.855110e+14	1.193251e+04	5.619579e+03	2.025574e+03	0	6.503438e-04
1.490000e+09	7.185525e+12	0.000000e+00	5.175878e-01	1.785172e+14	5.882144e+14	2.843717e+14	1.192697e+04	5.616896e+03	2.024607e+03	0	6.485518e-04
1.500000e+09	7.126224e+12	0.000000e+00	5.175878e-01	1.778947e+14	5.855394e+14	2.832398e+14	1.192144e+04	5.614233e+03	2.023647e+03	0	6.467628e-04
1.510000e+09	7.067344e+12	0.000000e+00	5.175878e-01	1.772765e+14	5.828909e+14	2.821151e+14	1.191594e+04	5.611590e+03	2.022694e+03	0	6.449766e-04
1.520000e+09	7.008880e+12	0.000000e+00	5.175878e-01	1.766624e+14	5.802685e+14	2.809976e+14	1.191046e+04	5.608965e+03	2.021748e+03	0	6.431931e-04
1.530000e+09	6.950826e+12	0.000000e+00	5.175878e-01	1.760524e+14	5.776718e+14	2.798872e+14	1.190499e+04	5.606360e+03	2.020809e+03	0	6.414124e-04
1.540000e+09	6.893179e+12	0.000000e+00	5.175878e-01	1.754465e+14	5.751003e+14	2.787839e+14	1.189954e+04	5.603773e+03	2.019877e+03	0	6.396342e-04
1.550000e+09	6.835933e+12	0.000000e+00	5.175878e-01	1.748447e+14	5.725537e+14	2.776877e+14	1.189411e+04	5.601204e+03	2.018951e+03	0	6.378587e-04
1.560000e+09	6.779085e+12	0.000000e+00	5.175878e-01	1.742469e+14	5.700314e+14	2.765984e+14	1.188870e+04	5.598653e+03	2.018031e+03	0	6.360856e-04
1.570000e+09	6.722629e+12	0.000000e+00	5.175878e-01	1.736530e+14	5.675331e+14	2.755161e+14	1.188331e+04	5.596120e+03	2.017118e+03	0	6.343149e-04
1.580000e+09	6.666561e+12	0.000000e+00	5.175878e-01	1.730631e+14	5.650585e+14	2.744406e+14	1.187794e+04	5.593605e+03	2.016212e+03	0	6.325465e-04
1.590000e+09	6.610877e+12	0.000000e+00	5.175878e-01	1.724770e+14	5.626071e+14	2.733720e+14	1.187258e+04	5.591106e+03	2.015311e+03	0	6.307804e-04
1.600000e+09	6.555573e+12	0.000000e+00	5.175878e-01	1.718947e+14	5.601785e+14	2.723101e+14	1.186725e+04	5.588624e+03	2.014416e+03	0	6.290165e-04
1.610000e+09	6.500644e+12	0.000000e+00	5.175878e-01	1.713162e+14	5.577724e+14	2.712549e+14	1.186193e+04	5.586159e+03	2.013528e+03	0	6.272548e-04
1.620000e+09	6.446087e+12	0.000000e+00	5.175878e-01	1.707415e+14	5.553884e+14	2.702064e+14	1.185663e+04	5.583711e+03	2.012645e+03	0	6.254951e-04
1.630000e+09	6.391897e+12	0.000000e+00	5.175878e-01	1.701705e+14	5.530263e+14	2.691645e+14	1.185134e+04	5.581278e+03	2.011768e+03	0	6.237374e-04
1.640000e+09	6.338071e+12	0.000000e+00	5.175878e-01	1.696031e+14	5.506855e+14	2.681292e+14	1.184608e+04	5.578861e+03	2.010897e+03	0	6.219816e-04
1.650000e+09	6.284604e+12	0.000000e+00	5.175878e-01	1.690394e+14	5.483659e+14	2.671004e+14	1.184083e+04	5.576460e+03	2.010032e+03	0	6.202277e-04
1.660000e+09	6.231493e+12	0.000000e+00	5.175878e-01	1.684793e+14	5.460670e+14	2.660780e+14	1.183560e+04	5.574074e+03	2.009172e+03	0	6.184756e-04
1.670000e+09	6.178734e+12	0.000000e+00	5.175878e-01	1.679227e+14	5.437886e+14	2.650621e+14	1.183039e+04	5.571704e+03	2.008317e+03	0	6.167252e-04
1.680000e+09	6.126324e+12	0.000000e+00	5.175878e-01	1.673696e+14	5.415304e+14	2.640526e+14	1.182519e+04	5.569348e+03	2.007468e+03	0	6.149765e-04
1.690000e+09	6.074258e+12	0.000000e+00	5.175878e-01	1.668201e+14	5.392919e+14	2.630494e+14	1.182001e+04	5.567007e+03	2.006625e+03	0	6.132293e-04
1.700000e+09	6.022533e+12	0.000000e+00	5.175878e-01	1.662739e+14	5.370731e+14	2.620524e+14	1.181485e+04	5.564681e+03	2.005786e+03	0	6.114837e-04
1.710000e+09	5.971145e+12	0.000000e+00	5.175878e-01	1.657312e+14	5.348735e+14	2.610617e+14	1.180971e+04	5.562369e+03	2.004953e+03	0	6.097396e-04
1.720000e+09	5.920092e+12	0.000000e+00	5.175878e-01	1.651919e+14	5.326928e+14	2.600772e+14	1.180458e+04	5.560071e+03	2.004124e+03	0	6.079969e-04
1.730000e+09	5.869369e+12	0.000000e+00	5.175878e-01	1.646558e+14	5.305309e+14	2.590988e+14	1.179947e+04	5.557787e+03	2.003301e+03	0	6.062555e-04
1.740000e+09	5.818974e+12	0.000000e+00	5.175878e-01	1.641231e+14	5.283874e+14	2.581265e+14	1.179437e+04	5.555516e+03	2.002483e+03	0	6.045153e-04
1.750000e+09	5.768902e+12	0.000000e+00	5.175878e-01	1.635937e+14	5.262620e+14	2.571602e+14	1.178929e+04	5.553260e+03	2.001669e+03	0	6.027764e-04
1.760000e+09	5.719151e+12	0.000000e+00	5.175878e-01	1.630675e+14	5.241545e+14	2.561999e+14	1.178423e+04	5.551016e+03	2.000861e+03	0	6.010386e-04
1.770000e+09	5.669718e+12	0.000000e+00	5.175878e-01	1.625446e+14	5.220647e+14	2.552456e+14	1.177919e+04	5.548786e+03	2.000057e+03	0	5.993019e-04
1.780000e+09	5.620599e+12	0.000000e+00	5.175878e-01	1.620248e+14	5.199923e+14	2.542972e+14	1.177416e+04	5.546568e+03	1.999257e+03	0	5.975662e-04
1.790000e+09	5.571790e+12	0.000000e+00	5.175878e-01	1.615081e+14	5.179370e+14	2.533547e+14	1.176914e+04	5.544364e+03	1.998463e+03	0	5.958315e-04
1.800000e+09	5.523290e+12	0.000000e+00	5.175878e-01	1.609946e+14	5.158986e+14	2.524180e+14	1.176414e+04	5.542172e+03	1.997673e+03	0	5.940976e-04
1.810000e+09	5.475095e+12	0.000000e+00	5.175878e-01	1.604841e+14	5.138768e+14	2.514871e+14	1.175916e+04	5.539992e+03	1.996887e+03	0	5.923646e-04
1.820000e+09	5.427202e+12	0.000000e+00	5.175878e-01	1.599768e+14	5.118715e+14	2.505619e+14	1.175420e+04	5.537825e+03	1.996106e+03	0	5.906323e-04
1.830000e+09	5.379608e+12	0.000000e+00	5.175878e-01	1.594724e+14	5.098825e+14	2.496424e+14	1.174925e+04	5.535670e+03	1.995329e+03	0	5.889007e-04
1.840000e+09	5.332311e+12	0.000000e+00	5.175878e-01	1.589710e+14	5.079094e+14	2.487285e+14	1.174431e+04	5.533527e+03	1.994557e+03	0	5.871697e-04
1.850000e+09	5.285306e+12	0.000000e+00	5.175878e-01	1.584726e+14	5.059521e+14	2.478203e+14	1.173939e+04	5.531396e+03	1.993788e+03	0	5.854393e-04
1.860000e+09	5.238592e+12	0.000000e+00	5.175878e-01	1.579772e+14	5.040103e+14	2.469176e+14	1.173449e+04	5.529276e+03	1.993024e+03	0	5.837094e-04
1.870000e+09	5.192166e+12	0.000000e+00	5.175878e-01	1.574847e+14	5.020839e+14	2.460205e+14	1.172960e+04	5.527168e+03	1.992265e+03	0	5.819800e-04
1.880000e+09	5.146025e+12	0.000000e+00	5.175878e-01	1.569950e+14	5.001727e+14	2.451288e+14	1.172473e+04	5.525072e+03	1.991509e+03	0	5.802509e-04
1.890000e+09	5.100166e+12	0.000000e+00	5.175878e-01	1.565082e+14	4.982764e+14	2.442426e+14	1.171987e+04	5.522986e+03	1.990757e+03	0	5.785221e-04
1.900000e+09	5.054586e+12	0.000000e+00	5.175878e-01	1.560243e+14	4.963949e+14	2.433618e+14	1.171503e+04	5.520912e+03	1.990009e+03	0	5.767935e-04
1.910000e+09	5.009284e+12	0.000000e+00	5.175878e-01	1.555432e+14	4.945279e+14	2.424864e+14	1.171020e+04	5.518848e+03	1.989266e+03	0	5.750652e-04
1.920000e+09	4.964256e+12	0.000000e+00	5.175878e-01	1.550648e+14	4.926753e+14	2.416163e+14	1.170538e+04	5.516796e+03	1.988526e+03	0	5.733369e-04
1.930000e+09	4.919500e+12	0.000000e+00	5.175878e-01	1.545892e+14	4.908369e+14	2.407515e+14	1.170059e+04	5.514754e+03	1.987790e+03	0	5.716087e-04
1.940000e+09	4.875013e+12	0.000000e+00	5.175878e-01	1.541163e+14	4.890126e+14	2.398919e+14	1.169580e+04	5.512722e+03	1.987058e+03	0	5.698805e-04
1.950000e+09	4.830793e+12	0.000000e+00	5.175878e-01	1.536462e+14	4.872020e+14	2.390375e+14	1.169103e+04	5.510702e+03	1.986329e+03	0	5.681521e-04
1.960000e+09	4.786837e+12	0.000000e+00	5.175878e-01	1.531787e+14	4.854051e+14	2.381883e+14	1.168628e+04	5.508691e+03	1.985604e+03	0	5.664237e-04
1.970000e+09	4.743143e+12	0.000000e+00	5.175878e-01	1.527139e+14	4.836217e+14	2.373443e+14	1.168154e+04	5.506690e+03	1.984883e+03	0	5.646950e-04
1.980000e+09	4.699709e+12	0.000000e+00	5.175878e-01	1.522517e+14	4.818517e+14	2.365053e+14	1.167681e+04	5.504700e+03	1.984166e+03	0	5.629660e-04
1.990000e+09	4.656532e+12	0.000000e+00	5.175878e-01	1.517921e+14	4.800947e+14	2.356714e+14	1.167210e+04	5.502720e+03	1.983452e+03	0	5.612367e-04
2.000000e+09	4.613610e+12	0.000000e+00	5.175878e-01	1.513352e+14	4.783508e+14	2.348425e+14	1.166740e+04	5.500749e+03	1.982742e+03	0	5.595069e-04
2.010000e+09	4.570941e+12	0.000000e+00	5.175878e-01	1.508807e+14	4.766197e+14	2.340186e+14	1.166272e+04	5.498788e+03	1.982035e+03	0	5.577767e-04
2.020000e+09	4.528522e+12	0.000000e+00	5.175878e-01	1.504289e+14	4.749013e+14	2.331997e+14	1.165805e+04	5.496837e+03	1.981332e+03	0	5.560459e-04
2.030000e+09	4.486351e+12	0.000000e+00	5.175878e-01	1.499795e+14	4.731954e+14	2.323856e+14	1.165340e+04	5.494895e+03	1.980632e+03	0	5.543145e-04
2.040000e+09	4.444426e+12	0.000000e+00	5.175878e-01	1.495327e+14	4.715019e+14	2.315764e+14	1.164875e+04	5.492962e+03	1.979935e+03	0	5.525824e-04
2.050000e+09	4.402744e+12	0.000000e+00	5.175878e-01	1.490883e+14	4.698206e+14	2.307721e+14	1.164413e+04	5.491039e+03	1.979242e+03	0	5.508496e-04
2.060000e+09	4.361304e+12	0.000000e+00	5.175878e-01	1.486464e+14	4.681514e+14	2.299726e+14	1.163951e+04	5.489125e+03	1.978552e+03	0	5.491159e-04
2.070000e+09	4.320104e+12	0.000000e+00	5.175878e-01	1.482069e+14	4.664941e+14	2.291778e+14	1.163491e+04	5.487220e+03	1.977865e+03	0	5.473813e-04
2.080000e+09	4.279141e+12	0.000000e+00	5.175878e-01	1.477698e+14	4.648487e+14	2.283878e+14	1.163033e+04	5.485324e+03	1.977182e+03	0	5.456457e-04
2.090000e+09	4.238414e+12	0.000000e+00	5.175878e-01	1.473351e+14	4.632149e+14	2.276025e+14	1.162575e+04	5.483437e+03	1.976502e+03	0	5.439091e-04
2.100000e+09	4.197919e+12	0.000000e+00	5.175878e-01	1.469028e+14	4.615926e+14	2.268219e+14	1.162119e+04	5.481559e+03	1.975825e+03	0	5.421713e-04
2.110000e+09	4.157656e+12	0.000000e+00	5.175878e-01	1.464729e+14	4.599817e+14	2.260459e+14	1.161665e+04	5.479689e+03	1.975151e+03	0	5.404324e-04
2.120000e+09	4.117622e+12	0.000000e+00	5.175878e-01	1.460453e+14	4.583821e+14	2.252744e+14	1.161211e+04	5.477828e+03	1.974480e+03	0	5.386922e-04
2.130000e+09	4.077816e+12	0.000000e+00	5.175878e-01	1.456199e+14	4.567937e+14	2.245076e+14	1.160760e+04	5.475976e+03	1.973812e+03	0	5.369507e-04
2.140000e+09	4.038235e+12	0.000000e+00	5.175878e-01	1.451969e+14	4.552162e+14	2.237453e+14	1.160309e+04	5.474132e+03	1.973148e+03	0	5.352077e-04
2.150000e+09	3.998877e+12	0.000000e+00	5.175878e-01	1.447762e+14	4.536496e+14	2.229875e+14	1.159860e+04	5.472296e+03	1.972486e+03	0	5.334633e-04
2.160000e+09	3.959741e+12	0.000000e+00	5.175878e-01	1.443577e+14	4.520938e+14	2.222341e+14	1.159411e+04	5.470468e+03	1.971827e+03	0	5.317173e-04
2.170000e+09	3.920824e+12	0.000000e+00	5.175878e-01	1.439415e+14	4.505486e+14	2.214852e+14	1.158965e+04	5.468649e+03	1.971171e+03	0	5.299696e-04
2.180000e+09	3.882126e+12	0.000000e+00	5.175878e-01	1.435274e+14	4.490140e+14	2.207407e+14	1.158519e+04	5.466837e+03	1.970518e+03	0	5.282203e-04
2.190000e+09	3.843643e+12	0.000000e+00	5.175878e-01	1.431156e+14	4.474898e+14	2.200005e+14	1.158075e+04	5.465034e+03	1.969868e+03	0	5.264691e-04
2.200000e+09	3.805375e+12	0.000000e+00	5.175878e-01	1.427060e+14	4.459758e+14	2.192647e+14	1.157632e+04	5.463239e+03	1.969221e+03	0	5.247160e-04
2.210000e+09	3.767319e+12	0.000000e+00	5.175878e-01	1.422985e+14	4.444721e+14	2.185332e+14	1.157191e+04	5.461451e+03	1.968577e+03	0	5.229610e-04
2.220000e+09	3.729473e+12	0.000000e+00	5.175878e-01	1.418932e+14	4.429784e+14	2.178060e+14	1.156750e+04	5.459671e+03	1.967935e+03	0	5.212039e-04
2.230000e+09	3.691837e+12	0.000000e+00	5.175878e-01	1.414900e+14	4.414947e+14	2.170831e+14	1.156311e+04	5.457899e+03	1.967296e+03	0	5.194448e-04
2.240000e+09	3.654408e+12	0.000000e+00	5.175878e-01	1.410889e+14	4.400208e+14	2.163643e+14	1.155873e+04	5.456134e+03	1.966660e+03	0	5.176833e-04
2.250000e+09	3.617184e+12	0.000000e+00	5.175878e-01	1.406899e+14	4.385567e+14	2.156498e+14	1.155437e+04	5.454377e+03	1.966027e+03	0	5.159196e-04
2.260000e+09	3.580165e+12	0.000000e+00	5.175878e-01	1.402930e+14	4.371023e+14	2.149393e+14	1.155001e+04	5.452627e+03	1.965396e+03	0	5.141536e-04
2.270000e+09	3.543347e+12	0.000000e+00	5.175878e-01	1.398981e+14	4.356574e+14	2.142331e+14	1.154567e+04	5.450885e+03	1.964768e+03	0	5.123850e-04
2.280000e+09	3.506730e+12	0.000000e+00	5.175878e-01	1.395053e+14	4.342219e+14	2.135309e+14	1.154134e+04	5.449149e+03	1.964143e+03	0	5.106139e-04
2.290000e+09	3.470312e+12	0.000000e+00	5.175878e-01	1.391145e+14	4.327958e+14	2.128328e+14	1.153702e+04	5.447422e+03	1.963520e+03	0	5.088401e-04
2.300000e+09	3.434091e+12	0.000000e+00	5.175878e-01	1.387258e+14	4.313790e+14	2.121387e+14	1.153272e+04	5.445701e+03	1.962900e+03	0	5.070636e-04
2.310000e+09	3.398066e+12	0.000000e+00	5.175878e-01	1.383390e+14	4.299713e+14	2.114486e+14	1.152842e+04	5.443987e+03	1.962282e+03	0	5.052843e-04
2.320000e+09	3.362236e+12	0.000000e+00	5.175878e-01	1.379542e+14	4.285727e+14	2.107625e+14	1.152414e+04	5.442281e+03	1.961667e+03	0	5.035020e-04
2.330000e+09	3.326597e+12	0.000000e+00	5.175878e-01	1.375714e+14	4.271830e+14	2.100804e+14	1.151987e+04	5.440581e+03	1.961054e+03	0	5.017167e-04
2.340000e+09	3.291150e+12	0.000000e+00	5.175878e-01	1.371906e+14	4.258022e+14	2.094022e+14	1.151562e+04	5.438888e+03	1.960444e+03	0	4.999283e-04
2.350000e+09	3.255893e+12	0.000000e+00	5.175878e-01	1.368116e+14	4.244302e+14	2.087279e+14	1.151137e+04	5.437202e+03	1.959836e+03	0	4.981367e-04
2.360000e+09	3.220824e+12	0.000000e+00	5.175878e-01	1.364346e+14	4.230669e+14	2.080574e+14	1.150714e+04	5.435523e+03	1.959231e+03	0	4.963418e-04
2.370000e+09	3.185941e+12	0.000000e+00	5.175878e-01	1.360595e+14	4.217122e+14	2.073908e+14	1.150291e+04	5.433851e+03	1.958628e+03	0	4.945434e-04
2.380000e+09	3.151243e+12	0.000000e+00	5.175878e-01	1.356863e+14	4.203661e+14	2.067280e+14	1.149870e+04	5.432185e+03	1.958028e+03	0	4.927415e-04
2.390000e+09	3.116729e+12	0.000000e+00	5.175878e-01	1.353150e+14	4.190283e+14	2.060690e+14	1.149450e+04	5.430526e+03	1.957430e+03	0	4.909360e-04
2.400000e+09	3.082398e+12	0.000000e+00	5.175878e-01	1.349455e+14	4.176990e+14	2.054138e+14	1.149031e+04	5.428873e+03	1.956834e+03	0	4.891268e-04
2.410000e+09	3.048247e+12	0.000000e+00	5.175878e-01	1.345779e+14	4.163779e+14	2.047622e+14	1.148614e+04	5.427227e+03	1.956241e+03	0	4.873137e-04
2.420000e+09	3.014276e+12	0.000000e+00	5.175878e-01	1.342121e+14	4.150650e+14	2.041144e+14	1.148197e+04	5.425587e+03	1.955650e+03	0	4.854966e-04
2.430000e+09	2.980483e+12	0.000000e+00	5.175878e-01	1.338482e+14	4.137602e+14	2.034703e+14	1.147782e+04	5.423953e+03	1.955061e+03	0	4.836755e-04
2.440000e+09	2.946867e+12	0.000000e+00	5.175878e-01	1.334860e+14	4.124635e+14	2.028298e+14	1.147368e+04	5.422326e+03	1.954474e+03	0	4.818502e-04
2.450000e+09	2.913426e+12	0.000000e+00	5.175878e-01	1.331257e+14	4.111747e+14	2.021930e+14	1.146955e+04	5.420705e+03	1.953890e+03	0	4.800206e-04
2.460000e+09	2.880159e+12	0.000000e+00	5.175878e-01	1.327671e+14	4.098938e+14	2.015598e+14	1.146543e+04	5.419090e+03	1.953308e+03	0	4.781865e-04
2.470000e+09	2.847065e+12	0.000000e+00	5.175878e-01	1.324103e+14	4.086207e+14	2.009301e+14	1.146132e+04	5.417482e+03	1.952728e+03	0	4.763479e-04
2.480000e+09	2.814142e+12	0.000000e+00	5.175878e-01	1.320552e+14	4.073553e+14	2.003040e+14	1.145722e+04	5.415879e+03	1.952151e+03	0	4.745047e-04
2.490000e+09	2.781389e+12	0.000000e+00	5.175878e-01	1.317019e+14	4.060976e+14	1.996814e+14	1.145313e+04	5.414283e+03	1.951575e+03	0	4.726567e-04
2.500000e+09	2.748805e+12	0.000000e+00	5.175878e-01	1.313503e+14	4.048475e+14	1.990623e+14	1.144906e+04	5.412692e+03	1.951002e+03	0	4.708037e-04
2.510000e+09	2.716389e+12	0.000000e+00	5.175878e-01	1.310005e+14	4.036049e+14	1.984467e+14	1.144499e+04	5.411108e+03	1.950431e+03	0	4.689456e-04
2.520000e+09	2.684139e+12	0.000000e+00	5.175878e-01	1.306523e+14	4.023697e+14	1.978346e+14	1.144094e+04	5.409529e+03	1.949862e+03	0	4.670824e-04
2.530000e+09	2.652054e+12	0.000000e+00	5.175878e-01	1.303058e+14	4.011419e+14	1.972259e+14	1.143689e+04	5.407956e+03	1.949295e+03	0	4.652139e-04
2.540000e+09	2.620133e+12	0.000000e+00	5.175878e-01	1.299610e+14	3.999214e+14	1.966205e+14	1.143286e+04	5.406389e+03	1.948730e+03	0	4.633398e-04
2.550000e+09	2.588375e+12	0.000000e+00	5.175878e-01	1.296179e+14	3.987082e+14	1.960186e+14	1.142884e+04	5.404828e+03	1.948167e+03	0	4.614602e-04
2.560000e+09	2.556777e+12	0.000000e+00	5.175878e-01	1.292764e+14	3.975021e+14	1.954200e+14	1.142482e+04	5.403272e+03	1.947606e+03	0	4.595748e-04
2.570000e+09	2.525341e+12	0.000000e+00	5.175878e-01	1.289366e+14	3.963032e+14	1.948248e+14	1.142082e+04	5.401722e+03	1.947048e+03	0	4.576834e-04
2.580000e+09	2.494063e+12	0.000000e+00	5.175878e-01	1.285984e+14	3.951113e+14	1.942329e+14	1.141683e+04	5.400178e+03	1.946491e+03	0	4.557860e-04
2.590000e+09	2.462943e+12	0.000000e+00	5.175878e-01	1.282618e+14	3.939263e+14	1.936442e+14	1.141285e+04	5.398639e+03	1.945936e+03	0	4.538824e-04
2.600000e+09	2.431980e+12	0.000000e+00	5.175878e-01	1.279268e+14	3.927483e+14	1.930589e+14	1.140888e+04	5.397105e+03	1.945384e+03	0	4.519723e-04
2.610000e+09	2.401172e+12	0.000000e+00	5.175878e-01	1.275934e+14	3.915771e+14	1.924767e+14	1.140492e+04	5.395578e+03	1.944833e+03	0	4.500557e-04
2.620000e+09	2.370519e+12	0.000000e+00	5.175878e-01	1.272616e+14	3.904127e+14	1.918978e+14	1.140097e+04	5.394055e+03	1.944284e+03	0	4.481324e-04
2.630000e+09	2.340019e+12	0.000000e+00	5.175878e-01	1.269314e+14	3.892551e+14	1.913221e+14	1.139704e+04	5.392538e+03	1.943737e+03	0	4.462021e-04
2.640000e+09	2.309671e+12	0.000000e+00	5.175878e-01	1.266027e+14	3.881041e+14	1.907496e+14	1.139311e+04	5.391027e+03	1.943192e+03	0	4.442648e-04
2.650000e+09	2.279475e+12	0.000000e+00	5.175878e-01	1.262756e+14	3.869597e+14	1.901802e+14	1.138919e+04	5.389520e+03	1.942649e+03	0	4.423202e-04
2.660000e+09	2.249428e+12	0.000000e+00	5.175878e-01	1.259500e+14	3.858219e+14	1.896139e+14	1.138528e+04	5.388019e+03	1.942108e+03	0	4.403682e-04
2.670000e+09	2.219531e+12	0.000000e+00	5.175878e-01	1.256260e+14	3.846906e+14	1.890508e+14	1.138138e+04	5.386523e+03	1.941569e+03	0	4.384085e-04
2.680000e+09	2.189781e+12	0.000000e+00	5.175878e-01	1.253035e+14	3.835657e+14	1.884907e+14	1.137749e+04	5.385032e+03	1.941032e+03	0	4.364409e-04
2.690000e+09	2.160179e+12	0.000000e+00	5.175878e-01	1.249824e+14	3.824472e+14	1.879337e+14	1.137362e+04	5.383547e+03	1.940496e+03	0	4.344653e-04
2.700000e+09	2.130722e+12	0.000000e+00	5.175878e-01	1.246629e+14	3.813351e+14	1.873798e+14	1.136975e+04	5.382066e+03	1.939963e+03	0	4.324814e-04
2.710000e+09	2.101409e+12	0.000000e+00	5.175878e-01	1.243449e+14	3.802292e+14	1.868289e+14	1.136589e+04	5.380591e+03	1.939431e+03	0	4.304890e-04
2.720000e+09	2.072241e+12	0.000000e+00	5.175878e-01	1.240283e+14	3.791295e+14	1.862810e+14	1.136204e+04	5.379121e+03	1.938901e+03	0	4.284879e-04
2.730000e+09	2.043215e+12	0.000000e+00	5.175878e-01	1.237132e+14	3.780360e+14	1.857360e+14	1.135820e+04	5.377655e+03	1.938373e+03	0	4.264779e-04
2.740000e+09	2.014331e+12	0.000000e+00	5.175878e-01	1.233996e+14	3.769486e+14	1.851940e+14	1.135437e+04	5.376195e+03	1.937846e+03	0	4.244587e-04
2.750000e+09	1.985588e+12	0.000000e+00	5.175878e-01	1.230874e+14	3.758672e+14	1.846550e+14	1.135055e+04	5.374739e+03	1.937322e+03	0	4.224301e-04
2.760000e+09	1.956984e+12	0.000000e+00	5.175878e-01	1.227766e+14	3.747919e+14	1.841189e+14	1.134674e+04	5.373289e+03	1.936799e+03	0	4.203919e-04
2.770000e+09	1.928519e+12	0.000000e+00	5.175878e-01	1.224673e+14	3.737225e+14	1.835857e+14	1.134294e+04	5.371843e+03	1.936278e+03	0	4.183437e-04
2.780000e+09	1.900192e+12	0.000000e+00	5.175878e-01	1.221594e+14	3.726591e+14	1.830554e+14	1.133915e+04	5.370402e+03	1.935758e+03	0	4.162853e-04
2.790000e+09	1.872002e+12	0.000000e+00	5.175878e-01	1.218529e+14	3.716015e+14	1.825279e+14	1.133537e+04	5.368966e+03	1.935241e+03	0	4.142164e-04
2.800000e+09	1.843948e+12	0.000000e+00	5.175878e-01	1.215478e+14	3.705497e+14	1.820033e+14	1.133160e+04	5.367535e+03	1.934725e+03	0	4.121368e-04
2.810000e+09	1.816029e+12	0.000000e+00	5.175878e-01	1.212440e+14	3.695036e+14	1.814815e+14	1.132784e+04	5.366108e+03	1.934211e+03	0	4.100462e-04
2.820000e+09	1.788243e+12	0.000000e+00	5.175878e-01	1.209417e+14	3.684633e+14	1.809625e+14	1.132408e+04	5.364686e+03	1.933698e+03	0	4.079442e-04
2.830000e+09	1.760591e+12	0.000000e+00	5.175878e-01	1.206407e+14	3.674287e+14	1.804463e+14	1.132034e+04	5.363269e+03	1.933187e+03	0	4.058305e-04
2.840000e+09	1.733071e+12	0.000000e+00	5.175878e-01	1.203411e+14	3.663996e+14	1.799329e+14	1.131661e+04	5.361856e+03	1.932678e+03	0	4.037049e-04
2.850000e+09	1.705683e+12	0.000000e+00	5.175878e-01	1.200428e+14	3.653762e+14	1.794222e+14	1.131288e+04	5.360448e+03	1.932170e+03	0	4.015669e-04
2.860000e+09	1.678424e+12	0.000000e+00	5.175878e-01	1.197459e+14	3.643583e+14	1.789142e+14	1.130917e+04	5.359044e+03	1.931664e+03	0	3.994163e-04
2.870000e+09	1.651296e+12	0.000000e+00	5.175878e-01	1.194503e+14	3.633458e+14	1.784089e+14	1.130546e+04	5.357645e+03	1.931160e+03	0	3.972526e-04
2.880000e+09	1.624295e+12	0.000000e+00	5.175878e-01	1.191561e+14	3.623388e+14	1.779064e+14	1.130176e+04	5.356251e+03	1.930658e+03	0	3.950756e-04
2.890000e+09	1.597423e+12	0.000000e+00	5.175878e-01	1.188631e+14	3.613372e+14	1.774065e+14	1.129807e+04	5.354861e+03	1.930157e+03	0	3.928847e-04
2.900000e+09	1.570678e+12	0.000000e+00	5.175878e-01	1.185715e+14	3.603409e+14	1.769092e+14	1.129440e+04	5.353475e+03	1.929657e+03	0	3.906797e-04
2.910000e+09	1.544058e+12	0.000000e+00	5.175878e-01	1.182811e+14	3.593500e+14	1.764146e+14	1.129073e+04	5.352094e+03	1.929159e+03	0	3.884601e-04
2.920000e+09	1.517564e+12	0.000000e+00	5.175878e-01	1.179921e+14	3.583643e+14	1.759226e+14	1.128706e+04	5.350717e+03	1.928663e+03	0	3.862254e-04
2.930000e+09	1.491194e+12	0.000000e+00	5.175878e-01	1.177043e+14	3.573838e+14	1.754332e+14	1.128341e+04	5.349345e+03	1.928168e+03	0	3.839753e-04
2.940000e+09	1.464948e+12	0.000000e+00	5.175878e-01	1.174178e+14	3.564085e+14	1.749464e+14	1.127977e+04	5.347976e+03	1.927675e+03	0	3.817091e-04
2.950000e+09	1.438824e+12	0.000000e+00	5.175878e-01	1.171326e+14	3.554384e+14	1.744622e+14	1.127613e+04	5.346612e+03	1.927183e+03	0	3.794266e-04
2.960000e+09	1.412822e+12	0.000000e+00	5.175878e-01	1.168486e+14	3.544734e+14	1.739805e+14	1.127251e+04	5.345253e+03	1.926693e+03	0	3.771271e-04
2.970000e+09	1.386942e+12	0.000000e+00	5.175878e-01	1.165659e+14	3.535134e+14	1.735013e+14	1.126889e+04	5.343897e+03	1.926205e+03	0	3.748101e-04
2.980000e+09	1.361181e+12	0.000000e+00	5.175878e-01	1.162844e+14	3.525584e+14	1.730247e+14	1.126528e+04	5.342546e+03	1.925718e+03	0	3.724750e-04
2.990000e+09	1.335540e+12	0.000000e+00	5.175878e-01	1.160041e+14	3.516084e+14	1.725505e+14	1.126168e+04	5.341199e+03	1.925232e+03	0	3.701214e-04
3.000000e+09	1.310018e+12	0.000000e+00	5.175878e-01	1.157251e+14	3.506634e+14	1.720789e+14	1.125809e+04	5.339856e+03	1.924748e+03	0	3.677485e-04
3.010000e+09	1.284614e+12	0.000000e+00	5.175878e-01	1.154473e+14	3.497233e+14	1.716097e+14	1.125451e+04	5.338518e+03	1.924266e+03	0	3.653558e-04
3.020000e+09	1.259327e+12	0.000000e+00	5.175878e-01	1.151707e+14	3.487880e+14	1.711429e+14	1.125094e+04	5.337183e+03	1.923785e+03	0	3.629426e-04
3.030000e+09	1.234156e+12	0.000000e+00	5.175878e-01	1.148953e+14	3.478576e+14	1.706786e+14	1.124737e+04	5.335853e+03	1.923305e+03	0	3.605082e-04
3.040000e+09	1.209101e+12	0.000000e+00	5.175878e-01	1.146210e+14	3.469319e+14	1.702167e+14	1.124382e+04	5.334526e+03	1.922827e+03	0	3.580519e-04
3.050000e+09	1.184160e+12	0.000000e+00	5.175878e-01	1.143480e+14	3.460110e+14	1.697571e+14	1.124027e+04	5.333204e+03	1.922350e+03	0	3.555729e-04
3.060000e+09	1.159334e+12	0.000000e+00	5.175878e-01	1.140762e+14	3.450949e+14	1.693000e+14	1.123673e+04	5.331885e+03	1.921875e+03	0	3.530705e-04
3.070000e+09	1.134621e+12	0.000000e+00	5.175878e-01	1.138055e+14	3.441834e+14	1.688452e+14	1.123320e+04	5.330571e+03	1.921401e+03	0	3.505437e-04
3.080000e+09	1.110021e+12	0.000000e+00	5.175878e-01	1.135360e+14	3.432765e+14	1.683928e+14	1.122968e+04	5.329260e+03	1.920929e+03	0	3.479918e-04
3.090000e+09	1.085533e+12	0.000000e+00	5.175878e-01	1.132676e+14	3.423743e+14	1.679427e+14	1.122616e+04	5.327954e+03	1.920458e+03	0	3.454137e-04
3.100000e+09	1.061156e+12	0.000000e+00	5.175878e-01	1.130004e+14	3.414766e+14	1.674950e+14	1.122266e+04	5.326651e+03	1.919988e+03	0	3.428085e-04
3.110000e+09	1.036890e+12	0.000000e+00	5.175878e-01	1.127343e+14	3.405835e+14	1.670495e+14	1.121916e+04	5.325352e+03	1.919520e+03	0	3.401752e-04
3.120000e+09	1.012733e+12	0.000000e+00	5.175878e-01	1.124694e+14	3.396949e+14	1.666063e+14	1.121567e+04	5.324057e+03	1.919053e+03	0	3.375127e-04
3.130000e+09	9.886852e+11	0.000000e+00	5.175878e-01	1.122056e+14	3.388108e+14	1.661654e+14	1.121219e+04	5.322766e+03	1.918588e+03	0	3.348198e-04
3.140000e+09	9.647459e+11	0.000000e+00	5.175878e-01	1.119429e+14	3.379311e+14	1.657268e+14	1.120871e+04	5.321479e+03	1.918124e+03	0	3.320954e-04
3.150000e+09	9.409143e+11	0.000000e+00	5.175878e-01	1.116813e+14	3.370558e+14	1.652904e+14	1.120525e+04	5.320195e+03	1.917661e+03	0	3.293380e-04
3.160000e+09	9.171897e+11	0.000000e+00	5.175878e-01	1.114208e+14	3.361849e+14	1.648562e+14	1.120179e+04	5.318916e+03	1.917200e+03	0	3.265464e-04
3.170000e+09	8.935714e+11	0.000000e+00	5.175878e-01	1.111615e+14	3.353184e+14	1.644243e+14	1.119834e+04	5.317640e+03	1.916740e+03	0	3.237191e-04
3.180000e+09	8.700588e+11	0.000000e+00	5.175878e-01	1.109032e+14	3.344561e+14	1.639945e+14	1.119490e+04	5.316367e+03	1.916282e+03	0	3.208544e-04
3.190000e+09	8.466512e+11	0.000000e+00	5.175878e-01	1.106460e+14	3.335981e+14	1.635669e+14	1.119147e+04	5.315099e+03	1.915824e+03	0	3.179509e-04
3.200000e+09	8.233479e+11	0.000000e+00	5.175878e-01	1.103899e+14	3.327444e+14	1.631415e+14	1.118804e+04	5.313834e+03	1.915368e+03	0	3.150066e-04
3.210000e+09	8.001483e+11	0.000000e+00	5.175878e-01	1.101348e+14	3.318949e+14	1.627183e+14	1.118463e+04	5.312573e+03	1.914914e+03	0	3.120197e-04
3.220000e+09	7.770517e+11	0.000000e+00	5.175878e-01	1.098809e+14	3.310496e+14	1.622971e+14	1.118122e+04	5.311315e+03	1.914461e+03	0	3.089881e-04
3.230000e+09	7.540575e+11	0.000000e+00	5.175878e-01	1.096279e+14	3.302084e+14	1.618782e+14	1.117782e+04	5.310061e+03	1.914009e+03	0	3.059098e-04
3.240000e+09	7.311650e+11	0.000000e+00	5.175878e-01	1.093761e+14	3.293713e+14	1.614613e+14	1.117442e+04	5.308811e+03	1.913558e+03	0	3.027822e-04
3.250000e+09	7.083736e+11	0.000000e+00	5.175878e-01	1.091253e+14	3.285384e+14	1.610465e+14	1.117104e+04	5.307564e+03	1.913108e+03	0	2.996029e-04
3.260000e+09	6.856828e+11	0.000000e+00	5.175878e-01	1.088755e+14	3.277095e+14	1.606338e+14	1.116766e+04	5.306321e+03	1.912660e+03	0	2.963691e-04
3.270000e+09	6.630917e+11	0.000000e+00	5.175878e-01	1.086267e+14	3.268847e+14	1.602232e+14	1.116429e+04	5.305081e+03	1.912214e+03	0	2.930779e-04
3.280000e+09	6.405999e+11	0.000000e+00	5.175878e-01	1.083790e+14	3.260638e+14	1.598146e+14	1.116093e+04	5.303845e+03	1.911768e+03	0	2.897260e-04
3.290000e+09	6.182068e+11	0.000000e+00	5.175878e-01	1.081323e+14	3.252470e+14	1.594081e+14	1.115757e+04	5.302612e+03	1.911324e+03	0	2.863099e-04
3.300000e+09	5.959116e+11	0.000000e+00	5.175878e-01	1.078866e+14	3.244341e+14	1.590036e+14	1.115423e+04	5.301383e+03	1.910881e+03	0	2.828259e-04
3.310000e+09	5.737139e+11	0.000000e+00	5.175878e-01	1.076420e+14	3.236251e+14	1.586012e+14	1.115089e+04	5.300158e+03	1.910439e+03	0	2.792696e-04
3.320000e+09	5.516130e+11	0.000000e+00	5.175878e-01	1.073983e+14	3.228200e+14	1.582007e+14	1.114755e+04	5.298935e+03	1.909998e+03	0	2.756365e-04
3.330000e+09	5.296083e+11	0.000000e+00	5.175878e-01	1.071556e+14	3.220188e+14	1.578022e+14	1.114423e+04	5.297716e+03	1.909559e+03	0	2.719214e-04
3.340000e+09	5.076992e+11	0.000000e+00	5.175878e-01	1.069140e+14	3.212214e+14	1.574057e+14	1.114091e+04	5.296501e+03	1.909121e+03	0	2.681188e-04
3.350000e+09	4.858852e+11	0.000000e+00	5.175878e-01	1.066733e+14	3.204278e+14	1.570112e+14	1.113760e+04	5.295289e+03	1.908684e+03	0	2.642225e-04
3.360000e+09	4.641657e+11	0.000000e+00	5.175878e-01	1.064336e+14	3.196380e+14	1.566186e+14	1.113430e+04	5.294080e+03	1.908248e+03	0	2.602253e-04
3.370000e+09	4.425400e+11	0.000000e+00	5.175878e-01	1.061948e+14	3.188520e+14	1.562280e+14	1.113101e+04	5.292875e+03	1.907814e+03	0	2.561195e-04
3.380000e+09	4.210077e+11	0.000000e+00	5.175878e-01	1.059570e+14	3.180697e+14	1.558393e+14	1.112772e+04	5.291673e+03	1.907380e+03	0	2.518963e-04
3.390000e+09	3.995682e+11	0.000000e+00	5.175878e-01	1.057202e+14	3.172911e+14	1.554525e+14	1.112444e+04	5.290474e+03	1.906948e+03	0	2.475458e-04
3.400000e+09	3.782209e+11	0.000000e+00	5.175878e-01	1.054844e+14	3.165162e+14	1.550676e+14	1.112117e+04	5.289279e+03	1.906517e+03	0	2.430564e-04
3.410000e+09	3.569652e+11	0.000000e+00	5.175878e-01	1.052495e+14	3.157450e+14	1.546846e+14	1.111790e+04	5.288087e+03	1.906088e+03	0	2.384151e-04
3.420000e+09	3.358006e+11	0.000000e+00	5.175878e-01	1.050155e+14	3.149774e+14	1.543035e+14	1.111464e+04	5.286898e+03	1.905659e+03	0	2.336069e-04
3.430000e+09	3.147266e+11	0.000000e+00	5.175878e-01	1.047825e+14	3.142133e+14	1.539242e+14	1.111139e+04	5.285712e+03	1.905232e+03	0	2.286141e-04
3.440000e+09	2.937425e+11	0.000000e+00	5.175878e-01	1.045504e+14	3.134529e+14	1.535468e+14	1.110815e+04	5.284530e+03	1.904806e+03	0	2.234159e-04
3.450000e+09	2.728480e+11	0.000000e+00	5.175878e-01	1.043192e+14	3.126960e+14	1.531712e+14	1.110491e+04	5.283350e+03	1.904381e+03	0	2.179878e-04
3.460000e+09	2.520424e+11	0.000000e+00	5.175878e-01	1.040890e+14	3.119427e+14	1.527975e+14	1.110168e+04	5.282174e+03	1.903957e+03	0	2.122999e-04
3.470000e+09	2.313252e+11	0.000000e+00	5.175878e-01	1.038597e+14	3.111929e+14	1.524256e+14	1.109846e+04	5.281002e+03	1.903534e+03	0	2.063160e-04
3.480000e+09	2.106959e+11	0.000000e+00	5.175878e-01	1.036313e+14	3.104465e+14	1.520555e+14	1.109525e+04	5.279832e+03	1.903112e+03	0	1.999910e-04
3.490000e+09	1.901539e+11	0.000000e+00	5.175878e-01	1.034038e+14	3.097036e+14	1.516871e+14	1.109204e+04	5.278665e+03	1.902692e+03	0	1.932681e-04
3.500000e+09	1.696988e+11	0.000000e+00	5.175878e-01	1.031772e+14	3.089642e+14	1.513206e+14	1.108884e+04	5.277502e+03	1.902273e+03	0	1.860736e-04
3.510000e+09	1.493300e+11	0.000000e+00	5.175878e-01	1.029515e+14	3.082281e+14	1.509558e+14	1.108564e+04	5.276342e+03	1.901854e+03	0	1.783094e-04
3.520000e+09	1.290471e+11	0.000000e+00	5.175878e-01	1.027267e+14	3.074955e+14	1.505928e+14	1.108246e+04	5.275185e+03	1.901437e+03	0	1.698405e-04
3.530000e+09	1.088495e+11	0.000000e+00	5.175878e-01	1.025028e+14	3.067662e+14	1.502316e+14	1.107928e+04	5.274030e+03	1.901021e+03	0	1.604725e-04
3.540000e+09	8.873663e+10	0.000000e+00	5.175878e-01	1.022797e+14	3.060403e+14	1.498720e+14	1.107610e+04	5.272879e+03	1.900606e+03	0	1.499085e-04
3.550000e+09	6.870814e+10	0.000000e+00	5.175878e-01	1.020576e+14	3.053177e+14	1.495143e+14	1.107294e+04	5.271731e+03	1.900193e+03	0	1.376558e-04
3.560000e+09	4.876346e+10	0.000000e+00	5.175878e-01	1.018363e+14	3.045984e+14	1.491582e+14	1.106978e+04	5.270586e+03	1.899780e+03	0	1.227882e-04
3.570000e+09	2.890213e+10	0.000000e+00	5.175878e-01	1.016159e+14	3.038823e+14	1.488038e+14	1.106662e+04	5.269444e+03	1.899368e+03	0	1.031419e-04
3.580000e+09	9.123646e+09	0.000000e+00	5.175878e-01	1.013963e+14	3.031696e+14	1.484511e+14	1.106348e+04	5.268305e+03	1.898958e+03	0	7.022871e-05
3.590000e+09	-1.057247e+10	0.000000e+00	5.175878e-01	1.011776e+14	3.024600e+14	1.481001e+14	1.106034e+04	5.267170e+03	1.898548e+03	0	-nan
