#t		Qconv[W]	Ri[Rp]		R*[Rp]		Qc[W]		Qm[W]		Qr[W]		Tcmb[K]		Tl[K]		Tup[K]		RiFlag		Bs[T]
0.000000e+00	6.993586e+12	0.000000e+00	6.903226e-01	1.407948e+14	8.821464e+14	7.236954e+13	5.938121e+03	3.090344e+03	2.148805e+03	0	5.934450e-04
1.000000e+07	6.808895e+12	0.000000e+00	6.903226e-01	1.373079e+14	7.671468e+14	7.196856e+13	5.920013e+03	3.012555e+03	2.094716e+03	0	5.881743e-04
2.000000e+07	6.631400e+12	0.000000e+00	6.903226e-01	1.339564e+14	6.781397e+14	7.157058e+13	5.902351e+03	2.947193e+03	2.049267e+03	0	5.830184e-04
3.000000e+07	6.462687e+12	0.000000e+00	6.903226e-01	1.307699e+14	6.076345e+14	7.117557e+13	5.885117e+03	2.891472e+03	2.010523e+03	0	5.780315e-04
4.000000e+07	6.303104e+12	0.000000e+00	6.903226e-01	1.277551e+14	5.506783e+14	7.078351e+13	5.868290e+03	2.843390e+03	1.977091e+03	0	5.732341e-04
5.000000e+07	6.152417e+12	0.000000e+00	6.903226e-01	1.249073e+14	5.038878e+14	7.039438e+13	5.851849e+03	2.801469e+03	1.947941e+03	0	5.686291e-04
6.000000e+07	6.010133e+12	0.000000e+00	6.903226e-01	1.222175e+14	4.648867e+14	7.000814e+13	5.835772e+03	2.764591e+03	1.922300e+03	0	5.642114e-04
7.000000e+07	5.875658e+12	0.000000e+00	6.903226e-01	1.196744e+14	4.319644e+14	6.962479e+13	5.820039e+03	2.731899e+03	1.899568e+03	0	5.599716e-04
8.000000e+07	5.748381e+12	0.000000e+00	6.903226e-01	1.172665e+14	4.038624e+14	6.924428e+13	5.804632e+03	2.702719e+03	1.879278e+03	0	5.558988e-04
9.000000e+07	5.627713e+12	0.000000e+00	6.903226e-01	1.149829e+14	3.796375e+14	6.886660e+13	5.789534e+03	2.676515e+03	1.861057e+03	0	5.519815e-04
1.000000e+08	5.513105e+12	0.000000e+00	6.903226e-01	1.128132e+14	3.585705e+14	6.849173e+13	5.774728e+03	2.652857e+03	1.844607e+03	0	5.482087e-04
1.100000e+08	5.404053e+12	0.000000e+00	6.903226e-01	1.107479e+14	3.401045e+14	6.811964e+13	5.760199e+03	2.631394e+03	1.829683e+03	0	5.445700e-04
1.200000e+08	5.300100e+12	0.000000e+00	6.903226e-01	1.087785e+14	3.238029e+14	6.775031e+13	5.745936e+03	2.611835e+03	1.816083e+03	0	5.410556e-04
1.300000e+08	5.200837e+12	0.000000e+00	6.903226e-01	1.068973e+14	3.093185e+14	6.738371e+13	5.731925e+03	2.593940e+03	1.803641e+03	0	5.376565e-04
1.400000e+08	5.105892e+12	0.000000e+00	6.903226e-01	1.050973e+14	2.963728e+14	6.701982e+13	5.718155e+03	2.577507e+03	1.792214e+03	0	5.343647e-04
1.500000e+08	5.014934e+12	0.000000e+00	6.903226e-01	1.033724e+14	2.847396e+14	6.665863e+13	5.704616e+03	2.562365e+03	1.781686e+03	0	5.311725e-04
1.600000e+08	4.927664e+12	0.000000e+00	6.903226e-01	1.017168e+14	2.742338e+14	6.630010e+13	5.691298e+03	2.548368e+03	1.771953e+03	0	5.280733e-04
1.700000e+08	4.843814e+12	0.000000e+00	6.903226e-01	1.001255e+14	2.647024e+14	6.594422e+13	5.678193e+03	2.535393e+03	1.762931e+03	0	5.250609e-04
1.800000e+08	4.763140e+12	0.000000e+00	6.903226e-01	9.859412e+13	2.560183e+14	6.559096e+13	5.665291e+03	2.523330e+03	1.754544e+03	0	5.221296e-04
1.900000e+08	4.685426e+12	0.000000e+00	6.903226e-01	9.711841e+13	2.480748e+14	6.524031e+13	5.652586e+03	2.512088e+03	1.746726e+03	0	5.192743e-04
2.000000e+08	4.610473e+12	0.000000e+00	6.903226e-01	9.569470e+13	2.407818e+14	6.489223e+13	5.640071e+03	2.501584e+03	1.739423e+03	0	5.164905e-04
2.100000e+08	4.538103e+12	0.000000e+00	6.903226e-01	9.431963e+13	2.340630e+14	6.454671e+13	5.627738e+03	2.491748e+03	1.732584e+03	0	5.137738e-04
2.200000e+08	4.468152e+12	0.000000e+00	6.903226e-01	9.299014e+13	2.278529e+14	6.420374e+13	5.615581e+03	2.482518e+03	1.726166e+03	0	5.111203e-04
2.300000e+08	4.400474e+12	0.000000e+00	6.903226e-01	9.170347e+13	2.220957e+14	6.386327e+13	5.603596e+03	2.473837e+03	1.720130e+03	0	5.085266e-04
2.400000e+08	4.334933e+12	0.000000e+00	6.903226e-01	9.045708e+13	2.167429e+14	6.352531e+13	5.591775e+03	2.465658e+03	1.714443e+03	0	5.059893e-04
2.500000e+08	4.271406e+12	0.000000e+00	6.903226e-01	8.924864e+13	2.117526e+14	6.318982e+13	5.580114e+03	2.457937e+03	1.709074e+03	0	5.035054e-04
2.600000e+08	4.209780e+12	0.000000e+00	6.903226e-01	8.807604e+13	2.070885e+14	6.285679e+13	5.568609e+03	2.450634e+03	1.703996e+03	0	5.010722e-04
2.700000e+08	4.149951e+12	0.000000e+00	6.903226e-01	8.693734e+13	2.027184e+14	6.252619e+13	5.557254e+03	2.443716e+03	1.699186e+03	0	4.986871e-04
2.800000e+08	4.091824e+12	0.000000e+00	6.903226e-01	8.583073e+13	1.986145e+14	6.219800e+13	5.546045e+03	2.437151e+03	1.694621e+03	0	4.963479e-04
2.900000e+08	4.035312e+12	0.000000e+00	6.903226e-01	8.475456e+13	1.947522e+14	6.187221e+13	5.534979e+03	2.430912e+03	1.690283e+03	0	4.940522e-04
3.000000e+08	3.980332e+12	0.000000e+00	6.903226e-01	8.370732e+13	1.911095e+14	6.154880e+13	5.524050e+03	2.424973e+03	1.686153e+03	0	4.917982e-04
3.100000e+08	3.926810e+12	0.000000e+00	6.903226e-01	8.268759e+13	1.876672e+14	6.122774e+13	5.513256e+03	2.419311e+03	1.682216e+03	0	4.895839e-04
3.200000e+08	3.874676e+12	0.000000e+00	6.903226e-01	8.169405e+13	1.844081e+14	6.090901e+13	5.502594e+03	2.413906e+03	1.678458e+03	0	4.874076e-04
3.300000e+08	3.823866e+12	0.000000e+00	6.903226e-01	8.072551e+13	1.813168e+14	6.059261e+13	5.492058e+03	2.408739e+03	1.674865e+03	0	4.852677e-04
3.400000e+08	3.774319e+12	0.000000e+00	6.903226e-01	7.978082e+13	1.783798e+14	6.027850e+13	5.481648e+03	2.403792e+03	1.671426e+03	0	4.831627e-04
3.500000e+08	3.725980e+12	0.000000e+00	6.903226e-01	7.885893e+13	1.755845e+14	5.996667e+13	5.471358e+03	2.399051e+03	1.668129e+03	0	4.810911e-04
3.600000e+08	3.678796e+12	0.000000e+00	6.903226e-01	7.795886e+13	1.729201e+14	5.965710e+13	5.461187e+03	2.394501e+03	1.664965e+03	0	4.790517e-04
3.700000e+08	3.632719e+12	0.000000e+00	6.903226e-01	7.707970e+13	1.703765e+14	5.934978e+13	5.451132e+03	2.390129e+03	1.661925e+03	0	4.770433e-04
3.800000e+08	3.587702e+12	0.000000e+00	6.903226e-01	7.622058e+13	1.679448e+14	5.904467e+13	5.441190e+03	2.385924e+03	1.659001e+03	0	4.750646e-04
3.900000e+08	3.543704e+12	0.000000e+00	6.903226e-01	7.538070e+13	1.656167e+14	5.874178e+13	5.431358e+03	2.381874e+03	1.656185e+03	0	4.731146e-04
4.000000e+08	3.500684e+12	0.000000e+00	6.903226e-01	7.455930e+13	1.633850e+14	5.844107e+13	5.421634e+03	2.377969e+03	1.653470e+03	0	4.711922e-04
4.100000e+08	3.458603e+12	0.000000e+00	6.903226e-01	7.375568e+13	1.612429e+14	5.814253e+13	5.412016e+03	2.374200e+03	1.650849e+03	0	4.692966e-04
4.200000e+08	3.417428e+12	0.000000e+00	6.903226e-01	7.296916e+13	1.591842e+14	5.784614e+13	5.402501e+03	2.370559e+03	1.648318e+03	0	4.674268e-04
4.300000e+08	3.377123e+12	0.000000e+00	6.903226e-01	7.219911e+13	1.572034e+14	5.755188e+13	5.393087e+03	2.367038e+03	1.645869e+03	0	4.655820e-04
4.400000e+08	3.337658e+12	0.000000e+00	6.903226e-01	7.144493e+13	1.552955e+14	5.725975e+13	5.383772e+03	2.363629e+03	1.643499e+03	0	4.637612e-04
4.500000e+08	3.299003e+12	0.000000e+00	6.903226e-01	7.070608e+13	1.534557e+14	5.696971e+13	5.374555e+03	2.360327e+03	1.641203e+03	0	4.619639e-04
4.600000e+08	3.261129e+12	0.000000e+00	6.903226e-01	6.998201e+13	1.516797e+14	5.668175e+13	5.365432e+03	2.357123e+03	1.638975e+03	0	4.601893e-04
4.700000e+08	3.224009e+12	0.000000e+00	6.903226e-01	6.927222e+13	1.499637e+14	5.639586e+13	5.356402e+03	2.354014e+03	1.636813e+03	0	4.584366e-04
4.800000e+08	3.187620e+12	0.000000e+00	6.903226e-01	6.857623e+13	1.483040e+14	5.611202e+13	5.347463e+03	2.350993e+03	1.634713e+03	0	4.567053e-04
4.900000e+08	3.151935e+12	0.000000e+00	6.903226e-01	6.789360e+13	1.466973e+14	5.583021e+13	5.338615e+03	2.348056e+03	1.632671e+03	0	4.549946e-04
5.000000e+08	3.116934e+12	0.000000e+00	6.903226e-01	6.722389e+13	1.451406e+14	5.555041e+13	5.329853e+03	2.345198e+03	1.630683e+03	0	4.533042e-04
5.100000e+08	3.082593e+12	0.000000e+00	6.903226e-01	6.656669e+13	1.436310e+14	5.527262e+13	5.321178e+03	2.342415e+03	1.628748e+03	0	4.516333e-04
5.200000e+08	3.048893e+12	0.000000e+00	6.903226e-01	6.592162e+13	1.421658e+14	5.499681e+13	5.312588e+03	2.339702e+03	1.626862e+03	0	4.499814e-04
5.300000e+08	3.015813e+12	0.000000e+00	6.903226e-01	6.528830e+13	1.407427e+14	5.472296e+13	5.304080e+03	2.337057e+03	1.625022e+03	0	4.483481e-04
5.400000e+08	2.983335e+12	0.000000e+00	6.903226e-01	6.466638e+13	1.393594e+14	5.445106e+13	5.295654e+03	2.334474e+03	1.623227e+03	0	4.467328e-04
5.500000e+08	2.951441e+12	0.000000e+00	6.903226e-01	6.405553e+13	1.380139e+14	5.418110e+13	5.287308e+03	2.331953e+03	1.621473e+03	0	4.451351e-04
5.600000e+08	2.920114e+12	0.000000e+00	6.903226e-01	6.345542e+13	1.367041e+14	5.391306e+13	5.279041e+03	2.329488e+03	1.619760e+03	0	4.435546e-04
5.700000e+08	2.889337e+12	0.000000e+00	6.903226e-01	6.286574e+13	1.354283e+14	5.364692e+13	5.270851e+03	2.327078e+03	1.618084e+03	0	4.419908e-04
5.800000e+08	2.859096e+12	0.000000e+00	6.903226e-01	6.228621e+13	1.341848e+14	5.338267e+13	5.262737e+03	2.324720e+03	1.616444e+03	0	4.404434e-04
5.900000e+08	2.829375e+12	0.000000e+00	6.903226e-01	6.171653e+13	1.329720e+14	5.312029e+13	5.254697e+03	2.322411e+03	1.614839e+03	0	4.389119e-04
6.000000e+08	2.800159e+12	0.000000e+00	6.903226e-01	6.115644e+13	1.317885e+14	5.285977e+13	5.246730e+03	2.320148e+03	1.613266e+03	0	4.373959e-04
6.100000e+08	2.771436e+12	0.000000e+00	6.903226e-01	6.060568e+13	1.306330e+14	5.260110e+13	5.238836e+03	2.317931e+03	1.611724e+03	0	4.358952e-04
6.200000e+08	2.743191e+12	0.000000e+00	6.903226e-01	6.006400e+13	1.295040e+14	5.234425e+13	5.231013e+03	2.315756e+03	1.610212e+03	0	4.344094e-04
6.300000e+08	2.715413e+12	0.000000e+00	6.903226e-01	5.953116e+13	1.284005e+14	5.208921e+13	5.223259e+03	2.313622e+03	1.608728e+03	0	4.329381e-04
6.400000e+08	2.688089e+12	0.000000e+00	6.903226e-01	5.900694e+13	1.273213e+14	5.183597e+13	5.215574e+03	2.311527e+03	1.607271e+03	0	4.314810e-04
6.500000e+08	2.661207e+12	0.000000e+00	6.903226e-01	5.849111e+13	1.262654e+14	5.158452e+13	5.207956e+03	2.309470e+03	1.605840e+03	0	4.300379e-04
6.600000e+08	2.634756e+12	0.000000e+00	6.903226e-01	5.798346e+13	1.252317e+14	5.133483e+13	5.200405e+03	2.307447e+03	1.604434e+03	0	4.286084e-04
6.700000e+08	2.608726e+12	0.000000e+00	6.903226e-01	5.748379e+13	1.242194e+14	5.108691e+13	5.192919e+03	2.305459e+03	1.603052e+03	0	4.271922e-04
6.800000e+08	2.583106e+12	0.000000e+00	6.903226e-01	5.699191e+13	1.232276e+14	5.084072e+13	5.185497e+03	2.303504e+03	1.601692e+03	0	4.257892e-04
6.900000e+08	2.557886e+12	0.000000e+00	6.903226e-01	5.650761e+13	1.222554e+14	5.059626e+13	5.178139e+03	2.301580e+03	1.600355e+03	0	4.243989e-04
7.000000e+08	2.533057e+12	0.000000e+00	6.903226e-01	5.603073e+13	1.213021e+14	5.035351e+13	5.170843e+03	2.299686e+03	1.599038e+03	0	4.230212e-04
7.100000e+08	2.508608e+12	0.000000e+00	6.903226e-01	5.556108e+13	1.203670e+14	5.011246e+13	5.163608e+03	2.297821e+03	1.597741e+03	0	4.216558e-04
7.200000e+08	2.484531e+12	0.000000e+00	6.903226e-01	5.509849e+13	1.194494e+14	4.987310e+13	5.156434e+03	2.295984e+03	1.596463e+03	0	4.203025e-04
7.300000e+08	2.460818e+12	0.000000e+00	6.903226e-01	5.464281e+13	1.185486e+14	4.963541e+13	5.149320e+03	2.294173e+03	1.595204e+03	0	4.189611e-04
7.400000e+08	2.437460e+12	0.000000e+00	6.903226e-01	5.419386e+13	1.176639e+14	4.939938e+13	5.142264e+03	2.292388e+03	1.593963e+03	0	4.176313e-04
7.500000e+08	2.414449e+12	0.000000e+00	6.903226e-01	5.375151e+13	1.167950e+14	4.916500e+13	5.135266e+03	2.290628e+03	1.592739e+03	0	4.163129e-04
7.600000e+08	2.391777e+12	0.000000e+00	6.903226e-01	5.331560e+13	1.159411e+14	4.893225e+13	5.128325e+03	2.288891e+03	1.591531e+03	0	4.150057e-04
7.700000e+08	2.369436e+12	0.000000e+00	6.903226e-01	5.288598e+13	1.151017e+14	4.870112e+13	5.121440e+03	2.287177e+03	1.590340e+03	0	4.137095e-04
7.800000e+08	2.347420e+12	0.000000e+00	6.903226e-01	5.246253e+13	1.142764e+14	4.847159e+13	5.114610e+03	2.285485e+03	1.589163e+03	0	4.124241e-04
7.900000e+08	2.325720e+12	0.000000e+00	6.903226e-01	5.204510e+13	1.134648e+14	4.824366e+13	5.107835e+03	2.283815e+03	1.588002e+03	0	4.111494e-04
8.000000e+08	2.304331e+12	0.000000e+00	6.903226e-01	5.163356e+13	1.126662e+14	4.801731e+13	5.101114e+03	2.282165e+03	1.586855e+03	0	4.098851e-04
8.100000e+08	2.283245e+12	0.000000e+00	6.903226e-01	5.122780e+13	1.118805e+14	4.779252e+13	5.094446e+03	2.280535e+03	1.585722e+03	0	4.086310e-04
8.200000e+08	2.262456e+12	0.000000e+00	6.903226e-01	5.082768e+13	1.111070e+14	4.756930e+13	5.087830e+03	2.278925e+03	1.584602e+03	0	4.073871e-04
8.300000e+08	2.241959e+12	0.000000e+00	6.903226e-01	5.043309e+13	1.103455e+14	4.734761e+13	5.081265e+03	2.277333e+03	1.583494e+03	0	4.061530e-04
8.400000e+08	2.221745e+12	0.000000e+00	6.903226e-01	5.004391e+13	1.095955e+14	4.712746e+13	5.074751e+03	2.275758e+03	1.582400e+03	0	4.049288e-04
8.500000e+08	2.201811e+12	0.000000e+00	6.903226e-01	4.966004e+13	1.088569e+14	4.690883e+13	5.068288e+03	2.274202e+03	1.581317e+03	0	4.037141e-04
8.600000e+08	2.182150e+12	0.000000e+00	6.903226e-01	4.928136e+13	1.081291e+14	4.669170e+13	5.061874e+03	2.272662e+03	1.580247e+03	0	4.025088e-04
8.700000e+08	2.162757e+12	0.000000e+00	6.903226e-01	4.890777e+13	1.074119e+14	4.647607e+13	5.055509e+03	2.271138e+03	1.579187e+03	0	4.013128e-04
8.800000e+08	2.143625e+12	0.000000e+00	6.903226e-01	4.853917e+13	1.067050e+14	4.626192e+13	5.049191e+03	2.269630e+03	1.578139e+03	0	4.001260e-04
8.900000e+08	2.124751e+12	0.000000e+00	6.903226e-01	4.817546e+13	1.060081e+14	4.604925e+13	5.042922e+03	2.268138e+03	1.577101e+03	0	3.989482e-04
9.000000e+08	2.106128e+12	0.000000e+00	6.903226e-01	4.781653e+13	1.053209e+14	4.583803e+13	5.036699e+03	2.266660e+03	1.576074e+03	0	3.977792e-04
9.100000e+08	2.087752e+12	0.000000e+00	6.903226e-01	4.746231e+13	1.046432e+14	4.562826e+13	5.030522e+03	2.265197e+03	1.575057e+03	0	3.966190e-04
9.200000e+08	2.069619e+12	0.000000e+00	6.903226e-01	4.711269e+13	1.039748e+14	4.541993e+13	5.024391e+03	2.263749e+03	1.574049e+03	0	3.954674e-04
9.300000e+08	2.051723e+12	0.000000e+00	6.903226e-01	4.676760e+13	1.033153e+14	4.521302e+13	5.018306e+03	2.262313e+03	1.573051e+03	0	3.943242e-04
9.400000e+08	2.034059e+12	0.000000e+00	6.903226e-01	4.642693e+13	1.026645e+14	4.500753e+13	5.012264e+03	2.260892e+03	1.572063e+03	0	3.931893e-04
9.500000e+08	2.016624e+12	0.000000e+00	6.903226e-01	4.609061e+13	1.020223e+14	4.480344e+13	5.006267e+03	2.259483e+03	1.571083e+03	0	3.920627e-04
9.600000e+08	1.999413e+12	0.000000e+00	6.903226e-01	4.575856e+13	1.013883e+14	4.460074e+13	5.000313e+03	2.258086e+03	1.570112e+03	0	3.909441e-04
9.700000e+08	1.982422e+12	0.000000e+00	6.903226e-01	4.543069e+13	1.007625e+14	4.439942e+13	4.994401e+03	2.256702e+03	1.569150e+03	0	3.898336e-04
9.800000e+08	1.965647e+12	0.000000e+00	6.903226e-01	4.510694e+13	1.001446e+14	4.419947e+13	4.988532e+03	2.255330e+03	1.568196e+03	0	3.887309e-04
9.900000e+08	1.949084e+12	0.000000e+00	6.903226e-01	4.478721e+13	9.953446e+13	4.400088e+13	4.982705e+03	2.253970e+03	1.567250e+03	0	3.876359e-04
1.000000e+09	1.932728e+12	0.000000e+00	6.903226e-01	4.447145e+13	9.893183e+13	4.380364e+13	4.976918e+03	2.252621e+03	1.566312e+03	0	3.865486e-04
1.010000e+09	1.916577e+12	0.000000e+00	6.903226e-01	4.415957e+13	9.833657e+13	4.360773e+13	4.971173e+03	2.251283e+03	1.565382e+03	0	3.854688e-04
1.020000e+09	1.900626e+12	0.000000e+00	6.903226e-01	4.385152e+13	9.774852e+13	4.341316e+13	4.965468e+03	2.249956e+03	1.564459e+03	0	3.843965e-04
1.030000e+09	1.884871e+12	0.000000e+00	6.903226e-01	4.354721e+13	9.716751e+13	4.321990e+13	4.959802e+03	2.248640e+03	1.563544e+03	0	3.833314e-04
1.040000e+09	1.869311e+12	0.000000e+00	6.903226e-01	4.324659e+13	9.659338e+13	4.302794e+13	4.954176e+03	2.247334e+03	1.562635e+03	0	3.822736e-04
1.050000e+09	1.853939e+12	0.000000e+00	6.903226e-01	4.294958e+13	9.602600e+13	4.283728e+13	4.948588e+03	2.246038e+03	1.561734e+03	0	3.812229e-04
1.060000e+09	1.838755e+12	0.000000e+00	6.903226e-01	4.265613e+13	9.546520e+13	4.264791e+13	4.943039e+03	2.244752e+03	1.560840e+03	0	3.801793e-04
1.070000e+09	1.823754e+12	0.000000e+00	6.903226e-01	4.236617e+13	9.491087e+13	4.245982e+13	4.937527e+03	2.243475e+03	1.559953e+03	0	3.791426e-04
1.080000e+09	1.808932e+12	0.000000e+00	6.903226e-01	4.207964e+13	9.436285e+13	4.227298e+13	4.932053e+03	2.242208e+03	1.559072e+03	0	3.781127e-04
1.090000e+09	1.794288e+12	0.000000e+00	6.903226e-01	4.179649e+13	9.382102e+13	4.208741e+13	4.926616e+03	2.240951e+03	1.558197e+03	0	3.770896e-04
1.100000e+09	1.779818e+12	0.000000e+00	6.903226e-01	4.151665e+13	9.328526e+13	4.190308e+13	4.921215e+03	2.239702e+03	1.557329e+03	0	3.760732e-04
1.110000e+09	1.765518e+12	0.000000e+00	6.903226e-01	4.124008e+13	9.275545e+13	4.171999e+13	4.915851e+03	2.238462e+03	1.556467e+03	0	3.750633e-04
1.120000e+09	1.751387e+12	0.000000e+00	6.903226e-01	4.096670e+13	9.223146e+13	4.153812e+13	4.910522e+03	2.237231e+03	1.555611e+03	0	3.740599e-04
1.130000e+09	1.737421e+12	0.000000e+00	6.903226e-01	4.069648e+13	9.171318e+13	4.135748e+13	4.905228e+03	2.236009e+03	1.554761e+03	0	3.730630e-04
1.140000e+09	1.723617e+12	0.000000e+00	6.903226e-01	4.042936e+13	9.120051e+13	4.117803e+13	4.899969e+03	2.234795e+03	1.553917e+03	0	3.720724e-04
1.150000e+09	1.709973e+12	0.000000e+00	6.903226e-01	4.016528e+13	9.069334e+13	4.099979e+13	4.894745e+03	2.233589e+03	1.553078e+03	0	3.710880e-04
1.160000e+09	1.696486e+12	0.000000e+00	6.903226e-01	3.990420e+13	9.019156e+13	4.082274e+13	4.889554e+03	2.232391e+03	1.552245e+03	0	3.701098e-04
1.170000e+09	1.683153e+12	0.000000e+00	6.903226e-01	3.964606e+13	8.969507e+13	4.064686e+13	4.884398e+03	2.231201e+03	1.551418e+03	0	3.691377e-04
1.180000e+09	1.669973e+12	0.000000e+00	6.903226e-01	3.939083e+13	8.920378e+13	4.047216e+13	4.879274e+03	2.230019e+03	1.550596e+03	0	3.681716e-04
1.190000e+09	1.656942e+12	0.000000e+00	6.903226e-01	3.913845e+13	8.871760e+13	4.029862e+13	4.874184e+03	2.228844e+03	1.549779e+03	0	3.672115e-04
1.200000e+09	1.644058e+12	0.000000e+00	6.903226e-01	3.888888e+13	8.823643e+13	4.012623e+13	4.869126e+03	2.227677e+03	1.548968e+03	0	3.662572e-04
1.210000e+09	1.631318e+12	0.000000e+00	6.903226e-01	3.864206e+13	8.776018e+13	3.995498e+13	4.864100e+03	2.226518e+03	1.548161e+03	0	3.653088e-04
1.220000e+09	1.618722e+12	0.000000e+00	6.903226e-01	3.839797e+13	8.728877e+13	3.978486e+13	4.859106e+03	2.225365e+03	1.547360e+03	0	3.643660e-04
1.230000e+09	1.606265e+12	0.000000e+00	6.903226e-01	3.815655e+13	8.682212e+13	3.961588e+13	4.854143e+03	2.224220e+03	1.546564e+03	0	3.634290e-04
1.240000e+09	1.593946e+12	0.000000e+00	6.903226e-01	3.791776e+13	8.636014e+13	3.944801e+13	4.849212e+03	2.223081e+03	1.545772e+03	0	3.624975e-04
1.250000e+09	1.581763e+12	0.000000e+00	6.903226e-01	3.768157e+13	8.590276e+13	3.928124e+13	4.844311e+03	2.221950e+03	1.544985e+03	0	3.615716e-04
1.260000e+09	1.569713e+12	0.000000e+00	6.903226e-01	3.744792e+13	8.544989e+13	3.911558e+13	4.839441e+03	2.220825e+03	1.544203e+03	0	3.606511e-04
1.270000e+09	1.557795e+12	0.000000e+00	6.903226e-01	3.721679e+13	8.500147e+13	3.895101e+13	4.834601e+03	2.219707e+03	1.543426e+03	0	3.597360e-04
1.280000e+09	1.546006e+12	0.000000e+00	6.903226e-01	3.698813e+13	8.455742e+13	3.878752e+13	4.829791e+03	2.218596e+03	1.542653e+03	0	3.588263e-04
1.290000e+09	1.534345e+12	0.000000e+00	6.903226e-01	3.676191e+13	8.411767e+13	3.862511e+13	4.825011e+03	2.217491e+03	1.541885e+03	0	3.579218e-04
1.300000e+09	1.522810e+12	0.000000e+00	6.903226e-01	3.653808e+13	8.368215e+13	3.846376e+13	4.820259e+03	2.216392e+03	1.541121e+03	0	3.570226e-04
1.310000e+09	1.511398e+12	0.000000e+00	6.903226e-01	3.631661e+13	8.325080e+13	3.830347e+13	4.815536e+03	2.215300e+03	1.540361e+03	0	3.561285e-04
1.320000e+09	1.500107e+12	0.000000e+00	6.903226e-01	3.609747e+13	8.282354e+13	3.814423e+13	4.810842e+03	2.214213e+03	1.539606e+03	0	3.552395e-04
1.330000e+09	1.488937e+12	0.000000e+00	6.903226e-01	3.588063e+13	8.240032e+13	3.798603e+13	4.806177e+03	2.213133e+03	1.538855e+03	0	3.543556e-04
1.340000e+09	1.477884e+12	0.000000e+00	6.903226e-01	3.566603e+13	8.198107e+13	3.782886e+13	4.801539e+03	2.212059e+03	1.538108e+03	0	3.534766e-04
1.350000e+09	1.466948e+12	0.000000e+00	6.903226e-01	3.545366e+13	8.156574e+13	3.767272e+13	4.796929e+03	2.210991e+03	1.537365e+03	0	3.526026e-04
1.360000e+09	1.456127e+12	0.000000e+00	6.903226e-01	3.524349e+13	8.115426e+13	3.751760e+13	4.792346e+03	2.209928e+03	1.536626e+03	0	3.517334e-04
1.370000e+09	1.445418e+12	0.000000e+00	6.903226e-01	3.503546e+13	8.074658e+13	3.736348e+13	4.787790e+03	2.208872e+03	1.535892e+03	0	3.508690e-04
1.380000e+09	1.434821e+12	0.000000e+00	6.903226e-01	3.482957e+13	8.034263e+13	3.721037e+13	4.783262e+03	2.207821e+03	1.535161e+03	0	3.500094e-04
1.390000e+09	1.424333e+12	0.000000e+00	6.903226e-01	3.462577e+13	7.994237e+13	3.705826e+13	4.778759e+03	2.206775e+03	1.534434e+03	0	3.491545e-04
1.400000e+09	1.413953e+12	0.000000e+00	6.903226e-01	3.442403e+13	7.954574e+13	3.690713e+13	4.774283e+03	2.205735e+03	1.533711e+03	0	3.483043e-04
1.410000e+09	1.403680e+12	0.000000e+00	6.903226e-01	3.422433e+13	7.915269e+13	3.675698e+13	4.769833e+03	2.204701e+03	1.532992e+03	0	3.474587e-04
1.420000e+09	1.393511e+12	0.000000e+00	6.903226e-01	3.402664e+13	7.876317e+13	3.660780e+13	4.765409e+03	2.203672e+03	1.532276e+03	0	3.466177e-04
1.430000e+09	1.383446e+12	0.000000e+00	6.903226e-01	3.383092e+13	7.837712e+13	3.645959e+13	4.761011e+03	2.202648e+03	1.531564e+03	0	3.457811e-04
1.440000e+09	1.373483e+12	0.000000e+00	6.903226e-01	3.363715e+13	7.799450e+13	3.631233e+13	4.756637e+03	2.201629e+03	1.530856e+03	0	3.449490e-04
1.450000e+09	1.363620e+12	0.000000e+00	6.903226e-01	3.344531e+13	7.761527e+13	3.616602e+13	4.752289e+03	2.200616e+03	1.530151e+03	0	3.441214e-04
1.460000e+09	1.353856e+12	0.000000e+00	6.903226e-01	3.325535e+13	7.723936e+13	3.602066e+13	4.747965e+03	2.199608e+03	1.529450e+03	0	3.432980e-04
1.470000e+09	1.344190e+12	0.000000e+00	6.903226e-01	3.306727e+13	7.686674e+13	3.587623e+13	4.743666e+03	2.198605e+03	1.528753e+03	0	3.424791e-04
1.480000e+09	1.334620e+12	0.000000e+00	6.903226e-01	3.288102e+13	7.649737e+13	3.573273e+13	4.739391e+03	2.197607e+03	1.528059e+03	0	3.416644e-04
1.490000e+09	1.325144e+12	0.000000e+00	6.903226e-01	3.269659e+13	7.613119e+13	3.559014e+13	4.735140e+03	2.196613e+03	1.527368e+03	0	3.408539e-04
1.500000e+09	1.315763e+12	0.000000e+00	6.903226e-01	3.251395e+13	7.576817e+13	3.544848e+13	4.730913e+03	2.195625e+03	1.526681e+03	0	3.400476e-04
1.510000e+09	1.306473e+12	0.000000e+00	6.903226e-01	3.233308e+13	7.540827e+13	3.530772e+13	4.726710e+03	2.194642e+03	1.525997e+03	0	3.392454e-04
1.520000e+09	1.297275e+12	0.000000e+00	6.903226e-01	3.215395e+13	7.505143e+13	3.516786e+13	4.722530e+03	2.193663e+03	1.525317e+03	0	3.384474e-04
1.530000e+09	1.288166e+12	0.000000e+00	6.903226e-01	3.197653e+13	7.469763e+13	3.502889e+13	4.718373e+03	2.192689e+03	1.524639e+03	0	3.376534e-04
1.540000e+09	1.279145e+12	0.000000e+00	6.903226e-01	3.180081e+13	7.434682e+13	3.489081e+13	4.714239e+03	2.191720e+03	1.523965e+03	0	3.368634e-04
1.550000e+09	1.270212e+12	0.000000e+00	6.903226e-01	3.162676e+13	7.399896e+13	3.475362e+13	4.710127e+03	2.190755e+03	1.523295e+03	0	3.360774e-04
1.560000e+09	1.261365e+12	0.000000e+00	6.903226e-01	3.145436e+13	7.365402e+13	3.461729e+13	4.706038e+03	2.189795e+03	1.522627e+03	0	3.352953e-04
1.570000e+09	1.252603e+12	0.000000e+00	6.903226e-01	3.128359e+13	7.331195e+13	3.448183e+13	4.701971e+03	2.188839e+03	1.521962e+03	0	3.345171e-04
1.580000e+09	1.243925e+12	0.000000e+00	6.903226e-01	3.111442e+13	7.297273e+13	3.434723e+13	4.697927e+03	2.187888e+03	1.521301e+03	0	3.337428e-04
1.590000e+09	1.235329e+12	0.000000e+00	6.903226e-01	3.094683e+13	7.263631e+13	3.421348e+13	4.693904e+03	2.186941e+03	1.520643e+03	0	3.329723e-04
1.600000e+09	1.226815e+12	0.000000e+00	6.903226e-01	3.078081e+13	7.230266e+13	3.408059e+13	4.689903e+03	2.185999e+03	1.519987e+03	0	3.322056e-04
1.610000e+09	1.218382e+12	0.000000e+00	6.903226e-01	3.061633e+13	7.197175e+13	3.394853e+13	4.685923e+03	2.185061e+03	1.519335e+03	0	3.314426e-04
1.620000e+09	1.210027e+12	0.000000e+00	6.903226e-01	3.045336e+13	7.164354e+13	3.381730e+13	4.681964e+03	2.184127e+03	1.518686e+03	0	3.306833e-04
1.630000e+09	1.201751e+12	0.000000e+00	6.903226e-01	3.029190e+13	7.131800e+13	3.368691e+13	4.678027e+03	2.183197e+03	1.518040e+03	0	3.299276e-04
1.640000e+09	1.193553e+12	0.000000e+00	6.903226e-01	3.013192e+13	7.099510e+13	3.355733e+13	4.674110e+03	2.182272e+03	1.517396e+03	0	3.291757e-04
1.650000e+09	1.185430e+12	0.000000e+00	6.903226e-01	2.997341e+13	7.067480e+13	3.342857e+13	4.670214e+03	2.181351e+03	1.516756e+03	0	3.284273e-04
1.660000e+09	1.177383e+12	0.000000e+00	6.903226e-01	2.981633e+13	7.035707e+13	3.330063e+13	4.666338e+03	2.180434e+03	1.516118e+03	0	3.276824e-04
1.670000e+09	1.169410e+12	0.000000e+00	6.903226e-01	2.966069e+13	7.004189e+13	3.317348e+13	4.662483e+03	2.179521e+03	1.515483e+03	0	3.269411e-04
1.680000e+09	1.161511e+12	0.000000e+00	6.903226e-01	2.950644e+13	6.972921e+13	3.304713e+13	4.658648e+03	2.178612e+03	1.514851e+03	0	3.262033e-04
1.690000e+09	1.153684e+12	0.000000e+00	6.903226e-01	2.935359e+13	6.941902e+13	3.292158e+13	4.654832e+03	2.177707e+03	1.514222e+03	0	3.254689e-04
1.700000e+09	1.145929e+12	0.000000e+00	6.903226e-01	2.920211e+13	6.911128e+13	3.279680e+13	4.651037e+03	2.176806e+03	1.513596e+03	0	3.247379e-04
1.710000e+09	1.138244e+12	0.000000e+00	6.903226e-01	2.905198e+13	6.880597e+13	3.267281e+13	4.647261e+03	2.175909e+03	1.512972e+03	0	3.240104e-04
1.720000e+09	1.130628e+12	0.000000e+00	6.903226e-01	2.890318e+13	6.850304e+13	3.254959e+13	4.643504e+03	2.175016e+03	1.512351e+03	0	3.232862e-04
1.730000e+09	1.123082e+12	0.000000e+00	6.903226e-01	2.875571e+13	6.820249e+13	3.242714e+13	4.639767e+03	2.174127e+03	1.511733e+03	0	3.225653e-04
1.740000e+09	1.115603e+12	0.000000e+00	6.903226e-01	2.860953e+13	6.790428e+13	3.230546e+13	4.636048e+03	2.173242e+03	1.511117e+03	0	3.218477e-04
1.750000e+09	1.108192e+12	0.000000e+00	6.903226e-01	2.846465e+13	6.760838e+13	3.218453e+13	4.632349e+03	2.172360e+03	1.510504e+03	0	3.211334e-04
1.760000e+09	1.100846e+12	0.000000e+00	6.903226e-01	2.832103e+13	6.731476e+13	3.206435e+13	4.628668e+03	2.171482e+03	1.509894e+03	0	3.204223e-04
1.770000e+09	1.093566e+12	0.000000e+00	6.903226e-01	2.817867e+13	6.702341e+13	3.194491e+13	4.625005e+03	2.170608e+03	1.509286e+03	0	3.197144e-04
1.780000e+09	1.086351e+12	0.000000e+00	6.903226e-01	2.803755e+13	6.673429e+13	3.182621e+13	4.621362e+03	2.169738e+03	1.508681e+03	0	3.190097e-04
1.790000e+09	1.079199e+12	0.000000e+00	6.903226e-01	2.789765e+13	6.644739e+13	3.170825e+13	4.617736e+03	2.168871e+03	1.508078e+03	0	3.183081e-04
1.800000e+09	1.072110e+12	0.000000e+00	6.903226e-01	2.775896e+13	6.616267e+13	3.159102e+13	4.614128e+03	2.168008e+03	1.507478e+03	0	3.176096e-04
1.810000e+09	1.065084e+12	0.000000e+00	6.903226e-01	2.762147e+13	6.588010e+13	3.147451e+13	4.610538e+03	2.167149e+03	1.506880e+03	0	3.169143e-04
1.820000e+09	1.058119e+12	0.000000e+00	6.903226e-01	2.748515e+13	6.559968e+13	3.135872e+13	4.606966e+03	2.166293e+03	1.506285e+03	0	3.162219e-04
1.830000e+09	1.051214e+12	0.000000e+00	6.903226e-01	2.735000e+13	6.532137e+13	3.124364e+13	4.603412e+03	2.165440e+03	1.505693e+03	0	3.155326e-04
1.840000e+09	1.044370e+12	0.000000e+00	6.903226e-01	2.721600e+13	6.504515e+13	3.112927e+13	4.599875e+03	2.164591e+03	1.505102e+03	0	3.148463e-04
1.850000e+09	1.037585e+12	0.000000e+00	6.903226e-01	2.708314e+13	6.477100e+13	3.101560e+13	4.596355e+03	2.163746e+03	1.504514e+03	0	3.141630e-04
1.860000e+09	1.030858e+12	0.000000e+00	6.903226e-01	2.695140e+13	6.449890e+13	3.090263e+13	4.592853e+03	2.162904e+03	1.503929e+03	0	3.134826e-04
1.870000e+09	1.024189e+12	0.000000e+00	6.903226e-01	2.682077e+13	6.422881e+13	3.079035e+13	4.589367e+03	2.162065e+03	1.503346e+03	0	3.128051e-04
1.880000e+09	1.017577e+12	0.000000e+00	6.903226e-01	2.669123e+13	6.396073e+13	3.067876e+13	4.585899e+03	2.161230e+03	1.502765e+03	0	3.121306e-04
1.890000e+09	1.011022e+12	0.000000e+00	6.903226e-01	2.656278e+13	6.369463e+13	3.056784e+13	4.582447e+03	2.160399e+03	1.502187e+03	0	3.114588e-04
1.900000e+09	1.004522e+12	0.000000e+00	6.903226e-01	2.643541e+13	6.343049e+13	3.045761e+13	4.579011e+03	2.159570e+03	1.501611e+03	0	3.107900e-04
1.910000e+09	9.980774e+11	0.000000e+00	6.903226e-01	2.630909e+13	6.316828e+13	3.034805e+13	4.575593e+03	2.158745e+03	1.501037e+03	0	3.101239e-04
1.920000e+09	9.916872e+11	0.000000e+00	6.903226e-01	2.618381e+13	6.290799e+13	3.023915e+13	4.572190e+03	2.157923e+03	1.500466e+03	0	3.094606e-04
1.930000e+09	9.853507e+11	0.000000e+00	6.903226e-01	2.605957e+13	6.264960e+13	3.013091e+13	4.568804e+03	2.157105e+03	1.499897e+03	0	3.088001e-04
1.940000e+09	9.790675e+11	0.000000e+00	6.903226e-01	2.593635e+13	6.239309e+13	3.002333e+13	4.565433e+03	2.156289e+03	1.499330e+03	0	3.081423e-04
1.950000e+09	9.728367e+11	0.000000e+00	6.903226e-01	2.581414e+13	6.213843e+13	2.991641e+13	4.562079e+03	2.155477e+03	1.498765e+03	0	3.074873e-04
1.960000e+09	9.666579e+11	0.000000e+00	6.903226e-01	2.569293e+13	6.188562e+13	2.981013e+13	4.558740e+03	2.154669e+03	1.498203e+03	0	3.068349e-04
1.970000e+09	9.605303e+11	0.000000e+00	6.903226e-01	2.557271e+13	6.163462e+13	2.970449e+13	4.555417e+03	2.153863e+03	1.497642e+03	0	3.061852e-04
1.980000e+09	9.544535e+11	0.000000e+00	6.903226e-01	2.545345e+13	6.138542e+13	2.959949e+13	4.552110e+03	2.153060e+03	1.497084e+03	0	3.055381e-04
1.990000e+09	9.484268e+11	0.000000e+00	6.903226e-01	2.533517e+13	6.113801e+13	2.949512e+13	4.548818e+03	2.152261e+03	1.496529e+03	0	3.048937e-04
2.000000e+09	9.424497e+11	0.000000e+00	6.903226e-01	2.521784e+13	6.089236e+13	2.939139e+13	4.545541e+03	2.151465e+03	1.495975e+03	0	3.042519e-04
2.010000e+09	9.365215e+11	0.000000e+00	6.903226e-01	2.510144e+13	6.064845e+13	2.928827e+13	4.542279e+03	2.150671e+03	1.495423e+03	0	3.036126e-04
2.020000e+09	9.306418e+11	0.000000e+00	6.903226e-01	2.498598e+13	6.040628e+13	2.918578e+13	4.539032e+03	2.149881e+03	1.494874e+03	0	3.029759e-04
2.030000e+09	9.248099e+11	0.000000e+00	6.903226e-01	2.487144e+13	6.016581e+13	2.908390e+13	4.535801e+03	2.149094e+03	1.494327e+03	0	3.023417e-04
2.040000e+09	9.190254e+11	0.000000e+00	6.903226e-01	2.475781e+13	5.992704e+13	2.898263e+13	4.532584e+03	2.148310e+03	1.493781e+03	0	3.017100e-04
2.050000e+09	9.132876e+11	0.000000e+00	6.903226e-01	2.464509e+13	5.968994e+13	2.888196e+13	4.529382e+03	2.147529e+03	1.493238e+03	0	3.010808e-04
2.060000e+09	9.075961e+11	0.000000e+00	6.903226e-01	2.453325e+13	5.945451e+13	2.878190e+13	4.526194e+03	2.146750e+03	1.492697e+03	0	3.004540e-04
2.070000e+09	9.019504e+11	0.000000e+00	6.903226e-01	2.442229e+13	5.922072e+13	2.868243e+13	4.523021e+03	2.145975e+03	1.492158e+03	0	2.998297e-04
2.080000e+09	8.963498e+11	0.000000e+00	6.903226e-01	2.431220e+13	5.898855e+13	2.858356e+13	4.519862e+03	2.145203e+03	1.491621e+03	0	2.992079e-04
2.090000e+09	8.907940e+11	0.000000e+00	6.903226e-01	2.420297e+13	5.875800e+13	2.848527e+13	4.516717e+03	2.144433e+03	1.491086e+03	0	2.985884e-04
2.100000e+09	8.852824e+11	0.000000e+00	6.903226e-01	2.409460e+13	5.852904e+13	2.838757e+13	4.513586e+03	2.143667e+03	1.490553e+03	0	2.979713e-04
2.110000e+09	8.798145e+11	0.000000e+00	6.903226e-01	2.398706e+13	5.830166e+13	2.829045e+13	4.510470e+03	2.142903e+03	1.490022e+03	0	2.973566e-04
2.120000e+09	8.743899e+11	0.000000e+00	6.903226e-01	2.388036e+13	5.807585e+13	2.819391e+13	4.507367e+03	2.142142e+03	1.489493e+03	0	2.967442e-04
2.130000e+09	8.690081e+11	0.000000e+00	6.903226e-01	2.377448e+13	5.785158e+13	2.809793e+13	4.504278e+03	2.141385e+03	1.488966e+03	0	2.961341e-04
2.140000e+09	8.636685e+11	0.000000e+00	6.903226e-01	2.366942e+13	5.762885e+13	2.800253e+13	4.501203e+03	2.140629e+03	1.488441e+03	0	2.955263e-04
2.150000e+09	8.583708e+11	0.000000e+00	6.903226e-01	2.356516e+13	5.740764e+13	2.790768e+13	4.498141e+03	2.139877e+03	1.487918e+03	0	2.949209e-04
2.160000e+09	8.531145e+11	0.000000e+00	6.903226e-01	2.346170e+13	5.718793e+13	2.781340e+13	4.495093e+03	2.139127e+03	1.487397e+03	0	2.943176e-04
2.170000e+09	8.478991e+11	0.000000e+00	6.903226e-01	2.335902e+13	5.696971e+13	2.771967e+13	4.492058e+03	2.138381e+03	1.486877e+03	0	2.937166e-04
2.180000e+09	8.427241e+11	0.000000e+00	6.903226e-01	2.325713e+13	5.675297e+13	2.762649e+13	4.489037e+03	2.137636e+03	1.486360e+03	0	2.931179e-04
2.190000e+09	8.375893e+11	0.000000e+00	6.903226e-01	2.315601e+13	5.653769e+13	2.753386e+13	4.486028e+03	2.136895e+03	1.485844e+03	0	2.925213e-04
2.200000e+09	8.324940e+11	0.000000e+00	6.903226e-01	2.305565e+13	5.632386e+13	2.744177e+13	4.483033e+03	2.136156e+03	1.485331e+03	0	2.919270e-04
2.210000e+09	8.274379e+11	0.000000e+00	6.903226e-01	2.295604e+13	5.611146e+13	2.735022e+13	4.480050e+03	2.135420e+03	1.484819e+03	0	2.913348e-04
2.220000e+09	8.224206e+11	0.000000e+00	6.903226e-01	2.285719e+13	5.590048e+13	2.725921e+13	4.477081e+03	2.134687e+03	1.484309e+03	0	2.907447e-04
2.230000e+09	8.174416e+11	0.000000e+00	6.903226e-01	2.275907e+13	5.569091e+13	2.716873e+13	4.474124e+03	2.133956e+03	1.483801e+03	0	2.901568e-04
2.240000e+09	8.125006e+11	0.000000e+00	6.903226e-01	2.266168e+13	5.548274e+13	2.707877e+13	4.471180e+03	2.133228e+03	1.483295e+03	0	2.895710e-04
2.250000e+09	8.075971e+11	0.000000e+00	6.903226e-01	2.256502e+13	5.527595e+13	2.698934e+13	4.468248e+03	2.132503e+03	1.482790e+03	0	2.889873e-04
2.260000e+09	8.027308e+11	0.000000e+00	6.903226e-01	2.246907e+13	5.507052e+13	2.690043e+13	4.465329e+03	2.131780e+03	1.482288e+03	0	2.884057e-04
2.270000e+09	7.979012e+11	0.000000e+00	6.903226e-01	2.237384e+13	5.486645e+13	2.681204e+13	4.462423e+03	2.131060e+03	1.481787e+03	0	2.878261e-04
2.280000e+09	7.931080e+11	0.000000e+00	6.903226e-01	2.227930e+13	5.466372e+13	2.672416e+13	4.459528e+03	2.130342e+03	1.481288e+03	0	2.872486e-04
2.290000e+09	7.883507e+11	0.000000e+00	6.903226e-01	2.218545e+13	5.446233e+13	2.663679e+13	4.456646e+03	2.129627e+03	1.480790e+03	0	2.866731e-04
2.300000e+09	7.836291e+11	0.000000e+00	6.903226e-01	2.209230e+13	5.426225e+13	2.654992e+13	4.453776e+03	2.128914e+03	1.480295e+03	0	2.860997e-04
2.310000e+09	7.789427e+11	0.000000e+00	6.903226e-01	2.199982e+13	5.406348e+13	2.646355e+13	4.450918e+03	2.128204e+03	1.479801e+03	0	2.855282e-04
2.320000e+09	7.742912e+11	0.000000e+00	6.903226e-01	2.190802e+13	5.386600e+13	2.637769e+13	4.448072e+03	2.127496e+03	1.479309e+03	0	2.849587e-04
2.330000e+09	7.696741e+11	0.000000e+00	6.903226e-01	2.181688e+13	5.366980e+13	2.629232e+13	4.445238e+03	2.126791e+03	1.478819e+03	0	2.843912e-04
2.340000e+09	7.650913e+11	0.000000e+00	6.903226e-01	2.172640e+13	5.347488e+13	2.620744e+13	4.442416e+03	2.126089e+03	1.478330e+03	0	2.838256e-04
2.350000e+09	7.605422e+11	0.000000e+00	6.903226e-01	2.163657e+13	5.328122e+13	2.612304e+13	4.439605e+03	2.125388e+03	1.477843e+03	0	2.832620e-04
2.360000e+09	7.560266e+11	0.000000e+00	6.903226e-01	2.154739e+13	5.308880e+13	2.603913e+13	4.436806e+03	2.124691e+03	1.477358e+03	0	2.827003e-04
2.370000e+09	7.515440e+11	0.000000e+00	6.903226e-01	2.145884e+13	5.289762e+13	2.595570e+13	4.434018e+03	2.123995e+03	1.476875e+03	0	2.821404e-04
2.380000e+09	7.470943e+11	0.000000e+00	6.903226e-01	2.137093e+13	5.270767e+13	2.587275e+13	4.431242e+03	2.123302e+03	1.476393e+03	0	2.815825e-04
2.390000e+09	7.426770e+11	0.000000e+00	6.903226e-01	2.128364e+13	5.251893e+13	2.579028e+13	4.428477e+03	2.122612e+03	1.475913e+03	0	2.810264e-04
2.400000e+09	7.382918e+11	0.000000e+00	6.903226e-01	2.119698e+13	5.233140e+13	2.570827e+13	4.425724e+03	2.121924e+03	1.475434e+03	0	2.804722e-04
2.410000e+09	7.339384e+11	0.000000e+00	6.903226e-01	2.111093e+13	5.214506e+13	2.562673e+13	4.422981e+03	2.121238e+03	1.474957e+03	0	2.799199e-04
2.420000e+09	7.296164e+11	0.000000e+00	6.903226e-01	2.102548e+13	5.195990e+13	2.554566e+13	4.420250e+03	2.120554e+03	1.474482e+03	0	2.793693e-04
2.430000e+09	7.253256e+11	0.000000e+00	6.903226e-01	2.094064e+13	5.177592e+13	2.546504e+13	4.417530e+03	2.119873e+03	1.474009e+03	0	2.788206e-04
2.440000e+09	7.210656e+11	0.000000e+00	6.903226e-01	2.085639e+13	5.159310e+13	2.538488e+13	4.414821e+03	2.119194e+03	1.473537e+03	0	2.782737e-04
2.450000e+09	7.168362e+11	0.000000e+00	6.903226e-01	2.077273e+13	5.141143e+13	2.530518e+13	4.412123e+03	2.118518e+03	1.473066e+03	0	2.777285e-04
2.460000e+09	7.126369e+11	0.000000e+00	6.903226e-01	2.068966e+13	5.123090e+13	2.522593e+13	4.409435e+03	2.117844e+03	1.472597e+03	0	2.771851e-04
2.470000e+09	7.084676e+11	0.000000e+00	6.903226e-01	2.060716e+13	5.105150e+13	2.514712e+13	4.406758e+03	2.117172e+03	1.472130e+03	0	2.766435e-04
2.480000e+09	7.043279e+11	0.000000e+00	6.903226e-01	2.052523e+13	5.087322e+13	2.506876e+13	4.404092e+03	2.116502e+03	1.471665e+03	0	2.761036e-04
2.490000e+09	7.002176e+11	0.000000e+00	6.903226e-01	2.044387e+13	5.069606e+13	2.499085e+13	4.401437e+03	2.115835e+03	1.471201e+03	0	2.755655e-04
2.500000e+09	6.961362e+11	0.000000e+00	6.903226e-01	2.036308e+13	5.052000e+13	2.491337e+13	4.398792e+03	2.115170e+03	1.470738e+03	0	2.750291e-04
2.510000e+09	6.920837e+11	0.000000e+00	6.903226e-01	2.028284e+13	5.034503e+13	2.483632e+13	4.396157e+03	2.114507e+03	1.470277e+03	0	2.744943e-04
2.520000e+09	6.880596e+11	0.000000e+00	6.903226e-01	2.020314e+13	5.017115e+13	2.475971e+13	4.393533e+03	2.113846e+03	1.469818e+03	0	2.739613e-04
2.530000e+09	6.840637e+11	0.000000e+00	6.903226e-01	2.012400e+13	4.999834e+13	2.468353e+13	4.390919e+03	2.113188e+03	1.469360e+03	0	2.734299e-04
2.540000e+09	6.800957e+11	0.000000e+00	6.903226e-01	2.004539e+13	4.982660e+13	2.460777e+13	4.388315e+03	2.112532e+03	1.468904e+03	0	2.729002e-04
2.550000e+09	6.761553e+11	0.000000e+00	6.903226e-01	1.996732e+13	4.965591e+13	2.453243e+13	4.385722e+03	2.111878e+03	1.468449e+03	0	2.723721e-04
2.560000e+09	6.722424e+11	0.000000e+00	6.903226e-01	1.988977e+13	4.948627e+13	2.445752e+13	4.383138e+03	2.111226e+03	1.467996e+03	0	2.718457e-04
2.570000e+09	6.683565e+11	0.000000e+00	6.903226e-01	1.981275e+13	4.931767e+13	2.438303e+13	4.380565e+03	2.110576e+03	1.467544e+03	0	2.713209e-04
2.580000e+09	6.644976e+11	0.000000e+00	6.903226e-01	1.973625e+13	4.915009e+13	2.430894e+13	4.378001e+03	2.109929e+03	1.467094e+03	0	2.707977e-04
2.590000e+09	6.606652e+11	0.000000e+00	6.903226e-01	1.966027e+13	4.898354e+13	2.423527e+13	4.375448e+03	2.109283e+03	1.466645e+03	0	2.702761e-04
2.600000e+09	6.568591e+11	0.000000e+00	6.903226e-01	1.958479e+13	4.881800e+13	2.416201e+13	4.372904e+03	2.108640e+03	1.466198e+03	0	2.697561e-04
2.610000e+09	6.530792e+11	0.000000e+00	6.903226e-01	1.950982e+13	4.865346e+13	2.408916e+13	4.370370e+03	2.107999e+03	1.465752e+03	0	2.692376e-04
2.620000e+09	6.493250e+11	0.000000e+00	6.903226e-01	1.943535e+13	4.848992e+13	2.401670e+13	4.367846e+03	2.107360e+03	1.465307e+03	0	2.687208e-04
2.630000e+09	6.455965e+11	0.000000e+00	6.903226e-01	1.936137e+13	4.832736e+13	2.394465e+13	4.365331e+03	2.106723e+03	1.464865e+03	0	2.682054e-04
2.640000e+09	6.418933e+11	0.000000e+00	6.903226e-01	1.928788e+13	4.816579e+13	2.387299e+13	4.362826e+03	2.106088e+03	1.464423e+03	0	2.676916e-04
2.650000e+09	6.382153e+11	0.000000e+00	6.903226e-01	1.921488e+13	4.800518e+13	2.380173e+13	4.360330e+03	2.105455e+03	1.463983e+03	0	2.671794e-04
2.660000e+09	6.345621e+11	0.000000e+00	6.903226e-01	1.914236e+13	4.784553e+13	2.373087e+13	4.357844e+03	2.104824e+03	1.463544e+03	0	2.666686e-04
2.670000e+09	6.309335e+11	0.000000e+00	6.903226e-01	1.907032e+13	4.768684e+13	2.366039e+13	4.355367e+03	2.104195e+03	1.463107e+03	0	2.661593e-04
2.680000e+09	6.273294e+11	0.000000e+00	6.903226e-01	1.899875e+13	4.752910e+13	2.359029e+13	4.352900e+03	2.103568e+03	1.462671e+03	0	2.656516e-04
2.690000e+09	6.237494e+11	0.000000e+00	6.903226e-01	1.892765e+13	4.737230e+13	2.352058e+13	4.350441e+03	2.102944e+03	1.462237e+03	0	2.651453e-04
2.700000e+09	6.201934e+11	0.000000e+00	6.903226e-01	1.885701e+13	4.721642e+13	2.345126e+13	4.347992e+03	2.102321e+03	1.461804e+03	0	2.646405e-04
2.710000e+09	6.166612e+11	0.000000e+00	6.903226e-01	1.878683e+13	4.706147e+13	2.338231e+13	4.345552e+03	2.101700e+03	1.461372e+03	0	2.641371e-04
2.720000e+09	6.131524e+11	0.000000e+00	6.903226e-01	1.871711e+13	4.690744e+13	2.331373e+13	4.343121e+03	2.101082e+03	1.460942e+03	0	2.636352e-04
2.730000e+09	6.096670e+11	0.000000e+00	6.903226e-01	1.864783e+13	4.675431e+13	2.324553e+13	4.340699e+03	2.100465e+03	1.460513e+03	0	2.631347e-04
2.740000e+09	6.062046e+11	0.000000e+00	6.903226e-01	1.857901e+13	4.660208e+13	2.317770e+13	4.338286e+03	2.099850e+03	1.460086e+03	0	2.626356e-04
2.750000e+09	6.027651e+11	0.000000e+00	6.903226e-01	1.851062e+13	4.645075e+13	2.311024e+13	4.335882e+03	2.099237e+03	1.459660e+03	0	2.621379e-04
2.760000e+09	5.993482e+11	0.000000e+00	6.903226e-01	1.844268e+13	4.630031e+13	2.304314e+13	4.333487e+03	2.098626e+03	1.459235e+03	0	2.616417e-04
2.770000e+09	5.959538e+11	0.000000e+00	6.903226e-01	1.837517e+13	4.615074e+13	2.297641e+13	4.331101e+03	2.098018e+03	1.458812e+03	0	2.611468e-04
2.780000e+09	5.925817e+11	0.000000e+00	6.903226e-01	1.830809e+13	4.600204e+13	2.291004e+13	4.328723e+03	2.097411e+03	1.458390e+03	0	2.606533e-04
2.790000e+09	5.892315e+11	0.000000e+00	6.903226e-01	1.824144e+13	4.585421e+13	2.284403e+13	4.326354e+03	2.096806e+03	1.457969e+03	0	2.601612e-04
2.800000e+09	5.859033e+11	0.000000e+00	6.903226e-01	1.817521e+13	4.570724e+13	2.277837e+13	4.323994e+03	2.096202e+03	1.457550e+03	0	2.596704e-04
2.810000e+09	5.825966e+11	0.000000e+00	6.903226e-01	1.810940e+13	4.556112e+13	2.271306e+13	4.321642e+03	2.095601e+03	1.457131e+03	0	2.591810e-04
2.820000e+09	5.793115e+11	0.000000e+00	6.903226e-01	1.804401e+13	4.541585e+13	2.264811e+13	4.319298e+03	2.095002e+03	1.456715e+03	0	2.586929e-04
2.830000e+09	5.760475e+11	0.000000e+00	6.903226e-01	1.797903e+13	4.527141e+13	2.258350e+13	4.316963e+03	2.094404e+03	1.456299e+03	0	2.582062e-04
2.840000e+09	5.728047e+11	0.000000e+00	6.903226e-01	1.791445e+13	4.512780e+13	2.251924e+13	4.314637e+03	2.093809e+03	1.455885e+03	0	2.577207e-04
2.850000e+09	5.695827e+11	0.000000e+00	6.903226e-01	1.785028e+13	4.498502e+13	2.245533e+13	4.312319e+03	2.093215e+03	1.455472e+03	0	2.572366e-04
2.860000e+09	5.663814e+11	0.000000e+00	6.903226e-01	1.778652e+13	4.484305e+13	2.239175e+13	4.310009e+03	2.092623e+03	1.455061e+03	0	2.567538e-04
2.870000e+09	5.632006e+11	0.000000e+00	6.903226e-01	1.772315e+13	4.470190e+13	2.232852e+13	4.307707e+03	2.092033e+03	1.454650e+03	0	2.562722e-04
2.880000e+09	5.600401e+11	0.000000e+00	6.903226e-01	1.766017e+13	4.456155e+13	2.226562e+13	4.305414e+03	2.091444e+03	1.454241e+03	0	2.557920e-04
2.890000e+09	5.568998e+11	0.000000e+00	6.903226e-01	1.759758e+13	4.442200e+13	2.220306e+13	4.303129e+03	2.090858e+03	1.453833e+03	0	2.553130e-04
2.900000e+09	5.537794e+11	0.000000e+00	6.903226e-01	1.753539e+13	4.428325e+13	2.214082e+13	4.300851e+03	2.090273e+03	1.453427e+03	0	2.548352e-04
2.910000e+09	5.506788e+11	0.000000e+00	6.903226e-01	1.747357e+13	4.414528e+13	2.207892e+13	4.298582e+03	2.089691e+03	1.453022e+03	0	2.543587e-04
2.920000e+09	5.475979e+11	0.000000e+00	6.903226e-01	1.741214e+13	4.400809e+13	2.201735e+13	4.296321e+03	2.089110e+03	1.452618e+03	0	2.538835e-04
2.930000e+09	5.445363e+11	0.000000e+00	6.903226e-01	1.735108e+13	4.387167e+13	2.195610e+13	4.294068e+03	2.088530e+03	1.452215e+03	0	2.534094e-04
2.940000e+09	5.414941e+11	0.000000e+00	6.903226e-01	1.729040e+13	4.373602e+13	2.189517e+13	4.291822e+03	2.087953e+03	1.451813e+03	0	2.529366e-04
2.950000e+09	5.384709e+11	0.000000e+00	6.903226e-01	1.723008e+13	4.360113e+13	2.183457e+13	4.289585e+03	2.087377e+03	1.451413e+03	0	2.524650e-04
2.960000e+09	5.354667e+11	0.000000e+00	6.903226e-01	1.717014e+13	4.346700e+13	2.177428e+13	4.287355e+03	2.086803e+03	1.451014e+03	0	2.519947e-04
2.970000e+09	5.324812e+11	0.000000e+00	6.903226e-01	1.711055e+13	4.333362e+13	2.171432e+13	4.285133e+03	2.086231e+03	1.450616e+03	0	2.515255e-04
2.980000e+09	5.295143e+11	0.000000e+00	6.903226e-01	1.705133e+13	4.320099e+13	2.165466e+13	4.282919e+03	2.085661e+03	1.450220e+03	0	2.510574e-04
2.990000e+09	5.265659e+11	0.000000e+00	6.903226e-01	1.699247e+13	4.306909e+13	2.159532e+13	4.280712e+03	2.085092e+03	1.449824e+03	0	2.505906e-04
3.000000e+09	5.236358e+11	0.000000e+00	6.903226e-01	1.693396e+13	4.293793e+13	2.153629e+13	4.278513e+03	2.084525e+03	1.449430e+03	0	2.501249e-04
3.010000e+09	5.207238e+11	0.000000e+00	6.903226e-01	1.687581e+13	4.280749e+13	2.147757e+13	4.276322e+03	2.083960e+03	1.449037e+03	0	2.496604e-04
3.020000e+09	5.178298e+11	0.000000e+00	6.903226e-01	1.681800e+13	4.267778e+13	2.141915e+13	4.274138e+03	2.083396e+03	1.448645e+03	0	2.491970e-04
3.030000e+09	5.149536e+11	0.000000e+00	6.903226e-01	1.676054e+13	4.254878e+13	2.136104e+13	4.271962e+03	2.082834e+03	1.448254e+03	0	2.487348e-04
3.040000e+09	5.120951e+11	0.000000e+00	6.903226e-01	1.670342e+13	4.242049e+13	2.130323e+13	4.269793e+03	2.082274e+03	1.447865e+03	0	2.482737e-04
3.050000e+09	5.092540e+11	0.000000e+00	6.903226e-01	1.664665e+13	4.229291e+13	2.124572e+13	4.267631e+03	2.081715e+03	1.447476e+03	0	2.478137e-04
3.060000e+09	5.064304e+11	0.000000e+00	6.903226e-01	1.659021e+13	4.216603e+13	2.118851e+13	4.265477e+03	2.081159e+03	1.447089e+03	0	2.473548e-04
3.070000e+09	5.036239e+11	0.000000e+00	6.903226e-01	1.653410e+13	4.203985e+13	2.113159e+13	4.263330e+03	2.080603e+03	1.446703e+03	0	2.468971e-04
3.080000e+09	5.008346e+11	0.000000e+00	6.903226e-01	1.647833e+13	4.191435e+13	2.107497e+13	4.261190e+03	2.080050e+03	1.446318e+03	0	2.464404e-04
3.090000e+09	4.980621e+11	0.000000e+00	6.903226e-01	1.642288e+13	4.178954e+13	2.101864e+13	4.259057e+03	2.079498e+03	1.445935e+03	0	2.459848e-04
3.100000e+09	4.953065e+11	0.000000e+00	6.903226e-01	1.636776e+13	4.166541e+13	2.096260e+13	4.256932e+03	2.078948e+03	1.445552e+03	0	2.455304e-04
3.110000e+09	4.925675e+11	0.000000e+00	6.903226e-01	1.631297e+13	4.154195e+13	2.090685e+13	4.254814e+03	2.078399e+03	1.445171e+03	0	2.450769e-04
3.120000e+09	4.898450e+11	0.000000e+00	6.903226e-01	1.625849e+13	4.141916e+13	2.085138e+13	4.252703e+03	2.077852e+03	1.444790e+03	0	2.446246e-04
3.130000e+09	4.871389e+11	0.000000e+00	6.903226e-01	1.620433e+13	4.129704e+13	2.079620e+13	4.250598e+03	2.077307e+03	1.444411e+03	0	2.441733e-04
3.140000e+09	4.844490e+11	0.000000e+00	6.903226e-01	1.615049e+13	4.117557e+13	2.074130e+13	4.248501e+03	2.076763e+03	1.444033e+03	0	2.437230e-04
3.150000e+09	4.817752e+11	0.000000e+00	6.903226e-01	1.609696e+13	4.105476e+13	2.068669e+13	4.246411e+03	2.076221e+03	1.443656e+03	0	2.432738e-04
3.160000e+09	4.791173e+11	0.000000e+00	6.903226e-01	1.604374e+13	4.093460e+13	2.063235e+13	4.244328e+03	2.075681e+03	1.443280e+03	0	2.428256e-04
3.170000e+09	4.764753e+11	0.000000e+00	6.903226e-01	1.599083e+13	4.081508e+13	2.057829e+13	4.242252e+03	2.075142e+03	1.442905e+03	0	2.423784e-04
3.180000e+09	4.738490e+11	0.000000e+00	6.903226e-01	1.593823e+13	4.069621e+13	2.052450e+13	4.240182e+03	2.074604e+03	1.442532e+03	0	2.419323e-04
3.190000e+09	4.712382e+11	0.000000e+00	6.903226e-01	1.588593e+13	4.057797e+13	2.047099e+13	4.238119e+03	2.074069e+03	1.442159e+03	0	2.414871e-04
3.200000e+09	4.686429e+11	0.000000e+00	6.903226e-01	1.583392e+13	4.046036e+13	2.041775e+13	4.236063e+03	2.073534e+03	1.441788e+03	0	2.410430e-04
3.210000e+09	4.660629e+11	0.000000e+00	6.903226e-01	1.578222e+13	4.034337e+13	2.036478e+13	4.234014e+03	2.073002e+03	1.441417e+03	0	2.405999e-04
3.220000e+09	4.634981e+11	0.000000e+00	6.903226e-01	1.573081e+13	4.022701e+13	2.031207e+13	4.231972e+03	2.072470e+03	1.441048e+03	0	2.401577e-04
3.230000e+09	4.609484e+11	0.000000e+00	6.903226e-01	1.567969e+13	4.011126e+13	2.025963e+13	4.229936e+03	2.071941e+03	1.440680e+03	0	2.397165e-04
3.240000e+09	4.584136e+11	0.000000e+00	6.903226e-01	1.562887e+13	3.999613e+13	2.020746e+13	4.227906e+03	2.071413e+03	1.440313e+03	0	2.392763e-04
3.250000e+09	4.558936e+11	0.000000e+00	6.903226e-01	1.557833e+13	3.988160e+13	2.015555e+13	4.225884e+03	2.070886e+03	1.439947e+03	0	2.388370e-04
3.260000e+09	4.533884e+11	0.000000e+00	6.903226e-01	1.552808e+13	3.976768e+13	2.010390e+13	4.223867e+03	2.070361e+03	1.439582e+03	0	2.383987e-04
3.270000e+09	4.508977e+11	0.000000e+00	6.903226e-01	1.547811e+13	3.965435e+13	2.005251e+13	4.221858e+03	2.069838e+03	1.439218e+03	0	2.379614e-04
3.280000e+09	4.484214e+11	0.000000e+00	6.903226e-01	1.542843e+13	3.954162e+13	2.000138e+13	4.219855e+03	2.069316e+03	1.438855e+03	0	2.375250e-04
3.290000e+09	4.459596e+11	0.000000e+00	6.903226e-01	1.537902e+13	3.942948e+13	1.995050e+13	4.217858e+03	2.068796e+03	1.438493e+03	0	2.370895e-04
3.300000e+09	4.435119e+11	0.000000e+00	6.903226e-01	1.532989e+13	3.931793e+13	1.989988e+13	4.215867e+03	2.068277e+03	1.438132e+03	0	2.366550e-04
3.310000e+09	4.410784e+11	0.000000e+00	6.903226e-01	1.528104e+13	3.920696e+13	1.984951e+13	4.213883e+03	2.067759e+03	1.437772e+03	0	2.362213e-04
3.320000e+09	4.386588e+11	0.000000e+00	6.903226e-01	1.523245e+13	3.909657e+13	1.979939e+13	4.211905e+03	2.067243e+03	1.437413e+03	0	2.357886e-04
3.330000e+09	4.362532e+11	0.000000e+00	6.903226e-01	1.518414e+13	3.898675e+13	1.974952e+13	4.209934e+03	2.066729e+03	1.437056e+03	0	2.353568e-04
3.340000e+09	4.338613e+11	0.000000e+00	6.903226e-01	1.513610e+13	3.887750e+13	1.969990e+13	4.207969e+03	2.066215e+03	1.436699e+03	0	2.349259e-04
3.350000e+09	4.314831e+11	0.000000e+00	6.903226e-01	1.508832e+13	3.876881e+13	1.965052e+13	4.206010e+03	2.065704e+03	1.436343e+03	0	2.344958e-04
3.360000e+09	4.291185e+11	0.000000e+00	6.903226e-01	1.504081e+13	3.866069e+13	1.960139e+13	4.204057e+03	2.065194e+03	1.435988e+03	0	2.340667e-04
3.370000e+09	4.267674e+11	0.000000e+00	6.903226e-01	1.499356e+13	3.855312e+13	1.955250e+13	4.202110e+03	2.064685e+03	1.435635e+03	0	2.336384e-04
3.380000e+09	4.244295e+11	0.000000e+00	6.903226e-01	1.494657e+13	3.844611e+13	1.950385e+13	4.200170e+03	2.064178e+03	1.435282e+03	0	2.332110e-04
3.390000e+09	4.221050e+11	0.000000e+00	6.903226e-01	1.489983e+13	3.833964e+13	1.945544e+13	4.198235e+03	2.063672e+03	1.434930e+03	0	2.327845e-04
3.400000e+09	4.197935e+11	0.000000e+00	6.903226e-01	1.485336e+13	3.823372e+13	1.940727e+13	4.196307e+03	2.063168e+03	1.434579e+03	0	2.323588e-04
3.410000e+09	4.174951e+11	0.000000e+00	6.903226e-01	1.480713e+13	3.812835e+13	1.935933e+13	4.194384e+03	2.062665e+03	1.434230e+03	0	2.319339e-04
3.420000e+09	4.152097e+11	0.000000e+00	6.903226e-01	1.476116e+13	3.802351e+13	1.931163e+13	4.192468e+03	2.062163e+03	1.433881e+03	0	2.315100e-04
3.430000e+09	4.129371e+11	0.000000e+00	6.903226e-01	1.471544e+13	3.791920e+13	1.926417e+13	4.190557e+03	2.061663e+03	1.433533e+03	0	2.310868e-04
3.440000e+09	4.106772e+11	0.000000e+00	6.903226e-01	1.466997e+13	3.781543e+13	1.921693e+13	4.188652e+03	2.061164e+03	1.433186e+03	0	2.306645e-04
3.450000e+09	4.084299e+11	0.000000e+00	6.903226e-01	1.462474e+13	3.771218e+13	1.916993e+13	4.186754e+03	2.060667e+03	1.432841e+03	0	2.302430e-04
3.460000e+09	4.061952e+11	0.000000e+00	6.903226e-01	1.457976e+13	3.760946e+13	1.912316e+13	4.184861e+03	2.060171e+03	1.432496e+03	0	2.298223e-04
3.470000e+09	4.039729e+11	0.000000e+00	6.903226e-01	1.453502e+13	3.750725e+13	1.907661e+13	4.182974e+03	2.059676e+03	1.432152e+03	0	2.294024e-04
3.480000e+09	4.017630e+11	0.000000e+00	6.903226e-01	1.449052e+13	3.740556e+13	1.903029e+13	4.181092e+03	2.059183e+03	1.431809e+03	0	2.289833e-04
3.490000e+09	3.995653e+11	0.000000e+00	6.903226e-01	1.444626e+13	3.730438e+13	1.898419e+13	4.179217e+03	2.058691e+03	1.431467e+03	0	2.285650e-04
3.500000e+09	3.973798e+11	0.000000e+00	6.903226e-01	1.440224e+13	3.720371e+13	1.893832e+13	4.177347e+03	2.058201e+03	1.431126e+03	0	2.281475e-04
3.510000e+09	3.952063e+11	0.000000e+00	6.903226e-01	1.435845e+13	3.710355e+13	1.889267e+13	4.175483e+03	2.057712e+03	1.430786e+03	0	2.277308e-04
3.520000e+09	3.930448e+11	0.000000e+00	6.903226e-01	1.431490e+13	3.700388e+13	1.884723e+13	4.173624e+03	2.057224e+03	1.430447e+03	0	2.273149e-04
3.530000e+09	3.908952e+11	0.000000e+00	6.903226e-01	1.427158e+13	3.690472e+13	1.880202e+13	4.171772e+03	2.056737e+03	1.430108e+03	0	2.268997e-04
3.540000e+09	3.887574e+11	0.000000e+00	6.903226e-01	1.422849e+13	3.680605e+13	1.875703e+13	4.169924e+03	2.056252e+03	1.429771e+03	0	2.264853e-04
3.550000e+09	3.866312e+11	0.000000e+00	6.903226e-01	1.418562e+13	3.670787e+13	1.871225e+13	4.168083e+03	2.055769e+03	1.429435e+03	0	2.260717e-04
3.560000e+09	3.845167e+11	0.000000e+00	6.903226e-01	1.414298e+13	3.661017e+13	1.866768e+13	4.166247e+03	2.055286e+03	1.429099e+03	0	2.256588e-04
3.570000e+09	3.824137e+11	0.000000e+00	6.903226e-01	1.410057e+13	3.651296e+13	1.862333e+13	4.164416e+03	2.054805e+03	1.428765e+03	0	2.252466e-04
3.580000e+09	3.803221e+11	0.000000e+00	6.903226e-01	1.405838e+13	3.641624e+13	1.857919e+13	4.162591e+03	2.054325e+03	1.428431e+03	0	2.248352e-04
3.590000e+09	3.782419e+11	0.000000e+00	6.903226e-01	1.401641e+13	3.631999e+13	1.853526e+13	4.160771e+03	2.053847e+03	1.428098e+03	0	2.244246e-04
3.600000e+09	3.761730e+11	0.000000e+00	6.903226e-01	1.397467e+13	3.622421e+13	1.849154e+13	4.158957e+03	2.053370e+03	1.427767e+03	0	2.240146e-04
3.610000e+09	3.741152e+11	0.000000e+00	6.903226e-01	1.393314e+13	3.612891e+13	1.844803e+13	4.157148e+03	2.052894e+03	1.427436e+03	0	2.236054e-04
3.620000e+09	3.720685e+11	0.000000e+00	6.903226e-01	1.389182e+13	3.603407e+13	1.840473e+13	4.155344e+03	2.052419e+03	1.427106e+03	0	2.231969e-04
3.630000e+09	3.700328e+11	0.000000e+00	6.903226e-01	1.385072e+13	3.593970e+13	1.836163e+13	4.153546e+03	2.051946e+03	1.426777e+03	0	2.227891e-04
3.640000e+09	3.680081e+11	0.000000e+00	6.903226e-01	1.380984e+13	3.584580e+13	1.831873e+13	4.151754e+03	2.051474e+03	1.426449e+03	0	2.223820e-04
3.650000e+09	3.659942e+11	0.000000e+00	6.903226e-01	1.376917e+13	3.575234e+13	1.827604e+13	4.149966e+03	2.051003e+03	1.426121e+03	0	2.219756e-04
3.660000e+09	3.639910e+11	0.000000e+00	6.903226e-01	1.372870e+13	3.565935e+13	1.823355e+13	4.148184e+03	2.050534e+03	1.425795e+03	0	2.215699e-04
3.670000e+09	3.619986e+11	0.000000e+00	6.903226e-01	1.368845e+13	3.556681e+13	1.819125e+13	4.146407e+03	2.050066e+03	1.425469e+03	0	2.211649e-04
3.680000e+09	3.600168e+11	0.000000e+00	6.903226e-01	1.364840e+13	3.547471e+13	1.814916e+13	4.144635e+03	2.049599e+03	1.425145e+03	0	2.207605e-04
3.690000e+09	3.580455e+11	0.000000e+00	6.903226e-01	1.360856e+13	3.538307e+13	1.810727e+13	4.142868e+03	2.049133e+03	1.424821e+03	0	2.203569e-04
3.700000e+09	3.560846e+11	0.000000e+00	6.903226e-01	1.356892e+13	3.529186e+13	1.806557e+13	4.141107e+03	2.048669e+03	1.424498e+03	0	2.199539e-04
3.710000e+09	3.541341e+11	0.000000e+00	6.903226e-01	1.352949e+13	3.520110e+13	1.802406e+13	4.139350e+03	2.048205e+03	1.424176e+03	0	2.195515e-04
3.720000e+09	3.521939e+11	0.000000e+00	6.903226e-01	1.349026e+13	3.511077e+13	1.798275e+13	4.137599e+03	2.047743e+03	1.423855e+03	0	2.191498e-04
3.730000e+09	3.502640e+11	0.000000e+00	6.903226e-01	1.345122e+13	3.502088e+13	1.794163e+13	4.135853e+03	2.047283e+03	1.423534e+03	0	2.187488e-04
3.740000e+09	3.483442e+11	0.000000e+00	6.903226e-01	1.341239e+13	3.493142e+13	1.790071e+13	4.134112e+03	2.046823e+03	1.423215e+03	0	2.183484e-04
3.750000e+09	3.464344e+11	0.000000e+00	6.903226e-01	1.337375e+13	3.484239e+13	1.785997e+13	4.132375e+03	2.046365e+03	1.422896e+03	0	2.179487e-04
3.760000e+09	3.445347e+11	0.000000e+00	6.903226e-01	1.333531e+13	3.475379e+13	1.781943e+13	4.130644e+03	2.045908e+03	1.422578e+03	0	2.175495e-04
3.770000e+09	3.426449e+11	0.000000e+00	6.903226e-01	1.329706e+13	3.466560e+13	1.777907e+13	4.128918e+03	2.045452e+03	1.422262e+03	0	2.171511e-04
3.780000e+09	3.407650e+11	0.000000e+00	6.903226e-01	1.325901e+13	3.457784e+13	1.773889e+13	4.127197e+03	2.044998e+03	1.421945e+03	0	2.167532e-04
3.790000e+09	3.388948e+11	0.000000e+00	6.903226e-01	1.322114e+13	3.449050e+13	1.769891e+13	4.125481e+03	2.044544e+03	1.421630e+03	0	2.163559e-04
3.800000e+09	3.370344e+11	0.000000e+00	6.903226e-01	1.318347e+13	3.440357e+13	1.765911e+13	4.123769e+03	2.044092e+03	1.421316e+03	0	2.159593e-04
3.810000e+09	3.351836e+11	0.000000e+00	6.903226e-01	1.314598e+13	3.431705e+13	1.761949e+13	4.122063e+03	2.043641e+03	1.421002e+03	0	2.155633e-04
3.820000e+09	3.333423e+11	0.000000e+00	6.903226e-01	1.310868e+13	3.423094e+13	1.758005e+13	4.120361e+03	2.043191e+03	1.420689e+03	0	2.151678e-04
3.830000e+09	3.315106e+11	0.000000e+00	6.903226e-01	1.307157e+13	3.414524e+13	1.754079e+13	4.118664e+03	2.042743e+03	1.420377e+03	0	2.147730e-04
3.840000e+09	3.296884e+11	0.000000e+00	6.903226e-01	1.303464e+13	3.405994e+13	1.750172e+13	4.116972e+03	2.042295e+03	1.420066e+03	0	2.143787e-04
3.850000e+09	3.278754e+11	0.000000e+00	6.903226e-01	1.299790e+13	3.397504e+13	1.746282e+13	4.115285e+03	2.041849e+03	1.419756e+03	0	2.139851e-04
3.860000e+09	3.260719e+11	0.000000e+00	6.903226e-01	1.296134e+13	3.389054e+13	1.742410e+13	4.113602e+03	2.041404e+03	1.419446e+03	0	2.135920e-04
3.870000e+09	3.242775e+11	0.000000e+00	6.903226e-01	1.292496e+13	3.380644e+13	1.738555e+13	4.111924e+03	2.040960e+03	1.419138e+03	0	2.131995e-04
3.880000e+09	3.224923e+11	0.000000e+00	6.903226e-01	1.288876e+13	3.372273e+13	1.734718e+13	4.110251e+03	2.040517e+03	1.418830e+03	0	2.128075e-04
3.890000e+09	3.207162e+11	0.000000e+00	6.903226e-01	1.285273e+13	3.363941e+13	1.730899e+13	4.108583e+03	2.040075e+03	1.418523e+03	0	2.124161e-04
3.900000e+09	3.189492e+11	0.000000e+00	6.903226e-01	1.281689e+13	3.355648e+13	1.727097e+13	4.106919e+03	2.039635e+03	1.418217e+03	0	2.120253e-04
3.910000e+09	3.171911e+11	0.000000e+00	6.903226e-01	1.278121e+13	3.347394e+13	1.723312e+13	4.105260e+03	2.039195e+03	1.417911e+03	0	2.116350e-04
3.920000e+09	3.154420e+11	0.000000e+00	6.903226e-01	1.274572e+13	3.339178e+13	1.719544e+13	4.103605e+03	2.038757e+03	1.417606e+03	0	2.112453e-04
3.930000e+09	3.137017e+11	0.000000e+00	6.903226e-01	1.271040e+13	3.331000e+13	1.715793e+13	4.101955e+03	2.038320e+03	1.417302e+03	0	2.108561e-04
3.940000e+09	3.119702e+11	0.000000e+00	6.903226e-01	1.267525e+13	3.322860e+13	1.712059e+13	4.100310e+03	2.037884e+03	1.416999e+03	0	2.104674e-04
3.950000e+09	3.102475e+11	0.000000e+00	6.903226e-01	1.264027e+13	3.314757e+13	1.708342e+13	4.098669e+03	2.037449e+03	1.416697e+03	0	2.100793e-04
3.960000e+09	3.085334e+11	0.000000e+00	6.903226e-01	1.260546e+13	3.306692e+13	1.704642e+13	4.097033e+03	2.037016e+03	1.416395e+03	0	2.096917e-04
3.970000e+09	3.068279e+11	0.000000e+00	6.903226e-01	1.257082e+13	3.298664e+13	1.700958e+13	4.095401e+03	2.036583e+03	1.416095e+03	0	2.093046e-04
3.980000e+09	3.051310e+11	0.000000e+00	6.903226e-01	1.253634e+13	3.290673e+13	1.697291e+13	4.093774e+03	2.036152e+03	1.415795e+03	0	2.089180e-04
3.990000e+09	3.034425e+11	0.000000e+00	6.903226e-01	1.250203e+13	3.282718e+13	1.693639e+13	4.092151e+03	2.035721e+03	1.415495e+03	0	2.085320e-04
4.000000e+09	3.017625e+11	0.000000e+00	6.903226e-01	1.246789e+13	3.274800e+13	1.690005e+13	4.090533e+03	2.035292e+03	1.415197e+03	0	2.081464e-04
4.010000e+09	3.000909e+11	0.000000e+00	6.903226e-01	1.243391e+13	3.266918e+13	1.686386e+13	4.088919e+03	2.034864e+03	1.414899e+03	0	2.077614e-04
4.020000e+09	2.984275e+11	0.000000e+00	6.903226e-01	1.240010e+13	3.259072e+13	1.682784e+13	4.087309e+03	2.034437e+03	1.414602e+03	0	2.073768e-04
4.030000e+09	2.967725e+11	0.000000e+00	6.903226e-01	1.236645e+13	3.251261e+13	1.679197e+13	4.085704e+03	2.034011e+03	1.414306e+03	0	2.069927e-04
4.040000e+09	2.951256e+11	0.000000e+00	6.903226e-01	1.233295e+13	3.243486e+13	1.675627e+13	4.084103e+03	2.033586e+03	1.414010e+03	0	2.066091e-04
4.050000e+09	2.934869e+11	0.000000e+00	6.903226e-01	1.229962e+13	3.235747e+13	1.672072e+13	4.082506e+03	2.033162e+03	1.413716e+03	0	2.062260e-04
4.060000e+09	2.918562e+11	0.000000e+00	6.903226e-01	1.226645e+13	3.228042e+13	1.668533e+13	4.080914e+03	2.032739e+03	1.413422e+03	0	2.058433e-04
4.070000e+09	2.902336e+11	0.000000e+00	6.903226e-01	1.223343e+13	3.220372e+13	1.665009e+13	4.079326e+03	2.032318e+03	1.413129e+03	0	2.054612e-04
4.080000e+09	2.886190e+11	0.000000e+00	6.903226e-01	1.220057e+13	3.212737e+13	1.661501e+13	4.077742e+03	2.031897e+03	1.412836e+03	0	2.050795e-04
4.090000e+09	2.870123e+11	0.000000e+00	6.903226e-01	1.216786e+13	3.205137e+13	1.658008e+13	4.076163e+03	2.031477e+03	1.412544e+03	0	2.046982e-04
4.100000e+09	2.854135e+11	0.000000e+00	6.903226e-01	1.213531e+13	3.197570e+13	1.654531e+13	4.074588e+03	2.031059e+03	1.412253e+03	0	2.043174e-04
4.110000e+09	2.838224e+11	0.000000e+00	6.903226e-01	1.210292e+13	3.190037e+13	1.651069e+13	4.073017e+03	2.030641e+03	1.411963e+03	0	2.039370e-04
4.120000e+09	2.822392e+11	0.000000e+00	6.903226e-01	1.207067e+13	3.182538e+13	1.647622e+13	4.071450e+03	2.030225e+03	1.411674e+03	0	2.035571e-04
4.130000e+09	2.806636e+11	0.000000e+00	6.903226e-01	1.203858e+13	3.175073e+13	1.644190e+13	4.069887e+03	2.029810e+03	1.411385e+03	0	2.031776e-04
4.140000e+09	2.790958e+11	0.000000e+00	6.903226e-01	1.200664e+13	3.167641e+13	1.640773e+13	4.068329e+03	2.029395e+03	1.411097e+03	0	2.027986e-04
4.150000e+09	2.775355e+11	0.000000e+00	6.903226e-01	1.197484e+13	3.160242e+13	1.637371e+13	4.066775e+03	2.028982e+03	1.410809e+03	0	2.024200e-04
4.160000e+09	2.759828e+11	0.000000e+00	6.903226e-01	1.194320e+13	3.152876e+13	1.633984e+13	4.065224e+03	2.028570e+03	1.410523e+03	0	2.020418e-04
4.170000e+09	2.744376e+11	0.000000e+00	6.903226e-01	1.191170e+13	3.145542e+13	1.630611e+13	4.063678e+03	2.028159e+03	1.410237e+03	0	2.016640e-04
4.180000e+09	2.728998e+11	0.000000e+00	6.903226e-01	1.188034e+13	3.138241e+13	1.627253e+13	4.062136e+03	2.027748e+03	1.409952e+03	0	2.012866e-04
4.190000e+09	2.713694e+11	0.000000e+00	6.903226e-01	1.184914e+13	3.130972e+13	1.623909e+13	4.060598e+03	2.027339e+03	1.409667e+03	0	2.009097e-04
4.200000e+09	2.698464e+11	0.000000e+00	6.903226e-01	1.181807e+13	3.123736e+13	1.620580e+13	4.059064e+03	2.026931e+03	1.409383e+03	0	2.005331e-04
4.210000e+09	2.683308e+11	0.000000e+00	6.903226e-01	1.178716e+13	3.116531e+13	1.617265e+13	4.057534e+03	2.026524e+03	1.409100e+03	0	2.001569e-04
4.220000e+09	2.668223e+11	0.000000e+00	6.903226e-01	1.175638e+13	3.109358e+13	1.613964e+13	4.056008e+03	2.026118e+03	1.408818e+03	0	1.997812e-04
4.230000e+09	2.653211e+11	0.000000e+00	6.903226e-01	1.172574e+13	3.102217e+13	1.610678e+13	4.054486e+03	2.025713e+03	1.408536e+03	0	1.994058e-04
4.240000e+09	2.638270e+11	0.000000e+00	6.903226e-01	1.169525e+13	3.095107e+13	1.607405e+13	4.052968e+03	2.025309e+03	1.408255e+03	0	1.990308e-04
4.250000e+09	2.623401e+11	0.000000e+00	6.903226e-01	1.166490e+13	3.088028e+13	1.604147e+13	4.051454e+03	2.024905e+03	1.407975e+03	0	1.986562e-04
4.260000e+09	2.608602e+11	0.000000e+00	6.903226e-01	1.163468e+13	3.080979e+13	1.600902e+13	4.049944e+03	2.024503e+03	1.407695e+03	0	1.982819e-04
4.270000e+09	2.593874e+11	0.000000e+00	6.903226e-01	1.160460e+13	3.073962e+13	1.597672e+13	4.048438e+03	2.024102e+03	1.407416e+03	0	1.979080e-04
4.280000e+09	2.579215e+11	0.000000e+00	6.903226e-01	1.157466e+13	3.066975e+13	1.594455e+13	4.046935e+03	2.023702e+03	1.407138e+03	0	1.975345e-04
4.290000e+09	2.564626e+11	0.000000e+00	6.903226e-01	1.154486e+13	3.060019e+13	1.591251e+13	4.045437e+03	2.023303e+03	1.406860e+03	0	1.971614e-04
4.300000e+09	2.550105e+11	0.000000e+00	6.903226e-01	1.151519e+13	3.053092e+13	1.588061e+13	4.043942e+03	2.022905e+03	1.406583e+03	0	1.967886e-04
4.310000e+09	2.535653e+11	0.000000e+00	6.903226e-01	1.148565e+13	3.046196e+13	1.584885e+13	4.042452e+03	2.022507e+03	1.406307e+03	0	1.964161e-04
4.320000e+09	2.521268e+11	0.000000e+00	6.903226e-01	1.145625e+13	3.039329e+13	1.581722e+13	4.040965e+03	2.022111e+03	1.406032e+03	0	1.960440e-04
4.330000e+09	2.506952e+11	0.000000e+00	6.903226e-01	1.142698e+13	3.032492e+13	1.578573e+13	4.039481e+03	2.021716e+03	1.405757e+03	0	1.956722e-04
4.340000e+09	2.492702e+11	0.000000e+00	6.903226e-01	1.139785e+13	3.025685e+13	1.575436e+13	4.038002e+03	2.021321e+03	1.405483e+03	0	1.953008e-04
4.350000e+09	2.478519e+11	0.000000e+00	6.903226e-01	1.136884e+13	3.018907e+13	1.572313e+13	4.036526e+03	2.020928e+03	1.405209e+03	0	1.949297e-04
4.360000e+09	2.464402e+11	0.000000e+00	6.903226e-01	1.133996e+13	3.012158e+13	1.569203e+13	4.035055e+03	2.020536e+03	1.404936e+03	0	1.945589e-04
4.370000e+09	2.450351e+11	0.000000e+00	6.903226e-01	1.131122e+13	3.005437e+13	1.566106e+13	4.033586e+03	2.020144e+03	1.404664e+03	0	1.941884e-04
4.380000e+09	2.436365e+11	0.000000e+00	6.903226e-01	1.128260e+13	2.998746e+13	1.563022e+13	4.032122e+03	2.019754e+03	1.404392e+03	0	1.938182e-04
4.390000e+09	2.422444e+11	0.000000e+00	6.903226e-01	1.125411e+13	2.992083e+13	1.559951e+13	4.030661e+03	2.019364e+03	1.404122e+03	0	1.934484e-04
4.400000e+09	2.408588e+11	0.000000e+00	6.903226e-01	1.122575e+13	2.985449e+13	1.556892e+13	4.029204e+03	2.018975e+03	1.403851e+03	0	1.930788e-04
4.410000e+09	2.394796e+11	0.000000e+00	6.903226e-01	1.119751e+13	2.978842e+13	1.553847e+13	4.027751e+03	2.018587e+03	1.403582e+03	0	1.927096e-04
4.420000e+09	2.381067e+11	0.000000e+00	6.903226e-01	1.116940e+13	2.972264e+13	1.550814e+13	4.026301e+03	2.018201e+03	1.403313e+03	0	1.923406e-04
4.430000e+09	2.367402e+11	0.000000e+00	6.903226e-01	1.114141e+13	2.965714e+13	1.547793e+13	4.024855e+03	2.017815e+03	1.403044e+03	0	1.919720e-04
4.440000e+09	2.353799e+11	0.000000e+00	6.903226e-01	1.111355e+13	2.959191e+13	1.544785e+13	4.023413e+03	2.017430e+03	1.402777e+03	0	1.916036e-04
4.450000e+09	2.340259e+11	0.000000e+00	6.903226e-01	1.108581e+13	2.952696e+13	1.541789e+13	4.021974e+03	2.017046e+03	1.402510e+03	0	1.912355e-04
4.460000e+09	2.326782e+11	0.000000e+00	6.903226e-01	1.105819e+13	2.946228e+13	1.538806e+13	4.020539e+03	2.016663e+03	1.402243e+03	0	1.908677e-04
4.470000e+09	2.313365e+11	0.000000e+00	6.903226e-01	1.103069e+13	2.939788e+13	1.535835e+13	4.019107e+03	2.016280e+03	1.401978e+03	0	1.905001e-04
4.480000e+09	2.300011e+11	0.000000e+00	6.903226e-01	1.100331e+13	2.933374e+13	1.532876e+13	4.017679e+03	2.015899e+03	1.401712e+03	0	1.901328e-04
4.490000e+09	2.286717e+11	0.000000e+00	6.903226e-01	1.097606e+13	2.926988e+13	1.529929e+13	4.016254e+03	2.015519e+03	1.401448e+03	0	1.897658e-04
4.500000e+09	2.273483e+11	0.000000e+00	6.903226e-01	1.094892e+13	2.920628e+13	1.526995e+13	4.014833e+03	2.015139e+03	1.401184e+03	0	1.893990e-04
4.510000e+09	2.260310e+11	0.000000e+00	6.903226e-01	1.092190e+13	2.914295e+13	1.524072e+13	4.013416e+03	2.014761e+03	1.400921e+03	0	1.890325e-04
4.520000e+09	2.247196e+11	0.000000e+00	6.903226e-01	1.089500e+13	2.907988e+13	1.521161e+13	4.012002e+03	2.014383e+03	1.400658e+03	0	1.886662e-04
4.530000e+09	2.234142e+11	0.000000e+00	6.903226e-01	1.086822e+13	2.901708e+13	1.518263e+13	4.010591e+03	2.014006e+03	1.400396e+03	0	1.883002e-04
4.540000e+09	2.221147e+11	0.000000e+00	6.903226e-01	1.084155e+13	2.895454e+13	1.515375e+13	4.009184e+03	2.013630e+03	1.400135e+03	0	1.879344e-04
4.550000e+09	2.208210e+11	0.000000e+00	6.903226e-01	1.081499e+13	2.889225e+13	1.512500e+13	4.007781e+03	2.013255e+03	1.399874e+03	0	1.875688e-04
4.560000e+09	2.195332e+11	0.000000e+00	6.903226e-01	1.078856e+13	2.883023e+13	1.509636e+13	4.006380e+03	2.012881e+03	1.399614e+03	0	1.872035e-04
4.570000e+09	2.182512e+11	0.000000e+00	6.903226e-01	1.076223e+13	2.876846e+13	1.506784e+13	4.004984e+03	2.012508e+03	1.399354e+03	0	1.868384e-04
4.580000e+09	2.169749e+11	0.000000e+00	6.903226e-01	1.073602e+13	2.870694e+13	1.503943e+13	4.003590e+03	2.012135e+03	1.399095e+03	0	1.864734e-04
4.590000e+09	2.157043e+11	0.000000e+00	6.903226e-01	1.070992e+13	2.864568e+13	1.501114e+13	4.002200e+03	2.011764e+03	1.398837e+03	0	1.861088e-04
4.600000e+09	2.144394e+11	0.000000e+00	6.903226e-01	1.068394e+13	2.858468e+13	1.498296e+13	4.000814e+03	2.011393e+03	1.398579e+03	0	1.857443e-04
4.610000e+09	2.131802e+11	0.000000e+00	6.903226e-01	1.065806e+13	2.852392e+13	1.495490e+13	3.999430e+03	2.011023e+03	1.398322e+03	0	1.853800e-04
4.620000e+09	2.119266e+11	0.000000e+00	6.903226e-01	1.063230e+13	2.846341e+13	1.492694e+13	3.998050e+03	2.010655e+03	1.398066e+03	0	1.850159e-04
4.630000e+09	2.106786e+11	0.000000e+00	6.903226e-01	1.060665e+13	2.840315e+13	1.489910e+13	3.996674e+03	2.010286e+03	1.397810e+03	0	1.846520e-04
4.640000e+09	2.094361e+11	0.000000e+00	6.903226e-01	1.058110e+13	2.834314e+13	1.487137e+13	3.995301e+03	2.009919e+03	1.397554e+03	0	1.842883e-04
4.650000e+09	2.081991e+11	0.000000e+00	6.903226e-01	1.055567e+13	2.828337e+13	1.484375e+13	3.993931e+03	2.009553e+03	1.397300e+03	0	1.839247e-04
4.660000e+09	2.069676e+11	0.000000e+00	6.903226e-01	1.053034e+13	2.822384e+13	1.481624e+13	3.992564e+03	2.009187e+03	1.397046e+03	0	1.835614e-04
4.670000e+09	2.057415e+11	0.000000e+00	6.903226e-01	1.050512e+13	2.816456e+13	1.478884e+13	3.991201e+03	2.008823e+03	1.396792e+03	0	1.831982e-04
4.680000e+09	2.045209e+11	0.000000e+00	6.903226e-01	1.048000e+13	2.810552e+13	1.476155e+13	3.989840e+03	2.008459e+03	1.396539e+03	0	1.828352e-04
4.690000e+09	2.033056e+11	0.000000e+00	6.903226e-01	1.045500e+13	2.804671e+13	1.473436e+13	3.988484e+03	2.008096e+03	1.396287e+03	0	1.824723e-04
4.700000e+09	2.020957e+11	0.000000e+00	6.903226e-01	1.043009e+13	2.798815e+13	1.470728e+13	3.987130e+03	2.007734e+03	1.396035e+03	0	1.821096e-04
4.710000e+09	2.008911e+11	0.000000e+00	6.903226e-01	1.040530e+13	2.792982e+13	1.468031e+13	3.985779e+03	2.007372e+03	1.395783e+03	0	1.817471e-04
4.720000e+09	1.996917e+11	0.000000e+00	6.903226e-01	1.038060e+13	2.787172e+13	1.465345e+13	3.984432e+03	2.007012e+03	1.395533e+03	0	1.813846e-04
4.730000e+09	1.984976e+11	0.000000e+00	6.903226e-01	1.035601e+13	2.781386e+13	1.462669e+13	3.983088e+03	2.006652e+03	1.395283e+03	0	1.810224e-04
4.740000e+09	1.973087e+11	0.000000e+00	6.903226e-01	1.033153e+13	2.775624e+13	1.460004e+13	3.981747e+03	2.006293e+03	1.395033e+03	0	1.806603e-04
4.750000e+09	1.961250e+11	0.000000e+00	6.903226e-01	1.030714e+13	2.769884e+13	1.457349e+13	3.980410e+03	2.005935e+03	1.394784e+03	0	1.802983e-04
4.760000e+09	1.949465e+11	0.000000e+00	6.903226e-01	1.028286e+13	2.764167e+13	1.454704e+13	3.979075e+03	2.005578e+03	1.394536e+03	0	1.799364e-04
4.770000e+09	1.937731e+11	0.000000e+00	6.903226e-01	1.025868e+13	2.758474e+13	1.452070e+13	3.977744e+03	2.005222e+03	1.394288e+03	0	1.795746e-04
4.780000e+09	1.926048e+11	0.000000e+00	6.903226e-01	1.023460e+13	2.752802e+13	1.449446e+13	3.976416e+03	2.004866e+03	1.394041e+03	0	1.792130e-04
4.790000e+09	1.914415e+11	0.000000e+00	6.903226e-01	1.021061e+13	2.747154e+13	1.446832e+13	3.975091e+03	2.004511e+03	1.393794e+03	0	1.788515e-04
4.800000e+09	1.902832e+11	0.000000e+00	6.903226e-01	1.018673e+13	2.741528e+13	1.444228e+13	3.973768e+03	2.004157e+03	1.393548e+03	0	1.784901e-04
4.810000e+09	1.891300e+11	0.000000e+00	6.903226e-01	1.016295e+13	2.735924e+13	1.441635e+13	3.972450e+03	2.003804e+03	1.393302e+03	0	1.781287e-04
4.820000e+09	1.879817e+11	0.000000e+00	6.903226e-01	1.013926e+13	2.730343e+13	1.439051e+13	3.971134e+03	2.003452e+03	1.393057e+03	0	1.777675e-04
4.830000e+09	1.868384e+11	0.000000e+00	6.903226e-01	1.011568e+13	2.724784e+13	1.436478e+13	3.969821e+03	2.003100e+03	1.392813e+03	0	1.774064e-04
4.840000e+09	1.857000e+11	0.000000e+00	6.903226e-01	1.009218e+13	2.719246e+13	1.433914e+13	3.968511e+03	2.002749e+03	1.392569e+03	0	1.770453e-04
4.850000e+09	1.845664e+11	0.000000e+00	6.903226e-01	1.006879e+13	2.713731e+13	1.431360e+13	3.967204e+03	2.002399e+03	1.392326e+03	0	1.766844e-04
4.860000e+09	1.834378e+11	0.000000e+00	6.903226e-01	1.004549e+13	2.708237e+13	1.428816e+13	3.965901e+03	2.002050e+03	1.392083e+03	0	1.763235e-04
4.870000e+09	1.823139e+11	0.000000e+00	6.903226e-01	1.002229e+13	2.702765e+13	1.426282e+13	3.964600e+03	2.001702e+03	1.391841e+03	0	1.759626e-04
4.880000e+09	1.811948e+11	0.000000e+00	6.903226e-01	9.999181e+12	2.697314e+13	1.423757e+13	3.963302e+03	2.001354e+03	1.391599e+03	0	1.756019e-04
4.890000e+09	1.800805e+11	0.000000e+00	6.903226e-01	9.976166e+12	2.691884e+13	1.421242e+13	3.962008e+03	2.001007e+03	1.391358e+03	0	1.752412e-04
4.900000e+09	1.789710e+11	0.000000e+00	6.903226e-01	9.953246e+12	2.686476e+13	1.418737e+13	3.960716e+03	2.000661e+03	1.391117e+03	0	1.748805e-04
4.910000e+09	1.778661e+11	0.000000e+00	6.903226e-01	9.930418e+12	2.681089e+13	1.416241e+13	3.959427e+03	2.000316e+03	1.390877e+03	0	1.745199e-04
4.920000e+09	1.767660e+11	0.000000e+00	6.903226e-01	9.907684e+12	2.675723e+13	1.413755e+13	3.958142e+03	1.999971e+03	1.390637e+03	0	1.741593e-04
4.930000e+09	1.756704e+11	0.000000e+00	6.903226e-01	9.885041e+12	2.670378e+13	1.411278e+13	3.956859e+03	1.999628e+03	1.390398e+03	0	1.737988e-04
4.940000e+09	1.745796e+11	0.000000e+00	6.903226e-01	9.862490e+12	2.665053e+13	1.408810e+13	3.955579e+03	1.999285e+03	1.390160e+03	0	1.734383e-04
4.950000e+09	1.734933e+11	0.000000e+00	6.903226e-01	9.840029e+12	2.659750e+13	1.406352e+13	3.954302e+03	1.998942e+03	1.389922e+03	0	1.730778e-04
4.960000e+09	1.724116e+11	0.000000e+00	6.903226e-01	9.817659e+12	2.654466e+13	1.403903e+13	3.953028e+03	1.998601e+03	1.389684e+03	0	1.727174e-04
4.970000e+09	1.713344e+11	0.000000e+00	6.903226e-01	9.795380e+12	2.649204e+13	1.401463e+13	3.951757e+03	1.998260e+03	1.389447e+03	0	1.723569e-04
4.980000e+09	1.702618e+11	0.000000e+00	6.903226e-01	9.773189e+12	2.643961e+13	1.399032e+13	3.950488e+03	1.997920e+03	1.389211e+03	0	1.719965e-04
4.990000e+09	1.691936e+11	0.000000e+00	6.903226e-01	9.751088e+12	2.638739e+13	1.396611e+13	3.949223e+03	1.997581e+03	1.388975e+03	0	1.716361e-04
5.000000e+09	1.681300e+11	0.000000e+00	6.903226e-01	9.729074e+12	2.633536e+13	1.394198e+13	3.947960e+03	1.997242e+03	1.388740e+03	0	1.712756e-04
5.010000e+09	1.670707e+11	0.000000e+00	6.903226e-01	9.707149e+12	2.628354e+13	1.391795e+13	3.946701e+03	1.996904e+03	1.388505e+03	0	1.709152e-04
5.020000e+09	1.660159e+11	0.000000e+00	6.903226e-01	9.685311e+12	2.623192e+13	1.389400e+13	3.945444e+03	1.996567e+03	1.388271e+03	0	1.705547e-04
5.030000e+09	1.649655e+11	0.000000e+00	6.903226e-01	9.663561e+12	2.618049e+13	1.387015e+13	3.944190e+03	1.996231e+03	1.388037e+03	0	1.701943e-04
5.040000e+09	1.639194e+11	0.000000e+00	6.903226e-01	9.641896e+12	2.612926e+13	1.384638e+13	3.942938e+03	1.995896e+03	1.387803e+03	0	1.698338e-04
5.050000e+09	1.628777e+11	0.000000e+00	6.903226e-01	9.620318e+12	2.607823e+13	1.382270e+13	3.941690e+03	1.995561e+03	1.387571e+03	0	1.694732e-04
5.060000e+09	1.618403e+11	0.000000e+00	6.903226e-01	9.598825e+12	2.602739e+13	1.379911e+13	3.940444e+03	1.995227e+03	1.387338e+03	0	1.691127e-04
5.070000e+09	1.608072e+11	0.000000e+00	6.903226e-01	9.577416e+12	2.597674e+13	1.377561e+13	3.939201e+03	1.994893e+03	1.387106e+03	0	1.687520e-04
5.080000e+09	1.597784e+11	0.000000e+00	6.903226e-01	9.556093e+12	2.592628e+13	1.375219e+13	3.937961e+03	1.994561e+03	1.386875e+03	0	1.683914e-04
5.090000e+09	1.587538e+11	0.000000e+00	6.903226e-01	9.534853e+12	2.587602e+13	1.372886e+13	3.936724e+03	1.994229e+03	1.386644e+03	0	1.680307e-04
5.100000e+09	1.577334e+11	0.000000e+00	6.903226e-01	9.513697e+12	2.582595e+13	1.370561e+13	3.935489e+03	1.993898e+03	1.386414e+03	0	1.676699e-04
5.110000e+09	1.567173e+11	0.000000e+00	6.903226e-01	9.492624e+12	2.577606e+13	1.368245e+13	3.934258e+03	1.993567e+03	1.386184e+03	0	1.673091e-04
5.120000e+09	1.557052e+11	0.000000e+00	6.903226e-01	9.471634e+12	2.572637e+13	1.365937e+13	3.933028e+03	1.993237e+03	1.385955e+03	0	1.669481e-04
5.130000e+09	1.546974e+11	0.000000e+00	6.903226e-01	9.450725e+12	2.567686e+13	1.363638e+13	3.931802e+03	1.992908e+03	1.385726e+03	0	1.665871e-04
5.140000e+09	1.536936e+11	0.000000e+00	6.903226e-01	9.429899e+12	2.562753e+13	1.361347e+13	3.930578e+03	1.992580e+03	1.385498e+03	0	1.662261e-04
5.150000e+09	1.526940e+11	0.000000e+00	6.903226e-01	9.409154e+12	2.557839e+13	1.359065e+13	3.929357e+03	1.992252e+03	1.385270e+03	0	1.658649e-04
5.160000e+09	1.516984e+11	0.000000e+00	6.903226e-01	9.388489e+12	2.552944e+13	1.356791e+13	3.928139e+03	1.991926e+03	1.385043e+03	0	1.655036e-04
5.170000e+09	1.507069e+11	0.000000e+00	6.903226e-01	9.367905e+12	2.548067e+13	1.354525e+13	3.926923e+03	1.991599e+03	1.384816e+03	0	1.651423e-04
5.180000e+09	1.497195e+11	0.000000e+00	6.903226e-01	9.347400e+12	2.543208e+13	1.352267e+13	3.925710e+03	1.991274e+03	1.384590e+03	0	1.647808e-04
5.190000e+09	1.487360e+11	0.000000e+00	6.903226e-01	9.326976e+12	2.538367e+13	1.350018e+13	3.924500e+03	1.990949e+03	1.384364e+03	0	1.644192e-04
5.200000e+09	1.477565e+11	0.000000e+00	6.903226e-01	9.306630e+12	2.533544e+13	1.347776e+13	3.923292e+03	1.990625e+03	1.384138e+03	0	1.640575e-04
5.210000e+09	1.467810e+11	0.000000e+00	6.903226e-01	9.286362e+12	2.528739e+13	1.345543e+13	3.922087e+03	1.990301e+03	1.383914e+03	0	1.636956e-04
5.220000e+09	1.458094e+11	0.000000e+00	6.903226e-01	9.266173e+12	2.523952e+13	1.343318e+13	3.920885e+03	1.989979e+03	1.383689e+03	0	1.633337e-04
5.230000e+09	1.448418e+11	0.000000e+00	6.903226e-01	9.246062e+12	2.519183e+13	1.341100e+13	3.919685e+03	1.989657e+03	1.383465e+03	0	1.629715e-04
5.240000e+09	1.438780e+11	0.000000e+00	6.903226e-01	9.226028e+12	2.514431e+13	1.338891e+13	3.918488e+03	1.989335e+03	1.383242e+03	0	1.626093e-04
5.250000e+09	1.429181e+11	0.000000e+00	6.903226e-01	9.206070e+12	2.509697e+13	1.336689e+13	3.917293e+03	1.989014e+03	1.383019e+03	0	1.622469e-04
5.260000e+09	1.419621e+11	0.000000e+00	6.903226e-01	9.186190e+12	2.504980e+13	1.334496e+13	3.916101e+03	1.988694e+03	1.382796e+03	0	1.618843e-04
5.270000e+09	1.410099e+11	0.000000e+00	6.903226e-01	9.166385e+12	2.500280e+13	1.332310e+13	3.914911e+03	1.988375e+03	1.382574e+03	0	1.615215e-04
5.280000e+09	1.400615e+11	0.000000e+00	6.903226e-01	9.146656e+12	2.495598e+13	1.330132e+13	3.913725e+03	1.988056e+03	1.382353e+03	0	1.611586e-04
5.290000e+09	1.391169e+11	0.000000e+00	6.903226e-01	9.127002e+12	2.490933e+13	1.327962e+13	3.912540e+03	1.987738e+03	1.382131e+03	0	1.607955e-04
5.300000e+09	1.381761e+11	0.000000e+00	6.903226e-01	9.107422e+12	2.486285e+13	1.325799e+13	3.911358e+03	1.987421e+03	1.381911e+03	0	1.604322e-04
5.310000e+09	1.372390e+11	0.000000e+00	6.903226e-01	9.087918e+12	2.481654e+13	1.323644e+13	3.910179e+03	1.987104e+03	1.381691e+03	0	1.600687e-04
5.320000e+09	1.363057e+11	0.000000e+00	6.903226e-01	9.068487e+12	2.477040e+13	1.321497e+13	3.909002e+03	1.986788e+03	1.381471e+03	0	1.597050e-04
5.330000e+09	1.353760e+11	0.000000e+00	6.903226e-01	9.049130e+12	2.472443e+13	1.319357e+13	3.907828e+03	1.986473e+03	1.381252e+03	0	1.593411e-04
5.340000e+09	1.344501e+11	0.000000e+00	6.903226e-01	9.029846e+12	2.467862e+13	1.317224e+13	3.906656e+03	1.986158e+03	1.381033e+03	0	1.589770e-04
5.350000e+09	1.335278e+11	0.000000e+00	6.903226e-01	9.010634e+12	2.463298e+13	1.315100e+13	3.905487e+03	1.985844e+03	1.380814e+03	0	1.586126e-04
5.360000e+09	1.326092e+11	0.000000e+00	6.903226e-01	8.991495e+12	2.458750e+13	1.312982e+13	3.904320e+03	1.985531e+03	1.380597e+03	0	1.582480e-04
5.370000e+09	1.316942e+11	0.000000e+00	6.903226e-01	8.972429e+12	2.454219e+13	1.310872e+13	3.903156e+03	1.985218e+03	1.380379e+03	0	1.578832e-04
5.380000e+09	1.307828e+11	0.000000e+00	6.903226e-01	8.953433e+12	2.449705e+13	1.308770e+13	3.901994e+03	1.984906e+03	1.380162e+03	0	1.575182e-04
5.390000e+09	1.298749e+11	0.000000e+00	6.903226e-01	8.934509e+12	2.445206e+13	1.306674e+13	3.900835e+03	1.984595e+03	1.379946e+03	0	1.571529e-04
5.400000e+09	1.289707e+11	0.000000e+00	6.903226e-01	8.915656e+12	2.440724e+13	1.304586e+13	3.899678e+03	1.984284e+03	1.379730e+03	0	1.567873e-04
5.410000e+09	1.280700e+11	0.000000e+00	6.903226e-01	8.896874e+12	2.436258e+13	1.302505e+13	3.898523e+03	1.983974e+03	1.379514e+03	0	1.564214e-04
5.420000e+09	1.271728e+11	0.000000e+00	6.903226e-01	8.878161e+12	2.431808e+13	1.300432e+13	3.897371e+03	1.983664e+03	1.379299e+03	0	1.560553e-04
5.430000e+09	1.262792e+11	0.000000e+00	6.903226e-01	8.859518e+12	2.427374e+13	1.298366e+13	3.896222e+03	1.983356e+03	1.379084e+03	0	1.556889e-04
5.440000e+09	1.253890e+11	0.000000e+00	6.903226e-01	8.840945e+12	2.422956e+13	1.296306e+13	3.895074e+03	1.983047e+03	1.378870e+03	0	1.553222e-04
5.450000e+09	1.245023e+11	0.000000e+00	6.903226e-01	8.822441e+12	2.418553e+13	1.294254e+13	3.893930e+03	1.982740e+03	1.378656e+03	0	1.549552e-04
5.460000e+09	1.236190e+11	0.000000e+00	6.903226e-01	8.804005e+12	2.414166e+13	1.292209e+13	3.892787e+03	1.982433e+03	1.378442e+03	0	1.545880e-04
5.470000e+09	1.227392e+11	0.000000e+00	6.903226e-01	8.785637e+12	2.409795e+13	1.290171e+13	3.891647e+03	1.982127e+03	1.378229e+03	0	1.542203e-04
5.480000e+09	1.218628e+11	0.000000e+00	6.903226e-01	8.767338e+12	2.405440e+13	1.288140e+13	3.890510e+03	1.981821e+03	1.378017e+03	0	1.538524e-04
5.490000e+09	1.209899e+11	0.000000e+00	6.903226e-01	8.749106e+12	2.401099e+13	1.286116e+13	3.889374e+03	1.981516e+03	1.377805e+03	0	1.534841e-04
5.500000e+09	1.201202e+11	0.000000e+00	6.903226e-01	8.730941e+12	2.396775e+13	1.284098e+13	3.888241e+03	1.981211e+03	1.377593e+03	0	1.531155e-04
5.510000e+09	1.192540e+11	0.000000e+00	6.903226e-01	8.712843e+12	2.392465e+13	1.282088e+13	3.887111e+03	1.980908e+03	1.377382e+03	0	1.527466e-04
5.520000e+09	1.183911e+11	0.000000e+00	6.903226e-01	8.694811e+12	2.388171e+13	1.280084e+13	3.885983e+03	1.980604e+03	1.377171e+03	0	1.523773e-04
5.530000e+09	1.175315e+11	0.000000e+00	6.903226e-01	8.676846e+12	2.383891e+13	1.278088e+13	3.884857e+03	1.980302e+03	1.376961e+03	0	1.520076e-04
5.540000e+09	1.166752e+11	0.000000e+00	6.903226e-01	8.658946e+12	2.379627e+13	1.276098e+13	3.883733e+03	1.980000e+03	1.376751e+03	0	1.516375e-04
5.550000e+09	1.158222e+11	0.000000e+00	6.903226e-01	8.641112e+12	2.375378e+13	1.274114e+13	3.882612e+03	1.979699e+03	1.376541e+03	0	1.512671e-04
5.560000e+09	1.149725e+11	0.000000e+00	6.903226e-01	8.623343e+12	2.371144e+13	1.272138e+13	3.881493e+03	1.979398e+03	1.376332e+03	0	1.508963e-04
5.570000e+09	1.141261e+11	0.000000e+00	6.903226e-01	8.605639e+12	2.366924e+13	1.270168e+13	3.880376e+03	1.979098e+03	1.376123e+03	0	1.505251e-04
5.580000e+09	1.132829e+11	0.000000e+00	6.903226e-01	8.587999e+12	2.362720e+13	1.268205e+13	3.879262e+03	1.978798e+03	1.375915e+03	0	1.501534e-04
5.590000e+09	1.124429e+11	0.000000e+00	6.903226e-01	8.570423e+12	2.358530e+13	1.266248e+13	3.878150e+03	1.978499e+03	1.375707e+03	0	1.497814e-04
5.600000e+09	1.116061e+11	0.000000e+00	6.903226e-01	8.552911e+12	2.354354e+13	1.264298e+13	3.877040e+03	1.978201e+03	1.375500e+03	0	1.494089e-04
5.610000e+09	1.107725e+11	0.000000e+00	6.903226e-01	8.535462e+12	2.350193e+13	1.262354e+13	3.875932e+03	1.977903e+03	1.375293e+03	0	1.490360e-04
5.620000e+09	1.099421e+11	0.000000e+00	6.903226e-01	8.518077e+12	2.346047e+13	1.260417e+13	3.874827e+03	1.977606e+03	1.375086e+03	0	1.486626e-04
5.630000e+09	1.091148e+11	0.000000e+00	6.903226e-01	8.500754e+12	2.341915e+13	1.258486e+13	3.873724e+03	1.977310e+03	1.374880e+03	0	1.482888e-04
5.640000e+09	1.082906e+11	0.000000e+00	6.903226e-01	8.483494e+12	2.337797e+13	1.256562e+13	3.872623e+03	1.977014e+03	1.374674e+03	0	1.479145e-04
5.650000e+09	1.074696e+11	0.000000e+00	6.903226e-01	8.466296e+12	2.333693e+13	1.254644e+13	3.871525e+03	1.976718e+03	1.374469e+03	0	1.475398e-04
5.660000e+09	1.066517e+11	0.000000e+00	6.903226e-01	8.449160e+12	2.329604e+13	1.252733e+13	3.870428e+03	1.976424e+03	1.374264e+03	0	1.471645e-04
5.670000e+09	1.058369e+11	0.000000e+00	6.903226e-01	8.432085e+12	2.325529e+13	1.250827e+13	3.869334e+03	1.976129e+03	1.374059e+03	0	1.467888e-04
5.680000e+09	1.050251e+11	0.000000e+00	6.903226e-01	8.415072e+12	2.321468e+13	1.248929e+13	3.868242e+03	1.975836e+03	1.373855e+03	0	1.464125e-04
5.690000e+09	1.042164e+11	0.000000e+00	6.903226e-01	8.398119e+12	2.317420e+13	1.247036e+13	3.867153e+03	1.975543e+03	1.373651e+03	0	1.460358e-04
5.700000e+09	1.034108e+11	0.000000e+00	6.903226e-01	8.381227e+12	2.313387e+13	1.245149e+13	3.866065e+03	1.975250e+03	1.373448e+03	0	1.456585e-04
5.710000e+09	1.026081e+11	0.000000e+00	6.903226e-01	8.364395e+12	2.309367e+13	1.243269e+13	3.864980e+03	1.974959e+03	1.373245e+03	0	1.452807e-04
5.720000e+09	1.018085e+11	0.000000e+00	6.903226e-01	8.347623e+12	2.305361e+13	1.241395e+13	3.863897e+03	1.974667e+03	1.373043e+03	0	1.449023e-04
5.730000e+09	1.010119e+11	0.000000e+00	6.903226e-01	8.330911e+12	2.301369e+13	1.239527e+13	3.862816e+03	1.974377e+03	1.372841e+03	0	1.445233e-04
5.740000e+09	1.002182e+11	0.000000e+00	6.903226e-01	8.314258e+12	2.297390e+13	1.237665e+13	3.861737e+03	1.974086e+03	1.372639e+03	0	1.441438e-04
5.750000e+09	9.942755e+10	0.000000e+00	6.903226e-01	8.297664e+12	2.293425e+13	1.235809e+13	3.860660e+03	1.973797e+03	1.372438e+03	0	1.437638e-04
5.760000e+09	9.863981e+10	0.000000e+00	6.903226e-01	8.281129e+12	2.289473e+13	1.233960e+13	3.859586e+03	1.973508e+03	1.372237e+03	0	1.433831e-04
5.770000e+09	9.785500e+10	0.000000e+00	6.903226e-01	8.264652e+12	2.285535e+13	1.232116e+13	3.858513e+03	1.973220e+03	1.372036e+03	0	1.430018e-04
5.780000e+09	9.707310e+10	0.000000e+00	6.903226e-01	8.248234e+12	2.281610e+13	1.230278e+13	3.857443e+03	1.972932e+03	1.371836e+03	0	1.426199e-04
5.790000e+09	9.629411e+10	0.000000e+00	6.903226e-01	8.231873e+12	2.277699e+13	1.228446e+13	3.856375e+03	1.972644e+03	1.371636e+03	0	1.422374e-04
5.800000e+09	9.551801e+10	0.000000e+00	6.903226e-01	8.215570e+12	2.273800e+13	1.226620e+13	3.855309e+03	1.972358e+03	1.371437e+03	0	1.418542e-04
5.810000e+09	9.474477e+10	0.000000e+00	6.903226e-01	8.199324e+12	2.269915e+13	1.224800e+13	3.854245e+03	1.972072e+03	1.371238e+03	0	1.414704e-04
5.820000e+09	9.397440e+10	0.000000e+00	6.903226e-01	8.183135e+12	2.266043e+13	1.222986e+13	3.853183e+03	1.971786e+03	1.371039e+03	0	1.410859e-04
5.830000e+09	9.320687e+10	0.000000e+00	6.903226e-01	8.167003e+12	2.262183e+13	1.221178e+13	3.852124e+03	1.971501e+03	1.370841e+03	0	1.407008e-04
5.840000e+09	9.244217e+10	0.000000e+00	6.903226e-01	8.150927e+12	2.258337e+13	1.219375e+13	3.851066e+03	1.971216e+03	1.370643e+03	0	1.403149e-04
5.850000e+09	9.168028e+10	0.000000e+00	6.903226e-01	8.134907e+12	2.254504e+13	1.217578e+13	3.850011e+03	1.970933e+03	1.370446e+03	0	1.399284e-04
5.860000e+09	9.092119e+10	0.000000e+00	6.903226e-01	8.118944e+12	2.250683e+13	1.215787e+13	3.848957e+03	1.970649e+03	1.370249e+03	0	1.395411e-04
5.870000e+09	9.016488e+10	0.000000e+00	6.903226e-01	8.103036e+12	2.246875e+13	1.214002e+13	3.847906e+03	1.970366e+03	1.370052e+03	0	1.391531e-04
5.880000e+09	8.941135e+10	0.000000e+00	6.903226e-01	8.087183e+12	2.243080e+13	1.212222e+13	3.846856e+03	1.970084e+03	1.369856e+03	0	1.387644e-04
5.890000e+09	8.866057e+10	0.000000e+00	6.903226e-01	8.071385e+12	2.239297e+13	1.210448e+13	3.845809e+03	1.969802e+03	1.369660e+03	0	1.383749e-04
5.900000e+09	8.791254e+10	0.000000e+00	6.903226e-01	8.055642e+12	2.235527e+13	1.208680e+13	3.844764e+03	1.969521e+03	1.369464e+03	0	1.379847e-04
5.910000e+09	8.716724e+10	0.000000e+00	6.903226e-01	8.039953e+12	2.231770e+13	1.206917e+13	3.843721e+03	1.969240e+03	1.369269e+03	0	1.375936e-04
5.920000e+09	8.642465e+10	0.000000e+00	6.903226e-01	8.024319e+12	2.228024e+13	1.205159e+13	3.842679e+03	1.968960e+03	1.369074e+03	0	1.372018e-04
5.930000e+09	8.568477e+10	0.000000e+00	6.903226e-01	8.008738e+12	2.224292e+13	1.203408e+13	3.841640e+03	1.968681e+03	1.368880e+03	0	1.368091e-04
5.940000e+09	8.494757e+10	0.000000e+00	6.903226e-01	7.993211e+12	2.220571e+13	1.201661e+13	3.840603e+03	1.968402e+03	1.368686e+03	0	1.364156e-04
5.950000e+09	8.421305e+10	0.000000e+00	6.903226e-01	7.977738e+12	2.216863e+13	1.199921e+13	3.839568e+03	1.968123e+03	1.368492e+03	0	1.360213e-04
5.960000e+09	8.348119e+10	0.000000e+00	6.903226e-01	7.962318e+12	2.213167e+13	1.198185e+13	3.838535e+03	1.967845e+03	1.368299e+03	0	1.356261e-04
5.970000e+09	8.275198e+10	0.000000e+00	6.903226e-01	7.946951e+12	2.209483e+13	1.196455e+13	3.837504e+03	1.967568e+03	1.368106e+03	0	1.352301e-04
5.980000e+09	8.202540e+10	0.000000e+00	6.903226e-01	7.931636e+12	2.205812e+13	1.194731e+13	3.836475e+03	1.967291e+03	1.367914e+03	0	1.348331e-04
5.990000e+09	8.130145e+10	0.000000e+00	6.903226e-01	7.916374e+12	2.202152e+13	1.193012e+13	3.835448e+03	1.967014e+03	1.367721e+03	0	1.344353e-04
6.000000e+09	8.058010e+10	0.000000e+00	6.903226e-01	7.901163e+12	2.198504e+13	1.191298e+13	3.834422e+03	1.966738e+03	1.367530e+03	0	1.340365e-04
6.010000e+09	7.986135e+10	0.000000e+00	6.903226e-01	7.886005e+12	2.194868e+13	1.189589e+13	3.833399e+03	1.966463e+03	1.367338e+03	0	1.336368e-04
6.020000e+09	7.914519e+10	0.000000e+00	6.903226e-01	7.870898e+12	2.191244e+13	1.187886e+13	3.832378e+03	1.966188e+03	1.367147e+03	0	1.332361e-04
6.030000e+09	7.843159e+10	0.000000e+00	6.903226e-01	7.855843e+12	2.187632e+13	1.186188e+13	3.831359e+03	1.965914e+03	1.366956e+03	0	1.328345e-04
6.040000e+09	7.772055e+10	0.000000e+00	6.903226e-01	7.840839e+12	2.184032e+13	1.184496e+13	3.830341e+03	1.965640e+03	1.366766e+03	0	1.324319e-04
6.050000e+09	7.701206e+10	0.000000e+00	6.903226e-01	7.825885e+12	2.180443e+13	1.182808e+13	3.829326e+03	1.965367e+03	1.366576e+03	0	1.320282e-04
6.060000e+09	7.630609e+10	0.000000e+00	6.903226e-01	7.810983e+12	2.176866e+13	1.181126e+13	3.828313e+03	1.965094e+03	1.366386e+03	0	1.316235e-04
6.070000e+09	7.560265e+10	0.000000e+00	6.903226e-01	7.796130e+12	2.173300e+13	1.179449e+13	3.827301e+03	1.964822e+03	1.366197e+03	0	1.312178e-04
6.080000e+09	7.490171e+10	0.000000e+00	6.903226e-01	7.781328e+12	2.169746e+13	1.177777e+13	3.826291e+03	1.964550e+03	1.366008e+03	0	1.308110e-04
6.090000e+09	7.420327e+10	0.000000e+00	6.903226e-01	7.766576e+12	2.166203e+13	1.176110e+13	3.825284e+03	1.964279e+03	1.365819e+03	0	1.304032e-04
6.100000e+09	7.350731e+10	0.000000e+00	6.903226e-01	7.751873e+12	2.162672e+13	1.174448e+13	3.824278e+03	1.964008e+03	1.365631e+03	0	1.299942e-04
6.110000e+09	7.281382e+10	0.000000e+00	6.903226e-01	7.737220e+12	2.159152e+13	1.172791e+13	3.823274e+03	1.963738e+03	1.365443e+03	0	1.295841e-04
6.120000e+09	7.212279e+10	0.000000e+00	6.903226e-01	7.722616e+12	2.155643e+13	1.171140e+13	3.822272e+03	1.963468e+03	1.365256e+03	0	1.291729e-04
6.130000e+09	7.143421e+10	0.000000e+00	6.903226e-01	7.708060e+12	2.152146e+13	1.169493e+13	3.821272e+03	1.963199e+03	1.365068e+03	0	1.287605e-04
6.140000e+09	7.074806e+10	0.000000e+00	6.903226e-01	7.693554e+12	2.148660e+13	1.167851e+13	3.820274e+03	1.962930e+03	1.364882e+03	0	1.283469e-04
6.150000e+09	7.006433e+10	0.000000e+00	6.903226e-01	7.679096e+12	2.145185e+13	1.166215e+13	3.819277e+03	1.962662e+03	1.364695e+03	0	1.279321e-04
6.160000e+09	6.938301e+10	0.000000e+00	6.903226e-01	7.664686e+12	2.141721e+13	1.164583e+13	3.818283e+03	1.962394e+03	1.364509e+03	0	1.275161e-04
6.170000e+09	6.870410e+10	0.000000e+00	6.903226e-01	7.650324e+12	2.138268e+13	1.162956e+13	3.817290e+03	1.962127e+03	1.364323e+03	0	1.270988e-04
6.180000e+09	6.802756e+10	0.000000e+00	6.903226e-01	7.636010e+12	2.134825e+13	1.161334e+13	3.816300e+03	1.961860e+03	1.364138e+03	0	1.266802e-04
6.190000e+09	6.735341e+10	0.000000e+00	6.903226e-01	7.621744e+12	2.131394e+13	1.159717e+13	3.815311e+03	1.961594e+03	1.363952e+03	0	1.262604e-04
6.200000e+09	6.668162e+10	0.000000e+00	6.903226e-01	7.607525e+12	2.127974e+13	1.158104e+13	3.814324e+03	1.961328e+03	1.363768e+03	0	1.258392e-04
6.210000e+09	6.601218e+10	0.000000e+00	6.903226e-01	7.593353e+12	2.124565e+13	1.156497e+13	3.813339e+03	1.961063e+03	1.363583e+03	0	1.254166e-04
6.220000e+09	6.534508e+10	0.000000e+00	6.903226e-01	7.579227e+12	2.121166e+13	1.154894e+13	3.812355e+03	1.960798e+03	1.363399e+03	0	1.249927e-04
6.230000e+09	6.468031e+10	0.000000e+00	6.903226e-01	7.565149e+12	2.117778e+13	1.153296e+13	3.811374e+03	1.960534e+03	1.363215e+03	0	1.245674e-04
6.240000e+09	6.401786e+10	0.000000e+00	6.903226e-01	7.551117e+12	2.114401e+13	1.151703e+13	3.810394e+03	1.960270e+03	1.363032e+03	0	1.241407e-04
6.250000e+09	6.335772e+10	0.000000e+00	6.903226e-01	7.537131e+12	2.111034e+13	1.150115e+13	3.809416e+03	1.960007e+03	1.362849e+03	0	1.237125e-04
6.260000e+09	6.269987e+10	0.000000e+00	6.903226e-01	7.523191e+12	2.107678e+13	1.148531e+13	3.808440e+03	1.959744e+03	1.362666e+03	0	1.232829e-04
6.270000e+09	6.204431e+10	0.000000e+00	6.903226e-01	7.509297e+12	2.104332e+13	1.146952e+13	3.807466e+03	1.959481e+03	1.362484e+03	0	1.228517e-04
6.280000e+09	6.139102e+10	0.000000e+00	6.903226e-01	7.495448e+12	2.100997e+13	1.145377e+13	3.806493e+03	1.959220e+03	1.362301e+03	0	1.224190e-04
6.290000e+09	6.074000e+10	0.000000e+00	6.903226e-01	7.481645e+12	2.097672e+13	1.143808e+13	3.805522e+03	1.958958e+03	1.362120e+03	0	1.219847e-04
6.300000e+09	6.009123e+10	0.000000e+00	6.903226e-01	7.467887e+12	2.094358e+13	1.142243e+13	3.804554e+03	1.958697e+03	1.361938e+03	0	1.215489e-04
6.310000e+09	5.944470e+10	0.000000e+00	6.903226e-01	7.454174e+12	2.091054e+13	1.140682e+13	3.803586e+03	1.958437e+03	1.361757e+03	0	1.211114e-04
6.320000e+09	5.880040e+10	0.000000e+00	6.903226e-01	7.440506e+12	2.087760e+13	1.139126e+13	3.802621e+03	1.958177e+03	1.361576e+03	0	1.206722e-04
6.330000e+09	5.815833e+10	0.000000e+00	6.903226e-01	7.426882e+12	2.084477e+13	1.137574e+13	3.801657e+03	1.957917e+03	1.361396e+03	0	1.202314e-04
6.340000e+09	5.751846e+10	0.000000e+00	6.903226e-01	7.413302e+12	2.081203e+13	1.136028e+13	3.800696e+03	1.957658e+03	1.361216e+03	0	1.197888e-04
6.350000e+09	5.688079e+10	0.000000e+00	6.903226e-01	7.399767e+12	2.077940e+13	1.134485e+13	3.799736e+03	1.957399e+03	1.361036e+03	0	1.193445e-04
6.360000e+09	5.624531e+10	0.000000e+00	6.903226e-01	7.386275e+12	2.074687e+13	1.132947e+13	3.798777e+03	1.957141e+03	1.360856e+03	0	1.188984e-04
6.370000e+09	5.561201e+10	0.000000e+00	6.903226e-01	7.372827e+12	2.071444e+13	1.131414e+13	3.797821e+03	1.956884e+03	1.360677e+03	0	1.184505e-04
6.380000e+09	5.498088e+10	0.000000e+00	6.903226e-01	7.359423e+12	2.068211e+13	1.129885e+13	3.796866e+03	1.956626e+03	1.360498e+03	0	1.180007e-04
6.390000e+09	5.435191e+10	0.000000e+00	6.903226e-01	7.346062e+12	2.064987e+13	1.128360e+13	3.795913e+03	1.956370e+03	1.360320e+03	0	1.175490e-04
6.400000e+09	5.372508e+10	0.000000e+00	6.903226e-01	7.332744e+12	2.061774e+13	1.126840e+13	3.794961e+03	1.956113e+03	1.360142e+03	0	1.170953e-04
6.410000e+09	5.310039e+10	0.000000e+00	6.903226e-01	7.319468e+12	2.058571e+13	1.125324e+13	3.794012e+03	1.955858e+03	1.359964e+03	0	1.166397e-04
6.420000e+09	5.247783e+10	0.000000e+00	6.903226e-01	7.306236e+12	2.055377e+13	1.123812e+13	3.793064e+03	1.955602e+03	1.359786e+03	0	1.161821e-04
6.430000e+09	5.185739e+10	0.000000e+00	6.903226e-01	7.293046e+12	2.052193e+13	1.122305e+13	3.792118e+03	1.955347e+03	1.359609e+03	0	1.157224e-04
6.440000e+09	5.123906e+10	0.000000e+00	6.903226e-01	7.279898e+12	2.049019e+13	1.120802e+13	3.791173e+03	1.955093e+03	1.359432e+03	0	1.152606e-04
6.450000e+09	5.062282e+10	0.000000e+00	6.903226e-01	7.266793e+12	2.045854e+13	1.119304e+13	3.790230e+03	1.954839e+03	1.359255e+03	0	1.147967e-04
6.460000e+09	5.000867e+10	0.000000e+00	6.903226e-01	7.253729e+12	2.042700e+13	1.117809e+13	3.789289e+03	1.954585e+03	1.359079e+03	0	1.143305e-04
6.470000e+09	4.939660e+10	0.000000e+00	6.903226e-01	7.240707e+12	2.039554e+13	1.116319e+13	3.788350e+03	1.954332e+03	1.358903e+03	0	1.138622e-04
6.480000e+09	4.878660e+10	0.000000e+00	6.903226e-01	7.227726e+12	2.036418e+13	1.114834e+13	3.787412e+03	1.954079e+03	1.358727e+03	0	1.133915e-04
6.490000e+09	4.817865e+10	0.000000e+00	6.903226e-01	7.214787e+12	2.033292e+13	1.113352e+13	3.786476e+03	1.953827e+03	1.358552e+03	0	1.129186e-04
6.500000e+09	4.757276e+10	0.000000e+00	6.903226e-01	7.201889e+12	2.030175e+13	1.111875e+13	3.785542e+03	1.953575e+03	1.358377e+03	0	1.124432e-04
6.510000e+09	3.861580e+12	9.848044e-02	6.903226e-01	7.189032e+12	2.027068e+13	1.110401e+13	3.784609e+03	1.953324e+03	1.358202e+03	0	4.629574e-04
6.610000e+09	3.957159e+12	1.140425e-01	6.903226e-01	7.184174e+12	2.019438e+13	1.095894e+13	3.784325e+03	1.953073e+03	1.358028e+03	1	4.628672e-04
6.710000e+09	3.881049e+12	1.259157e-01	6.903226e-01	7.137691e+12	1.991650e+13	1.081784e+13	3.781651e+03	1.950541e+03	1.356267e+03	1	4.569389e-04
6.810000e+09	3.765359e+12	1.358407e-01	6.903226e-01	7.091150e+12	1.965139e+13	1.068051e+13	3.778907e+03	1.948117e+03	1.354581e+03	1	4.499197e-04
6.910000e+09	3.742148e+12	1.462400e-01	6.903226e-01	7.043677e+12	1.939747e+13	1.054681e+13	3.776025e+03	1.945792e+03	1.352965e+03	1	4.464518e-04
7.010000e+09	3.923528e+12	1.547619e-01	6.903226e-01	6.997145e+12	1.915429e+13	1.041656e+13	3.773162e+03	1.943554e+03	1.351409e+03	1	4.514387e-04
7.110000e+09	3.768462e+12	1.615998e-01	6.903226e-01	6.955699e+12	1.892249e+13	1.028962e+13	3.770670e+03	1.941398e+03	1.349909e+03	1	4.437411e-04
7.210000e+09	3.681067e+12	1.687660e-01	6.903226e-01	6.912283e+12	1.869892e+13	1.016585e+13	3.767964e+03	1.939318e+03	1.348463e+03	1	4.385499e-04
7.310000e+09	3.778026e+12	1.753165e-01	6.903226e-01	6.868288e+12	1.848322e+13	1.004511e+13	3.765161e+03	1.937306e+03	1.347065e+03	1	4.407711e-04
7.410000e+09	3.684232e+12	1.813858e-01	6.903226e-01	6.827455e+12	1.827604e+13	9.927267e+12	3.762582e+03	1.935357e+03	1.345709e+03	1	4.356292e-04
7.510000e+09	3.781502e+12	1.870496e-01	6.903226e-01	6.785806e+12	1.807550e+13	9.812211e+12	3.759891e+03	1.933467e+03	1.344395e+03	1	4.380544e-04
7.610000e+09	3.832400e+12	1.923591e-01	6.903226e-01	6.747210e+12	1.788243e+13	9.699825e+12	3.757421e+03	1.931630e+03	1.343118e+03	1	4.387183e-04
7.710000e+09	3.718594e+12	1.968600e-01	6.903226e-01	6.710639e+12	1.769613e+13	9.590002e+12	3.755088e+03	1.929844e+03	1.341876e+03	1	4.332490e-04
7.810000e+09	3.758915e+12	2.016588e-01	6.903226e-01	6.672703e+12	1.751503e+13	9.482639e+12	3.752603e+03	1.928107e+03	1.340668e+03	1	4.336525e-04
7.910000e+09	3.821954e+12	2.062998e-01	6.903226e-01	6.636516e+12	1.733975e+13	9.377639e+12	3.750236e+03	1.926414e+03	1.339491e+03	1	4.349404e-04
8.010000e+09	3.711443e+12	2.102238e-01	6.903226e-01	6.602479e+12	1.717018e+13	9.274912e+12	3.748025e+03	1.924763e+03	1.338343e+03	1	4.297687e-04
8.110000e+09	3.732272e+12	2.143978e-01	6.903226e-01	6.567052e+12	1.700481e+13	9.174370e+12	3.745663e+03	1.923151e+03	1.337222e+03	1	4.295728e-04
8.210000e+09	3.778915e+12	2.184499e-01	6.903226e-01	6.532876e+12	1.684419e+13	9.075930e+12	3.743382e+03	1.921576e+03	1.336127e+03	1	4.303833e-04
8.310000e+09	3.678524e+12	2.219448e-01	6.903226e-01	6.500429e+12	1.668827e+13	8.979516e+12	3.741226e+03	1.920035e+03	1.335055e+03	1	4.257088e-04
8.410000e+09	3.716825e+12	2.256559e-01	6.903226e-01	6.466732e+12	1.653582e+13	8.885052e+12	3.738934e+03	1.918527e+03	1.334007e+03	1	4.262992e-04
8.510000e+09	3.723176e+12	2.291879e-01	6.903226e-01	6.434557e+12	1.638751e+13	8.792467e+12	3.736752e+03	1.917049e+03	1.332979e+03	1	4.257036e-04
8.610000e+09	3.632606e+12	2.326289e-01	6.903226e-01	6.403230e+12	1.624295e+13	8.701696e+12	3.734622e+03	1.915600e+03	1.331971e+03	1	4.214145e-04
8.710000e+09	3.661855e+12	2.359488e-01	6.903226e-01	6.370802e+12	1.610130e+13	8.612673e+12	3.732370e+03	1.914178e+03	1.330983e+03	1	4.217615e-04
8.810000e+09	3.662055e+12	2.391831e-01	6.903226e-01	6.339657e+12	1.596314e+13	8.525339e+12	3.730211e+03	1.912781e+03	1.330012e+03	1	4.210095e-04
8.910000e+09	3.687504e+12	2.423426e-01	6.903226e-01	6.309188e+12	1.582815e+13	8.439635e+12	3.728092e+03	1.911409e+03	1.329057e+03	1	4.212400e-04
9.010000e+09	3.603065e+12	2.453787e-01	6.903226e-01	6.279872e+12	1.569637e+13	8.355507e+12	3.726057e+03	1.910059e+03	1.328119e+03	1	4.172929e-04
9.110000e+09	3.624309e+12	2.483227e-01	6.903226e-01	6.249518e+12	1.556694e+13	8.272902e+12	3.723908e+03	1.908732e+03	1.327196e+03	1	4.174257e-04
9.210000e+09	3.644318e+12	2.512116e-01	6.903226e-01	6.220214e+12	1.544038e+13	8.191771e+12	3.721835e+03	1.907426e+03	1.326288e+03	1	4.175194e-04
9.310000e+09	3.638413e+12	2.539804e-01	6.903226e-01	6.191909e+12	1.531660e+13	8.112067e+12	3.719836e+03	1.906139e+03	1.325393e+03	1	4.166501e-04
9.410000e+09	3.655950e+12	2.567466e-01	6.903226e-01	6.164073e+12	1.519534e+13	8.033743e+12	3.717861e+03	1.904872e+03	1.324512e+03	1	4.166752e-04
9.510000e+09	3.575198e+12	2.593148e-01	6.903226e-01	6.137148e+12	1.507667e+13	7.956756e+12	3.715954e+03	1.903623e+03	1.323644e+03	1	4.129928e-04
9.610000e+09	3.589910e+12	2.619139e-01	6.903226e-01	6.109196e+12	1.495981e+13	7.881066e+12	3.713934e+03	1.902393e+03	1.322788e+03	1	4.129597e-04
9.710000e+09	3.603786e+12	2.644696e-01	6.903226e-01	6.082089e+12	1.484528e+13	7.806633e+12	3.711977e+03	1.901179e+03	1.321944e+03	1	4.129024e-04
9.810000e+09	3.593448e+12	2.669240e-01	6.903226e-01	6.055792e+12	1.473301e+13	7.733419e+12	3.710080e+03	1.899981e+03	1.321111e+03	1	4.119432e-04
9.910000e+09	3.605616e+12	2.693813e-01	6.903226e-01	6.029815e+12	1.462277e+13	7.661389e+12	3.708197e+03	1.898799e+03	1.320289e+03	1	4.118431e-04
