#t		Qconv[W]	Ri[Rp]		R*[Rp]		Qc[W]		Qm[W]		Qr[W]		Tcmb[K]		Tl[K]		Tup[K]		RiFlag		Bs[T]
0.000000e+00	2.385236e+14	0.000000e+00	5.189873e-01	5.081379e+15	3.322163e+15	1.626273e+14	1.518817e+04	5.175062e+03	2.311714e+03	0	2.220621e-03
1.000000e+07	1.961797e+14	0.000000e+00	5.189873e-01	4.182915e+15	3.520109e+15	1.617262e+14	1.439005e+04	5.294277e+03	2.364968e+03	0	2.080569e-03
2.000000e+07	1.643907e+14	0.000000e+00	5.189873e-01	3.508285e+15	3.498587e+15	1.608318e+14	1.372629e+04	5.345418e+03	2.387813e+03	0	1.961506e-03
3.000000e+07	1.399790e+14	0.000000e+00	5.189873e-01	2.990120e+15	3.359568e+15	1.599442e+14	1.316486e+04	5.356021e+03	2.392549e+03	0	1.859167e-03
4.000000e+07	1.208385e+14	0.000000e+00	5.189873e-01	2.583761e+15	3.167369e+15	1.590632e+14	1.268296e+04	5.342880e+03	2.386679e+03	0	1.770241e-03
5.000000e+07	1.055493e+14	0.000000e+00	5.189873e-01	2.259102e+15	2.958250e+15	1.581887e+14	1.226405e+04	5.316108e+03	2.374720e+03	0	1.692190e-03
6.000000e+07	9.313433e+13	0.000000e+00	5.189873e-01	1.995424e+15	2.751188e+15	1.573208e+14	1.189589e+04	5.281791e+03	2.359390e+03	0	1.623058e-03
7.000000e+07	8.290669e+13	0.000000e+00	5.189873e-01	1.778157e+15	2.555336e+15	1.564593e+14	1.156925e+04	5.243608e+03	2.342334e+03	0	1.561327e-03
8.000000e+07	7.437303e+13	0.000000e+00	5.189873e-01	1.596838e+15	2.374497e+15	1.556042e+14	1.127705e+04	5.203789e+03	2.324547e+03	0	1.505806e-03
9.000000e+07	6.717208e+13	0.000000e+00	5.189873e-01	1.443804e+15	2.209667e+15	1.547555e+14	1.101374e+04	5.163684e+03	2.306632e+03	0	1.455549e-03
1.000000e+08	6.103453e+13	0.000000e+00	5.189873e-01	1.313342e+15	2.060429e+15	1.539131e+14	1.077494e+04	5.124105e+03	2.288951e+03	0	1.409795e-03
1.100000e+08	5.575627e+13	0.000000e+00	5.189873e-01	1.201122e+15	1.925713e+15	1.530770e+14	1.055714e+04	5.085525e+03	2.271718e+03	0	1.367924e-03
1.200000e+08	5.118033e+13	0.000000e+00	5.189873e-01	1.103813e+15	1.804199e+15	1.522470e+14	1.035746e+04	5.048212e+03	2.255050e+03	0	1.329429e-03
1.300000e+08	4.718436e+13	0.000000e+00	5.189873e-01	1.018819e+15	1.694526e+15	1.514232e+14	1.017356e+04	5.012300e+03	2.239008e+03	0	1.293888e-03
1.400000e+08	4.367181e+13	0.000000e+00	5.189873e-01	9.440912e+14	1.595395e+15	1.506055e+14	1.000348e+04	4.977841e+03	2.223615e+03	0	1.260950e-03
1.500000e+08	4.056562e+13	0.000000e+00	5.189873e-01	8.779946e+14	1.505614e+15	1.497938e+14	9.845595e+03	4.944836e+03	2.208872e+03	0	1.230316e-03
1.600000e+08	3.780371e+13	0.000000e+00	5.189873e-01	8.192109e+14	1.424114e+15	1.489882e+14	9.698521e+03	4.913254e+03	2.194764e+03	0	1.201735e-03
1.700000e+08	3.533553e+13	0.000000e+00	5.189873e-01	7.666677e+14	1.349949e+15	1.481884e+14	9.561087e+03	4.883046e+03	2.181270e+03	0	1.174991e-03
1.800000e+08	3.311963e+13	0.000000e+00	5.189873e-01	7.194848e+14	1.282286e+15	1.473946e+14	9.432289e+03	4.854152e+03	2.168363e+03	0	1.149898e-03
1.900000e+08	3.112171e+13	0.000000e+00	5.189873e-01	6.769339e+14	1.220397e+15	1.466066e+14	9.311264e+03	4.826507e+03	2.156014e+03	0	1.126294e-03
2.000000e+08	2.931318e+13	0.000000e+00	5.189873e-01	6.384082e+14	1.163647e+15	1.458244e+14	9.197262e+03	4.800046e+03	2.144193e+03	0	1.104040e-03
2.100000e+08	2.767008e+13	0.000000e+00	5.189873e-01	6.033987e+14	1.111478e+15	1.450480e+14	9.089630e+03	4.774702e+03	2.132872e+03	0	1.083014e-03
2.200000e+08	2.617215e+13	0.000000e+00	5.189873e-01	5.714755e+14	1.063405e+15	1.442772e+14	8.987796e+03	4.750411e+03	2.122021e+03	0	1.063107e-03
2.300000e+08	2.480222e+13	0.000000e+00	5.189873e-01	5.422734e+14	1.019003e+15	1.435122e+14	8.891258e+03	4.727113e+03	2.111614e+03	0	1.044225e-03
2.400000e+08	2.354560e+13	0.000000e+00	5.189873e-01	5.154809e+14	9.778988e+14	1.427527e+14	8.799572e+03	4.704749e+03	2.101624e+03	0	1.026283e-03
2.500000e+08	2.238970e+13	0.000000e+00	5.189873e-01	4.908303e+14	9.397650e+14	1.419988e+14	8.712344e+03	4.683266e+03	2.092027e+03	0	1.009207e-03
2.600000e+08	2.132365e+13	0.000000e+00	5.189873e-01	4.680907e+14	9.043130e+14	1.412504e+14	8.629222e+03	4.662612e+03	2.082801e+03	0	9.929282e-04
2.700000e+08	2.033803e+13	0.000000e+00	5.189873e-01	4.470622e+14	8.712883e+14	1.405075e+14	8.549893e+03	4.642738e+03	2.073924e+03	0	9.773880e-04
2.800000e+08	1.942467e+13	0.000000e+00	5.189873e-01	4.275708e+14	8.404658e+14	1.397700e+14	8.474075e+03	4.623601e+03	2.065375e+03	0	9.625320e-04
2.900000e+08	1.857639e+13	0.000000e+00	5.189873e-01	4.094643e+14	8.116457e+14	1.390379e+14	8.401516e+03	4.605160e+03	2.057137e+03	0	9.483117e-04
3.000000e+08	1.778693e+13	0.000000e+00	5.189873e-01	3.926095e+14	7.846504e+14	1.383111e+14	8.331987e+03	4.587374e+03	2.049192e+03	0	9.346830e-04
3.100000e+08	1.705077e+13	0.000000e+00	5.189873e-01	3.768890e+14	7.593219e+14	1.375896e+14	8.265281e+03	4.570207e+03	2.041524e+03	0	9.216061e-04
3.200000e+08	1.636302e+13	0.000000e+00	5.189873e-01	3.621990e+14	7.355187e+14	1.368734e+14	8.201210e+03	4.553628e+03	2.034118e+03	0	9.090446e-04
3.300000e+08	1.571937e+13	0.000000e+00	5.189873e-01	3.484479e+14	7.131143e+14	1.361624e+14	8.139605e+03	4.537603e+03	2.026959e+03	0	8.969655e-04
3.400000e+08	1.511598e+13	0.000000e+00	5.189873e-01	3.355538e+14	6.919953e+14	1.354565e+14	8.080309e+03	4.522103e+03	2.020036e+03	0	8.853387e-04
3.500000e+08	1.454942e+13	0.000000e+00	5.189873e-01	3.234442e+14	6.720594e+14	1.347558e+14	8.023181e+03	4.507102e+03	2.013335e+03	0	8.741365e-04
3.600000e+08	1.401664e+13	0.000000e+00	5.189873e-01	3.120538e+14	6.532148e+14	1.340601e+14	7.968089e+03	4.492574e+03	2.006845e+03	0	8.633336e-04
3.700000e+08	1.351489e+13	0.000000e+00	5.189873e-01	3.013244e+14	6.353782e+14	1.333695e+14	7.914915e+03	4.478495e+03	2.000556e+03	0	8.529066e-04
3.800000e+08	1.304170e+13	0.000000e+00	5.189873e-01	2.912036e+14	6.184744e+14	1.326839e+14	7.863548e+03	4.464844e+03	1.994458e+03	0	8.428341e-04
3.900000e+08	1.259487e+13	0.000000e+00	5.189873e-01	2.816442e+14	6.024353e+14	1.320032e+14	7.813887e+03	4.451598e+03	1.988541e+03	0	8.330964e-04
4.000000e+08	1.217239e+13	0.000000e+00	5.189873e-01	2.726037e+14	5.871989e+14	1.313275e+14	7.765839e+03	4.438739e+03	1.982797e+03	0	8.236752e-04
4.100000e+08	1.177244e+13	0.000000e+00	5.189873e-01	2.640434e+14	5.727088e+14	1.306566e+14	7.719316e+03	4.426249e+03	1.977218e+03	0	8.145534e-04
4.200000e+08	1.139339e+13	0.000000e+00	5.189873e-01	2.559284e+14	5.589135e+14	1.299906e+14	7.674238e+03	4.414111e+03	1.971795e+03	0	8.057154e-04
4.300000e+08	1.103374e+13	0.000000e+00	5.189873e-01	2.482270e+14	5.457661e+14	1.293293e+14	7.630532e+03	4.402308e+03	1.966523e+03	0	7.971466e-04
4.400000e+08	1.069212e+13	0.000000e+00	5.189873e-01	2.409102e+14	5.332236e+14	1.286729e+14	7.588128e+03	4.390826e+03	1.961394e+03	0	7.888335e-04
4.500000e+08	1.036731e+13	0.000000e+00	5.189873e-01	2.339517e+14	5.212466e+14	1.280211e+14	7.546961e+03	4.379650e+03	1.956401e+03	0	7.807634e-04
4.600000e+08	1.005817e+13	0.000000e+00	5.189873e-01	2.273273e+14	5.097990e+14	1.273740e+14	7.506971e+03	4.368767e+03	1.951540e+03	0	7.729245e-04
4.700000e+08	9.763667e+12	0.000000e+00	5.189873e-01	2.210151e+14	4.988475e+14	1.267316e+14	7.468103e+03	4.358164e+03	1.946804e+03	0	7.653058e-04
4.800000e+08	9.482844e+12	0.000000e+00	5.189873e-01	2.149947e+14	4.883615e+14	1.260937e+14	7.430304e+03	4.347830e+03	1.942187e+03	0	7.578970e-04
4.900000e+08	9.214832e+12	0.000000e+00	5.189873e-01	2.092477e+14	4.783128e+14	1.254604e+14	7.393525e+03	4.337753e+03	1.937686e+03	0	7.506886e-04
5.000000e+08	8.958828e+12	0.000000e+00	5.189873e-01	2.037568e+14	4.686754e+14	1.248317e+14	7.357721e+03	4.327924e+03	1.933295e+03	0	7.436714e-04
5.100000e+08	8.714094e+12	0.000000e+00	5.189873e-01	1.985065e+14	4.594251e+14	1.242074e+14	7.322847e+03	4.318331e+03	1.929010e+03	0	7.368370e-04
5.200000e+08	8.479947e+12	0.000000e+00	5.189873e-01	1.934821e+14	4.505398e+14	1.235876e+14	7.288865e+03	4.308966e+03	1.924827e+03	0	7.301774e-04
5.300000e+08	8.255757e+12	0.000000e+00	5.189873e-01	1.886702e+14	4.419987e+14	1.229722e+14	7.255735e+03	4.299819e+03	1.920741e+03	0	7.236851e-04
5.400000e+08	8.040943e+12	0.000000e+00	5.189873e-01	1.840585e+14	4.337826e+14	1.223612e+14	7.223422e+03	4.290883e+03	1.916749e+03	0	7.173531e-04
5.500000e+08	7.834965e+12	0.000000e+00	5.189873e-01	1.796354e+14	4.258737e+14	1.217546e+14	7.191892e+03	4.282149e+03	1.912847e+03	0	7.111748e-04
5.600000e+08	7.637322e+12	0.000000e+00	5.189873e-01	1.753904e+14	4.182556e+14	1.211523e+14	7.161114e+03	4.273609e+03	1.909033e+03	0	7.051438e-04
5.700000e+08	7.447550e+12	0.000000e+00	5.189873e-01	1.713134e+14	4.109126e+14	1.205542e+14	7.131057e+03	4.265257e+03	1.905302e+03	0	6.992543e-04
5.800000e+08	7.265216e+12	0.000000e+00	5.189873e-01	1.673953e+14	4.038305e+14	1.199604e+14	7.101693e+03	4.257085e+03	1.901651e+03	0	6.935006e-04
5.900000e+08	7.089920e+12	0.000000e+00	5.189873e-01	1.636276e+14	3.969958e+14	1.193708e+14	7.072996e+03	4.249087e+03	1.898079e+03	0	6.878775e-04
6.000000e+08	6.921285e+12	0.000000e+00	5.189873e-01	1.600021e+14	3.903960e+14	1.187853e+14	7.044939e+03	4.241257e+03	1.894581e+03	0	6.823799e-04
6.100000e+08	6.758964e+12	0.000000e+00	5.189873e-01	1.565116e+14	3.840193e+14	1.182040e+14	7.017500e+03	4.233589e+03	1.891156e+03	0	6.770032e-04
6.200000e+08	6.602631e+12	0.000000e+00	5.189873e-01	1.531491e+14	3.778547e+14	1.176269e+14	6.990654e+03	4.226077e+03	1.887800e+03	0	6.717428e-04
6.300000e+08	6.451979e+12	0.000000e+00	5.189873e-01	1.499080e+14	3.718920e+14	1.170537e+14	6.964381e+03	4.218716e+03	1.884512e+03	0	6.665944e-04
6.400000e+08	6.306724e+12	0.000000e+00	5.189873e-01	1.467822e+14	3.661216e+14	1.164847e+14	6.938660e+03	4.211500e+03	1.881288e+03	0	6.615540e-04
6.500000e+08	6.166600e+12	0.000000e+00	5.189873e-01	1.437662e+14	3.605342e+14	1.159196e+14	6.913472e+03	4.204426e+03	1.878128e+03	0	6.566177e-04
6.600000e+08	6.031355e+12	0.000000e+00	5.189873e-01	1.408544e+14	3.551215e+14	1.153585e+14	6.888797e+03	4.197487e+03	1.875029e+03	0	6.517819e-04
6.700000e+08	5.900755e+12	0.000000e+00	5.189873e-01	1.380421e+14	3.498755e+14	1.148014e+14	6.864619e+03	4.190681e+03	1.871988e+03	0	6.470431e-04
6.800000e+08	5.774579e+12	0.000000e+00	5.189873e-01	1.353243e+14	3.447885e+14	1.142482e+14	6.840920e+03	4.184002e+03	1.869005e+03	0	6.423979e-04
6.900000e+08	5.652621e+12	0.000000e+00	5.189873e-01	1.326967e+14	3.398535e+14	1.136988e+14	6.817685e+03	4.177446e+03	1.866076e+03	0	6.378432e-04
7.000000e+08	5.534684e+12	0.000000e+00	5.189873e-01	1.301553e+14	3.350639e+14	1.131533e+14	6.794897e+03	4.171010e+03	1.863202e+03	0	6.333760e-04
7.100000e+08	5.420587e+12	0.000000e+00	5.189873e-01	1.276959e+14	3.304133e+14	1.126116e+14	6.772543e+03	4.164690e+03	1.860378e+03	0	6.289934e-04
7.200000e+08	5.310155e+12	0.000000e+00	5.189873e-01	1.253150e+14	3.258957e+14	1.120738e+14	6.750609e+03	4.158482e+03	1.857605e+03	0	6.246926e-04
7.300000e+08	5.203225e+12	0.000000e+00	5.189873e-01	1.230090e+14	3.215055e+14	1.115396e+14	6.729081e+03	4.152383e+03	1.854881e+03	0	6.204711e-04
7.400000e+08	5.099645e+12	0.000000e+00	5.189873e-01	1.207748e+14	3.172375e+14	1.110092e+14	6.707947e+03	4.146390e+03	1.852204e+03	0	6.163262e-04
7.500000e+08	4.999268e+12	0.000000e+00	5.189873e-01	1.186091e+14	3.130865e+14	1.104825e+14	6.687194e+03	4.140499e+03	1.849572e+03	0	6.122557e-04
7.600000e+08	4.901958e+12	0.000000e+00	5.189873e-01	1.165091e+14	3.090478e+14	1.099595e+14	6.666811e+03	4.134707e+03	1.846985e+03	0	6.082571e-04
7.700000e+08	4.807585e+12	0.000000e+00	5.189873e-01	1.144720e+14	3.051169e+14	1.094401e+14	6.646787e+03	4.129012e+03	1.844441e+03	0	6.043284e-04
7.800000e+08	4.716025e+12	0.000000e+00	5.189873e-01	1.124951e+14	3.012895e+14	1.089243e+14	6.627111e+03	4.123411e+03	1.841939e+03	0	6.004673e-04
7.900000e+08	4.627163e+12	0.000000e+00	5.189873e-01	1.105760e+14	2.975616e+14	1.084121e+14	6.607772e+03	4.117900e+03	1.839477e+03	0	5.966719e-04
8.000000e+08	4.540888e+12	0.000000e+00	5.189873e-01	1.087124e+14	2.939293e+14	1.079035e+14	6.588761e+03	4.112479e+03	1.837055e+03	0	5.929402e-04
8.100000e+08	4.457096e+12	0.000000e+00	5.189873e-01	1.069019e+14	2.903889e+14	1.073983e+14	6.570069e+03	4.107143e+03	1.834672e+03	0	5.892705e-04
8.200000e+08	4.375688e+12	0.000000e+00	5.189873e-01	1.051426e+14	2.869370e+14	1.068967e+14	6.551687e+03	4.101890e+03	1.832325e+03	0	5.856607e-04
8.300000e+08	4.296570e+12	0.000000e+00	5.189873e-01	1.034323e+14	2.835702e+14	1.063985e+14	6.533605e+03	4.096719e+03	1.830016e+03	0	5.821094e-04
8.400000e+08	4.219652e+12	0.000000e+00	5.189873e-01	1.017691e+14	2.802854e+14	1.059038e+14	6.515815e+03	4.091628e+03	1.827741e+03	0	5.786148e-04
8.500000e+08	4.144849e+12	0.000000e+00	5.189873e-01	1.001514e+14	2.770796e+14	1.054125e+14	6.498310e+03	4.086613e+03	1.825501e+03	0	5.751753e-04
8.600000e+08	4.072082e+12	0.000000e+00	5.189873e-01	9.857723e+13	2.739500e+14	1.049246e+14	6.481082e+03	4.081673e+03	1.823294e+03	0	5.717895e-04
8.700000e+08	4.001272e+12	0.000000e+00	5.189873e-01	9.704507e+13	2.708939e+14	1.044400e+14	6.464123e+03	4.076806e+03	1.821120e+03	0	5.684558e-04
8.800000e+08	3.932347e+12	0.000000e+00	5.189873e-01	9.555334e+13	2.679085e+14	1.039588e+14	6.447427e+03	4.072010e+03	1.818978e+03	0	5.651729e-04
8.900000e+08	3.865238e+12	0.000000e+00	5.189873e-01	9.410054e+13	2.649916e+14	1.034809e+14	6.430985e+03	4.067284e+03	1.816867e+03	0	5.619393e-04
9.000000e+08	3.799877e+12	0.000000e+00	5.189873e-01	9.268525e+13	2.621406e+14	1.030062e+14	6.414792e+03	4.062625e+03	1.814785e+03	0	5.587538e-04
9.100000e+08	3.736202e+12	0.000000e+00	5.189873e-01	9.130613e+13	2.593535e+14	1.025348e+14	6.398842e+03	4.058031e+03	1.812734e+03	0	5.556152e-04
9.200000e+08	3.674151e+12	0.000000e+00	5.189873e-01	8.996189e+13	2.566279e+14	1.020667e+14	6.383127e+03	4.053502e+03	1.810710e+03	0	5.525221e-04
9.300000e+08	3.613669e+12	0.000000e+00	5.189873e-01	8.865128e+13	2.539618e+14	1.016017e+14	6.367643e+03	4.049035e+03	1.808715e+03	0	5.494735e-04
9.400000e+08	3.554698e+12	0.000000e+00	5.189873e-01	8.737314e+13	2.513533e+14	1.011399e+14	6.352383e+03	4.044630e+03	1.806747e+03	0	5.464682e-04
9.500000e+08	3.497188e+12	0.000000e+00	5.189873e-01	8.612634e+13	2.488005e+14	1.006813e+14	6.337342e+03	4.040283e+03	1.804805e+03	0	5.435052e-04
9.600000e+08	3.441088e+12	0.000000e+00	5.189873e-01	8.490981e+13	2.463016e+14	1.002258e+14	6.322515e+03	4.035995e+03	1.802890e+03	0	5.405832e-04
9.700000e+08	3.386349e+12	0.000000e+00	5.189873e-01	8.372251e+13	2.438549e+14	9.977341e+13	6.307896e+03	4.031764e+03	1.801000e+03	0	5.377015e-04
9.800000e+08	3.332926e+12	0.000000e+00	5.189873e-01	8.256348e+13	2.414586e+14	9.932409e+13	6.293480e+03	4.027587e+03	1.799134e+03	0	5.348589e-04
9.900000e+08	3.280774e+12	0.000000e+00	5.189873e-01	8.143176e+13	2.391113e+14	9.887782e+13	6.279263e+03	4.023465e+03	1.797293e+03	0	5.320545e-04
1.000000e+09	3.229853e+12	0.000000e+00	5.189873e-01	8.032646e+13	2.368114e+14	9.843458e+13	6.265240e+03	4.019395e+03	1.795475e+03	0	5.292874e-04
1.010000e+09	3.180121e+12	0.000000e+00	5.189873e-01	7.924671e+13	2.345574e+14	9.799435e+13	6.251406e+03	4.015377e+03	1.793680e+03	0	5.265568e-04
1.020000e+09	3.131539e+12	0.000000e+00	5.189873e-01	7.819169e+13	2.323479e+14	9.755710e+13	6.237758e+03	4.011410e+03	1.791908e+03	0	5.238617e-04
1.030000e+09	3.084071e+12	0.000000e+00	5.189873e-01	7.716061e+13	2.301817e+14	9.712281e+13	6.224290e+03	4.007491e+03	1.790157e+03	0	5.212013e-04
1.040000e+09	3.037682e+12	0.000000e+00	5.189873e-01	7.615270e+13	2.280573e+14	9.669146e+13	6.210999e+03	4.003621e+03	1.788428e+03	0	5.185748e-04
1.050000e+09	2.992336e+12	0.000000e+00	5.189873e-01	7.516724e+13	2.259737e+14	9.626301e+13	6.197881e+03	3.999797e+03	1.786720e+03	0	5.159815e-04
1.060000e+09	2.948002e+12	0.000000e+00	5.189873e-01	7.420352e+13	2.239295e+14	9.583746e+13	6.184932e+03	3.996020e+03	1.785033e+03	0	5.134206e-04
1.070000e+09	2.904648e+12	0.000000e+00	5.189873e-01	7.326088e+13	2.219236e+14	9.541478e+13	6.172148e+03	3.992287e+03	1.783366e+03	0	5.108913e-04
1.080000e+09	2.862244e+12	0.000000e+00	5.189873e-01	7.233867e+13	2.199550e+14	9.499493e+13	6.159526e+03	3.988599e+03	1.781718e+03	0	5.083930e-04
1.090000e+09	2.820761e+12	0.000000e+00	5.189873e-01	7.143626e+13	2.180225e+14	9.457792e+13	6.147062e+03	3.984953e+03	1.780089e+03	0	5.059250e-04
1.100000e+09	2.780172e+12	0.000000e+00	5.189873e-01	7.055307e+13	2.161252e+14	9.416370e+13	6.134752e+03	3.981350e+03	1.778480e+03	0	5.034866e-04
1.110000e+09	2.740448e+12	0.000000e+00	5.189873e-01	6.968852e+13	2.142620e+14	9.375226e+13	6.122595e+03	3.977788e+03	1.776889e+03	0	5.010771e-04
1.120000e+09	2.701565e+12	0.000000e+00	5.189873e-01	6.884206e+13	2.124321e+14	9.334357e+13	6.110585e+03	3.974266e+03	1.775315e+03	0	4.986959e-04
1.130000e+09	2.663498e+12	0.000000e+00	5.189873e-01	6.801315e+13	2.106345e+14	9.293762e+13	6.098721e+03	3.970784e+03	1.773760e+03	0	4.963425e-04
1.140000e+09	2.626223e+12	0.000000e+00	5.189873e-01	6.720129e+13	2.088684e+14	9.253439e+13	6.086999e+03	3.967340e+03	1.772221e+03	0	4.940162e-04
1.150000e+09	2.589718e+12	0.000000e+00	5.189873e-01	6.640599e+13	2.071328e+14	9.213384e+13	6.075417e+03	3.963934e+03	1.770700e+03	0	4.917165e-04
1.160000e+09	2.553959e+12	0.000000e+00	5.189873e-01	6.562678e+13	2.054270e+14	9.173597e+13	6.063971e+03	3.960565e+03	1.769195e+03	0	4.894428e-04
1.170000e+09	2.518926e+12	0.000000e+00	5.189873e-01	6.486319e+13	2.037502e+14	9.134075e+13	6.052658e+03	3.957233e+03	1.767707e+03	0	4.871946e-04
1.180000e+09	2.484598e+12	0.000000e+00	5.189873e-01	6.411479e+13	2.021016e+14	9.094816e+13	6.041477e+03	3.953936e+03	1.766234e+03	0	4.849713e-04
1.190000e+09	2.450956e+12	0.000000e+00	5.189873e-01	6.338115e+13	2.004806e+14	9.055818e+13	6.030424e+03	3.950674e+03	1.764777e+03	0	4.827725e-04
1.200000e+09	2.417980e+12	0.000000e+00	5.189873e-01	6.266187e+13	1.988863e+14	9.017078e+13	6.019498e+03	3.947446e+03	1.763335e+03	0	4.805976e-04
1.210000e+09	2.385652e+12	0.000000e+00	5.189873e-01	6.195655e+13	1.973181e+14	8.978596e+13	6.008694e+03	3.944252e+03	1.761908e+03	0	4.784461e-04
1.220000e+09	2.353954e+12	0.000000e+00	5.189873e-01	6.126481e+13	1.957753e+14	8.940368e+13	5.998012e+03	3.941091e+03	1.760496e+03	0	4.763177e-04
1.230000e+09	2.322870e+12	0.000000e+00	5.189873e-01	6.058628e+13	1.942574e+14	8.902394e+13	5.987449e+03	3.937962e+03	1.759098e+03	0	4.742117e-04
1.240000e+09	2.292382e+12	0.000000e+00	5.189873e-01	5.992062e+13	1.927637e+14	8.864670e+13	5.977002e+03	3.934865e+03	1.757715e+03	0	4.721279e-04
1.250000e+09	2.262475e+12	0.000000e+00	5.189873e-01	5.926748e+13	1.912935e+14	8.827196e+13	5.966669e+03	3.931798e+03	1.756345e+03	0	4.700657e-04
1.260000e+09	2.233133e+12	0.000000e+00	5.189873e-01	5.862652e+13	1.898464e+14	8.789969e+13	5.956449e+03	3.928762e+03	1.754989e+03	0	4.680248e-04
1.270000e+09	2.204342e+12	0.000000e+00	5.189873e-01	5.799743e+13	1.884217e+14	8.752986e+13	5.946339e+03	3.925756e+03	1.753646e+03	0	4.660047e-04
1.280000e+09	2.176087e+12	0.000000e+00	5.189873e-01	5.737990e+13	1.870190e+14	8.716248e+13	5.936337e+03	3.922779e+03	1.752316e+03	0	4.640051e-04
1.290000e+09	2.148354e+12	0.000000e+00	5.189873e-01	5.677364e+13	1.856376e+14	8.679750e+13	5.926441e+03	3.919831e+03	1.750999e+03	0	4.620255e-04
1.300000e+09	2.121129e+12	0.000000e+00	5.189873e-01	5.617834e+13	1.842771e+14	8.643492e+13	5.916649e+03	3.916912e+03	1.749695e+03	0	4.600656e-04
1.310000e+09	2.094401e+12	0.000000e+00	5.189873e-01	5.559374e+13	1.829371e+14	8.607472e+13	5.906959e+03	3.914020e+03	1.748403e+03	0	4.581249e-04
1.320000e+09	2.068155e+12	0.000000e+00	5.189873e-01	5.501957e+13	1.816169e+14	8.571688e+13	5.897370e+03	3.911155e+03	1.747123e+03	0	4.562033e-04
1.330000e+09	2.042381e+12	0.000000e+00	5.189873e-01	5.445556e+13	1.803163e+14	8.536137e+13	5.887880e+03	3.908317e+03	1.745856e+03	0	4.543002e-04
1.340000e+09	2.017065e+12	0.000000e+00	5.189873e-01	5.390146e+13	1.790346e+14	8.500819e+13	5.878486e+03	3.905505e+03	1.744600e+03	0	4.524153e-04
1.350000e+09	1.992198e+12	0.000000e+00	5.189873e-01	5.335703e+13	1.777716e+14	8.465732e+13	5.869188e+03	3.902719e+03	1.743355e+03	0	4.505484e-04
1.360000e+09	1.967767e+12	0.000000e+00	5.189873e-01	5.282203e+13	1.765267e+14	8.430873e+13	5.859983e+03	3.899958e+03	1.742122e+03	0	4.486991e-04
1.370000e+09	1.943762e+12	0.000000e+00	5.189873e-01	5.229623e+13	1.752996e+14	8.396241e+13	5.850871e+03	3.897223e+03	1.740900e+03	0	4.468671e-04
1.380000e+09	1.920173e+12	0.000000e+00	5.189873e-01	5.177941e+13	1.740898e+14	8.361834e+13	5.841848e+03	3.894511e+03	1.739689e+03	0	4.450520e-04
1.390000e+09	1.896990e+12	0.000000e+00	5.189873e-01	5.127134e+13	1.728971e+14	8.327651e+13	5.832915e+03	3.891824e+03	1.738488e+03	0	4.432537e-04
1.400000e+09	1.874202e+12	0.000000e+00	5.189873e-01	5.077184e+13	1.717209e+14	8.293690e+13	5.824068e+03	3.889160e+03	1.737298e+03	0	4.414717e-04
1.410000e+09	1.851802e+12	0.000000e+00	5.189873e-01	5.028068e+13	1.705611e+14	8.259948e+13	5.815308e+03	3.886520e+03	1.736119e+03	0	4.397058e-04
1.420000e+09	1.829778e+12	0.000000e+00	5.189873e-01	4.979768e+13	1.694171e+14	8.226425e+13	5.806632e+03	3.883903e+03	1.734950e+03	0	4.379557e-04
1.430000e+09	1.808124e+12	0.000000e+00	5.189873e-01	4.932264e+13	1.682887e+14	8.193119e+13	5.798040e+03	3.881307e+03	1.733791e+03	0	4.362211e-04
1.440000e+09	1.786829e+12	0.000000e+00	5.189873e-01	4.885539e+13	1.671756e+14	8.160028e+13	5.789529e+03	3.878734e+03	1.732641e+03	0	4.345019e-04
1.450000e+09	1.765885e+12	0.000000e+00	5.189873e-01	4.839573e+13	1.660773e+14	8.127150e+13	5.781098e+03	3.876183e+03	1.731501e+03	0	4.327976e-04
1.460000e+09	1.745286e+12	0.000000e+00	5.189873e-01	4.794350e+13	1.649937e+14	8.094484e+13	5.772746e+03	3.873653e+03	1.730371e+03	0	4.311081e-04
1.470000e+09	1.725022e+12	0.000000e+00	5.189873e-01	4.749853e+13	1.639244e+14	8.062028e+13	5.764472e+03	3.871144e+03	1.729251e+03	0	4.294331e-04
1.480000e+09	1.705086e+12	0.000000e+00	5.189873e-01	4.706066e+13	1.628691e+14	8.029781e+13	5.756275e+03	3.868656e+03	1.728139e+03	0	4.277724e-04
1.490000e+09	1.685470e+12	0.000000e+00	5.189873e-01	4.662972e+13	1.618275e+14	7.997740e+13	5.748153e+03	3.866188e+03	1.727037e+03	0	4.261257e-04
1.500000e+09	1.666169e+12	0.000000e+00	5.189873e-01	4.620556e+13	1.607994e+14	7.965905e+13	5.740105e+03	3.863741e+03	1.725943e+03	0	4.244928e-04
1.510000e+09	1.647173e+12	0.000000e+00	5.189873e-01	4.578804e+13	1.597845e+14	7.934274e+13	5.732130e+03	3.861313e+03	1.724859e+03	0	4.228735e-04
1.520000e+09	1.628478e+12	0.000000e+00	5.189873e-01	4.537699e+13	1.587825e+14	7.902845e+13	5.724227e+03	3.858904e+03	1.723783e+03	0	4.212675e-04
1.530000e+09	1.610075e+12	0.000000e+00	5.189873e-01	4.497229e+13	1.577931e+14	7.871617e+13	5.716395e+03	3.856514e+03	1.722715e+03	0	4.196746e-04
1.540000e+09	1.591959e+12	0.000000e+00	5.189873e-01	4.457380e+13	1.568162e+14	7.840588e+13	5.708632e+03	3.854143e+03	1.721656e+03	0	4.180947e-04
1.550000e+09	1.574124e+12	0.000000e+00	5.189873e-01	4.418138e+13	1.558514e+14	7.809757e+13	5.700938e+03	3.851791e+03	1.720605e+03	0	4.165275e-04
1.560000e+09	1.556563e+12	0.000000e+00	5.189873e-01	4.379490e+13	1.548986e+14	7.779122e+13	5.693311e+03	3.849457e+03	1.719563e+03	0	4.149728e-04
1.570000e+09	1.539271e+12	0.000000e+00	5.189873e-01	4.341424e+13	1.539575e+14	7.748682e+13	5.685751e+03	3.847141e+03	1.718528e+03	0	4.134304e-04
1.580000e+09	1.522242e+12	0.000000e+00	5.189873e-01	4.303926e+13	1.530278e+14	7.718435e+13	5.678256e+03	3.844843e+03	1.717502e+03	0	4.119001e-04
1.590000e+09	1.505469e+12	0.000000e+00	5.189873e-01	4.266986e+13	1.521094e+14	7.688380e+13	5.670826e+03	3.842562e+03	1.716483e+03	0	4.103817e-04
1.600000e+09	1.488949e+12	0.000000e+00	5.189873e-01	4.230592e+13	1.512021e+14	7.658515e+13	5.663460e+03	3.840298e+03	1.715471e+03	0	4.088751e-04
1.610000e+09	1.472675e+12	0.000000e+00	5.189873e-01	4.194732e+13	1.503056e+14	7.628839e+13	5.656156e+03	3.838051e+03	1.714468e+03	0	4.073800e-04
1.620000e+09	1.456643e+12	0.000000e+00	5.189873e-01	4.159395e+13	1.494198e+14	7.599351e+13	5.648913e+03	3.835821e+03	1.713471e+03	0	4.058963e-04
1.630000e+09	1.440847e+12	0.000000e+00	5.189873e-01	4.124570e+13	1.485444e+14	7.570049e+13	5.641732e+03	3.833607e+03	1.712482e+03	0	4.044238e-04
1.640000e+09	1.425283e+12	0.000000e+00	5.189873e-01	4.090248e+13	1.476793e+14	7.540931e+13	5.634611e+03	3.831409e+03	1.711501e+03	0	4.029623e-04
1.650000e+09	1.409946e+12	0.000000e+00	5.189873e-01	4.056417e+13	1.468242e+14	7.511997e+13	5.627548e+03	3.829227e+03	1.710526e+03	0	4.015116e-04
1.660000e+09	1.394831e+12	0.000000e+00	5.189873e-01	4.023068e+13	1.459791e+14	7.483244e+13	5.620544e+03	3.827061e+03	1.709559e+03	0	4.000717e-04
1.670000e+09	1.379933e+12	0.000000e+00	5.189873e-01	3.990191e+13	1.451436e+14	7.454672e+13	5.613598e+03	3.824911e+03	1.708598e+03	0	3.986423e-04
1.680000e+09	1.365249e+12	0.000000e+00	5.189873e-01	3.957777e+13	1.443177e+14	7.426280e+13	5.606707e+03	3.822775e+03	1.707644e+03	0	3.972233e-04
1.690000e+09	1.350775e+12	0.000000e+00	5.189873e-01	3.925817e+13	1.435011e+14	7.398065e+13	5.599873e+03	3.820655e+03	1.706697e+03	0	3.958144e-04
1.700000e+09	1.336505e+12	0.000000e+00	5.189873e-01	3.894302e+13	1.426938e+14	7.370027e+13	5.593094e+03	3.818550e+03	1.705756e+03	0	3.944157e-04
1.710000e+09	1.322436e+12	0.000000e+00	5.189873e-01	3.863222e+13	1.418955e+14	7.342163e+13	5.586369e+03	3.816459e+03	1.704823e+03	0	3.930269e-04
1.720000e+09	1.308564e+12	0.000000e+00	5.189873e-01	3.832570e+13	1.411061e+14	7.314474e+13	5.579698e+03	3.814383e+03	1.703895e+03	0	3.916478e-04
1.730000e+09	1.294886e+12	0.000000e+00	5.189873e-01	3.802337e+13	1.403254e+14	7.286958e+13	5.573079e+03	3.812321e+03	1.702974e+03	0	3.902784e-04
1.740000e+09	1.281396e+12	0.000000e+00	5.189873e-01	3.772515e+13	1.395533e+14	7.259612e+13	5.566512e+03	3.810273e+03	1.702059e+03	0	3.889184e-04
1.750000e+09	1.268093e+12	0.000000e+00	5.189873e-01	3.743096e+13	1.387896e+14	7.232437e+13	5.559997e+03	3.808239e+03	1.701150e+03	0	3.875678e-04
1.760000e+09	1.254971e+12	0.000000e+00	5.189873e-01	3.714073e+13	1.380342e+14	7.205430e+13	5.553532e+03	3.806218e+03	1.700248e+03	0	3.862264e-04
1.770000e+09	1.242029e+12	0.000000e+00	5.189873e-01	3.685438e+13	1.372870e+14	7.178591e+13	5.547118e+03	3.804211e+03	1.699351e+03	0	3.848941e-04
1.780000e+09	1.229262e+12	0.000000e+00	5.189873e-01	3.657184e+13	1.365478e+14	7.151918e+13	5.540752e+03	3.802218e+03	1.698461e+03	0	3.835707e-04
1.790000e+09	1.216666e+12	0.000000e+00	5.189873e-01	3.629304e+13	1.358165e+14	7.125410e+13	5.534436e+03	3.800237e+03	1.697576e+03	0	3.822562e-04
1.800000e+09	1.204240e+12	0.000000e+00	5.189873e-01	3.601790e+13	1.350929e+14	7.099066e+13	5.528167e+03	3.798270e+03	1.696697e+03	0	3.809503e-04
1.810000e+09	1.191979e+12	0.000000e+00	5.189873e-01	3.574636e+13	1.343770e+14	7.072884e+13	5.521946e+03	3.796315e+03	1.695824e+03	0	3.796530e-04
1.820000e+09	1.179881e+12	0.000000e+00	5.189873e-01	3.547835e+13	1.336685e+14	7.046864e+13	5.515772e+03	3.794373e+03	1.694956e+03	0	3.783642e-04
1.830000e+09	1.167942e+12	0.000000e+00	5.189873e-01	3.521381e+13	1.329675e+14	7.021004e+13	5.509643e+03	3.792443e+03	1.694095e+03	0	3.770837e-04
1.840000e+09	1.156160e+12	0.000000e+00	5.189873e-01	3.495267e+13	1.322737e+14	6.995302e+13	5.503561e+03	3.790526e+03	1.693238e+03	0	3.758114e-04
1.850000e+09	1.144532e+12	0.000000e+00	5.189873e-01	3.469488e+13	1.315870e+14	6.969759e+13	5.497523e+03	3.788620e+03	1.692387e+03	0	3.745473e-04
1.860000e+09	1.133054e+12	0.000000e+00	5.189873e-01	3.444037e+13	1.309074e+14	6.944372e+13	5.491530e+03	3.786727e+03	1.691541e+03	0	3.732911e-04
1.870000e+09	1.121725e+12	0.000000e+00	5.189873e-01	3.418908e+13	1.302347e+14	6.919141e+13	5.485580e+03	3.784846e+03	1.690701e+03	0	3.720428e-04
1.880000e+09	1.110542e+12	0.000000e+00	5.189873e-01	3.394096e+13	1.295688e+14	6.894064e+13	5.479674e+03	3.782976e+03	1.689866e+03	0	3.708022e-04
1.890000e+09	1.099501e+12	0.000000e+00	5.189873e-01	3.369595e+13	1.289096e+14	6.869140e+13	5.473811e+03	3.781118e+03	1.689036e+03	0	3.695693e-04
1.900000e+09	1.088601e+12	0.000000e+00	5.189873e-01	3.345399e+13	1.282571e+14	6.844368e+13	5.467989e+03	3.779272e+03	1.688211e+03	0	3.683440e-04
1.910000e+09	1.077839e+12	0.000000e+00	5.189873e-01	3.321503e+13	1.276110e+14	6.819747e+13	5.462210e+03	3.777436e+03	1.687391e+03	0	3.671261e-04
1.920000e+09	1.067212e+12	0.000000e+00	5.189873e-01	3.297902e+13	1.269713e+14	6.795276e+13	5.456472e+03	3.775612e+03	1.686576e+03	0	3.659156e-04
1.930000e+09	1.056719e+12	0.000000e+00	5.189873e-01	3.274591e+13	1.263379e+14	6.770953e+13	5.450774e+03	3.773799e+03	1.685766e+03	0	3.647123e-04
1.940000e+09	1.046356e+12	0.000000e+00	5.189873e-01	3.251565e+13	1.257108e+14	6.746778e+13	5.445116e+03	3.771996e+03	1.684961e+03	0	3.635162e-04
1.950000e+09	1.036122e+12	0.000000e+00	5.189873e-01	3.228818e+13	1.250897e+14	6.722750e+13	5.439499e+03	3.770205e+03	1.684161e+03	0	3.623272e-04
1.960000e+09	1.026014e+12	0.000000e+00	5.189873e-01	3.206347e+13	1.244747e+14	6.698867e+13	5.433920e+03	3.768424e+03	1.683365e+03	0	3.611451e-04
1.970000e+09	1.016030e+12	0.000000e+00	5.189873e-01	3.184146e+13	1.238656e+14	6.675128e+13	5.428380e+03	3.766653e+03	1.682574e+03	0	3.599699e-04
1.980000e+09	1.006168e+12	0.000000e+00	5.189873e-01	3.162210e+13	1.232623e+14	6.651533e+13	5.422879e+03	3.764893e+03	1.681788e+03	0	3.588014e-04
1.990000e+09	9.964262e+11	0.000000e+00	5.189873e-01	3.140536e+13	1.226648e+14	6.628080e+13	5.417415e+03	3.763143e+03	1.681006e+03	0	3.576397e-04
2.000000e+09	9.868023e+11	0.000000e+00	5.189873e-01	3.119118e+13	1.220730e+14	6.604768e+13	5.411988e+03	3.761404e+03	1.680229e+03	0	3.564846e-04
2.010000e+09	9.772943e+11	0.000000e+00	5.189873e-01	3.097954e+13	1.214868e+14	6.581597e+13	5.406599e+03	3.759674e+03	1.679456e+03	0	3.553359e-04
2.020000e+09	9.679002e+11	0.000000e+00	5.189873e-01	3.077037e+13	1.209061e+14	6.558564e+13	5.401246e+03	3.757954e+03	1.678688e+03	0	3.541937e-04
2.030000e+09	9.586182e+11	0.000000e+00	5.189873e-01	3.056365e+13	1.203308e+14	6.535670e+13	5.395929e+03	3.756244e+03	1.677924e+03	0	3.530579e-04
2.040000e+09	9.494465e+11	0.000000e+00	5.189873e-01	3.035933e+13	1.197608e+14	6.512913e+13	5.390647e+03	3.754544e+03	1.677165e+03	0	3.519283e-04
2.050000e+09	9.403831e+11	0.000000e+00	5.189873e-01	3.015737e+13	1.191961e+14	6.490292e+13	5.385401e+03	3.752853e+03	1.676409e+03	0	3.508049e-04
2.060000e+09	9.314263e+11	0.000000e+00	5.189873e-01	2.995774e+13	1.186367e+14	6.467806e+13	5.380190e+03	3.751171e+03	1.675658e+03	0	3.496875e-04
2.070000e+09	9.225744e+11	0.000000e+00	5.189873e-01	2.976039e+13	1.180823e+14	6.445454e+13	5.375013e+03	3.749499e+03	1.674911e+03	0	3.485763e-04
2.080000e+09	9.138256e+11	0.000000e+00	5.189873e-01	2.956529e+13	1.175331e+14	6.423235e+13	5.369870e+03	3.747837e+03	1.674169e+03	0	3.474709e-04
2.090000e+09	9.051783e+11	0.000000e+00	5.189873e-01	2.937241e+13	1.169888e+14	6.401149e+13	5.364761e+03	3.746183e+03	1.673430e+03	0	3.463714e-04
2.100000e+09	8.966308e+11	0.000000e+00	5.189873e-01	2.918170e+13	1.164494e+14	6.379194e+13	5.359685e+03	3.744538e+03	1.672695e+03	0	3.452777e-04
2.110000e+09	8.881816e+11	0.000000e+00	5.189873e-01	2.899314e+13	1.159148e+14	6.357369e+13	5.354642e+03	3.742903e+03	1.671965e+03	0	3.441897e-04
2.120000e+09	8.798290e+11	0.000000e+00	5.189873e-01	2.880669e+13	1.153851e+14	6.335674e+13	5.349631e+03	3.741276e+03	1.671238e+03	0	3.431074e-04
2.130000e+09	8.715716e+11	0.000000e+00	5.189873e-01	2.862231e+13	1.148601e+14	6.314107e+13	5.344653e+03	3.739658e+03	1.670515e+03	0	3.420306e-04
2.140000e+09	8.634077e+11	0.000000e+00	5.189873e-01	2.843998e+13	1.143397e+14	6.292667e+13	5.339706e+03	3.738049e+03	1.669796e+03	0	3.409594e-04
2.150000e+09	8.553360e+11	0.000000e+00	5.189873e-01	2.825966e+13	1.138239e+14	6.271354e+13	5.334791e+03	3.736448e+03	1.669081e+03	0	3.398935e-04
2.160000e+09	8.473550e+11	0.000000e+00	5.189873e-01	2.808131e+13	1.133126e+14	6.250167e+13	5.329906e+03	3.734856e+03	1.668370e+03	0	3.388331e-04
2.170000e+09	8.394632e+11	0.000000e+00	5.189873e-01	2.790492e+13	1.128058e+14	6.229104e+13	5.325053e+03	3.733272e+03	1.667663e+03	0	3.377779e-04
2.180000e+09	8.316593e+11	0.000000e+00	5.189873e-01	2.773045e+13	1.123034e+14	6.208165e+13	5.320230e+03	3.731696e+03	1.666959e+03	0	3.367279e-04
2.190000e+09	8.239420e+11	0.000000e+00	5.189873e-01	2.755786e+13	1.118054e+14	6.187349e+13	5.315437e+03	3.730129e+03	1.666259e+03	0	3.356832e-04
2.200000e+09	8.163098e+11	0.000000e+00	5.189873e-01	2.738714e+13	1.113116e+14	6.166655e+13	5.310674e+03	3.728570e+03	1.665562e+03	0	3.346435e-04
2.210000e+09	8.087614e+11	0.000000e+00	5.189873e-01	2.721825e+13	1.108221e+14	6.146083e+13	5.305940e+03	3.727018e+03	1.664869e+03	0	3.336088e-04
2.220000e+09	8.012957e+11	0.000000e+00	5.189873e-01	2.705116e+13	1.103368e+14	6.125630e+13	5.301236e+03	3.725475e+03	1.664180e+03	0	3.325791e-04
2.230000e+09	7.939113e+11	0.000000e+00	5.189873e-01	2.688586e+13	1.098556e+14	6.105298e+13	5.296560e+03	3.723940e+03	1.663494e+03	0	3.315543e-04
2.240000e+09	7.866070e+11	0.000000e+00	5.189873e-01	2.672230e+13	1.093785e+14	6.085083e+13	5.291913e+03	3.722412e+03	1.662812e+03	0	3.305344e-04
2.250000e+09	7.793816e+11	0.000000e+00	5.189873e-01	2.656047e+13	1.089053e+14	6.064987e+13	5.287294e+03	3.720893e+03	1.662133e+03	0	3.295192e-04
2.260000e+09	7.722339e+11	0.000000e+00	5.189873e-01	2.640033e+13	1.084362e+14	6.045007e+13	5.282703e+03	3.719380e+03	1.661457e+03	0	3.285088e-04
2.270000e+09	7.651627e+11	0.000000e+00	5.189873e-01	2.624187e+13	1.079710e+14	6.025143e+13	5.278139e+03	3.717876e+03	1.660785e+03	0	3.275030e-04
2.280000e+09	7.581669e+11	0.000000e+00	5.189873e-01	2.608506e+13	1.075096e+14	6.005395e+13	5.273603e+03	3.716379e+03	1.660116e+03	0	3.265018e-04
2.290000e+09	7.512454e+11	0.000000e+00	5.189873e-01	2.592987e+13	1.070521e+14	5.985761e+13	5.269094e+03	3.714889e+03	1.659451e+03	0	3.255052e-04
2.300000e+09	7.443971e+11	0.000000e+00	5.189873e-01	2.577629e+13	1.065983e+14	5.966240e+13	5.264611e+03	3.713407e+03	1.658789e+03	0	3.245131e-04
2.310000e+09	7.376209e+11	0.000000e+00	5.189873e-01	2.562428e+13	1.061483e+14	5.946833e+13	5.260156e+03	3.711932e+03	1.658130e+03	0	3.235254e-04
2.320000e+09	7.309157e+11	0.000000e+00	5.189873e-01	2.547383e+13	1.057019e+14	5.927537e+13	5.255726e+03	3.710464e+03	1.657474e+03	0	3.225421e-04
2.330000e+09	7.242805e+11	0.000000e+00	5.189873e-01	2.532491e+13	1.052592e+14	5.908352e+13	5.251322e+03	3.709003e+03	1.656822e+03	0	3.215632e-04
2.340000e+09	7.177144e+11	0.000000e+00	5.189873e-01	2.517750e+13	1.048201e+14	5.889278e+13	5.246944e+03	3.707550e+03	1.656173e+03	0	3.205885e-04
2.350000e+09	7.112162e+11	0.000000e+00	5.189873e-01	2.503158e+13	1.043845e+14	5.870313e+13	5.242592e+03	3.706103e+03	1.655526e+03	0	3.196180e-04
2.360000e+09	7.047850e+11	0.000000e+00	5.189873e-01	2.488712e+13	1.039524e+14	5.851458e+13	5.238264e+03	3.704664e+03	1.654883e+03	0	3.186517e-04
2.370000e+09	6.984199e+11	0.000000e+00	5.189873e-01	2.474412e+13	1.035238e+14	5.832710e+13	5.233962e+03	3.703231e+03	1.654243e+03	0	3.176895e-04
2.380000e+09	6.921199e+11	0.000000e+00	5.189873e-01	2.460254e+13	1.030986e+14	5.814069e+13	5.229684e+03	3.701805e+03	1.653606e+03	0	3.167314e-04
2.390000e+09	6.858841e+11	0.000000e+00	5.189873e-01	2.446236e+13	1.026767e+14	5.795535e+13	5.225431e+03	3.700386e+03	1.652972e+03	0	3.157773e-04
2.400000e+09	6.797116e+11	0.000000e+00	5.189873e-01	2.432357e+13	1.022582e+14	5.777107e+13	5.221201e+03	3.698973e+03	1.652341e+03	0	3.148272e-04
2.410000e+09	6.736014e+11	0.000000e+00	5.189873e-01	2.418615e+13	1.018430e+14	5.758783e+13	5.216996e+03	3.697567e+03	1.651713e+03	0	3.138810e-04
2.420000e+09	6.675528e+11	0.000000e+00	5.189873e-01	2.405007e+13	1.014311e+14	5.740564e+13	5.212815e+03	3.696168e+03	1.651088e+03	0	3.129387e-04
2.430000e+09	6.615648e+11	0.000000e+00	5.189873e-01	2.391533e+13	1.010224e+14	5.722449e+13	5.208656e+03	3.694775e+03	1.650466e+03	0	3.120001e-04
2.440000e+09	6.556365e+11	0.000000e+00	5.189873e-01	2.378189e+13	1.006168e+14	5.704436e+13	5.204522e+03	3.693389e+03	1.649847e+03	0	3.110654e-04
2.450000e+09	6.497673e+11	0.000000e+00	5.189873e-01	2.364975e+13	1.002144e+14	5.686525e+13	5.200410e+03	3.692009e+03	1.649230e+03	0	3.101344e-04
2.460000e+09	6.439562e+11	0.000000e+00	5.189873e-01	2.351889e+13	9.981514e+13	5.668716e+13	5.196321e+03	3.690635e+03	1.648617e+03	0	3.092071e-04
2.470000e+09	6.382024e+11	0.000000e+00	5.189873e-01	2.338928e+13	9.941892e+13	5.651007e+13	5.192254e+03	3.689268e+03	1.648006e+03	0	3.082834e-04
2.480000e+09	6.325052e+11	0.000000e+00	5.189873e-01	2.326091e+13	9.902574e+13	5.633398e+13	5.188210e+03	3.687907e+03	1.647398e+03	0	3.073633e-04
2.490000e+09	6.268638e+11	0.000000e+00	5.189873e-01	2.313376e+13	9.863556e+13	5.615889e+13	5.184188e+03	3.686552e+03	1.646793e+03	0	3.064468e-04
2.500000e+09	6.212774e+11	0.000000e+00	5.189873e-01	2.300783e+13	9.824834e+13	5.598478e+13	5.180189e+03	3.685203e+03	1.646190e+03	0	3.055338e-04
2.510000e+09	6.157453e+11	0.000000e+00	5.189873e-01	2.288308e+13	9.786406e+13	5.581164e+13	5.176210e+03	3.683860e+03	1.645590e+03	0	3.046242e-04
2.520000e+09	6.102668e+11	0.000000e+00	5.189873e-01	2.275951e+13	9.748268e+13	5.563948e+13	5.172254e+03	3.682523e+03	1.644993e+03	0	3.037180e-04
2.530000e+09	6.048410e+11	0.000000e+00	5.189873e-01	2.263710e+13	9.710417e+13	5.546828e+13	5.168318e+03	3.681192e+03	1.644399e+03	0	3.028153e-04
2.540000e+09	5.994674e+11	0.000000e+00	5.189873e-01	2.251583e+13	9.672849e+13	5.529804e+13	5.164404e+03	3.679867e+03	1.643807e+03	0	3.019158e-04
2.550000e+09	5.941452e+11	0.000000e+00	5.189873e-01	2.239569e+13	9.635561e+13	5.512876e+13	5.160511e+03	3.678548e+03	1.643217e+03	0	3.010197e-04
2.560000e+09	5.888737e+11	0.000000e+00	5.189873e-01	2.227667e+13	9.598551e+13	5.496041e+13	5.156638e+03	3.677235e+03	1.642631e+03	0	3.001268e-04
2.570000e+09	5.836523e+11	0.000000e+00	5.189873e-01	2.215874e+13	9.561814e+13	5.479301e+13	5.152786e+03	3.675927e+03	1.642047e+03	0	2.992371e-04
2.580000e+09	5.784803e+11	0.000000e+00	5.189873e-01	2.204190e+13	9.525349e+13	5.462653e+13	5.148954e+03	3.674625e+03	1.641465e+03	0	2.983506e-04
2.590000e+09	5.733571e+11	0.000000e+00	5.189873e-01	2.192614e+13	9.489152e+13	5.446098e+13	5.145143e+03	3.673329e+03	1.640886e+03	0	2.974672e-04
2.600000e+09	5.682820e+11	0.000000e+00	5.189873e-01	2.181142e+13	9.453220e+13	5.429635e+13	5.141351e+03	3.672038e+03	1.640309e+03	0	2.965869e-04
2.610000e+09	5.632543e+11	0.000000e+00	5.189873e-01	2.169776e+13	9.417550e+13	5.413263e+13	5.137579e+03	3.670753e+03	1.639735e+03	0	2.957097e-04
2.620000e+09	5.582736e+11	0.000000e+00	5.189873e-01	2.158512e+13	9.382140e+13	5.396981e+13	5.133827e+03	3.669474e+03	1.639164e+03	0	2.948354e-04
2.630000e+09	5.533390e+11	0.000000e+00	5.189873e-01	2.147350e+13	9.346986e+13	5.380790e+13	5.130095e+03	3.668199e+03	1.638595e+03	0	2.939642e-04
2.640000e+09	5.484502e+11	0.000000e+00	5.189873e-01	2.136288e+13	9.312086e+13	5.364688e+13	5.126381e+03	3.666931e+03	1.638028e+03	0	2.930959e-04
2.650000e+09	5.436064e+11	0.000000e+00	5.189873e-01	2.125326e+13	9.277437e+13	5.348674e+13	5.122687e+03	3.665667e+03	1.637464e+03	0	2.922305e-04
2.660000e+09	5.388071e+11	0.000000e+00	5.189873e-01	2.114461e+13	9.243036e+13	5.332749e+13	5.119011e+03	3.664409e+03	1.636902e+03	0	2.913679e-04
2.670000e+09	5.340517e+11	0.000000e+00	5.189873e-01	2.103693e+13	9.208882e+13	5.316911e+13	5.115355e+03	3.663157e+03	1.636342e+03	0	2.905082e-04
2.680000e+09	5.293398e+11	0.000000e+00	5.189873e-01	2.093020e+13	9.174970e+13	5.301159e+13	5.111717e+03	3.661909e+03	1.635785e+03	0	2.896513e-04
2.690000e+09	5.246706e+11	0.000000e+00	5.189873e-01	2.082441e+13	9.141299e+13	5.285494e+13	5.108097e+03	3.660667e+03	1.635230e+03	0	2.887972e-04
2.700000e+09	5.200437e+11	0.000000e+00	5.189873e-01	2.071956e+13	9.107866e+13	5.269915e+13	5.104495e+03	3.659430e+03	1.634677e+03	0	2.879457e-04
2.710000e+09	5.154586e+11	0.000000e+00	5.189873e-01	2.061562e+13	9.074669e+13	5.254421e+13	5.100912e+03	3.658198e+03	1.634127e+03	0	2.870970e-04
2.720000e+09	5.109146e+11	0.000000e+00	5.189873e-01	2.051259e+13	9.041705e+13	5.239011e+13	5.097347e+03	3.656971e+03	1.633579e+03	0	2.862509e-04
2.730000e+09	5.064114e+11	0.000000e+00	5.189873e-01	2.041046e+13	9.008971e+13	5.223685e+13	5.093799e+03	3.655749e+03	1.633033e+03	0	2.854074e-04
2.740000e+09	5.019484e+11	0.000000e+00	5.189873e-01	2.030921e+13	8.976466e+13	5.208443e+13	5.090269e+03	3.654532e+03	1.632489e+03	0	2.845665e-04
2.750000e+09	4.975251e+11	0.000000e+00	5.189873e-01	2.020884e+13	8.944186e+13	5.193283e+13	5.086757e+03	3.653320e+03	1.631948e+03	0	2.837281e-04
2.760000e+09	4.931410e+11	0.000000e+00	5.189873e-01	2.010933e+13	8.912131e+13	5.178205e+13	5.083262e+03	3.652113e+03	1.631409e+03	0	2.828922e-04
2.770000e+09	4.887956e+11	0.000000e+00	5.189873e-01	2.001067e+13	8.880296e+13	5.163209e+13	5.079784e+03	3.650911e+03	1.630872e+03	0	2.820589e-04
2.780000e+09	4.844885e+11	0.000000e+00	5.189873e-01	1.991286e+13	8.848680e+13	5.148294e+13	5.076323e+03	3.649714e+03	1.630337e+03	0	2.812280e-04
2.790000e+09	4.802192e+11	0.000000e+00	5.189873e-01	1.981587e+13	8.817282e+13	5.133460e+13	5.072879e+03	3.648522e+03	1.629804e+03	0	2.803995e-04
2.800000e+09	4.759872e+11	0.000000e+00	5.189873e-01	1.971971e+13	8.786098e+13	5.118705e+13	5.069452e+03	3.647334e+03	1.629274e+03	0	2.795733e-04
2.810000e+09	4.717920e+11	0.000000e+00	5.189873e-01	1.962437e+13	8.755126e+13	5.104030e+13	5.066041e+03	3.646151e+03	1.628745e+03	0	2.787496e-04
2.820000e+09	4.676333e+11	0.000000e+00	5.189873e-01	1.952982e+13	8.724365e+13	5.089434e+13	5.062647e+03	3.644973e+03	1.628219e+03	0	2.779281e-04
2.830000e+09	4.635106e+11	0.000000e+00	5.189873e-01	1.943607e+13	8.693812e+13	5.074916e+13	5.059269e+03	3.643799e+03	1.627695e+03	0	2.771089e-04
2.840000e+09	4.594234e+11	0.000000e+00	5.189873e-01	1.934311e+13	8.663465e+13	5.060476e+13	5.055907e+03	3.642630e+03	1.627173e+03	0	2.762920e-04
2.850000e+09	4.553713e+11	0.000000e+00	5.189873e-01	1.925091e+13	8.633322e+13	5.046113e+13	5.052561e+03	3.641466e+03	1.626653e+03	0	2.754773e-04
2.860000e+09	4.513540e+11	0.000000e+00	5.189873e-01	1.915949e+13	8.603381e+13	5.031826e+13	5.049232e+03	3.640306e+03	1.626135e+03	0	2.746649e-04
2.870000e+09	4.473709e+11	0.000000e+00	5.189873e-01	1.906881e+13	8.573640e+13	5.017616e+13	5.045918e+03	3.639151e+03	1.625618e+03	0	2.738545e-04
2.880000e+09	4.434217e+11	0.000000e+00	5.189873e-01	1.897889e+13	8.544097e+13	5.003482e+13	5.042619e+03	3.638000e+03	1.625104e+03	0	2.730463e-04
2.890000e+09	4.395060e+11	0.000000e+00	5.189873e-01	1.888971e+13	8.514751e+13	4.989423e+13	5.039336e+03	3.636854e+03	1.624592e+03	0	2.722402e-04
2.900000e+09	4.356234e+11	0.000000e+00	5.189873e-01	1.880125e+13	8.485598e+13	4.975438e+13	5.036069e+03	3.635712e+03	1.624082e+03	0	2.714362e-04
2.910000e+09	4.317735e+11	0.000000e+00	5.189873e-01	1.871352e+13	8.456638e+13	4.961528e+13	5.032817e+03	3.634574e+03	1.623574e+03	0	2.706342e-04
2.920000e+09	4.279560e+11	0.000000e+00	5.189873e-01	1.862650e+13	8.427869e+13	4.947691e+13	5.029580e+03	3.633441e+03	1.623068e+03	0	2.698342e-04
2.930000e+09	4.241703e+11	0.000000e+00	5.189873e-01	1.854019e+13	8.399288e+13	4.933927e+13	5.026358e+03	3.632313e+03	1.622564e+03	0	2.690362e-04
2.940000e+09	4.204163e+11	0.000000e+00	5.189873e-01	1.845457e+13	8.370893e+13	4.920236e+13	5.023151e+03	3.631188e+03	1.622062e+03	0	2.682402e-04
2.950000e+09	4.166934e+11	0.000000e+00	5.189873e-01	1.836964e+13	8.342684e+13	4.906617e+13	5.019959e+03	3.630068e+03	1.621561e+03	0	2.674461e-04
2.960000e+09	4.130014e+11	0.000000e+00	5.189873e-01	1.828540e+13	8.314658e+13	4.893070e+13	5.016781e+03	3.628952e+03	1.621063e+03	0	2.666538e-04
2.970000e+09	4.093399e+11	0.000000e+00	5.189873e-01	1.820182e+13	8.286814e+13	4.879594e+13	5.013618e+03	3.627840e+03	1.620566e+03	0	2.658635e-04
2.980000e+09	4.057085e+11	0.000000e+00	5.189873e-01	1.811892e+13	8.259149e+13	4.866189e+13	5.010470e+03	3.626733e+03	1.620071e+03	0	2.650750e-04
2.990000e+09	4.021069e+11	0.000000e+00	5.189873e-01	1.803667e+13	8.231662e+13	4.852854e+13	5.007335e+03	3.625629e+03	1.619578e+03	0	2.642882e-04
3.000000e+09	3.985348e+11	0.000000e+00	5.189873e-01	1.795507e+13	8.204352e+13	4.839588e+13	5.004215e+03	3.624530e+03	1.619087e+03	0	2.635033e-04
3.010000e+09	3.949918e+11	0.000000e+00	5.189873e-01	1.787412e+13	8.177217e+13	4.826392e+13	5.001109e+03	3.623435e+03	1.618598e+03	0	2.627201e-04
3.020000e+09	3.914776e+11	0.000000e+00	5.189873e-01	1.779380e+13	8.150254e+13	4.813265e+13	4.998017e+03	3.622344e+03	1.618111e+03	0	2.619387e-04
3.030000e+09	3.879918e+11	0.000000e+00	5.189873e-01	1.771411e+13	8.123463e+13	4.800206e+13	4.994939e+03	3.621257e+03	1.617625e+03	0	2.611589e-04
3.040000e+09	3.845342e+11	0.000000e+00	5.189873e-01	1.763505e+13	8.096842e+13	4.787215e+13	4.991875e+03	3.620173e+03	1.617141e+03	0	2.603808e-04
3.050000e+09	3.811045e+11	0.000000e+00	5.189873e-01	1.755660e+13	8.070389e+13	4.774291e+13	4.988824e+03	3.619094e+03	1.616659e+03	0	2.596044e-04
3.060000e+09	3.777022e+11	0.000000e+00	5.189873e-01	1.747875e+13	8.044103e+13	4.761435e+13	4.985787e+03	3.618019e+03	1.616179e+03	0	2.588295e-04
3.070000e+09	3.743272e+11	0.000000e+00	5.189873e-01	1.740151e+13	8.017982e+13	4.748645e+13	4.982763e+03	3.616948e+03	1.615700e+03	0	2.580563e-04
3.080000e+09	3.709790e+11	0.000000e+00	5.189873e-01	1.732487e+13	7.992025e+13	4.735921e+13	4.979753e+03	3.615881e+03	1.615224e+03	0	2.572846e-04
3.090000e+09	3.676575e+11	0.000000e+00	5.189873e-01	1.724881e+13	7.966230e+13	4.723263e+13	4.976756e+03	3.614817e+03	1.614749e+03	0	2.565144e-04
3.100000e+09	3.643623e+11	0.000000e+00	5.189873e-01	1.717334e+13	7.940596e+13	4.710670e+13	4.973772e+03	3.613758e+03	1.614275e+03	0	2.557458e-04
3.110000e+09	3.610932e+11	0.000000e+00	5.189873e-01	1.709845e+13	7.915120e+13	4.698141e+13	4.970801e+03	3.612702e+03	1.613804e+03	0	2.549786e-04
3.120000e+09	3.578498e+11	0.000000e+00	5.189873e-01	1.702412e+13	7.889803e+13	4.685677e+13	4.967843e+03	3.611650e+03	1.613334e+03	0	2.542129e-04
3.130000e+09	3.546318e+11	0.000000e+00	5.189873e-01	1.695036e+13	7.864642e+13	4.673277e+13	4.964897e+03	3.610602e+03	1.612865e+03	0	2.534486e-04
3.140000e+09	3.514390e+11	0.000000e+00	5.189873e-01	1.687715e+13	7.839636e+13	4.660941e+13	4.961965e+03	3.609557e+03	1.612399e+03	0	2.526857e-04
3.150000e+09	3.482712e+11	0.000000e+00	5.189873e-01	1.680450e+13	7.814784e+13	4.648667e+13	4.959045e+03	3.608516e+03	1.611934e+03	0	2.519242e-04
3.160000e+09	3.451280e+11	0.000000e+00	5.189873e-01	1.673239e+13	7.790083e+13	4.636457e+13	4.956138e+03	3.607479e+03	1.611471e+03	0	2.511640e-04
3.170000e+09	3.420091e+11	0.000000e+00	5.189873e-01	1.666082e+13	7.765534e+13	4.624308e+13	4.953243e+03	3.606446e+03	1.611009e+03	0	2.504051e-04
3.180000e+09	3.389144e+11	0.000000e+00	5.189873e-01	1.658979e+13	7.741134e+13	4.612221e+13	4.950361e+03	3.605416e+03	1.610549e+03	0	2.496476e-04
3.190000e+09	3.358435e+11	0.000000e+00	5.189873e-01	1.651928e+13	7.716882e+13	4.600196e+13	4.947490e+03	3.604390e+03	1.610091e+03	0	2.488913e-04
3.200000e+09	3.327963e+11	0.000000e+00	5.189873e-01	1.644930e+13	7.692777e+13	4.588232e+13	4.944632e+03	3.603368e+03	1.609634e+03	0	2.481362e-04
3.210000e+09	3.297724e+11	0.000000e+00	5.189873e-01	1.637984e+13	7.668818e+13	4.576328e+13	4.941786e+03	3.602349e+03	1.609179e+03	0	2.473824e-04
3.220000e+09	3.267715e+11	0.000000e+00	5.189873e-01	1.631089e+13	7.645002e+13	4.564485e+13	4.938952e+03	3.601333e+03	1.608725e+03	0	2.466297e-04
3.230000e+09	3.237936e+11	0.000000e+00	5.189873e-01	1.624244e+13	7.621330e+13	4.552701e+13	4.936130e+03	3.600322e+03	1.608273e+03	0	2.458782e-04
3.240000e+09	3.208382e+11	0.000000e+00	5.189873e-01	1.617450e+13	7.597800e+13	4.540977e+13	4.933320e+03	3.599313e+03	1.607823e+03	0	2.451279e-04
3.250000e+09	3.179052e+11	0.000000e+00	5.189873e-01	1.610705e+13	7.574410e+13	4.529312e+13	4.930522e+03	3.598308e+03	1.607374e+03	0	2.443786e-04
3.260000e+09	3.149944e+11	0.000000e+00	5.189873e-01	1.604009e+13	7.551159e+13	4.517705e+13	4.927735e+03	3.597307e+03	1.606927e+03	0	2.436305e-04
3.270000e+09	3.121055e+11	0.000000e+00	5.189873e-01	1.597362e+13	7.528047e+13	4.506157e+13	4.924960e+03	3.596309e+03	1.606481e+03	0	2.428834e-04
3.280000e+09	3.092382e+11	0.000000e+00	5.189873e-01	1.590763e+13	7.505071e+13	4.494666e+13	4.922196e+03	3.595315e+03	1.606037e+03	0	2.421373e-04
3.290000e+09	3.063924e+11	0.000000e+00	5.189873e-01	1.584212e+13	7.482231e+13	4.483233e+13	4.919444e+03	3.594324e+03	1.605594e+03	0	2.413923e-04
3.300000e+09	3.035678e+11	0.000000e+00	5.189873e-01	1.577708e+13	7.459526e+13	4.471857e+13	4.916703e+03	3.593336e+03	1.605153e+03	0	2.406482e-04
3.310000e+09	3.007643e+11	0.000000e+00	5.189873e-01	1.571250e+13	7.436954e+13	4.460538e+13	4.913973e+03	3.592352e+03	1.604713e+03	0	2.399051e-04
3.320000e+09	2.979815e+11	0.000000e+00	5.189873e-01	1.564839e+13	7.414514e+13	4.449276e+13	4.911254e+03	3.591371e+03	1.604275e+03	0	2.391629e-04
3.330000e+09	2.952193e+11	0.000000e+00	5.189873e-01	1.558473e+13	7.392205e+13	4.438069e+13	4.908547e+03	3.590393e+03	1.603838e+03	0	2.384216e-04
3.340000e+09	2.924775e+11	0.000000e+00	5.189873e-01	1.552153e+13	7.370027e+13	4.426918e+13	4.905850e+03	3.589418e+03	1.603403e+03	0	2.376812e-04
3.350000e+09	2.897559e+11	0.000000e+00	5.189873e-01	1.545877e+13	7.347977e+13	4.415822e+13	4.903165e+03	3.588447e+03	1.602969e+03	0	2.369417e-04
3.360000e+09	2.870542e+11	0.000000e+00	5.189873e-01	1.539646e+13	7.326055e+13	4.404781e+13	4.900490e+03	3.587479e+03	1.602537e+03	0	2.362029e-04
3.370000e+09	2.843722e+11	0.000000e+00	5.189873e-01	1.533458e+13	7.304260e+13	4.393795e+13	4.897826e+03	3.586515e+03	1.602106e+03	0	2.354650e-04
3.380000e+09	2.817098e+11	0.000000e+00	5.189873e-01	1.527314e+13	7.282591e+13	4.382862e+13	4.895172e+03	3.585553e+03	1.601676e+03	0	2.347279e-04
3.390000e+09	2.790668e+11	0.000000e+00	5.189873e-01	1.521213e+13	7.261046e+13	4.371984e+13	4.892530e+03	3.584595e+03	1.601248e+03	0	2.339915e-04
3.400000e+09	2.764429e+11	0.000000e+00	5.189873e-01	1.515155e+13	7.239625e+13	4.361159e+13	4.889897e+03	3.583640e+03	1.600822e+03	0	2.332558e-04
3.410000e+09	2.738380e+11	0.000000e+00	5.189873e-01	1.509139e+13	7.218326e+13	4.350387e+13	4.887276e+03	3.582688e+03	1.600397e+03	0	2.325208e-04
3.420000e+09	2.712518e+11	0.000000e+00	5.189873e-01	1.503164e+13	7.197149e+13	4.339669e+13	4.884664e+03	3.581740e+03	1.599973e+03	0	2.317866e-04
3.430000e+09	2.686843e+11	0.000000e+00	5.189873e-01	1.497231e+13	7.176093e+13	4.329002e+13	4.882063e+03	3.580794e+03	1.599550e+03	0	2.310529e-04
3.440000e+09	2.661351e+11	0.000000e+00	5.189873e-01	1.491339e+13	7.155156e+13	4.318388e+13	4.879473e+03	3.579851e+03	1.599129e+03	0	2.303199e-04
3.450000e+09	2.636042e+11	0.000000e+00	5.189873e-01	1.485487e+13	7.134337e+13	4.307825e+13	4.876892e+03	3.578912e+03	1.598710e+03	0	2.295874e-04
3.460000e+09	2.610913e+11	0.000000e+00	5.189873e-01	1.479676e+13	7.113636e+13	4.297314e+13	4.874322e+03	3.577976e+03	1.598291e+03	0	2.288556e-04
3.470000e+09	2.585963e+11	0.000000e+00	5.189873e-01	1.473904e+13	7.093052e+13	4.286854e+13	4.871761e+03	3.577042e+03	1.597874e+03	0	2.281242e-04
3.480000e+09	2.561189e+11	0.000000e+00	5.189873e-01	1.468171e+13	7.072584e+13	4.276445e+13	4.869211e+03	3.576112e+03	1.597459e+03	0	2.273934e-04
3.490000e+09	2.536591e+11	0.000000e+00	5.189873e-01	1.462478e+13	7.052230e+13	4.266086e+13	4.866670e+03	3.575185e+03	1.597045e+03	0	2.266631e-04
3.500000e+09	2.512166e+11	0.000000e+00	5.189873e-01	1.456823e+13	7.031990e+13	4.255778e+13	4.864139e+03	3.574261e+03	1.596632e+03	0	2.259332e-04
3.510000e+09	2.487913e+11	0.000000e+00	5.189873e-01	1.451206e+13	7.011863e+13	4.245519e+13	4.861619e+03	3.573339e+03	1.596220e+03	0	2.252038e-04
3.520000e+09	2.463830e+11	0.000000e+00	5.189873e-01	1.445627e+13	6.991848e+13	4.235310e+13	4.859107e+03	3.572421e+03	1.595810e+03	0	2.244748e-04
3.530000e+09	2.439915e+11	0.000000e+00	5.189873e-01	1.440086e+13	6.971944e+13	4.225150e+13	4.856606e+03	3.571506e+03	1.595401e+03	0	2.237462e-04
3.540000e+09	2.416167e+11	0.000000e+00	5.189873e-01	1.434582e+13	6.952150e+13	4.215038e+13	4.854114e+03	3.570593e+03	1.594994e+03	0	2.230179e-04
3.550000e+09	2.392584e+11	0.000000e+00	5.189873e-01	1.429115e+13	6.932466e+13	4.204976e+13	4.851631e+03	3.569684e+03	1.594587e+03	0	2.222899e-04
3.560000e+09	2.369165e+11	0.000000e+00	5.189873e-01	1.423684e+13	6.912890e+13	4.194961e+13	4.849158e+03	3.568777e+03	1.594182e+03	0	2.215622e-04
3.570000e+09	2.345907e+11	0.000000e+00	5.189873e-01	1.418289e+13	6.893421e+13	4.184995e+13	4.846694e+03	3.567873e+03	1.593779e+03	0	2.208349e-04
3.580000e+09	2.322810e+11	0.000000e+00	5.189873e-01	1.412930e+13	6.874059e+13	4.175076e+13	4.844240e+03	3.566972e+03	1.593376e+03	0	2.201077e-04
3.590000e+09	2.299872e+11	0.000000e+00	5.189873e-01	1.407606e+13	6.854803e+13	4.165204e+13	4.841795e+03	3.566074e+03	1.592975e+03	0	2.193808e-04
3.600000e+09	2.277091e+11	0.000000e+00	5.189873e-01	1.402318e+13	6.835652e+13	4.155380e+13	4.839359e+03	3.565179e+03	1.592575e+03	0	2.186540e-04
3.610000e+09	2.254467e+11	0.000000e+00	5.189873e-01	1.397064e+13	6.816606e+13	4.145602e+13	4.836932e+03	3.564286e+03	1.592176e+03	0	2.179275e-04
3.620000e+09	2.231996e+11	0.000000e+00	5.189873e-01	1.391844e+13	6.797662e+13	4.135870e+13	4.834515e+03	3.563397e+03	1.591779e+03	0	2.172010e-04
3.630000e+09	2.209679e+11	0.000000e+00	5.189873e-01	1.386659e+13	6.778822e+13	4.126185e+13	4.832106e+03	3.562510e+03	1.591383e+03	0	2.164746e-04
3.640000e+09	2.187513e+11	0.000000e+00	5.189873e-01	1.381508e+13	6.760083e+13	4.116545e+13	4.829706e+03	3.561626e+03	1.590988e+03	0	2.157484e-04
3.650000e+09	2.165497e+11	0.000000e+00	5.189873e-01	1.376390e+13	6.741444e+13	4.106951e+13	4.827316e+03	3.560745e+03	1.590594e+03	0	2.150221e-04
3.660000e+09	2.143629e+11	0.000000e+00	5.189873e-01	1.371305e+13	6.722907e+13	4.097403e+13	4.824934e+03	3.559866e+03	1.590202e+03	0	2.142959e-04
3.670000e+09	2.121909e+11	0.000000e+00	5.189873e-01	1.366253e+13	6.704468e+13	4.087899e+13	4.822561e+03	3.558990e+03	1.589810e+03	0	2.135697e-04
3.680000e+09	2.100335e+11	0.000000e+00	5.189873e-01	1.361233e+13	6.686128e+13	4.078440e+13	4.820196e+03	3.558117e+03	1.589420e+03	0	2.128434e-04
3.690000e+09	2.078906e+11	0.000000e+00	5.189873e-01	1.356246e+13	6.667886e+13	4.069025e+13	4.817840e+03	3.557246e+03	1.589032e+03	0	2.121171e-04
3.700000e+09	2.057619e+11	0.000000e+00	5.189873e-01	1.351291e+13	6.649741e+13	4.059655e+13	4.815493e+03	3.556379e+03	1.588644e+03	0	2.113906e-04
3.710000e+09	2.036475e+11	0.000000e+00	5.189873e-01	1.346368e+13	6.631693e+13	4.050328e+13	4.813155e+03	3.555513e+03	1.588257e+03	0	2.106640e-04
3.720000e+09	2.015471e+11	0.000000e+00	5.189873e-01	1.341475e+13	6.613740e+13	4.041045e+13	4.810825e+03	3.554651e+03	1.587872e+03	0	2.099372e-04
3.730000e+09	1.994606e+11	0.000000e+00	5.189873e-01	1.336614e+13	6.595882e+13	4.031805e+13	4.808503e+03	3.553791e+03	1.587488e+03	0	2.092103e-04
3.740000e+09	1.973879e+11	0.000000e+00	5.189873e-01	1.331784e+13	6.578118e+13	4.022608e+13	4.806190e+03	3.552934e+03	1.587105e+03	0	2.084831e-04
3.750000e+09	1.953289e+11	0.000000e+00	5.189873e-01	1.326985e+13	6.560448e+13	4.013454e+13	4.803885e+03	3.552079e+03	1.586723e+03	0	2.077557e-04
3.760000e+09	1.932835e+11	0.000000e+00	5.189873e-01	1.322215e+13	6.542870e+13	4.004343e+13	4.801588e+03	3.551227e+03	1.586343e+03	0	2.070279e-04
3.770000e+09	1.912515e+11	0.000000e+00	5.189873e-01	1.317476e+13	6.525385e+13	3.995273e+13	4.799300e+03	3.550378e+03	1.585963e+03	0	2.062999e-04
3.780000e+09	1.892327e+11	0.000000e+00	5.189873e-01	1.312766e+13	6.507991e+13	3.986246e+13	4.797020e+03	3.549531e+03	1.585585e+03	0	2.055714e-04
3.790000e+09	1.872272e+11	0.000000e+00	5.189873e-01	1.308086e+13	6.490687e+13	3.977260e+13	4.794748e+03	3.548686e+03	1.585208e+03	0	2.048426e-04
3.800000e+09	1.852347e+11	0.000000e+00	5.189873e-01	1.303435e+13	6.473474e+13	3.968316e+13	4.792484e+03	3.547844e+03	1.584832e+03	0	2.041134e-04
3.810000e+09	1.832552e+11	0.000000e+00	5.189873e-01	1.298813e+13	6.456350e+13	3.959413e+13	4.790228e+03	3.547005e+03	1.584457e+03	0	2.033837e-04
3.820000e+09	1.812885e+11	0.000000e+00	5.189873e-01	1.294220e+13	6.439314e+13	3.950550e+13	4.787980e+03	3.546168e+03	1.584083e+03	0	2.026535e-04
3.830000e+09	1.793345e+11	0.000000e+00	5.189873e-01	1.289655e+13	6.422366e+13	3.941729e+13	4.785740e+03	3.545334e+03	1.583710e+03	0	2.019228e-04
3.840000e+09	1.773931e+11	0.000000e+00	5.189873e-01	1.285119e+13	6.405506e+13	3.932947e+13	4.783508e+03	3.544502e+03	1.583339e+03	0	2.011915e-04
3.850000e+09	1.754642e+11	0.000000e+00	5.189873e-01	1.280610e+13	6.388732e+13	3.924206e+13	4.781284e+03	3.543673e+03	1.582968e+03	0	2.004596e-04
3.860000e+09	1.735476e+11	0.000000e+00	5.189873e-01	1.276129e+13	6.372045e+13	3.915505e+13	4.779068e+03	3.542846e+03	1.582599e+03	0	1.997271e-04
3.870000e+09	1.716434e+11	0.000000e+00	5.189873e-01	1.271675e+13	6.355443e+13	3.906844e+13	4.776859e+03	3.542021e+03	1.582230e+03	0	1.989939e-04
3.880000e+09	1.697513e+11	0.000000e+00	5.189873e-01	1.267249e+13	6.338925e+13	3.898222e+13	4.774658e+03	3.541199e+03	1.581863e+03	0	1.982600e-04
3.890000e+09	1.678712e+11	0.000000e+00	5.189873e-01	1.262850e+13	6.322492e+13	3.889639e+13	4.772465e+03	3.540380e+03	1.581497e+03	0	1.975253e-04
3.900000e+09	1.660031e+11	0.000000e+00	5.189873e-01	1.258477e+13	6.306142e+13	3.881095e+13	4.770279e+03	3.539562e+03	1.581132e+03	0	1.967899e-04
3.910000e+09	1.641468e+11	0.000000e+00	5.189873e-01	1.254131e+13	6.289875e+13	3.872589e+13	4.768101e+03	3.538748e+03	1.580768e+03	0	1.960536e-04
3.920000e+09	1.623023e+11	0.000000e+00	5.189873e-01	1.249811e+13	6.273691e+13	3.864122e+13	4.765930e+03	3.537935e+03	1.580405e+03	0	1.953165e-04
3.930000e+09	1.604694e+11	0.000000e+00	5.189873e-01	1.245517e+13	6.257588e+13	3.855693e+13	4.763767e+03	3.537125e+03	1.580043e+03	0	1.945784e-04
3.940000e+09	1.586480e+11	0.000000e+00	5.189873e-01	1.241249e+13	6.241566e+13	3.847303e+13	4.761611e+03	3.536317e+03	1.579682e+03	0	1.938395e-04
3.950000e+09	1.568380e+11	0.000000e+00	5.189873e-01	1.237007e+13	6.225625e+13	3.838950e+13	4.759463e+03	3.535512e+03	1.579323e+03	0	1.930995e-04
3.960000e+09	1.550394e+11	0.000000e+00	5.189873e-01	1.232790e+13	6.209763e+13	3.830634e+13	4.757322e+03	3.534709e+03	1.578964e+03	0	1.923585e-04
3.970000e+09	1.532520e+11	0.000000e+00	5.189873e-01	1.228598e+13	6.193981e+13	3.822356e+13	4.755188e+03	3.533908e+03	1.578606e+03	0	1.916164e-04
3.980000e+09	1.514758e+11	0.000000e+00	5.189873e-01	1.224432e+13	6.178278e+13	3.814114e+13	4.753062e+03	3.533110e+03	1.578250e+03	0	1.908732e-04
3.990000e+09	1.497106e+11	0.000000e+00	5.189873e-01	1.220290e+13	6.162653e+13	3.805910e+13	4.750942e+03	3.532314e+03	1.577894e+03	0	1.901289e-04
4.000000e+09	1.479563e+11	0.000000e+00	5.189873e-01	1.216172e+13	6.147106e+13	3.797742e+13	4.748830e+03	3.531520e+03	1.577539e+03	0	1.893834e-04
4.010000e+09	1.462129e+11	0.000000e+00	5.189873e-01	1.212079e+13	6.131635e+13	3.789610e+13	4.746725e+03	3.530728e+03	1.577186e+03	0	1.886366e-04
4.020000e+09	1.444802e+11	0.000000e+00	5.189873e-01	1.208010e+13	6.116242e+13	3.781515e+13	4.744627e+03	3.529939e+03	1.576833e+03	0	1.878885e-04
4.030000e+09	1.427582e+11	0.000000e+00	5.189873e-01	1.203965e+13	6.100924e+13	3.773456e+13	4.742536e+03	3.529152e+03	1.576482e+03	0	1.871390e-04
4.040000e+09	1.410468e+11	0.000000e+00	5.189873e-01	1.199943e+13	6.085682e+13	3.765432e+13	4.740452e+03	3.528367e+03	1.576131e+03	0	1.863882e-04
4.050000e+09	1.393459e+11	0.000000e+00	5.189873e-01	1.195946e+13	6.070514e+13	3.757443e+13	4.738376e+03	3.527585e+03	1.575782e+03	0	1.856359e-04
4.060000e+09	1.376554e+11	0.000000e+00	5.189873e-01	1.191971e+13	6.055421e+13	3.749490e+13	4.736305e+03	3.526804e+03	1.575433e+03	0	1.848822e-04
4.070000e+09	1.359751e+11	0.000000e+00	5.189873e-01	1.188020e+13	6.040402e+13	3.741572e+13	4.734242e+03	3.526026e+03	1.575085e+03	0	1.841269e-04
4.080000e+09	1.343051e+11	0.000000e+00	5.189873e-01	1.184091e+13	6.025457e+13	3.733689e+13	4.732186e+03	3.525250e+03	1.574739e+03	0	1.833700e-04
4.090000e+09	1.326453e+11	0.000000e+00	5.189873e-01	1.180186e+13	6.010584e+13	3.725841e+13	4.730136e+03	3.524476e+03	1.574393e+03	0	1.826114e-04
4.100000e+09	1.309955e+11	0.000000e+00	5.189873e-01	1.176303e+13	5.995783e+13	3.718026e+13	4.728094e+03	3.523705e+03	1.574048e+03	0	1.818512e-04
4.110000e+09	1.293556e+11	0.000000e+00	5.189873e-01	1.172442e+13	5.981054e+13	3.710246e+13	4.726057e+03	3.522935e+03	1.573705e+03	0	1.810892e-04
4.120000e+09	1.277257e+11	0.000000e+00	5.189873e-01	1.168604e+13	5.966397e+13	3.702501e+13	4.724028e+03	3.522168e+03	1.573362e+03	0	1.803253e-04
4.130000e+09	1.261055e+11	0.000000e+00	5.189873e-01	1.164787e+13	5.951810e+13	3.694788e+13	4.722005e+03	3.521403e+03	1.573020e+03	0	1.795596e-04
4.140000e+09	1.244950e+11	0.000000e+00	5.189873e-01	1.160993e+13	5.937294e+13	3.687110e+13	4.719989e+03	3.520640e+03	1.572679e+03	0	1.787920e-04
4.150000e+09	1.228942e+11	0.000000e+00	5.189873e-01	1.157220e+13	5.922847e+13	3.679464e+13	4.717979e+03	3.519879e+03	1.572339e+03	0	1.780223e-04
4.160000e+09	1.213030e+11	0.000000e+00	5.189873e-01	1.153468e+13	5.908470e+13	3.671852e+13	4.715976e+03	3.519120e+03	1.572000e+03	0	1.772507e-04
4.170000e+09	1.197212e+11	0.000000e+00	5.189873e-01	1.149738e+13	5.894161e+13	3.664273e+13	4.713980e+03	3.518363e+03	1.571662e+03	0	1.764768e-04
4.180000e+09	1.181489e+11	0.000000e+00	5.189873e-01	1.146029e+13	5.879921e+13	3.656727e+13	4.711990e+03	3.517609e+03	1.571325e+03	0	1.757009e-04
4.190000e+09	1.165858e+11	0.000000e+00	5.189873e-01	1.142341e+13	5.865749e+13	3.649213e+13	4.710006e+03	3.516856e+03	1.570989e+03	0	1.749226e-04
4.200000e+09	1.150321e+11	0.000000e+00	5.189873e-01	1.138674e+13	5.851645e+13	3.641732e+13	4.708028e+03	3.516106e+03	1.570654e+03	0	1.741420e-04
4.210000e+09	1.134874e+11	0.000000e+00	5.189873e-01	1.135027e+13	5.837607e+13	3.634283e+13	4.706057e+03	3.515357e+03	1.570320e+03	0	1.733591e-04
4.220000e+09	1.119519e+11	0.000000e+00	5.189873e-01	1.131401e+13	5.823636e+13	3.626866e+13	4.704093e+03	3.514611e+03	1.569986e+03	0	1.725737e-04
4.230000e+09	1.104254e+11	0.000000e+00	5.189873e-01	1.127796e+13	5.809731e+13	3.619480e+13	4.702134e+03	3.513867e+03	1.569654e+03	0	1.717857e-04
4.240000e+09	1.089079e+11	0.000000e+00	5.189873e-01	1.124210e+13	5.795891e+13	3.612126e+13	4.700182e+03	3.513125e+03	1.569322e+03	0	1.709951e-04
4.250000e+09	6.571336e+12	1.064026e-01	5.189873e-01	1.120644e+13	5.782117e+13	3.604804e+13	4.698236e+03	3.512384e+03	1.568992e+03	0	6.230941e-04
4.350000e+09	6.742571e+12	1.228919e-01	5.189873e-01	1.119952e+13	5.743260e+13	3.533268e+13	4.697778e+03	3.511646e+03	1.568662e+03	1	6.209478e-04
4.450000e+09	6.643470e+12	1.340489e-01	5.189873e-01	1.113826e+13	5.620177e+13	3.464675e+13	4.693608e+03	3.504197e+03	1.565334e+03	1	6.128536e-04
4.550000e+09	6.619520e+12	1.448115e-01	5.189873e-01	1.107355e+13	5.503771e+13	3.398857e+13	4.689303e+03	3.497073e+03	1.562152e+03	1	6.072843e-04
4.650000e+09	6.514796e+12	1.546253e-01	5.189873e-01	1.100896e+13	5.393558e+13	3.335655e+13	4.685041e+03	3.490245e+03	1.559102e+03	1	5.997034e-04
4.750000e+09	6.757303e+12	1.633182e-01	5.189873e-01	1.094099e+13	5.288857e+13	3.274923e+13	4.680632e+03	3.483690e+03	1.556174e+03	1	6.031629e-04
4.850000e+09	6.601783e+12	1.699011e-01	5.189873e-01	1.088528e+13	5.189807e+13	3.216522e+13	4.676903e+03	3.477384e+03	1.553357e+03	1	5.955890e-04
4.950000e+09	6.750654e+12	1.770521e-01	5.189873e-01	1.082372e+13	5.095312e+13	3.160323e+13	4.672889e+03	3.471316e+03	1.550646e+03	1	5.968611e-04
5.050000e+09	6.595648e+12	1.827131e-01	5.189873e-01	1.077014e+13	5.005517e+13	3.106207e+13	4.669326e+03	3.465464e+03	1.548032e+03	1	5.897767e-04
5.150000e+09	6.692107e+12	1.888072e-01	5.189873e-01	1.071077e+13	4.919570e+13	3.054061e+13	4.665471e+03	3.459817e+03	1.545509e+03	1	5.899656e-04
5.250000e+09	6.539038e+12	1.937879e-01	5.189873e-01	1.065707e+13	4.837595e+13	3.003780e+13	4.661942e+03	3.454358e+03	1.543071e+03	1	5.832742e-04
5.350000e+09	6.604986e+12	1.991127e-01	5.189873e-01	1.059778e+13	4.758895e+13	2.955263e+13	4.658122e+03	3.449078e+03	1.540712e+03	1	5.829222e-04
5.450000e+09	6.475360e+12	2.041991e-01	5.189873e-01	1.054288e+13	4.683593e+13	2.908420e+13	4.654555e+03	3.443962e+03	1.538427e+03	1	5.769040e-04
5.550000e+09	6.515093e+12	2.090170e-01	5.189873e-01	1.048356e+13	4.611136e+13	2.863162e+13	4.650753e+03	3.439002e+03	1.536211e+03	1	5.760210e-04
5.650000e+09	6.593041e+12	2.136632e-01	5.189873e-01	1.042753e+13	4.541604e+13	2.819409e+13	4.647141e+03	3.434186e+03	1.534060e+03	1	5.763220e-04
5.750000e+09	6.457602e+12	2.175497e-01	5.189873e-01	1.037639e+13	4.474891e+13	2.777084e+13	4.643810e+03	3.429507e+03	1.531970e+03	1	5.707035e-04
5.850000e+09	6.476080e+12	2.217385e-01	5.189873e-01	1.032052e+13	4.410468e+13	2.736115e+13	4.640220e+03	3.424959e+03	1.529939e+03	1	5.694790e-04
5.950000e+09	6.531930e+12	2.257974e-01	5.189873e-01	1.026695e+13	4.348436e+13	2.696435e+13	4.636763e+03	3.420533e+03	1.527961e+03	1	5.693993e-04
6.050000e+09	6.413194e+12	2.296407e-01	5.189873e-01	1.021726e+13	4.288723e+13	2.657981e+13	4.633531e+03	3.416223e+03	1.526036e+03	1	5.643225e-04
6.150000e+09	6.457639e+12	2.333605e-01	5.189873e-01	1.016357e+13	4.230908e+13	2.620692e+13	4.630074e+03	3.412023e+03	1.524160e+03	1	5.640709e-04
6.250000e+09	6.457951e+12	2.368678e-01	5.189873e-01	1.011330e+13	4.175140e+13	2.584513e+13	4.626815e+03	3.407927e+03	1.522330e+03	1	5.626214e-04
6.350000e+09	6.495374e+12	2.403717e-01	5.189873e-01	1.006439e+13	4.121242e+13	2.549390e+13	4.623635e+03	3.403930e+03	1.520545e+03	1	5.622508e-04
6.450000e+09	6.375562e+12	2.433894e-01	5.189873e-01	1.001844e+13	4.069177e+13	2.515275e+13	4.620629e+03	3.400027e+03	1.518801e+03	1	5.575305e-04
6.550000e+09	6.405578e+12	2.466413e-01	5.189873e-01	9.968360e+12	4.018588e+13	2.482120e+13	4.617385e+03	3.396216e+03	1.517099e+03	1	5.570679e-04
6.650000e+09	6.398185e+12	2.497243e-01	5.189873e-01	9.920987e+12	3.969631e+13	2.449881e+13	4.614297e+03	3.392490e+03	1.515434e+03	1	5.555911e-04
6.750000e+09	6.423607e+12	2.528084e-01	5.189873e-01	9.874566e+12	3.922168e+13	2.418517e+13	4.611266e+03	3.388845e+03	1.513806e+03	1	5.550653e-04
6.850000e+09	6.315319e+12	2.555037e-01	5.189873e-01	9.830537e+12	3.876180e+13	2.387988e+13	4.608375e+03	3.385279e+03	1.512213e+03	1	5.508361e-04
6.950000e+09	6.335563e+12	2.583910e-01	5.189873e-01	9.782853e+12	3.831372e+13	2.358257e+13	4.605267e+03	3.381789e+03	1.510654e+03	1	5.502558e-04
7.050000e+09	6.320452e+12	2.611341e-01	5.189873e-01	9.737399e+12	3.787889e+13	2.329290e+13	4.602290e+03	3.378368e+03	1.509126e+03	1	5.487121e-04
7.150000e+09	6.337505e+12	2.638856e-01	5.189873e-01	9.692522e+12	3.745612e+13	2.301053e+13	4.599345e+03	3.375017e+03	1.507629e+03	1	5.480980e-04
7.250000e+09	6.239688e+12	2.665274e-01	5.189873e-01	9.649646e+12	3.704541e+13	2.273514e+13	4.596518e+03	3.371730e+03	1.506161e+03	1	5.442088e-04
7.350000e+09	6.252871e+12	2.691174e-01	5.189873e-01	9.603563e+12	3.664428e+13	2.246646e+13	4.593496e+03	3.368507e+03	1.504721e+03	1	5.435599e-04
7.450000e+09	6.265087e+12	2.716566e-01	5.189873e-01	9.559369e+12	3.625405e+13	2.220418e+13	4.590584e+03	3.365343e+03	1.503308e+03	1	5.429041e-04
7.550000e+09	6.245647e+12	2.740760e-01	5.189873e-01	9.516958e+12	3.587425e+13	2.194806e+13	4.587777e+03	3.362236e+03	1.501920e+03	1	5.413835e-04
7.650000e+09	6.255756e+12	2.765073e-01	5.189873e-01	9.474853e+12	3.550395e+13	2.169784e+13	4.584986e+03	3.359185e+03	1.500557e+03	1	5.407141e-04
7.750000e+09	6.166696e+12	2.788502e-01	5.189873e-01	9.434373e+12	3.514322e+13	2.145329e+13	4.582291e+03	3.356188e+03	1.499218e+03	1	5.372162e-04
7.850000e+09	6.174033e+12	2.811541e-01	5.189873e-01	9.391009e+12	3.479000e+13	2.121417e+13	4.579416e+03	3.353242e+03	1.497902e+03	1	5.365268e-04
7.950000e+09	6.180760e+12	2.834168e-01	5.189873e-01	9.349205e+12	3.444550e+13	2.098029e+13	4.576633e+03	3.350345e+03	1.496608e+03	1	5.358371e-04
8.050000e+09	6.159375e+12	2.856275e-01	5.189873e-01	9.308883e+12	3.410937e+13	2.075143e+13	4.573937e+03	3.347495e+03	1.495335e+03	1	5.343574e-04
8.150000e+09	6.164648e+12	2.878019e-01	5.189873e-01	9.268725e+12	3.378085e+13	2.052740e+13	4.571248e+03	3.344691e+03	1.494083e+03	1	5.336647e-04
8.250000e+09	6.169450e+12	2.899394e-01	5.189873e-01	9.229934e+12	3.346006e+13	2.030803e+13	4.568640e+03	3.341931e+03	1.492850e+03	1	5.329741e-04
8.350000e+09	6.089508e+12	2.920057e-01	5.189873e-01	9.192443e+12	3.314672e+13	2.009315e+13	4.566110e+03	3.339215e+03	1.491636e+03	1	5.298659e-04
8.450000e+09	6.092325e+12	2.940432e-01	5.189873e-01	9.152372e+12	3.283912e+13	1.988258e+13	4.563415e+03	3.336540e+03	1.490441e+03	1	5.291641e-04
8.550000e+09	6.094786e+12	2.960477e-01	5.189873e-01	9.113569e+12	3.253836e+13	1.967617e+13	4.560794e+03	3.333904e+03	1.489264e+03	1	5.284662e-04
8.650000e+09	6.071946e+12	2.980096e-01	5.189873e-01	9.075974e+12	3.224418e+13	1.947378e+13	4.558246e+03	3.331306e+03	1.488103e+03	1	5.270550e-04
8.750000e+09	6.073436e+12	2.999428e-01	5.189873e-01	9.038400e+12	3.195595e+13	1.927526e+13	4.555695e+03	3.328745e+03	1.486960e+03	1	5.263604e-04
8.850000e+09	6.074652e+12	3.018461e-01	5.189873e-01	9.001954e+12	3.167384e+13	1.908049e+13	4.553211e+03	3.326221e+03	1.485832e+03	1	5.256707e-04
8.950000e+09	6.075617e+12	3.037204e-01	5.189873e-01	8.966588e+12	3.139765e+13	1.888933e+13	4.550793e+03	3.323731e+03	1.484720e+03	1	5.249862e-04
9.050000e+09	6.001855e+12	3.054171e-01	5.189873e-01	8.932255e+12	3.112719e+13	1.870166e+13	4.548437e+03	3.321276e+03	1.483623e+03	1	5.222121e-04
9.150000e+09	6.001347e+12	3.072135e-01	5.189873e-01	8.895510e+12	3.086099e+13	1.851737e+13	4.545923e+03	3.318853e+03	1.482541e+03	1	5.215201e-04
9.250000e+09	6.000652e+12	3.089835e-01	5.189873e-01	8.859788e+12	3.060006e+13	1.833635e+13	4.543469e+03	3.316462e+03	1.481473e+03	1	5.208341e-04
9.350000e+09	5.978184e+12	3.107190e-01	5.189873e-01	8.825047e+12	3.034426e+13	1.815849e+13	4.541075e+03	3.314101e+03	1.480418e+03	1	5.195324e-04
9.450000e+09	5.976869e+12	3.124318e-01	5.189873e-01	8.790257e+12	3.009303e+13	1.798370e+13	4.538673e+03	3.311770e+03	1.479377e+03	1	5.188532e-04
9.550000e+09	5.975415e+12	3.141205e-01	5.189873e-01	8.756391e+12	2.984659e+13	1.781187e+13	4.536327e+03	3.309468e+03	1.478348e+03	1	5.181804e-04
9.650000e+09	5.973834e+12	3.157856e-01	5.189873e-01	8.723414e+12	2.960480e+13	1.764292e+13	4.534036e+03	3.307193e+03	1.477332e+03	1	5.175140e-04
9.750000e+09	5.908082e+12	3.173040e-01	5.189873e-01	8.691290e+12	2.936750e+13	1.747676e+13	4.531796e+03	3.304946e+03	1.476328e+03	1	5.150454e-04
9.850000e+09	5.905373e+12	3.189066e-01	5.189873e-01	8.657043e+12	2.913347e+13	1.731331e+13	4.529413e+03	3.302726e+03	1.475337e+03	1	5.143738e-04
9.950000e+09	5.902577e+12	3.204873e-01	5.189873e-01	8.623649e+12	2.890362e+13	1.715249e+13	4.527081e+03	3.300531e+03	1.474356e+03	1	5.137089e-04
