#t		Qconv[W]	Ri[Rp]		R*[Rp]		Qc[W]		Qm[W]		Qr[W]		Tcmb[K]		Tl[K]		Tup[K]		RiFlag		Bs[T]
0.000000e+00	4.434968e+12	0.000000e+00	4.914286e-01	1.095037e+14	8.587309e+13	1.911382e+14	6.695105e+03	3.755433e+03	2.292249e+03	0	6.025190e-04
1.000000e+07	4.362276e+12	0.000000e+00	4.914286e-01	1.079011e+14	8.752727e+13	1.900791e+14	6.676006e+03	3.766531e+03	2.299023e+03	0	5.992090e-04
2.000000e+07	4.290972e+12	0.000000e+00	4.914286e-01	1.063290e+14	8.917128e+13	1.890280e+14	6.657184e+03	3.777405e+03	2.305661e+03	0	5.959262e-04
3.000000e+07	4.221027e+12	0.000000e+00	4.914286e-01	1.047866e+14	9.080428e+13	1.879847e+14	6.638636e+03	3.788058e+03	2.312163e+03	0	5.926705e-04
4.000000e+07	4.152410e+12	0.000000e+00	4.914286e-01	1.032733e+14	9.242546e+13	1.869493e+14	6.620355e+03	3.798491e+03	2.318532e+03	0	5.894415e-04
5.000000e+07	4.085096e+12	0.000000e+00	4.914286e-01	1.017886e+14	9.403408e+13	1.859215e+14	6.602337e+03	3.808709e+03	2.324768e+03	0	5.862390e-04
6.000000e+07	4.019055e+12	0.000000e+00	4.914286e-01	1.003318e+14	9.562939e+13	1.849014e+14	6.584577e+03	3.818713e+03	2.330874e+03	0	5.830627e-04
7.000000e+07	3.954262e+12	0.000000e+00	4.914286e-01	9.890235e+13	9.721066e+13	1.838889e+14	6.567070e+03	3.828505e+03	2.336852e+03	0	5.799124e-04
8.000000e+07	3.890691e+12	0.000000e+00	4.914286e-01	9.749969e+13	9.877722e+13	1.828839e+14	6.549811e+03	3.838089e+03	2.342701e+03	0	5.767880e-04
9.000000e+07	3.828317e+12	0.000000e+00	4.914286e-01	9.612325e+13	1.003284e+14	1.818864e+14	6.532796e+03	3.847467e+03	2.348425e+03	0	5.736890e-04
1.000000e+08	3.767115e+12	0.000000e+00	4.914286e-01	9.477252e+13	1.018636e+14	1.808963e+14	6.516020e+03	3.856641e+03	2.354025e+03	0	5.706155e-04
1.100000e+08	3.707061e+12	0.000000e+00	4.914286e-01	9.344696e+13	1.033822e+14	1.799136e+14	6.499479e+03	3.865615e+03	2.359503e+03	0	5.675671e-04
1.200000e+08	3.648133e+12	0.000000e+00	4.914286e-01	9.214607e+13	1.048835e+14	1.789381e+14	6.483167e+03	3.874390e+03	2.364859e+03	0	5.645436e-04
1.300000e+08	3.590307e+12	0.000000e+00	4.914286e-01	9.086935e+13	1.063672e+14	1.779699e+14	6.467082e+03	3.882969e+03	2.370095e+03	0	5.615449e-04
1.400000e+08	3.533561e+12	0.000000e+00	4.914286e-01	8.961631e+13	1.078326e+14	1.770088e+14	6.451219e+03	3.891355e+03	2.375214e+03	0	5.585707e-04
1.500000e+08	3.477874e+12	0.000000e+00	4.914286e-01	8.838647e+13	1.092794e+14	1.760549e+14	6.435574e+03	3.899550e+03	2.380216e+03	0	5.556208e-04
1.600000e+08	3.423223e+12	0.000000e+00	4.914286e-01	8.717938e+13	1.107069e+14	1.751079e+14	6.420143e+03	3.907557e+03	2.385104e+03	0	5.526952e-04
1.700000e+08	3.369590e+12	0.000000e+00	4.914286e-01	8.599458e+13	1.121148e+14	1.741680e+14	6.404921e+03	3.915379e+03	2.389878e+03	0	5.497935e-04
1.800000e+08	3.316953e+12	0.000000e+00	4.914286e-01	8.483163e+13	1.135027e+14	1.732350e+14	6.389905e+03	3.923017e+03	2.394540e+03	0	5.469157e-04
1.900000e+08	3.265292e+12	0.000000e+00	4.914286e-01	8.369009e+13	1.148701e+14	1.723089e+14	6.375092e+03	3.930476e+03	2.399092e+03	0	5.440614e-04
2.000000e+08	3.214588e+12	0.000000e+00	4.914286e-01	8.256953e+13	1.162169e+14	1.713896e+14	6.360477e+03	3.937756e+03	2.403536e+03	0	5.412307e-04
2.100000e+08	3.164823e+12	0.000000e+00	4.914286e-01	8.146956e+13	1.175426e+14	1.704770e+14	6.346057e+03	3.944861e+03	2.407873e+03	0	5.384232e-04
2.200000e+08	3.115977e+12	0.000000e+00	4.914286e-01	8.038974e+13	1.188469e+14	1.695711e+14	6.331828e+03	3.951792e+03	2.412104e+03	0	5.356388e-04
2.300000e+08	3.068033e+12	0.000000e+00	4.914286e-01	7.932970e+13	1.201295e+14	1.686719e+14	6.317788e+03	3.958554e+03	2.416231e+03	0	5.328774e-04
2.400000e+08	3.020972e+12	0.000000e+00	4.914286e-01	7.828904e+13	1.213903e+14	1.677793e+14	6.303931e+03	3.965148e+03	2.420256e+03	0	5.301387e-04
2.500000e+08	2.974778e+12	0.000000e+00	4.914286e-01	7.726738e+13	1.226290e+14	1.668932e+14	6.290256e+03	3.971576e+03	2.424179e+03	0	5.274227e-04
2.600000e+08	2.929433e+12	0.000000e+00	4.914286e-01	7.626434e+13	1.238454e+14	1.660137e+14	6.276758e+03	3.977842e+03	2.428004e+03	0	5.247291e-04
2.700000e+08	2.884920e+12	0.000000e+00	4.914286e-01	7.527956e+13	1.250393e+14	1.651405e+14	6.263435e+03	3.983947e+03	2.431730e+03	0	5.220577e-04
2.800000e+08	2.841223e+12	0.000000e+00	4.914286e-01	7.431268e+13	1.262106e+14	1.642737e+14	6.250284e+03	3.989894e+03	2.435360e+03	0	5.194085e-04
2.900000e+08	2.798327e+12	0.000000e+00	4.914286e-01	7.336335e+13	1.273591e+14	1.634133e+14	6.237300e+03	3.995685e+03	2.438895e+03	0	5.167812e-04
3.000000e+08	2.756214e+12	0.000000e+00	4.914286e-01	7.243122e+13	1.284848e+14	1.625591e+14	6.224482e+03	4.001324e+03	2.442337e+03	0	5.141758e-04
3.100000e+08	2.714871e+12	0.000000e+00	4.914286e-01	7.151595e+13	1.295875e+14	1.617111e+14	6.211826e+03	4.006812e+03	2.445687e+03	0	5.115919e-04
3.200000e+08	2.674281e+12	0.000000e+00	4.914286e-01	7.061722e+13	1.306672e+14	1.608693e+14	6.199330e+03	4.012151e+03	2.448946e+03	0	5.090295e-04
3.300000e+08	2.634430e+12	0.000000e+00	4.914286e-01	6.973470e+13	1.317238e+14	1.600336e+14	6.186989e+03	4.017345e+03	2.452116e+03	0	5.064884e-04
3.400000e+08	2.595303e+12	0.000000e+00	4.914286e-01	6.886807e+13	1.327573e+14	1.592040e+14	6.174803e+03	4.022395e+03	2.455198e+03	0	5.039684e-04
3.500000e+08	2.556886e+12	0.000000e+00	4.914286e-01	6.801701e+13	1.337678e+14	1.583805e+14	6.162767e+03	4.027304e+03	2.458195e+03	0	5.014694e-04
3.600000e+08	2.519166e+12	0.000000e+00	4.914286e-01	6.718123e+13	1.347551e+14	1.575628e+14	6.150880e+03	4.032074e+03	2.461106e+03	0	4.989911e-04
3.700000e+08	2.482127e+12	0.000000e+00	4.914286e-01	6.636042e+13	1.357194e+14	1.567512e+14	6.139138e+03	4.036707e+03	2.463934e+03	0	4.965336e-04
3.800000e+08	2.445758e+12	0.000000e+00	4.914286e-01	6.555429e+13	1.366606e+14	1.559453e+14	6.127539e+03	4.041207e+03	2.466681e+03	0	4.940965e-04
3.900000e+08	2.410044e+12	0.000000e+00	4.914286e-01	6.476254e+13	1.375789e+14	1.551453e+14	6.116081e+03	4.045574e+03	2.469346e+03	0	4.916797e-04
4.000000e+08	2.374973e+12	0.000000e+00	4.914286e-01	6.398490e+13	1.384743e+14	1.543511e+14	6.104760e+03	4.049811e+03	2.471933e+03	0	4.892830e-04
4.100000e+08	2.340532e+12	0.000000e+00	4.914286e-01	6.322108e+13	1.393469e+14	1.535626e+14	6.093575e+03	4.053921e+03	2.474441e+03	0	4.869064e-04
4.200000e+08	2.306709e+12	0.000000e+00	4.914286e-01	6.247082e+13	1.401968e+14	1.527798e+14	6.082523e+03	4.057905e+03	2.476873e+03	0	4.845496e-04
4.300000e+08	2.273491e+12	0.000000e+00	4.914286e-01	6.173385e+13	1.410241e+14	1.520027e+14	6.071602e+03	4.061767e+03	2.479230e+03	0	4.822124e-04
4.400000e+08	2.240867e+12	0.000000e+00	4.914286e-01	6.100990e+13	1.418289e+14	1.512311e+14	6.060809e+03	4.065507e+03	2.481513e+03	0	4.798947e-04
4.500000e+08	2.208824e+12	0.000000e+00	4.914286e-01	6.029872e+13	1.426114e+14	1.504651e+14	6.050142e+03	4.069128e+03	2.483724e+03	0	4.775963e-04
4.600000e+08	2.177351e+12	0.000000e+00	4.914286e-01	5.960005e+13	1.433718e+14	1.497045e+14	6.039599e+03	4.072633e+03	2.485863e+03	0	4.753171e-04
4.700000e+08	2.146438e+12	0.000000e+00	4.914286e-01	5.891365e+13	1.441101e+14	1.489494e+14	6.029178e+03	4.076023e+03	2.487932e+03	0	4.730569e-04
4.800000e+08	2.116072e+12	0.000000e+00	4.914286e-01	5.823928e+13	1.448265e+14	1.481998e+14	6.018877e+03	4.079300e+03	2.489932e+03	0	4.708155e-04
4.900000e+08	2.086243e+12	0.000000e+00	4.914286e-01	5.757670e+13	1.455214e+14	1.474555e+14	6.008693e+03	4.082466e+03	2.491865e+03	0	4.685927e-04
5.000000e+08	2.056940e+12	0.000000e+00	4.914286e-01	5.692567e+13	1.461947e+14	1.467165e+14	5.998624e+03	4.085524e+03	2.493731e+03	0	4.663885e-04
5.100000e+08	2.028154e+12	0.000000e+00	4.914286e-01	5.628596e+13	1.468468e+14	1.459828e+14	5.988669e+03	4.088476e+03	2.495533e+03	0	4.642026e-04
5.200000e+08	1.999872e+12	0.000000e+00	4.914286e-01	5.565736e+13	1.474778e+14	1.452543e+14	5.978826e+03	4.091322e+03	2.497270e+03	0	4.620348e-04
5.300000e+08	1.972087e+12	0.000000e+00	4.914286e-01	5.503963e+13	1.480879e+14	1.445311e+14	5.969092e+03	4.094066e+03	2.498945e+03	0	4.598850e-04
5.400000e+08	1.944787e+12	0.000000e+00	4.914286e-01	5.443258e+13	1.486774e+14	1.438130e+14	5.959466e+03	4.096709e+03	2.500559e+03	0	4.577531e-04
5.500000e+08	1.917963e+12	0.000000e+00	4.914286e-01	5.383598e+13	1.492465e+14	1.430999e+14	5.949945e+03	4.099254e+03	2.502112e+03	0	4.556388e-04
5.600000e+08	1.891606e+12	0.000000e+00	4.914286e-01	5.324962e+13	1.497955e+14	1.423920e+14	5.940529e+03	4.101701e+03	2.503605e+03	0	4.535420e-04
5.700000e+08	1.865706e+12	0.000000e+00	4.914286e-01	5.267331e+13	1.503244e+14	1.416891e+14	5.931215e+03	4.104053e+03	2.505041e+03	0	4.514625e-04
5.800000e+08	1.840254e+12	0.000000e+00	4.914286e-01	5.210684e+13	1.508337e+14	1.409912e+14	5.922001e+03	4.106312e+03	2.506420e+03	0	4.494002e-04
5.900000e+08	1.815242e+12	0.000000e+00	4.914286e-01	5.155003e+13	1.513236e+14	1.402982e+14	5.912886e+03	4.108479e+03	2.507742e+03	0	4.473548e-04
6.000000e+08	1.790660e+12	0.000000e+00	4.914286e-01	5.100267e+13	1.517942e+14	1.396101e+14	5.903868e+03	4.110556e+03	2.509010e+03	0	4.453263e-04
6.100000e+08	1.766501e+12	0.000000e+00	4.914286e-01	5.046458e+13	1.522459e+14	1.389269e+14	5.894946e+03	4.112545e+03	2.510224e+03	0	4.433144e-04
6.200000e+08	1.742754e+12	0.000000e+00	4.914286e-01	4.993558e+13	1.526790e+14	1.382486e+14	5.886118e+03	4.114448e+03	2.511386e+03	0	4.413190e-04
6.300000e+08	1.719414e+12	0.000000e+00	4.914286e-01	4.941549e+13	1.530936e+14	1.375750e+14	5.877382e+03	4.116266e+03	2.512496e+03	0	4.393400e-04
6.400000e+08	1.696470e+12	0.000000e+00	4.914286e-01	4.890412e+13	1.534900e+14	1.369061e+14	5.868736e+03	4.118001e+03	2.513555e+03	0	4.373771e-04
6.500000e+08	1.673916e+12	0.000000e+00	4.914286e-01	4.840132e+13	1.538686e+14	1.362420e+14	5.860180e+03	4.119654e+03	2.514564e+03	0	4.354301e-04
6.600000e+08	1.651743e+12	0.000000e+00	4.914286e-01	4.790690e+13	1.542295e+14	1.355826e+14	5.851711e+03	4.121228e+03	2.515524e+03	0	4.334990e-04
6.700000e+08	1.629945e+12	0.000000e+00	4.914286e-01	4.742070e+13	1.545731e+14	1.349277e+14	5.843329e+03	4.122724e+03	2.516437e+03	0	4.315836e-04
6.800000e+08	1.608513e+12	0.000000e+00	4.914286e-01	4.694256e+13	1.548996e+14	1.342775e+14	5.835031e+03	4.124143e+03	2.517303e+03	0	4.296836e-04
6.900000e+08	1.587441e+12	0.000000e+00	4.914286e-01	4.647231e+13	1.552093e+14	1.336319e+14	5.826817e+03	4.125487e+03	2.518124e+03	0	4.277990e-04
7.000000e+08	1.566721e+12	0.000000e+00	4.914286e-01	4.600982e+13	1.555025e+14	1.329907e+14	5.818685e+03	4.126757e+03	2.518899e+03	0	4.259296e-04
7.100000e+08	1.546346e+12	0.000000e+00	4.914286e-01	4.555491e+13	1.557794e+14	1.323541e+14	5.810634e+03	4.127955e+03	2.519630e+03	0	4.240751e-04
7.200000e+08	1.526309e+12	0.000000e+00	4.914286e-01	4.510743e+13	1.560403e+14	1.317219e+14	5.802662e+03	4.129083e+03	2.520319e+03	0	4.222355e-04
7.300000e+08	1.506604e+12	0.000000e+00	4.914286e-01	4.466726e+13	1.562855e+14	1.310941e+14	5.794768e+03	4.130141e+03	2.520965e+03	0	4.204106e-04
7.400000e+08	1.487224e+12	0.000000e+00	4.914286e-01	4.423423e+13	1.565153e+14	1.304708e+14	5.786951e+03	4.131131e+03	2.521569e+03	0	4.186002e-04
7.500000e+08	1.468163e+12	0.000000e+00	4.914286e-01	4.380821e+13	1.567299e+14	1.298517e+14	5.779209e+03	4.132056e+03	2.522133e+03	0	4.168041e-04
7.600000e+08	1.449414e+12	0.000000e+00	4.914286e-01	4.338905e+13	1.569296e+14	1.292370e+14	5.771542e+03	4.132915e+03	2.522658e+03	0	4.150223e-04
7.700000e+08	1.430971e+12	0.000000e+00	4.914286e-01	4.297663e+13	1.571146e+14	1.286265e+14	5.763948e+03	4.133710e+03	2.523143e+03	0	4.132545e-04
7.800000e+08	1.412829e+12	0.000000e+00	4.914286e-01	4.257082e+13	1.572853e+14	1.280203e+14	5.756426e+03	4.134444e+03	2.523591e+03	0	4.115006e-04
7.900000e+08	1.394980e+12	0.000000e+00	4.914286e-01	4.217147e+13	1.574419e+14	1.274183e+14	5.748975e+03	4.135116e+03	2.524001e+03	0	4.097604e-04
8.000000e+08	1.377420e+12	0.000000e+00	4.914286e-01	4.177847e+13	1.575847e+14	1.268205e+14	5.741593e+03	4.135728e+03	2.524375e+03	0	4.080338e-04
8.100000e+08	1.360143e+12	0.000000e+00	4.914286e-01	4.139169e+13	1.577140e+14	1.262268e+14	5.734280e+03	4.136282e+03	2.524713e+03	0	4.063205e-04
8.200000e+08	1.343143e+12	0.000000e+00	4.914286e-01	4.101101e+13	1.578300e+14	1.256372e+14	5.727035e+03	4.136779e+03	2.525016e+03	0	4.046206e-04
8.300000e+08	1.326414e+12	0.000000e+00	4.914286e-01	4.063631e+13	1.579329e+14	1.250517e+14	5.719856e+03	4.137219e+03	2.525285e+03	0	4.029338e-04
8.400000e+08	1.309952e+12	0.000000e+00	4.914286e-01	4.026747e+13	1.580230e+14	1.244703e+14	5.712743e+03	4.137605e+03	2.525521e+03	0	4.012599e-04
8.500000e+08	1.293751e+12	0.000000e+00	4.914286e-01	3.990438e+13	1.581007e+14	1.238929e+14	5.705693e+03	4.137937e+03	2.525723e+03	0	3.995988e-04
8.600000e+08	1.277806e+12	0.000000e+00	4.914286e-01	3.954693e+13	1.581660e+14	1.233194e+14	5.698708e+03	4.138217e+03	2.525894e+03	0	3.979504e-04
8.700000e+08	1.262112e+12	0.000000e+00	4.914286e-01	3.919500e+13	1.582194e+14	1.227499e+14	5.691784e+03	4.138445e+03	2.526033e+03	0	3.963145e-04
8.800000e+08	1.246664e+12	0.000000e+00	4.914286e-01	3.884849e+13	1.582610e+14	1.221843e+14	5.684922e+03	4.138623e+03	2.526142e+03	0	3.946909e-04
8.900000e+08	1.231458e+12	0.000000e+00	4.914286e-01	3.850729e+13	1.582912e+14	1.216226e+14	5.678121e+03	4.138752e+03	2.526220e+03	0	3.930795e-04
9.000000e+08	1.216488e+12	0.000000e+00	4.914286e-01	3.817131e+13	1.583100e+14	1.210647e+14	5.671379e+03	4.138832e+03	2.526270e+03	0	3.914802e-04
9.100000e+08	1.201750e+12	0.000000e+00	4.914286e-01	3.784043e+13	1.583179e+14	1.205107e+14	5.664696e+03	4.138866e+03	2.526290e+03	0	3.898929e-04
9.200000e+08	1.187239e+12	0.000000e+00	4.914286e-01	3.751457e+13	1.583149e+14	1.199604e+14	5.658071e+03	4.138853e+03	2.526282e+03	0	3.883173e-04
9.300000e+08	1.172952e+12	0.000000e+00	4.914286e-01	3.719362e+13	1.583014e+14	1.194140e+14	5.651502e+03	4.138796e+03	2.526247e+03	0	3.867533e-04
9.400000e+08	1.158884e+12	0.000000e+00	4.914286e-01	3.687749e+13	1.582777e+14	1.188712e+14	5.644990e+03	4.138694e+03	2.526185e+03	0	3.852008e-04
9.500000e+08	1.145030e+12	0.000000e+00	4.914286e-01	3.656609e+13	1.582438e+14	1.183322e+14	5.638532e+03	4.138549e+03	2.526097e+03	0	3.836597e-04
9.600000e+08	1.131386e+12	0.000000e+00	4.914286e-01	3.625933e+13	1.582001e+14	1.177968e+14	5.632130e+03	4.138362e+03	2.525983e+03	0	3.821298e-04
9.700000e+08	1.117949e+12	0.000000e+00	4.914286e-01	3.595712e+13	1.581468e+14	1.172651e+14	5.625780e+03	4.138134e+03	2.525844e+03	0	3.806109e-04
9.800000e+08	1.104714e+12	0.000000e+00	4.914286e-01	3.565936e+13	1.580840e+14	1.167370e+14	5.619484e+03	4.137866e+03	2.525680e+03	0	3.791030e-04
9.900000e+08	1.091678e+12	0.000000e+00	4.914286e-01	3.536599e+13	1.580122e+14	1.162125e+14	5.613239e+03	4.137559e+03	2.525492e+03	0	3.776059e-04
1.000000e+09	1.078836e+12	0.000000e+00	4.914286e-01	3.507690e+13	1.579313e+14	1.156916e+14	5.607046e+03	4.137213e+03	2.525281e+03	0	3.761195e-04
1.010000e+09	1.066186e+12	0.000000e+00	4.914286e-01	3.479203e+13	1.578417e+14	1.151742e+14	5.600903e+03	4.136829e+03	2.525047e+03	0	3.746435e-04
1.020000e+09	1.053723e+12	0.000000e+00	4.914286e-01	3.451129e+13	1.577435e+14	1.146603e+14	5.594810e+03	4.136409e+03	2.524790e+03	0	3.731780e-04
1.030000e+09	1.041444e+12	0.000000e+00	4.914286e-01	3.423460e+13	1.576370e+14	1.141499e+14	5.588766e+03	4.135952e+03	2.524512e+03	0	3.717228e-04
1.040000e+09	1.029345e+12	0.000000e+00	4.914286e-01	3.396189e+13	1.575224e+14	1.136429e+14	5.582771e+03	4.135461e+03	2.524212e+03	0	3.702777e-04
1.050000e+09	1.017423e+12	0.000000e+00	4.914286e-01	3.369309e+13	1.573998e+14	1.131393e+14	5.576823e+03	4.134935e+03	2.523891e+03	0	3.688426e-04
1.060000e+09	1.005674e+12	0.000000e+00	4.914286e-01	3.342811e+13	1.572696e+14	1.126392e+14	5.570922e+03	4.134376e+03	2.523550e+03	0	3.674174e-04
1.070000e+09	9.940958e+11	0.000000e+00	4.914286e-01	3.316689e+13	1.571318e+14	1.121424e+14	5.565067e+03	4.133784e+03	2.523188e+03	0	3.660019e-04
1.080000e+09	9.826847e+11	0.000000e+00	4.914286e-01	3.290936e+13	1.569866e+14	1.116489e+14	5.559258e+03	4.133160e+03	2.522807e+03	0	3.645961e-04
1.090000e+09	9.714376e+11	0.000000e+00	4.914286e-01	3.265545e+13	1.568343e+14	1.111588e+14	5.553494e+03	4.132505e+03	2.522408e+03	0	3.631998e-04
1.100000e+09	9.603513e+11	0.000000e+00	4.914286e-01	3.240509e+13	1.566750e+14	1.106720e+14	5.547774e+03	4.131819e+03	2.521989e+03	0	3.618128e-04
1.110000e+09	9.494229e+11	0.000000e+00	4.914286e-01	3.215821e+13	1.565089e+14	1.101884e+14	5.542098e+03	4.131104e+03	2.521552e+03	0	3.604352e-04
1.120000e+09	9.386495e+11	0.000000e+00	4.914286e-01	3.191475e+13	1.563362e+14	1.097081e+14	5.536465e+03	4.130359e+03	2.521098e+03	0	3.590667e-04
1.130000e+09	9.280282e+11	0.000000e+00	4.914286e-01	3.167466e+13	1.561570e+14	1.092309e+14	5.530875e+03	4.129586e+03	2.520626e+03	0	3.577072e-04
1.140000e+09	9.175561e+11	0.000000e+00	4.914286e-01	3.143786e+13	1.559716e+14	1.087570e+14	5.525327e+03	4.128786e+03	2.520137e+03	0	3.563566e-04
1.150000e+09	9.072305e+11	0.000000e+00	4.914286e-01	3.120429e+13	1.557801e+14	1.082862e+14	5.519820e+03	4.127958e+03	2.519632e+03	0	3.550148e-04
1.160000e+09	8.970486e+11	0.000000e+00	4.914286e-01	3.097390e+13	1.555827e+14	1.078186e+14	5.514353e+03	4.127104e+03	2.519111e+03	0	3.536817e-04
1.170000e+09	8.870080e+11	0.000000e+00	4.914286e-01	3.074663e+13	1.553795e+14	1.073541e+14	5.508927e+03	4.126224e+03	2.518574e+03	0	3.523572e-04
1.180000e+09	8.771058e+11	0.000000e+00	4.914286e-01	3.052242e+13	1.551706e+14	1.068927e+14	5.503541e+03	4.125319e+03	2.518021e+03	0	3.510411e-04
1.190000e+09	8.673398e+11	0.000000e+00	4.914286e-01	3.030122e+13	1.549564e+14	1.064343e+14	5.498194e+03	4.124389e+03	2.517454e+03	0	3.497333e-04
1.200000e+09	8.577072e+11	0.000000e+00	4.914286e-01	3.008297e+13	1.547368e+14	1.059790e+14	5.492886e+03	4.123435e+03	2.516872e+03	0	3.484338e-04
1.210000e+09	8.482058e+11	0.000000e+00	4.914286e-01	2.986762e+13	1.545121e+14	1.055267e+14	5.487616e+03	4.122458e+03	2.516275e+03	0	3.471424e-04
1.220000e+09	8.388331e+11	0.000000e+00	4.914286e-01	2.965511e+13	1.542824e+14	1.050775e+14	5.482383e+03	4.121458e+03	2.515665e+03	0	3.458590e-04
1.230000e+09	8.295868e+11	0.000000e+00	4.914286e-01	2.944540e+13	1.540478e+14	1.046311e+14	5.477188e+03	4.120436e+03	2.515041e+03	0	3.445836e-04
1.240000e+09	8.204646e+11	0.000000e+00	4.914286e-01	2.923843e+13	1.538085e+14	1.041878e+14	5.472029e+03	4.119392e+03	2.514404e+03	0	3.433159e-04
1.250000e+09	8.114644e+11	0.000000e+00	4.914286e-01	2.903416e+13	1.535647e+14	1.037473e+14	5.466906e+03	4.118327e+03	2.513754e+03	0	3.420559e-04
1.260000e+09	8.025838e+11	0.000000e+00	4.914286e-01	2.883254e+13	1.533164e+14	1.033098e+14	5.461819e+03	4.117241e+03	2.513091e+03	0	3.408035e-04
1.270000e+09	7.938209e+11	0.000000e+00	4.914286e-01	2.863352e+13	1.530638e+14	1.028751e+14	5.456768e+03	4.116136e+03	2.512416e+03	0	3.395586e-04
1.280000e+09	7.851734e+11	0.000000e+00	4.914286e-01	2.843706e+13	1.528071e+14	1.024433e+14	5.451751e+03	4.115010e+03	2.511729e+03	0	3.383211e-04
1.290000e+09	7.766393e+11	0.000000e+00	4.914286e-01	2.824310e+13	1.525463e+14	1.020144e+14	5.446768e+03	4.113865e+03	2.511030e+03	0	3.370909e-04
1.300000e+09	7.682166e+11	0.000000e+00	4.914286e-01	2.805161e+13	1.522816e+14	1.015882e+14	5.441819e+03	4.112702e+03	2.510320e+03	0	3.358679e-04
1.310000e+09	7.599034e+11	0.000000e+00	4.914286e-01	2.786255e+13	1.520132e+14	1.011649e+14	5.436904e+03	4.111521e+03	2.509599e+03	0	3.346520e-04
1.320000e+09	7.516977e+11	0.000000e+00	4.914286e-01	2.767586e+13	1.517410e+14	1.007443e+14	5.432022e+03	4.110321e+03	2.508867e+03	0	3.334431e-04
1.330000e+09	7.435976e+11	0.000000e+00	4.914286e-01	2.749151e+13	1.514653e+14	1.003265e+14	5.427173e+03	4.109105e+03	2.508125e+03	0	3.322410e-04
1.340000e+09	7.356013e+11	0.000000e+00	4.914286e-01	2.730947e+13	1.511862e+14	9.991137e+13	5.422355e+03	4.107872e+03	2.507372e+03	0	3.310458e-04
1.350000e+09	7.277070e+11	0.000000e+00	4.914286e-01	2.712968e+13	1.509038e+14	9.949898e+13	5.417570e+03	4.106622e+03	2.506609e+03	0	3.298573e-04
1.360000e+09	7.199129e+11	0.000000e+00	4.914286e-01	2.695211e+13	1.506181e+14	9.908928e+13	5.412816e+03	4.105356e+03	2.505837e+03	0	3.286754e-04
1.370000e+09	7.122172e+11	0.000000e+00	4.914286e-01	2.677672e+13	1.503294e+14	9.868224e+13	5.408093e+03	4.104075e+03	2.505055e+03	0	3.275001e-04
1.380000e+09	7.046183e+11	0.000000e+00	4.914286e-01	2.660348e+13	1.500377e+14	9.827786e+13	5.403401e+03	4.102779e+03	2.504263e+03	0	3.263312e-04
1.390000e+09	6.971145e+11	0.000000e+00	4.914286e-01	2.643234e+13	1.497431e+14	9.787610e+13	5.398739e+03	4.101468e+03	2.503463e+03	0	3.251686e-04
1.400000e+09	6.897042e+11	0.000000e+00	4.914286e-01	2.626328e+13	1.494457e+14	9.747694e+13	5.394107e+03	4.100142e+03	2.502654e+03	0	3.240123e-04
1.410000e+09	6.823857e+11	0.000000e+00	4.914286e-01	2.609625e+13	1.491456e+14	9.708038e+13	5.389504e+03	4.098803e+03	2.501837e+03	0	3.228622e-04
1.420000e+09	6.751575e+11	0.000000e+00	4.914286e-01	2.593122e+13	1.488430e+14	9.668637e+13	5.384931e+03	4.097450e+03	2.501011e+03	0	3.217182e-04
1.430000e+09	6.680181e+11	0.000000e+00	4.914286e-01	2.576817e+13	1.485378e+14	9.629492e+13	5.380386e+03	4.096084e+03	2.500177e+03	0	3.205802e-04
1.440000e+09	6.609659e+11	0.000000e+00	4.914286e-01	2.560704e+13	1.482303e+14	9.590599e+13	5.375870e+03	4.094705e+03	2.499335e+03	0	3.194481e-04
1.450000e+09	6.539995e+11	0.000000e+00	4.914286e-01	2.544783e+13	1.479204e+14	9.551958e+13	5.371383e+03	4.093314e+03	2.498486e+03	0	3.183218e-04
1.460000e+09	6.471175e+11	0.000000e+00	4.914286e-01	2.529048e+13	1.476084e+14	9.513565e+13	5.366923e+03	4.091910e+03	2.497629e+03	0	3.172013e-04
1.470000e+09	6.403184e+11	0.000000e+00	4.914286e-01	2.513497e+13	1.472942e+14	9.475419e+13	5.362490e+03	4.090495e+03	2.496765e+03	0	3.160865e-04
1.480000e+09	6.336008e+11	0.000000e+00	4.914286e-01	2.498128e+13	1.469780e+14	9.437518e+13	5.358085e+03	4.089068e+03	2.495895e+03	0	3.149772e-04
1.490000e+09	6.269634e+11	0.000000e+00	4.914286e-01	2.482936e+13	1.466598e+14	9.399860e+13	5.353707e+03	4.087630e+03	2.495017e+03	0	3.138735e-04
1.500000e+09	6.204048e+11	0.000000e+00	4.914286e-01	2.467920e+13	1.463398e+14	9.362444e+13	5.349355e+03	4.086182e+03	2.494133e+03	0	3.127752e-04
1.510000e+09	6.139238e+11	0.000000e+00	4.914286e-01	2.453075e+13	1.460179e+14	9.325268e+13	5.345029e+03	4.084722e+03	2.493242e+03	0	3.116823e-04
1.520000e+09	6.075191e+11	0.000000e+00	4.914286e-01	2.438400e+13	1.456943e+14	9.288329e+13	5.340730e+03	4.083253e+03	2.492345e+03	0	3.105946e-04
1.530000e+09	6.011893e+11	0.000000e+00	4.914286e-01	2.423892e+13	1.453691e+14	9.251626e+13	5.336456e+03	4.081773e+03	2.491442e+03	0	3.095121e-04
1.540000e+09	5.949334e+11	0.000000e+00	4.914286e-01	2.409547e+13	1.450424e+14	9.215158e+13	5.332207e+03	4.080284e+03	2.490533e+03	0	3.084348e-04
1.550000e+09	5.887500e+11	0.000000e+00	4.914286e-01	2.395364e+13	1.447141e+14	9.178921e+13	5.327984e+03	4.078786e+03	2.489618e+03	0	3.073625e-04
1.560000e+09	5.826381e+11	0.000000e+00	4.914286e-01	2.381340e+13	1.443844e+14	9.142916e+13	5.323785e+03	4.077279e+03	2.488698e+03	0	3.062952e-04
1.570000e+09	5.765963e+11	0.000000e+00	4.914286e-01	2.367472e+13	1.440533e+14	9.107139e+13	5.319611e+03	4.075762e+03	2.487773e+03	0	3.052328e-04
1.580000e+09	5.706237e+11	0.000000e+00	4.914286e-01	2.353757e+13	1.437210e+14	9.071589e+13	5.315461e+03	4.074238e+03	2.486842e+03	0	3.041753e-04
1.590000e+09	5.647191e+11	0.000000e+00	4.914286e-01	2.340194e+13	1.433874e+14	9.036265e+13	5.311335e+03	4.072705e+03	2.485907e+03	0	3.031225e-04
1.600000e+09	5.588815e+11	0.000000e+00	4.914286e-01	2.326779e+13	1.430527e+14	9.001164e+13	5.307233e+03	4.071164e+03	2.484966e+03	0	3.020743e-04
1.610000e+09	5.531096e+11	0.000000e+00	4.914286e-01	2.313511e+13	1.427169e+14	8.966286e+13	5.303155e+03	4.069615e+03	2.484021e+03	0	3.010308e-04
1.620000e+09	5.474025e+11	0.000000e+00	4.914286e-01	2.300387e+13	1.423801e+14	8.931628e+13	5.299099e+03	4.068059e+03	2.483071e+03	0	2.999919e-04
1.630000e+09	5.417593e+11	0.000000e+00	4.914286e-01	2.287405e+13	1.420423e+14	8.897188e+13	5.295067e+03	4.066496e+03	2.482117e+03	0	2.989575e-04
1.640000e+09	5.361787e+11	0.000000e+00	4.914286e-01	2.274562e+13	1.417035e+14	8.862966e+13	5.291057e+03	4.064925e+03	2.481158e+03	0	2.979274e-04
1.650000e+09	5.306600e+11	0.000000e+00	4.914286e-01	2.261858e+13	1.413640e+14	8.828959e+13	5.287069e+03	4.063348e+03	2.480195e+03	0	2.969017e-04
1.660000e+09	5.252020e+11	0.000000e+00	4.914286e-01	2.249288e+13	1.410236e+14	8.795166e+13	5.283104e+03	4.061764e+03	2.479229e+03	0	2.958803e-04
1.670000e+09	5.198039e+11	0.000000e+00	4.914286e-01	2.236852e+13	1.406825e+14	8.761585e+13	5.279161e+03	4.060174e+03	2.478258e+03	0	2.948631e-04
1.680000e+09	5.144647e+11	0.000000e+00	4.914286e-01	2.224547e+13	1.403407e+14	8.728215e+13	5.275240e+03	4.058578e+03	2.477284e+03	0	2.938501e-04
1.690000e+09	5.091836e+11	0.000000e+00	4.914286e-01	2.212371e+13	1.399982e+14	8.695053e+13	5.271340e+03	4.056976e+03	2.476306e+03	0	2.928411e-04
1.700000e+09	5.039595e+11	0.000000e+00	4.914286e-01	2.200323e+13	1.396552e+14	8.662100e+13	5.267461e+03	4.055368e+03	2.475325e+03	0	2.918362e-04
1.710000e+09	4.987917e+11	0.000000e+00	4.914286e-01	2.188399e+13	1.393116e+14	8.629352e+13	5.263604e+03	4.053755e+03	2.474340e+03	0	2.908352e-04
1.720000e+09	4.936792e+11	0.000000e+00	4.914286e-01	2.176599e+13	1.389675e+14	8.596808e+13	5.259767e+03	4.052136e+03	2.473352e+03	0	2.898382e-04
1.730000e+09	4.886213e+11	0.000000e+00	4.914286e-01	2.164921e+13	1.386230e+14	8.564467e+13	5.255951e+03	4.050513e+03	2.472361e+03	0	2.888449e-04
1.740000e+09	4.836171e+11	0.000000e+00	4.914286e-01	2.153363e+13	1.382780e+14	8.532328e+13	5.252156e+03	4.048884e+03	2.471367e+03	0	2.878555e-04
1.750000e+09	4.786657e+11	0.000000e+00	4.914286e-01	2.141922e+13	1.379327e+14	8.500388e+13	5.248381e+03	4.047251e+03	2.470370e+03	0	2.868697e-04
1.760000e+09	4.737664e+11	0.000000e+00	4.914286e-01	2.130597e+13	1.375871e+14	8.468647e+13	5.244625e+03	4.045613e+03	2.469370e+03	0	2.858876e-04
1.770000e+09	4.689184e+11	0.000000e+00	4.914286e-01	2.119387e+13	1.372413e+14	8.437102e+13	5.240890e+03	4.043971e+03	2.468368e+03	0	2.849091e-04
1.780000e+09	4.641210e+11	0.000000e+00	4.914286e-01	2.108290e+13	1.368952e+14	8.405753e+13	5.237174e+03	4.042324e+03	2.467363e+03	0	2.839342e-04
1.790000e+09	4.593733e+11	0.000000e+00	4.914286e-01	2.097304e+13	1.365489e+14	8.374598e+13	5.233477e+03	4.040674e+03	2.466355e+03	0	2.829627e-04
1.800000e+09	4.546746e+11	0.000000e+00	4.914286e-01	2.086427e+13	1.362024e+14	8.343635e+13	5.229800e+03	4.039019e+03	2.465346e+03	0	2.819946e-04
1.810000e+09	4.500243e+11	0.000000e+00	4.914286e-01	2.075658e+13	1.358559e+14	8.312864e+13	5.226142e+03	4.037361e+03	2.464334e+03	0	2.810299e-04
1.820000e+09	4.454215e+11	0.000000e+00	4.914286e-01	2.064995e+13	1.355092e+14	8.282282e+13	5.222503e+03	4.035700e+03	2.463319e+03	0	2.800685e-04
1.830000e+09	4.408656e+11	0.000000e+00	4.914286e-01	2.054437e+13	1.351626e+14	8.251888e+13	5.218882e+03	4.034035e+03	2.462303e+03	0	2.791104e-04
1.840000e+09	4.363560e+11	0.000000e+00	4.914286e-01	2.043983e+13	1.348159e+14	8.221681e+13	5.215280e+03	4.032367e+03	2.461285e+03	0	2.781555e-04
1.850000e+09	4.318918e+11	0.000000e+00	4.914286e-01	2.033629e+13	1.344692e+14	8.191659e+13	5.211696e+03	4.030696e+03	2.460265e+03	0	2.772036e-04
1.860000e+09	4.274726e+11	0.000000e+00	4.914286e-01	2.023377e+13	1.341226e+14	8.161822e+13	5.208130e+03	4.029021e+03	2.459243e+03	0	2.762549e-04
1.870000e+09	4.230975e+11	0.000000e+00	4.914286e-01	2.013223e+13	1.337762e+14	8.132167e+13	5.204582e+03	4.027345e+03	2.458220e+03	0	2.753092e-04
1.880000e+09	4.187660e+11	0.000000e+00	4.914286e-01	2.003166e+13	1.334298e+14	8.102693e+13	5.201052e+03	4.025665e+03	2.457194e+03	0	2.743665e-04
1.890000e+09	4.144775e+11	0.000000e+00	4.914286e-01	1.993205e+13	1.330836e+14	8.073400e+13	5.197539e+03	4.023983e+03	2.456168e+03	0	2.734267e-04
1.900000e+09	4.102313e+11	0.000000e+00	4.914286e-01	1.983339e+13	1.327375e+14	8.044285e+13	5.194044e+03	4.022299e+03	2.455140e+03	0	2.724898e-04
1.910000e+09	4.060268e+11	0.000000e+00	4.914286e-01	1.973567e+13	1.323917e+14	8.015348e+13	5.190567e+03	4.020612e+03	2.454110e+03	0	2.715556e-04
1.920000e+09	4.018634e+11	0.000000e+00	4.914286e-01	1.963886e+13	1.320462e+14	7.986587e+13	5.187106e+03	4.018923e+03	2.453079e+03	0	2.706243e-04
1.930000e+09	3.977406e+11	0.000000e+00	4.914286e-01	1.954296e+13	1.317009e+14	7.958000e+13	5.183662e+03	4.017233e+03	2.452047e+03	0	2.696956e-04
1.940000e+09	3.936578e+11	0.000000e+00	4.914286e-01	1.944796e+13	1.313559e+14	7.929587e+13	5.180235e+03	4.015540e+03	2.451014e+03	0	2.687697e-04
1.950000e+09	3.896144e+11	0.000000e+00	4.914286e-01	1.935384e+13	1.310112e+14	7.901346e+13	5.176825e+03	4.013846e+03	2.449980e+03	0	2.678463e-04
1.960000e+09	3.856099e+11	0.000000e+00	4.914286e-01	1.926059e+13	1.306669e+14	7.873276e+13	5.173431e+03	4.012150e+03	2.448945e+03	0	2.669255e-04
1.970000e+09	3.816437e+11	0.000000e+00	4.914286e-01	1.916819e+13	1.303229e+14	7.845376e+13	5.170053e+03	4.010452e+03	2.447909e+03	0	2.660071e-04
1.980000e+09	3.777153e+11	0.000000e+00	4.914286e-01	1.907665e+13	1.299793e+14	7.817644e+13	5.166692e+03	4.008753e+03	2.446872e+03	0	2.650913e-04
1.990000e+09	3.738241e+11	0.000000e+00	4.914286e-01	1.898594e+13	1.296362e+14	7.790079e+13	5.163347e+03	4.007053e+03	2.445834e+03	0	2.641778e-04
2.000000e+09	3.699697e+11	0.000000e+00	4.914286e-01	1.889605e+13	1.292935e+14	7.762680e+13	5.160017e+03	4.005352e+03	2.444796e+03	0	2.632667e-04
2.010000e+09	3.661516e+11	0.000000e+00	4.914286e-01	1.880697e+13	1.289512e+14	7.735447e+13	5.156703e+03	4.003650e+03	2.443757e+03	0	2.623580e-04
2.020000e+09	3.623692e+11	0.000000e+00	4.914286e-01	1.871870e+13	1.286095e+14	7.708376e+13	5.153405e+03	4.001946e+03	2.442717e+03	0	2.614514e-04
2.030000e+09	3.586221e+11	0.000000e+00	4.914286e-01	1.863121e+13	1.282682e+14	7.681468e+13	5.150122e+03	4.000242e+03	2.441677e+03	0	2.605471e-04
2.040000e+09	3.549097e+11	0.000000e+00	4.914286e-01	1.854451e+13	1.279275e+14	7.654721e+13	5.146855e+03	3.998537e+03	2.440636e+03	0	2.596450e-04
2.050000e+09	3.512317e+11	0.000000e+00	4.914286e-01	1.845857e+13	1.275873e+14	7.628134e+13	5.143603e+03	3.996831e+03	2.439595e+03	0	2.587449e-04
2.060000e+09	3.475875e+11	0.000000e+00	4.914286e-01	1.837340e+13	1.272477e+14	7.601706e+13	5.140365e+03	3.995125e+03	2.438553e+03	0	2.578469e-04
2.070000e+09	3.439767e+11	0.000000e+00	4.914286e-01	1.828897e+13	1.269087e+14	7.575436e+13	5.137143e+03	3.993419e+03	2.437512e+03	0	2.569510e-04
2.080000e+09	3.403989e+11	0.000000e+00	4.914286e-01	1.820528e+13	1.265702e+14	7.549322e+13	5.133936e+03	3.991711e+03	2.436470e+03	0	2.560570e-04
2.090000e+09	3.368536e+11	0.000000e+00	4.914286e-01	1.812233e+13	1.262324e+14	7.523364e+13	5.130743e+03	3.990004e+03	2.435428e+03	0	2.551649e-04
2.100000e+09	3.333403e+11	0.000000e+00	4.914286e-01	1.804009e+13	1.258952e+14	7.497560e+13	5.127564e+03	3.988296e+03	2.434385e+03	0	2.542747e-04
2.110000e+09	3.298587e+11	0.000000e+00	4.914286e-01	1.795856e+13	1.255586e+14	7.471909e+13	5.124401e+03	3.986589e+03	2.433343e+03	0	2.533864e-04
2.120000e+09	3.264084e+11	0.000000e+00	4.914286e-01	1.787774e+13	1.252228e+14	7.446410e+13	5.121251e+03	3.984881e+03	2.432300e+03	0	2.524998e-04
2.130000e+09	3.229889e+11	0.000000e+00	4.914286e-01	1.779761e+13	1.248876e+14	7.421061e+13	5.118115e+03	3.983173e+03	2.431258e+03	0	2.516150e-04
2.140000e+09	3.195998e+11	0.000000e+00	4.914286e-01	1.771816e+13	1.245530e+14	7.395863e+13	5.114994e+03	3.981465e+03	2.430216e+03	0	2.507318e-04
2.150000e+09	3.162407e+11	0.000000e+00	4.914286e-01	1.763938e+13	1.242192e+14	7.370814e+13	5.111886e+03	3.979758e+03	2.429173e+03	0	2.498503e-04
2.160000e+09	3.129113e+11	0.000000e+00	4.914286e-01	1.756128e+13	1.238861e+14	7.345912e+13	5.108792e+03	3.978051e+03	2.428131e+03	0	2.489704e-04
2.170000e+09	3.096111e+11	0.000000e+00	4.914286e-01	1.748383e+13	1.235538e+14	7.321157e+13	5.105712e+03	3.976344e+03	2.427089e+03	0	2.480920e-04
2.180000e+09	3.063398e+11	0.000000e+00	4.914286e-01	1.740703e+13	1.232222e+14	7.296547e+13	5.102646e+03	3.974637e+03	2.426048e+03	0	2.472151e-04
2.190000e+09	3.030970e+11	0.000000e+00	4.914286e-01	1.733087e+13	1.228913e+14	7.272082e+13	5.099593e+03	3.972931e+03	2.425007e+03	0	2.463397e-04
2.200000e+09	2.998823e+11	0.000000e+00	4.914286e-01	1.725534e+13	1.225612e+14	7.247760e+13	5.096553e+03	3.971226e+03	2.423965e+03	0	2.454658e-04
2.210000e+09	2.966955e+11	0.000000e+00	4.914286e-01	1.718044e+13	1.222319e+14	7.223581e+13	5.093526e+03	3.969521e+03	2.422925e+03	0	2.445931e-04
2.220000e+09	2.935361e+11	0.000000e+00	4.914286e-01	1.710615e+13	1.219034e+14	7.199543e+13	5.090513e+03	3.967816e+03	2.421885e+03	0	2.437218e-04
2.230000e+09	2.904037e+11	0.000000e+00	4.914286e-01	1.703248e+13	1.215757e+14	7.175645e+13	5.087512e+03	3.966113e+03	2.420845e+03	0	2.428518e-04
2.240000e+09	2.872981e+11	0.000000e+00	4.914286e-01	1.695941e+13	1.212488e+14	7.151887e+13	5.084525e+03	3.964410e+03	2.419806e+03	0	2.419830e-04
2.250000e+09	2.842190e+11	0.000000e+00	4.914286e-01	1.688693e+13	1.209228e+14	7.128267e+13	5.081550e+03	3.962708e+03	2.418767e+03	0	2.411154e-04
2.260000e+09	2.811658e+11	0.000000e+00	4.914286e-01	1.681504e+13	1.205975e+14	7.104785e+13	5.078588e+03	3.961007e+03	2.417729e+03	0	2.402489e-04
2.270000e+09	2.781385e+11	0.000000e+00	4.914286e-01	1.674373e+13	1.202731e+14	7.081439e+13	5.075638e+03	3.959308e+03	2.416691e+03	0	2.393836e-04
2.280000e+09	2.751366e+11	0.000000e+00	4.914286e-01	1.667299e+13	1.199496e+14	7.058228e+13	5.072701e+03	3.957609e+03	2.415654e+03	0	2.385192e-04
2.290000e+09	2.721598e+11	0.000000e+00	4.914286e-01	1.660282e+13	1.196269e+14	7.035152e+13	5.069777e+03	3.955911e+03	2.414618e+03	0	2.376559e-04
2.300000e+09	2.692078e+11	0.000000e+00	4.914286e-01	1.653321e+13	1.193051e+14	7.012209e+13	5.066865e+03	3.954214e+03	2.413582e+03	0	2.367935e-04
2.310000e+09	2.662804e+11	0.000000e+00	4.914286e-01	1.646415e+13	1.189841e+14	6.989399e+13	5.063964e+03	3.952519e+03	2.412547e+03	0	2.359321e-04
2.320000e+09	2.633771e+11	0.000000e+00	4.914286e-01	1.639564e+13	1.186641e+14	6.966720e+13	5.061076e+03	3.950824e+03	2.411513e+03	0	2.350715e-04
2.330000e+09	2.604978e+11	0.000000e+00	4.914286e-01	1.632766e+13	1.183449e+14	6.944172e+13	5.058200e+03	3.949131e+03	2.410480e+03	0	2.342117e-04
2.340000e+09	2.576421e+11	0.000000e+00	4.914286e-01	1.626022e+13	1.180266e+14	6.921754e+13	5.055336e+03	3.947440e+03	2.409447e+03	0	2.333527e-04
2.350000e+09	2.548097e+11	0.000000e+00	4.914286e-01	1.619331e+13	1.177093e+14	6.899465e+13	5.052484e+03	3.945750e+03	2.408415e+03	0	2.324944e-04
2.360000e+09	2.520004e+11	0.000000e+00	4.914286e-01	1.612691e+13	1.173928e+14	6.877303e+13	5.049643e+03	3.944061e+03	2.407385e+03	0	2.316369e-04
2.370000e+09	2.492139e+11	0.000000e+00	4.914286e-01	1.606103e+13	1.170772e+14	6.855269e+13	5.046814e+03	3.942374e+03	2.406355e+03	0	2.307799e-04
2.380000e+09	2.464498e+11	0.000000e+00	4.914286e-01	1.599566e+13	1.167626e+14	6.833360e+13	5.043997e+03	3.940688e+03	2.405326e+03	0	2.299235e-04
2.390000e+09	2.437081e+11	0.000000e+00	4.914286e-01	1.593079e+13	1.164489e+14	6.811577e+13	5.041191e+03	3.939004e+03	2.404298e+03	0	2.290677e-04
2.400000e+09	2.409883e+11	0.000000e+00	4.914286e-01	1.586642e+13	1.161362e+14	6.789918e+13	5.038396e+03	3.937321e+03	2.403271e+03	0	2.282124e-04
2.410000e+09	2.382902e+11	0.000000e+00	4.914286e-01	1.580254e+13	1.158244e+14	6.768382e+13	5.035613e+03	3.935640e+03	2.402245e+03	0	2.273575e-04
2.420000e+09	2.356136e+11	0.000000e+00	4.914286e-01	1.573914e+13	1.155135e+14	6.746969e+13	5.032840e+03	3.933961e+03	2.401220e+03	0	2.265030e-04
2.430000e+09	2.329582e+11	0.000000e+00	4.914286e-01	1.567622e+13	1.152035e+14	6.725677e+13	5.030079e+03	3.932284e+03	2.400196e+03	0	2.256489e-04
2.440000e+09	2.303238e+11	0.000000e+00	4.914286e-01	1.561378e+13	1.148946e+14	6.704507e+13	5.027329e+03	3.930608e+03	2.399173e+03	0	2.247951e-04
2.450000e+09	2.277100e+11	0.000000e+00	4.914286e-01	1.555180e+13	1.145865e+14	6.683456e+13	5.024590e+03	3.928934e+03	2.398152e+03	0	2.239415e-04
2.460000e+09	2.251168e+11	0.000000e+00	4.914286e-01	1.549029e+13	1.142795e+14	6.662524e+13	5.021862e+03	3.927262e+03	2.397131e+03	0	2.230882e-04
2.470000e+09	2.225438e+11	0.000000e+00	4.914286e-01	1.542923e+13	1.139734e+14	6.641711e+13	5.019144e+03	3.925592e+03	2.396112e+03	0	2.222350e-04
2.480000e+09	2.199909e+11	0.000000e+00	4.914286e-01	1.536863e+13	1.136682e+14	6.621015e+13	5.016438e+03	3.923924e+03	2.395093e+03	0	2.213819e-04
2.490000e+09	2.174577e+11	0.000000e+00	4.914286e-01	1.530848e+13	1.133641e+14	6.600436e+13	5.013741e+03	3.922258e+03	2.394076e+03	0	2.205289e-04
2.500000e+09	2.149441e+11	0.000000e+00	4.914286e-01	1.524877e+13	1.130609e+14	6.579972e+13	5.011056e+03	3.920594e+03	2.393061e+03	0	2.196759e-04
2.510000e+09	2.124498e+11	0.000000e+00	4.914286e-01	1.518949e+13	1.127587e+14	6.559624e+13	5.008380e+03	3.918931e+03	2.392046e+03	0	2.188229e-04
2.520000e+09	2.099746e+11	0.000000e+00	4.914286e-01	1.513065e+13	1.124574e+14	6.539389e+13	5.005716e+03	3.917271e+03	2.391033e+03	0	2.179697e-04
2.530000e+09	2.075183e+11	0.000000e+00	4.914286e-01	1.507224e+13	1.121572e+14	6.519268e+13	5.003061e+03	3.915613e+03	2.390021e+03	0	2.171165e-04
2.540000e+09	2.050807e+11	0.000000e+00	4.914286e-01	1.501425e+13	1.118579e+14	6.499260e+13	5.000417e+03	3.913957e+03	2.389010e+03	0	2.162630e-04
2.550000e+09	2.026616e+11	0.000000e+00	4.914286e-01	1.495668e+13	1.115596e+14	6.479363e+13	4.997783e+03	3.912304e+03	2.388001e+03	0	2.154093e-04
2.560000e+09	2.002607e+11	0.000000e+00	4.914286e-01	1.489952e+13	1.112623e+14	6.459577e+13	4.995159e+03	3.910652e+03	2.386992e+03	0	2.145553e-04
2.570000e+09	1.978780e+11	0.000000e+00	4.914286e-01	1.484277e+13	1.109660e+14	6.439902e+13	4.992544e+03	3.909003e+03	2.385986e+03	0	2.137009e-04
2.580000e+09	1.955130e+11	0.000000e+00	4.914286e-01	1.478643e+13	1.106707e+14	6.420336e+13	4.989940e+03	3.907355e+03	2.384980e+03	0	2.128462e-04
2.590000e+09	1.931658e+11	0.000000e+00	4.914286e-01	1.473049e+13	1.103764e+14	6.400878e+13	4.987346e+03	3.905710e+03	2.383976e+03	0	2.119910e-04
2.600000e+09	1.908360e+11	0.000000e+00	4.914286e-01	1.467494e+13	1.100831e+14	6.381529e+13	4.984762e+03	3.904068e+03	2.382974e+03	0	2.111352e-04
2.610000e+09	1.885235e+11	0.000000e+00	4.914286e-01	1.461979e+13	1.097907e+14	6.362287e+13	4.982187e+03	3.902428e+03	2.381972e+03	0	2.102789e-04
2.620000e+09	1.862281e+11	0.000000e+00	4.914286e-01	1.456502e+13	1.094994e+14	6.343151e+13	4.979622e+03	3.900789e+03	2.380973e+03	0	2.094220e-04
2.630000e+09	1.839497e+11	0.000000e+00	4.914286e-01	1.451064e+13	1.092091e+14	6.324121e+13	4.977066e+03	3.899154e+03	2.379974e+03	0	2.085644e-04
2.640000e+09	1.816879e+11	0.000000e+00	4.914286e-01	1.445664e+13	1.089197e+14	6.305195e+13	4.974520e+03	3.897521e+03	2.378977e+03	0	2.077061e-04
2.650000e+09	1.794427e+11	0.000000e+00	4.914286e-01	1.440301e+13	1.086314e+14	6.286375e+13	4.971984e+03	3.895890e+03	2.377982e+03	0	2.068470e-04
2.660000e+09	1.772138e+11	0.000000e+00	4.914286e-01	1.434975e+13	1.083440e+14	6.267657e+13	4.969457e+03	3.894261e+03	2.376988e+03	0	2.059870e-04
2.670000e+09	1.750012e+11	0.000000e+00	4.914286e-01	1.429687e+13	1.080577e+14	6.249042e+13	4.966939e+03	3.892635e+03	2.375995e+03	0	2.051261e-04
2.680000e+09	1.728045e+11	0.000000e+00	4.914286e-01	1.424434e+13	1.077724e+14	6.230530e+13	4.964431e+03	3.891012e+03	2.375004e+03	0	2.042642e-04
2.690000e+09	1.706237e+11	0.000000e+00	4.914286e-01	1.419218e+13	1.074880e+14	6.212119e+13	4.961931e+03	3.889391e+03	2.374015e+03	0	2.034013e-04
2.700000e+09	1.684586e+11	0.000000e+00	4.914286e-01	1.414037e+13	1.072047e+14	6.193808e+13	4.959441e+03	3.887772e+03	2.373027e+03	0	2.025373e-04
2.710000e+09	1.663090e+11	0.000000e+00	4.914286e-01	1.408891e+13	1.069224e+14	6.175597e+13	4.956960e+03	3.886156e+03	2.372040e+03	0	2.016721e-04
2.720000e+09	1.641747e+11	0.000000e+00	4.914286e-01	1.403781e+13	1.066410e+14	6.157486e+13	4.954488e+03	3.884542e+03	2.371056e+03	0	2.008057e-04
2.730000e+09	1.620556e+11	0.000000e+00	4.914286e-01	1.398705e+13	1.063607e+14	6.139474e+13	4.952025e+03	3.882931e+03	2.370072e+03	0	1.999380e-04
2.740000e+09	1.599516e+11	0.000000e+00	4.914286e-01	1.393663e+13	1.060814e+14	6.121559e+13	4.949571e+03	3.881323e+03	2.369091e+03	0	1.990689e-04
2.750000e+09	1.578624e+11	0.000000e+00	4.914286e-01	1.388655e+13	1.058030e+14	6.103741e+13	4.947125e+03	3.879717e+03	2.368110e+03	0	1.981984e-04
2.760000e+09	1.557879e+11	0.000000e+00	4.914286e-01	1.383680e+13	1.055257e+14	6.086020e+13	4.944689e+03	3.878114e+03	2.367132e+03	0	1.973264e-04
2.770000e+09	1.537280e+11	0.000000e+00	4.914286e-01	1.378738e+13	1.052494e+14	6.068395e+13	4.942261e+03	3.876513e+03	2.366155e+03	0	1.964528e-04
2.780000e+09	1.516825e+11	0.000000e+00	4.914286e-01	1.373830e+13	1.049740e+14	6.050865e+13	4.939841e+03	3.874915e+03	2.365180e+03	0	1.955776e-04
2.790000e+09	1.496513e+11	0.000000e+00	4.914286e-01	1.368954e+13	1.046997e+14	6.033430e+13	4.937431e+03	3.873320e+03	2.364206e+03	0	1.947007e-04
2.800000e+09	1.476342e+11	0.000000e+00	4.914286e-01	1.364110e+13	1.044263e+14	6.016089e+13	4.935029e+03	3.871727e+03	2.363234e+03	0	1.938219e-04
2.810000e+09	1.456311e+11	0.000000e+00	4.914286e-01	1.359297e+13	1.041540e+14	5.998841e+13	4.932635e+03	3.870138e+03	2.362263e+03	0	1.929413e-04
2.820000e+09	1.436418e+11	0.000000e+00	4.914286e-01	1.354517e+13	1.038826e+14	5.981686e+13	4.930250e+03	3.868550e+03	2.361294e+03	0	1.920588e-04
2.830000e+09	1.416661e+11	0.000000e+00	4.914286e-01	1.349767e+13	1.036122e+14	5.964623e+13	4.927873e+03	3.866966e+03	2.360327e+03	0	1.911742e-04
2.840000e+09	6.228145e+12	6.427857e-02	4.914286e-01	1.345048e+13	1.033429e+14	5.947651e+13	4.925505e+03	3.865384e+03	2.359362e+03	0	6.444034e-04
2.940000e+09	6.627499e+12	9.771391e-02	4.914286e-01	1.343828e+13	1.030745e+14	5.782825e+13	4.924589e+03	3.863805e+03	2.358398e+03	1	6.414657e-04
3.040000e+09	7.104016e+12	1.184827e-01	4.914286e-01	1.334212e+13	1.003455e+14	5.626484e+13	4.916436e+03	3.847570e+03	2.348488e+03	1	6.460710e-04
3.140000e+09	6.996536e+12	1.318780e-01	4.914286e-01	1.327118e+13	9.775919e+13	5.478072e+13	4.909561e+03	3.831874e+03	2.338908e+03	1	6.361505e-04
3.240000e+09	7.084845e+12	1.432556e-01	4.914286e-01	1.319155e+13	9.530668e+13	5.337076e+13	4.902525e+03	3.816699e+03	2.329645e+03	1	6.331795e-04
3.340000e+09	7.355815e+12	1.536766e-01	4.914286e-01	1.311516e+13	9.297719e+13	5.203021e+13	4.895815e+03	3.802011e+03	2.320680e+03	1	6.359546e-04
3.440000e+09	7.287838e+12	1.623663e-01	4.914286e-01	1.305242e+13	9.076205e+13	5.075464e+13	4.889875e+03	3.787784e+03	2.311996e+03	1	6.296952e-04
3.540000e+09	7.392130e+12	1.702043e-01	4.914286e-01	1.298389e+13	8.865417e+13	4.953996e+13	4.883850e+03	3.774001e+03	2.303583e+03	1	6.288147e-04
3.640000e+09	7.270232e+12	1.773098e-01	4.914286e-01	1.291989e+13	8.664563e+13	4.838236e+13	4.878180e+03	3.760635e+03	2.295425e+03	1	6.218690e-04
3.740000e+09	7.337920e+12	1.843471e-01	4.914286e-01	1.284779e+13	8.473003e+13	4.727830e+13	4.872290e+03	3.747669e+03	2.287510e+03	1	6.203643e-04
3.840000e+09	7.378402e+12	1.908877e-01	4.914286e-01	1.277888e+13	8.290061e+13	4.622450e+13	4.866672e+03	3.735077e+03	2.279825e+03	1	6.183279e-04
3.940000e+09	7.397165e+12	1.969930e-01	4.914286e-01	1.271171e+13	8.115202e+13	4.521791e+13	4.861252e+03	3.722845e+03	2.272358e+03	1	6.159010e-04
4.040000e+09	7.408094e+12	2.027198e-01	4.914286e-01	1.264519e+13	7.947925e+13	4.425567e+13	4.855973e+03	3.710954e+03	2.265101e+03	1	6.134493e-04
4.140000e+09	7.401458e+12	2.081108e-01	4.914286e-01	1.257906e+13	7.787765e+13	4.333514e+13	4.850815e+03	3.699391e+03	2.258043e+03	1	6.106865e-04
4.240000e+09	7.388783e+12	2.132032e-01	4.914286e-01	1.251250e+13	7.634286e+13	4.245385e+13	4.845732e+03	3.688141e+03	2.251176e+03	1	6.079141e-04
4.340000e+09	7.365933e+12	2.180275e-01	4.914286e-01	1.244537e+13	7.487088e+13	4.160950e+13	4.840711e+03	3.677189e+03	2.244491e+03	1	6.050039e-04
4.440000e+09	7.460666e+12	2.226738e-01	4.914286e-01	1.237729e+13	7.345798e+13	4.079995e+13	4.835725e+03	3.666522e+03	2.237980e+03	1	6.053885e-04
4.540000e+09	7.423931e+12	2.268692e-01	4.914286e-01	1.231505e+13	7.210066e+13	4.002321e+13	4.831091e+03	3.656127e+03	2.231635e+03	1	6.024205e-04
4.640000e+09	7.381177e+12	2.308803e-01	4.914286e-01	1.225112e+13	7.079616e+13	3.927739e+13	4.826447e+03	3.645997e+03	2.225452e+03	1	5.993870e-04
4.740000e+09	7.343100e+12	2.349374e-01	4.914286e-01	1.218539e+13	6.954140e+13	3.856076e+13	4.821783e+03	3.636118e+03	2.219422e+03	1	5.964692e-04
4.840000e+09	7.404067e+12	2.388701e-01	4.914286e-01	1.211832e+13	6.833351e+13	3.787170e+13	4.817112e+03	3.626480e+03	2.213539e+03	1	5.962903e-04
4.940000e+09	7.356963e+12	2.424615e-01	4.914286e-01	1.205562e+13	6.716987e+13	3.720867e+13	4.812709e+03	3.617071e+03	2.207796e+03	1	5.933665e-04
5.040000e+09	7.307786e+12	2.460921e-01	4.914286e-01	1.199114e+13	6.604839e+13	3.657025e+13	4.808269e+03	3.607886e+03	2.202190e+03	1	5.903769e-04
5.140000e+09	7.351991e+12	2.496230e-01	4.914286e-01	1.192493e+13	6.496675e+13	3.595511e+13	4.803791e+03	3.598915e+03	2.196714e+03	1	5.899490e-04
5.240000e+09	7.304345e+12	2.530270e-01	4.914286e-01	1.186239e+13	6.392274e+13	3.536200e+13	4.799538e+03	3.590147e+03	2.191362e+03	1	5.871230e-04
5.340000e+09	7.340422e+12	2.563445e-01	4.914286e-01	1.179828e+13	6.291468e+13	3.478976e+13	4.795245e+03	3.581578e+03	2.186131e+03	1	5.865818e-04
5.440000e+09	7.284558e+12	2.593943e-01	4.914286e-01	1.173743e+13	6.194064e+13	3.423728e+13	4.791154e+03	3.573198e+03	2.181016e+03	1	5.837135e-04
5.540000e+09	7.313823e+12	2.625215e-01	4.914286e-01	1.167461e+13	6.099911e+13	3.370354e+13	4.786998e+03	3.565002e+03	2.176014e+03	1	5.830857e-04
5.640000e+09	7.260874e+12	2.654112e-01	4.914286e-01	1.161476e+13	6.008837e+13	3.318758e+13	4.783024e+03	3.556981e+03	2.171118e+03	1	5.803813e-04
5.740000e+09	7.284485e+12	2.683687e-01	4.914286e-01	1.155318e+13	5.920708e+13	3.268849e+13	4.778992e+03	3.549132e+03	2.166327e+03	1	5.796883e-04
5.840000e+09	7.228004e+12	2.711020e-01	4.914286e-01	1.149430e+13	5.835373e+13	3.220542e+13	4.775125e+03	3.541447e+03	2.161636e+03	1	5.769721e-04
5.940000e+09	7.246735e+12	2.739045e-01	4.914286e-01	1.143354e+13	5.752712e+13	3.173757e+13	4.771187e+03	3.533920e+03	2.157042e+03	1	5.762280e-04
6.040000e+09	7.192004e+12	2.765044e-01	4.914286e-01	1.137529e+13	5.672589e+13	3.128420e+13	4.767401e+03	3.526545e+03	2.152541e+03	1	5.736279e-04
6.140000e+09	7.206609e+12	2.791665e-01	4.914286e-01	1.131532e+13	5.594899e+13	3.084460e+13	4.763547e+03	3.519319e+03	2.148130e+03	1	5.728455e-04
6.240000e+09	7.152067e+12	2.816420e-01	4.914286e-01	1.125768e+13	5.519521e+13	3.041811e+13	4.759833e+03	3.512234e+03	2.143805e+03	1	5.703143e-04
6.340000e+09	7.163126e+12	2.841759e-01	4.914286e-01	1.119839e+13	5.446362e+13	3.000409e+13	4.756051e+03	3.505286e+03	2.139564e+03	1	5.695028e-04
6.440000e+09	7.110507e+12	2.866362e-01	4.914286e-01	1.114127e+13	5.375311e+13	2.960197e+13	4.752399e+03	3.498471e+03	2.135404e+03	1	5.670376e-04
6.540000e+09	7.118495e+12	2.890514e-01	4.914286e-01	1.108266e+13	5.306288e+13	2.921119e+13	4.748681e+03	3.491783e+03	2.131323e+03	1	5.662046e-04
6.640000e+09	7.125533e+12	2.914179e-01	4.914286e-01	1.102608e+13	5.239193e+13	2.883123e+13	4.745085e+03	3.485219e+03	2.127316e+03	1	5.653695e-04
6.740000e+09	7.071615e+12	2.936289e-01	4.914286e-01	1.097142e+13	5.173954e+13	2.846160e+13	4.741606e+03	3.478775e+03	2.123382e+03	1	5.629904e-04
6.840000e+09	7.076175e+12	2.958940e-01	4.914286e-01	1.091517e+13	5.110500e+13	2.810182e+13	4.738051e+03	3.472447e+03	2.119520e+03	1	5.621411e-04
6.940000e+09	7.024121e+12	2.980972e-01	4.914286e-01	1.086074e+13	5.048744e+13	2.775148e+13	4.734605e+03	3.466231e+03	2.115726e+03	1	5.598203e-04
7.040000e+09	7.026471e+12	3.002644e-01	4.914286e-01	1.080487e+13	4.988625e+13	2.741014e+13	4.731088e+03	3.460123e+03	2.111998e+03	1	5.589615e-04
7.140000e+09	7.028249e+12	3.023940e-01	4.914286e-01	1.075073e+13	4.930067e+13	2.707742e+13	4.727674e+03	3.454120e+03	2.108333e+03	1	5.581056e-04
7.240000e+09	6.976650e+12	3.043888e-01	4.914286e-01	1.069824e+13	4.873013e+13	2.675295e+13	4.724359e+03	3.448218e+03	2.104731e+03	1	5.558947e-04
7.340000e+09	6.976599e+12	3.064310e-01	4.914286e-01	1.064431e+13	4.817408e+13	2.643639e+13	4.720970e+03	3.442415e+03	2.101189e+03	1	5.550337e-04
7.440000e+09	6.976112e+12	3.084392e-01	4.914286e-01	1.059196e+13	4.763186e+13	2.612739e+13	4.717674e+03	3.436708e+03	2.097705e+03	1	5.541777e-04
7.540000e+09	6.927183e+12	3.103256e-01	4.914286e-01	1.054112e+13	4.710299e+13	2.582566e+13	4.714469e+03	3.431092e+03	2.094278e+03	1	5.520907e-04
7.640000e+09	6.925191e+12	3.122551e-01	4.914286e-01	1.048896e+13	4.658700e+13	2.553089e+13	4.711192e+03	3.425567e+03	2.090905e+03	1	5.512334e-04
7.740000e+09	6.922870e+12	3.141536e-01	4.914286e-01	1.043825e+13	4.608332e+13	2.524281e+13	4.708002e+03	3.420128e+03	2.087585e+03	1	5.503824e-04
7.840000e+09	6.873584e+12	3.159368e-01	4.914286e-01	1.038893e+13	4.559152e+13	2.496115e+13	4.704894e+03	3.414773e+03	2.084317e+03	1	5.483351e-04
7.940000e+09	6.869948e+12	3.177633e-01	4.914286e-01	1.033824e+13	4.511121e+13	2.468566e+13	4.701710e+03	3.409501e+03	2.081099e+03	1	5.474841e-04
8.040000e+09	6.866067e+12	3.195615e-01	4.914286e-01	1.028890e+13	4.464187e+13	2.441609e+13	4.698604e+03	3.404308e+03	2.077929e+03	1	5.466403e-04
8.140000e+09	6.820177e+12	3.212565e-01	4.914286e-01	1.024084e+13	4.418316e+13	2.415224e+13	4.695576e+03	3.399191e+03	2.074806e+03	1	5.447246e-04
8.240000e+09	6.815221e+12	3.229895e-01	4.914286e-01	1.019160e+13	4.373470e+13	2.389387e+13	4.692478e+03	3.394150e+03	2.071729e+03	1	5.438836e-04
8.340000e+09	6.810098e+12	3.246963e-01	4.914286e-01	1.014360e+13	4.329608e+13	2.364079e+13	4.689454e+03	3.389180e+03	2.068695e+03	1	5.430506e-04
8.440000e+09	6.763771e+12	3.263629e-01	4.914286e-01	1.009680e+13	4.286698e+13	2.339281e+13	4.686500e+03	3.384281e+03	2.065705e+03	1	5.411392e-04
8.540000e+09	6.757675e+12	3.280092e-01	4.914286e-01	1.004875e+13	4.244709e+13	2.314973e+13	4.683473e+03	3.379451e+03	2.062757e+03	1	5.403092e-04
8.640000e+09	6.751459e+12	3.296312e-01	4.914286e-01	1.000187e+13	4.203602e+13	2.291139e+13	4.680513e+03	3.374686e+03	2.059849e+03	1	5.394874e-04
8.740000e+09	6.745136e+12	3.312299e-01	4.914286e-01	9.956113e+12	4.163350e+13	2.267763e+13	4.677620e+03	3.369986e+03	2.056980e+03	1	5.386739e-04
8.840000e+09	6.702892e+12	3.327417e-01	4.914286e-01	9.911427e+12	4.123928e+13	2.244827e+13	4.674790e+03	3.365349e+03	2.054149e+03	1	5.369394e-04
8.940000e+09	6.695814e+12	3.342868e-01	4.914286e-01	9.865675e+12	4.085310e+13	2.222318e+13	4.671894e+03	3.360774e+03	2.051357e+03	1	5.361308e-04
9.040000e+09	6.688692e+12	3.358103e-01	4.914286e-01	9.820974e+12	4.047462e+13	2.200221e+13	4.669060e+03	3.356257e+03	2.048600e+03	1	5.353312e-04
9.140000e+09	6.646651e+12	3.373001e-01	4.914286e-01	9.777284e+12	4.010362e+13	2.178522e+13	4.666286e+03	3.351799e+03	2.045878e+03	1	5.336137e-04
9.240000e+09	6.638839e+12	3.387736e-01	4.914286e-01	9.732518e+12	3.973989e+13	2.157208e+13	4.663443e+03	3.347396e+03	2.043191e+03	1	5.328188e-04
9.340000e+09	6.630995e+12	3.402268e-01	4.914286e-01	9.688743e+12	3.938313e+13	2.136268e+13	4.660659e+03	3.343048e+03	2.040537e+03	1	5.320324e-04
9.440000e+09	6.623128e+12	3.416603e-01	4.914286e-01	9.645924e+12	3.903313e+13	2.115688e+13	4.657931e+03	3.338753e+03	2.037916e+03	1	5.312547e-04
9.540000e+09	6.583177e+12	3.430631e-01	4.914286e-01	9.604026e+12	3.868972e+13	2.095459e+13	4.655257e+03	3.334510e+03	2.035326e+03	1	5.296313e-04
9.640000e+09	6.574742e+12	3.444515e-01	4.914286e-01	9.561114e+12	3.835269e+13	2.075569e+13	4.652517e+03	3.330318e+03	2.032767e+03	1	5.288588e-04
9.740000e+09	6.566309e+12	3.458214e-01	4.914286e-01	9.519108e+12	3.802181e+13	2.056008e+13	4.649831e+03	3.326174e+03	2.030237e+03	1	5.280949e-04
9.840000e+09	6.557883e+12	3.471733e-01	4.914286e-01	9.477977e+12	3.769691e+13	2.036766e+13	4.647196e+03	3.322078e+03	2.027737e+03	1	5.273394e-04
9.940000e+09	6.549468e+12	3.485076e-01	4.914286e-01	9.437691e+12	3.737781e+13	2.017834e+13	4.644611e+03	3.318029e+03	2.025266e+03	1	5.265923e-04
