#t		Qconv[W]	Ri[Rp]		R*[Rp]		Qc[W]		Qm[W]		Qr[W]		Tcmb[K]		Tl[K]		Tup[K]		RiFlag		Bs[T]
0.000000e+00	1.478733e+14	0.000000e+00	4.797686e-01	2.175775e+15	6.208108e+13	7.968443e+14	1.996307e+04	7.881356e+03	2.929299e+03	0	1.852820e-03
1.000000e+07	1.450706e+14	0.000000e+00	4.797686e-01	2.148304e+15	6.484608e+13	7.924292e+14	1.989484e+04	7.925881e+03	2.945848e+03	0	1.841040e-03
2.000000e+07	1.423146e+14	0.000000e+00	4.797686e-01	2.121277e+15	6.767224e+13	7.880471e+14	1.982746e+04	7.969874e+03	2.962199e+03	0	1.829307e-03
3.000000e+07	1.396042e+14	0.000000e+00	4.797686e-01	2.094685e+15	7.055879e+13	7.836978e+14	1.976093e+04	8.013343e+03	2.978355e+03	0	1.817619e-03
4.000000e+07	1.369384e+14	0.000000e+00	4.797686e-01	2.068519e+15	7.350491e+13	7.793809e+14	1.969522e+04	8.056294e+03	2.994319e+03	0	1.805975e-03
5.000000e+07	1.343163e+14	0.000000e+00	4.797686e-01	2.042771e+15	7.650976e+13	7.750963e+14	1.963034e+04	8.098732e+03	3.010092e+03	0	1.794374e-03
6.000000e+07	1.317369e+14	0.000000e+00	4.797686e-01	2.017431e+15	7.957245e+13	7.708435e+14	1.956625e+04	8.140664e+03	3.025677e+03	0	1.782814e-03
7.000000e+07	1.291994e+14	0.000000e+00	4.797686e-01	1.992490e+15	8.269201e+13	7.666225e+14	1.950296e+04	8.182096e+03	3.041076e+03	0	1.771292e-03
8.000000e+07	1.267028e+14	0.000000e+00	4.797686e-01	1.967941e+15	8.586748e+13	7.624328e+14	1.944044e+04	8.223033e+03	3.056291e+03	0	1.759809e-03
9.000000e+07	1.242463e+14	0.000000e+00	4.797686e-01	1.943776e+15	8.909786e+13	7.582743e+14	1.937869e+04	8.263481e+03	3.071325e+03	0	1.748361e-03
1.000000e+08	1.218290e+14	0.000000e+00	4.797686e-01	1.919987e+15	9.238209e+13	7.541467e+14	1.931770e+04	8.303446e+03	3.086179e+03	0	1.736949e-03
1.100000e+08	1.194502e+14	0.000000e+00	4.797686e-01	1.896566e+15	9.571908e+13	7.500496e+14	1.925745e+04	8.342932e+03	3.100855e+03	0	1.725569e-03
1.200000e+08	1.171091e+14	0.000000e+00	4.797686e-01	1.873506e+15	9.910771e+13	7.459830e+14	1.919793e+04	8.381946e+03	3.115355e+03	0	1.714221e-03
1.300000e+08	1.148049e+14	0.000000e+00	4.797686e-01	1.850800e+15	1.025469e+14	7.419465e+14	1.913913e+04	8.420492e+03	3.129682e+03	0	1.702904e-03
1.400000e+08	1.125368e+14	0.000000e+00	4.797686e-01	1.828441e+15	1.060354e+14	7.379398e+14	1.908103e+04	8.458576e+03	3.143837e+03	0	1.691615e-03
1.500000e+08	1.103042e+14	0.000000e+00	4.797686e-01	1.806422e+15	1.095720e+14	7.339628e+14	1.902364e+04	8.496203e+03	3.157822e+03	0	1.680354e-03
1.600000e+08	1.081064e+14	0.000000e+00	4.797686e-01	1.784737e+15	1.131556e+14	7.300151e+14	1.896693e+04	8.533377e+03	3.171638e+03	0	1.669119e-03
1.700000e+08	1.059426e+14	0.000000e+00	4.797686e-01	1.763379e+15	1.167848e+14	7.260966e+14	1.891091e+04	8.570103e+03	3.185289e+03	0	1.657908e-03
1.800000e+08	1.038123e+14	0.000000e+00	4.797686e-01	1.742342e+15	1.204585e+14	7.222070e+14	1.885555e+04	8.606387e+03	3.198774e+03	0	1.646720e-03
1.900000e+08	1.017147e+14	0.000000e+00	4.797686e-01	1.721620e+15	1.241753e+14	7.183460e+14	1.880084e+04	8.642232e+03	3.212097e+03	0	1.635553e-03
2.000000e+08	9.964928e+13	0.000000e+00	4.797686e-01	1.701208e+15	1.279340e+14	7.145134e+14	1.874679e+04	8.677644e+03	3.225259e+03	0	1.624407e-03
2.100000e+08	9.761538e+13	0.000000e+00	4.797686e-01	1.681098e+15	1.317332e+14	7.107090e+14	1.869337e+04	8.712627e+03	3.238261e+03	0	1.613279e-03
2.200000e+08	9.561243e+13	0.000000e+00	4.797686e-01	1.661286e+15	1.355716e+14	7.069325e+14	1.864058e+04	8.747185e+03	3.251105e+03	0	1.602168e-03
2.300000e+08	9.363984e+13	0.000000e+00	4.797686e-01	1.641767e+15	1.394478e+14	7.031838e+14	1.858841e+04	8.781323e+03	3.263794e+03	0	1.591074e-03
2.400000e+08	9.169705e+13	0.000000e+00	4.797686e-01	1.622534e+15	1.433605e+14	6.994625e+14	1.853685e+04	8.815045e+03	3.276327e+03	0	1.579993e-03
2.500000e+08	8.978351e+13	0.000000e+00	4.797686e-01	1.603584e+15	1.473084e+14	6.957685e+14	1.848589e+04	8.848356e+03	3.288708e+03	0	1.568925e-03
2.600000e+08	8.789869e+13	0.000000e+00	4.797686e-01	1.584910e+15	1.512900e+14	6.921016e+14	1.843552e+04	8.881259e+03	3.300937e+03	0	1.557869e-03
2.700000e+08	8.604207e+13	0.000000e+00	4.797686e-01	1.566508e+15	1.553041e+14	6.884614e+14	1.838574e+04	8.913759e+03	3.313017e+03	0	1.546822e-03
2.800000e+08	8.421314e+13	0.000000e+00	4.797686e-01	1.548373e+15	1.593491e+14	6.848478e+14	1.833653e+04	8.945860e+03	3.324948e+03	0	1.535784e-03
2.900000e+08	8.241140e+13	0.000000e+00	4.797686e-01	1.530500e+15	1.634237e+14	6.812606e+14	1.828789e+04	8.977566e+03	3.336732e+03	0	1.524752e-03
3.000000e+08	8.063638e+13	0.000000e+00	4.797686e-01	1.512885e+15	1.675265e+14	6.776996e+14	1.823981e+04	9.008881e+03	3.348371e+03	0	1.513725e-03
3.100000e+08	7.888760e+13	0.000000e+00	4.797686e-01	1.495524e+15	1.716562e+14	6.741645e+14	1.819228e+04	9.039808e+03	3.359866e+03	0	1.502702e-03
3.200000e+08	7.716460e+13	0.000000e+00	4.797686e-01	1.478411e+15	1.758113e+14	6.706551e+14	1.814530e+04	9.070353e+03	3.371219e+03	0	1.491681e-03
3.300000e+08	7.546693e+13	0.000000e+00	4.797686e-01	1.461543e+15	1.799905e+14	6.671712e+14	1.809885e+04	9.100517e+03	3.382430e+03	0	1.480661e-03
3.400000e+08	7.379415e+13	0.000000e+00	4.797686e-01	1.444916e+15	1.841923e+14	6.637127e+14	1.805292e+04	9.130306e+03	3.393502e+03	0	1.469639e-03
3.500000e+08	7.214584e+13	0.000000e+00	4.797686e-01	1.428525e+15	1.884153e+14	6.602792e+14	1.800752e+04	9.159724e+03	3.404435e+03	0	1.458614e-03
3.600000e+08	7.052158e+13	0.000000e+00	4.797686e-01	1.412367e+15	1.926583e+14	6.568706e+14	1.796263e+04	9.188772e+03	3.415232e+03	0	1.447585e-03
3.700000e+08	6.892096e+13	0.000000e+00	4.797686e-01	1.396437e+15	1.969197e+14	6.534867e+14	1.791824e+04	9.217456e+03	3.425893e+03	0	1.436549e-03
3.800000e+08	6.734358e+13	0.000000e+00	4.797686e-01	1.380732e+15	2.011983e+14	6.501273e+14	1.787436e+04	9.245780e+03	3.436420e+03	0	1.425505e-03
3.900000e+08	6.578905e+13	0.000000e+00	4.797686e-01	1.365248e+15	2.054926e+14	6.467922e+14	1.783097e+04	9.273745e+03	3.446814e+03	0	1.414451e-03
4.000000e+08	6.425699e+13	0.000000e+00	4.797686e-01	1.349982e+15	2.098013e+14	6.434811e+14	1.778806e+04	9.301357e+03	3.457077e+03	0	1.403385e-03
4.100000e+08	6.274703e+13	0.000000e+00	4.797686e-01	1.334930e+15	2.141231e+14	6.401940e+14	1.774562e+04	9.328618e+03	3.467209e+03	0	1.392305e-03
4.200000e+08	6.125880e+13	0.000000e+00	4.797686e-01	1.320088e+15	2.184566e+14	6.369305e+14	1.770366e+04	9.355533e+03	3.477213e+03	0	1.381210e-03
4.300000e+08	5.979195e+13	0.000000e+00	4.797686e-01	1.305453e+15	2.228004e+14	6.336905e+14	1.766217e+04	9.382103e+03	3.487088e+03	0	1.370096e-03
4.400000e+08	5.834613e+13	0.000000e+00	4.797686e-01	1.291022e+15	2.271534e+14	6.304739e+14	1.762113e+04	9.408334e+03	3.496838e+03	0	1.358962e-03
4.500000e+08	5.692099e+13	0.000000e+00	4.797686e-01	1.276791e+15	2.315141e+14	6.272803e+14	1.758055e+04	9.434227e+03	3.506462e+03	0	1.347807e-03
4.600000e+08	5.551621e+13	0.000000e+00	4.797686e-01	1.262758e+15	2.358813e+14	6.241097e+14	1.754041e+04	9.459787e+03	3.515962e+03	0	1.336626e-03
4.700000e+08	5.413146e+13	0.000000e+00	4.797686e-01	1.248919e+15	2.402536e+14	6.209618e+14	1.750071e+04	9.485017e+03	3.525339e+03	0	1.325419e-03
4.800000e+08	5.276641e+13	0.000000e+00	4.797686e-01	1.235271e+15	2.446300e+14	6.178365e+14	1.746144e+04	9.509920e+03	3.534595e+03	0	1.314183e-03
4.900000e+08	5.142075e+13	0.000000e+00	4.797686e-01	1.221811e+15	2.490090e+14	6.147336e+14	1.742260e+04	9.534499e+03	3.543730e+03	0	1.302915e-03
5.000000e+08	5.009418e+13	0.000000e+00	4.797686e-01	1.208536e+15	2.533894e+14	6.116528e+14	1.738419e+04	9.558757e+03	3.552746e+03	0	1.291613e-03
5.100000e+08	4.878639e+13	0.000000e+00	4.797686e-01	1.195443e+15	2.577701e+14	6.085941e+14	1.734619e+04	9.582698e+03	3.561644e+03	0	1.280274e-03
5.200000e+08	4.749709e+13	0.000000e+00	4.797686e-01	1.182530e+15	2.621499e+14	6.055571e+14	1.730860e+04	9.606325e+03	3.570426e+03	0	1.268895e-03
5.300000e+08	4.622599e+13	0.000000e+00	4.797686e-01	1.169794e+15	2.665275e+14	6.025419e+14	1.727141e+04	9.629640e+03	3.579092e+03	0	1.257473e-03
5.400000e+08	4.497281e+13	0.000000e+00	4.797686e-01	1.157232e+15	2.709018e+14	5.995481e+14	1.723462e+04	9.652648e+03	3.587643e+03	0	1.246006e-03
5.500000e+08	4.373727e+13	0.000000e+00	4.797686e-01	1.144841e+15	2.752717e+14	5.965756e+14	1.719823e+04	9.675350e+03	3.596081e+03	0	1.234489e-03
5.600000e+08	4.251910e+13	0.000000e+00	4.797686e-01	1.132618e+15	2.796359e+14	5.936243e+14	1.716222e+04	9.697750e+03	3.604406e+03	0	1.222920e-03
5.700000e+08	4.131803e+13	0.000000e+00	4.797686e-01	1.120562e+15	2.839935e+14	5.906939e+14	1.712660e+04	9.719851e+03	3.612621e+03	0	1.211295e-03
5.800000e+08	4.013379e+13	0.000000e+00	4.797686e-01	1.108670e+15	2.883433e+14	5.877843e+14	1.709136e+04	9.741657e+03	3.620725e+03	0	1.199610e-03
5.900000e+08	3.896614e+13	0.000000e+00	4.797686e-01	1.096938e+15	2.926843e+14	5.848953e+14	1.705649e+04	9.763169e+03	3.628721e+03	0	1.187862e-03
6.000000e+08	3.781481e+13	0.000000e+00	4.797686e-01	1.085365e+15	2.970154e+14	5.820268e+14	1.702198e+04	9.784390e+03	3.636608e+03	0	1.176045e-03
6.100000e+08	3.667956e+13	0.000000e+00	4.797686e-01	1.073949e+15	3.013356e+14	5.791785e+14	1.698784e+04	9.805325e+03	3.644389e+03	0	1.164157e-03
6.200000e+08	3.556016e+13	0.000000e+00	4.797686e-01	1.062687e+15	3.056439e+14	5.763504e+14	1.695406e+04	9.825975e+03	3.652064e+03	0	1.152191e-03
6.300000e+08	3.445635e+13	0.000000e+00	4.797686e-01	1.051576e+15	3.099392e+14	5.735423e+14	1.692063e+04	9.846344e+03	3.659635e+03	0	1.140144e-03
6.400000e+08	3.336790e+13	0.000000e+00	4.797686e-01	1.040615e+15	3.142207e+14	5.707539e+14	1.688755e+04	9.866433e+03	3.667102e+03	0	1.128010e-03
6.500000e+08	3.229459e+13	0.000000e+00	4.797686e-01	1.029801e+15	3.184873e+14	5.679852e+14	1.685481e+04	9.886247e+03	3.674466e+03	0	1.115784e-03
6.600000e+08	3.123619e+13	0.000000e+00	4.797686e-01	1.019132e+15	3.227382e+14	5.652360e+14	1.682242e+04	9.905788e+03	3.681729e+03	0	1.103459e-03
6.700000e+08	3.019247e+13	0.000000e+00	4.797686e-01	1.008606e+15	3.269724e+14	5.625061e+14	1.679035e+04	9.925059e+03	3.688891e+03	0	1.091029e-03
6.800000e+08	2.916322e+13	0.000000e+00	4.797686e-01	9.982214e+14	3.311891e+14	5.597954e+14	1.675862e+04	9.944061e+03	3.695954e+03	0	1.078488e-03
6.900000e+08	2.814822e+13	0.000000e+00	4.797686e-01	9.879752e+14	3.353874e+14	5.571037e+14	1.672721e+04	9.962799e+03	3.702918e+03	0	1.065828e-03
7.000000e+08	2.714727e+13	0.000000e+00	4.797686e-01	9.778656e+14	3.395665e+14	5.544309e+14	1.669612e+04	9.981275e+03	3.709785e+03	0	1.053041e-03
7.100000e+08	2.616015e+13	0.000000e+00	4.797686e-01	9.678908e+14	3.437255e+14	5.517768e+14	1.666536e+04	9.999492e+03	3.716556e+03	0	1.040120e-03
7.200000e+08	2.518666e+13	0.000000e+00	4.797686e-01	9.580487e+14	3.478637e+14	5.491412e+14	1.663490e+04	1.001745e+04	3.723231e+03	0	1.027055e-03
7.300000e+08	2.422660e+13	0.000000e+00	4.797686e-01	9.483376e+14	3.519802e+14	5.465241e+14	1.660475e+04	1.003516e+04	3.729811e+03	0	1.013836e-03
7.400000e+08	2.327978e+13	0.000000e+00	4.797686e-01	9.387553e+14	3.560744e+14	5.439252e+14	1.657491e+04	1.005261e+04	3.736299e+03	0	1.000452e-03
7.500000e+08	2.234600e+13	0.000000e+00	4.797686e-01	9.293001e+14	3.601456e+14	5.413445e+14	1.654537e+04	1.006981e+04	3.742693e+03	0	9.868928e-04
7.600000e+08	2.142507e+13	0.000000e+00	4.797686e-01	9.199702e+14	3.641928e+14	5.387817e+14	1.651612e+04	1.008677e+04	3.748996e+03	0	9.731448e-04
7.700000e+08	2.051680e+13	0.000000e+00	4.797686e-01	9.107637e+14	3.682156e+14	5.362368e+14	1.648717e+04	1.010349e+04	3.755208e+03	0	9.591943e-04
7.800000e+08	1.962101e+13	0.000000e+00	4.797686e-01	9.016788e+14	3.722133e+14	5.337095e+14	1.645851e+04	1.011996e+04	3.761331e+03	0	9.450261e-04
7.900000e+08	1.873751e+13	0.000000e+00	4.797686e-01	8.927139e+14	3.761852e+14	5.311998e+14	1.643013e+04	1.013620e+04	3.767365e+03	0	9.306236e-04
8.000000e+08	1.786614e+13	0.000000e+00	4.797686e-01	8.838671e+14	3.801305e+14	5.287075e+14	1.640203e+04	1.015219e+04	3.773311e+03	0	9.159680e-04
8.100000e+08	1.700670e+13	0.000000e+00	4.797686e-01	8.751368e+14	3.840490e+14	5.262325e+14	1.637421e+04	1.016796e+04	3.779171e+03	0	9.010387e-04
8.200000e+08	1.615904e+13	0.000000e+00	4.797686e-01	8.665214e+14	3.879398e+14	5.237746e+14	1.634666e+04	1.018349e+04	3.784944e+03	0	8.858128e-04
8.300000e+08	1.532298e+13	0.000000e+00	4.797686e-01	8.580191e+14	3.918024e+14	5.213337e+14	1.631939e+04	1.019880e+04	3.790632e+03	0	8.702643e-04
8.400000e+08	1.449835e+13	0.000000e+00	4.797686e-01	8.496283e+14	3.956364e+14	5.189096e+14	1.629238e+04	1.021387e+04	3.796236e+03	0	8.543640e-04
8.500000e+08	1.368499e+13	0.000000e+00	4.797686e-01	8.413476e+14	3.994410e+14	5.165023e+14	1.626564e+04	1.022873e+04	3.801757e+03	0	8.380789e-04
8.600000e+08	1.288274e+13	0.000000e+00	4.797686e-01	8.331752e+14	4.032160e+14	5.141116e+14	1.623915e+04	1.024336e+04	3.807195e+03	0	8.213712e-04
8.700000e+08	1.209143e+13	0.000000e+00	4.797686e-01	8.251097e+14	4.069607e+14	5.117373e+14	1.621292e+04	1.025777e+04	3.812552e+03	0	8.041973e-04
8.800000e+08	1.131091e+13	0.000000e+00	4.797686e-01	8.171495e+14	4.106748e+14	5.093794e+14	1.618695e+04	1.027197e+04	3.817829e+03	0	7.865070e-04
8.900000e+08	1.054102e+13	0.000000e+00	4.797686e-01	8.092932e+14	4.143578e+14	5.070376e+14	1.616122e+04	1.028595e+04	3.823025e+03	0	7.682413e-04
9.000000e+08	9.781622e+12	0.000000e+00	4.797686e-01	8.015392e+14	4.180093e+14	5.047120e+14	1.613575e+04	1.029972e+04	3.828143e+03	0	7.493310e-04
9.100000e+08	9.032550e+12	0.000000e+00	4.797686e-01	7.938861e+14	4.216288e+14	5.024022e+14	1.611051e+04	1.031328e+04	3.833183e+03	0	7.296930e-04
9.200000e+08	8.293663e+12	0.000000e+00	4.797686e-01	7.863326e+14	4.252161e+14	5.001083e+14	1.608552e+04	1.032663e+04	3.838145e+03	0	7.092274e-04
9.300000e+08	7.564814e+12	0.000000e+00	4.797686e-01	7.788771e+14	4.287706e+14	4.978301e+14	1.606076e+04	1.033978e+04	3.843031e+03	0	6.878116e-04
9.400000e+08	6.845859e+12	0.000000e+00	4.797686e-01	7.715182e+14	4.322922e+14	4.955675e+14	1.603623e+04	1.035272e+04	3.847842e+03	0	6.652926e-04
9.500000e+08	6.136658e+12	0.000000e+00	4.797686e-01	7.642548e+14	4.357804e+14	4.933203e+14	1.601194e+04	1.036546e+04	3.852578e+03	0	6.414764e-04
9.600000e+08	5.437071e+12	0.000000e+00	4.797686e-01	7.570852e+14	4.392350e+14	4.910884e+14	1.598788e+04	1.037801e+04	3.857240e+03	0	6.161102e-04
9.700000e+08	4.746962e+12	0.000000e+00	4.797686e-01	7.500084e+14	4.426556e+14	4.888717e+14	1.596404e+04	1.039035e+04	3.861829e+03	0	5.888554e-04
9.800000e+08	4.066194e+12	0.000000e+00	4.797686e-01	7.430229e+14	4.460421e+14	4.866702e+14	1.594042e+04	1.040251e+04	3.866346e+03	0	5.592416e-04
9.900000e+08	3.394636e+12	0.000000e+00	4.797686e-01	7.361274e+14	4.493940e+14	4.844835e+14	1.591703e+04	1.041447e+04	3.870791e+03	0	5.265842e-04
1.000000e+09	2.732156e+12	0.000000e+00	4.797686e-01	7.293207e+14	4.527112e+14	4.823117e+14	1.589385e+04	1.042624e+04	3.875166e+03	0	4.898223e-04
1.010000e+09	2.078624e+12	0.000000e+00	4.797686e-01	7.226016e+14	4.559935e+14	4.801547e+14	1.587088e+04	1.043782e+04	3.879471e+03	0	4.471591e-04
1.020000e+09	1.433914e+12	0.000000e+00	4.797686e-01	7.159687e+14	4.592407e+14	4.780122e+14	1.584812e+04	1.044921e+04	3.883706e+03	0	3.951037e-04
1.030000e+09	7.978992e+11	0.000000e+00	4.797686e-01	7.094210e+14	4.624525e+14	4.758843e+14	1.582558e+04	1.046043e+04	3.887874e+03	0	3.249771e-04
1.040000e+09	1.704572e+11	0.000000e+00	4.797686e-01	7.029571e+14	4.656287e+14	4.737707e+14	1.580323e+04	1.047146e+04	3.891974e+03	0	1.942712e-04
1.050000e+09	-4.485342e+11	0.000000e+00	4.797686e-01	6.965760e+14	4.687693e+14	4.716715e+14	1.578110e+04	1.048231e+04	3.896007e+03	0	nan
