#R=1.6434632879217144
#interptype='linear'
#name='planet'
#norm={'P': 1000000000000.0, 'R': 1.6434632879217144, 'M': 2.7999999999999998, 'g': 10.19028124177076, 'rho': 1000.0}
#state=1
#composition
#layer0		Fe08FeS02		0.400000
#layer1		pv_fmw		0.600000
#layer2		ice_VII		0.400000
#Cols=
 #'ur		r		mr		rho		P		g		phi		T		composition'
#-end-
0.000000e+00	0.000000e+00	1.232894e-11	1.496151e+04	8.359204e+11	0.000000e+00	-2.335696e+08	5.000000e+03	0
5.025126e-03	8.258609e-03	6.166409e-06	1.496336e+04	8.362993e+11	-6.433382e-02	-2.335639e+08	5.000000e+03	0
1.005025e-02	1.651722e-02	1.233281e-05	1.496520e+04	8.366781e+11	-1.286676e-01	-2.335463e+08	5.000000e+03	0
1.507538e-02	2.477583e-02	5.493992e-05	1.496496e+04	8.366301e+11	7.937573e-02	-2.335170e+08	5.000000e+03	0
2.010050e-02	3.303444e-02	9.791889e-05	1.496471e+04	8.365777e+11	2.901985e-01	-2.334767e+08	5.000000e+03	0
2.512563e-02	4.129305e-02	2.128377e-04	1.496278e+04	8.361830e+11	5.111684e-01	-2.334250e+08	5.000000e+03	0
3.015075e-02	4.955166e-02	3.292398e-04	1.496083e+04	8.357812e+11	7.323475e-01	-2.333616e+08	5.000000e+03	0
3.517588e-02	5.781027e-02	5.522767e-04	1.495722e+04	8.350424e+11	9.540570e-01	-2.332859e+08	5.000000e+03	0
4.020101e-02	6.606888e-02	7.786458e-04	1.495357e+04	8.342931e+11	1.175783e+00	-2.331994e+08	5.000000e+03	0
4.522613e-02	7.432749e-02	1.145494e-03	1.494828e+04	8.332112e+11	1.397376e+00	-2.331010e+08	5.000000e+03	0
5.025126e-02	8.258609e-02	1.518258e-03	1.494293e+04	8.321152e+11	1.618963e+00	-2.329912e+08	5.000000e+03	0
5.527638e-02	9.084470e-02	2.064451e-03	1.493597e+04	8.306914e+11	1.840246e+00	-2.328699e+08	5.000000e+03	0
6.030151e-02	9.910331e-02	2.619868e-03	1.492892e+04	8.292501e+11	2.061512e+00	-2.327368e+08	5.000000e+03	0
6.532663e-02	1.073619e-01	3.380730e-03	1.492028e+04	8.274859e+11	2.282373e+00	-2.325924e+08	5.000000e+03	0
7.035176e-02	1.156205e-01	4.154846e-03	1.491153e+04	8.257009e+11	2.503209e+00	-2.324365e+08	5.000000e+03	0
7.537688e-02	1.238791e-01	5.165443e-03	1.490121e+04	8.235983e+11	2.723554e+00	-2.322696e+08	5.000000e+03	0
8.040201e-02	1.321378e-01	6.194034e-03	1.489076e+04	8.214715e+11	2.943862e+00	-2.320908e+08	5.000000e+03	0
8.542714e-02	1.403964e-01	7.489129e-03	1.487876e+04	8.190328e+11	3.163601e+00	-2.318998e+08	5.000000e+03	0
9.045226e-02	1.486550e-01	8.807653e-03	1.486661e+04	8.165666e+11	3.383290e+00	-2.316980e+08	5.000000e+03	0
9.547739e-02	1.569136e-01	1.042165e-02	1.485293e+04	8.137943e+11	3.602335e+00	-2.314846e+08	5.000000e+03	0
1.005025e-01	1.651722e-01	1.206520e-02	1.483908e+04	8.109914e+11	3.821314e+00	-2.312601e+08	5.000000e+03	0
1.055276e-01	1.734308e-01	1.403212e-02	1.482371e+04	8.078886e+11	4.039575e+00	-2.310239e+08	5.000000e+03	0
1.105528e-01	1.816894e-01	1.603536e-02	1.480816e+04	8.047522e+11	4.257754e+00	-2.307766e+08	5.000000e+03	0
1.155779e-01	1.899480e-01	1.838875e-02	1.479110e+04	8.013222e+11	4.475143e+00	-2.305179e+08	5.000000e+03	0
1.206030e-01	1.982066e-01	2.078590e-02	1.477385e+04	7.978556e+11	4.692432e+00	-2.302478e+08	5.000000e+03	0
1.256281e-01	2.064652e-01	2.355881e-02	1.475510e+04	7.941023e+11	4.908860e+00	-2.299665e+08	5.000000e+03	0
1.306533e-01	2.147238e-01	2.638354e-02	1.473614e+04	7.903094e+11	5.125169e+00	-2.296738e+08	5.000000e+03	0
1.356784e-01	2.229825e-01	2.960849e-02	1.471570e+04	7.862366e+11	5.340548e+00	-2.293700e+08	5.000000e+03	0
1.407035e-01	2.312411e-01	3.289393e-02	1.469504e+04	7.821216e+11	5.555786e+00	-2.290549e+08	5.000000e+03	0
1.457286e-01	2.394997e-01	3.660282e-02	1.467290e+04	7.777339e+11	5.770027e+00	-2.287288e+08	5.000000e+03	0
1.507538e-01	2.477583e-01	4.038146e-02	1.465053e+04	7.733013e+11	5.984103e+00	-2.283912e+08	5.000000e+03	0
1.557789e-01	2.560169e-01	4.460556e-02	1.462670e+04	7.686034e+11	6.197116e+00	-2.280427e+08	5.000000e+03	0
1.608040e-01	2.642755e-01	4.890921e-02	1.460261e+04	7.638582e+11	6.409940e+00	-2.276833e+08	5.000000e+03	0
1.658291e-01	2.725341e-01	5.367910e-02	1.457707e+04	7.588552e+11	6.621637e+00	-2.273125e+08	5.000000e+03	0
1.708543e-01	2.807927e-01	5.853887e-02	1.455127e+04	7.538026e+11	6.833117e+00	-2.269307e+08	5.000000e+03	0
1.758794e-01	2.890513e-01	6.388436e-02	1.452403e+04	7.485000e+11	7.043408e+00	-2.265381e+08	5.000000e+03	0
1.809045e-01	2.973099e-01	6.933056e-02	1.449650e+04	7.431456e+11	7.253453e+00	-2.261345e+08	5.000000e+03	0
1.859296e-01	3.055686e-01	7.528070e-02	1.446756e+04	7.375491e+11	7.462249e+00	-2.257200e+08	5.000000e+03	0
1.909548e-01	3.138272e-01	8.134282e-02	1.443830e+04	7.318989e+11	7.670767e+00	-2.252946e+08	5.000000e+03	0
1.959799e-01	3.220858e-01	8.792577e-02	1.440765e+04	7.260147e+11	7.877977e+00	-2.248584e+08	5.000000e+03	0
2.010050e-01	3.303444e-01	9.463242e-02	1.437666e+04	7.200750e+11	8.084876e+00	-2.244114e+08	5.000000e+03	0
2.060302e-01	3.386030e-01	1.018755e-01	1.434429e+04	7.139095e+11	8.290410e+00	-2.239539e+08	5.000000e+03	0
2.110553e-01	3.468616e-01	1.092543e-01	1.431157e+04	7.076869e+11	8.495598e+00	-2.234854e+08	5.000000e+03	0
2.160804e-01	3.551202e-01	1.171839e-01	1.427748e+04	7.012469e+11	8.699365e+00	-2.230064e+08	5.000000e+03	0
2.211055e-01	3.633788e-01	1.252616e-01	1.424301e+04	6.947484e+11	8.902750e+00	-2.225168e+08	5.000000e+03	0
2.261307e-01	3.716374e-01	1.339029e-01	1.420719e+04	6.880410e+11	9.104660e+00	-2.220166e+08	5.000000e+03	0
2.311558e-01	3.798960e-01	1.427052e-01	1.417098e+04	6.812739e+11	9.306148e+00	-2.215060e+08	5.000000e+03	0
2.361809e-01	3.881546e-01	1.520825e-01	1.413342e+04	6.743065e+11	9.506108e+00	-2.209849e+08	5.000000e+03	0
2.412060e-01	3.964133e-01	1.616339e-01	1.409545e+04	6.672785e+11	9.705605e+00	-2.204533e+08	5.000000e+03	0
2.462312e-01	4.046719e-01	1.717705e-01	1.405614e+04	6.600588e+11	9.903524e+00	-2.199117e+08	5.000000e+03	0
2.512563e-01	4.129305e-01	1.820944e-01	1.401641e+04	6.527778e+11	1.010094e+01	-2.193595e+08	5.000000e+03	0
2.562814e-01	4.211891e-01	1.930122e-01	1.397536e+04	6.453139e+11	1.029672e+01	-2.187972e+08	5.000000e+03	0
2.613065e-01	4.294477e-01	2.041307e-01	1.393385e+04	6.377882e+11	1.049196e+01	-2.182247e+08	5.000000e+03	0
2.663317e-01	4.377063e-01	2.158506e-01	1.389104e+04	6.300884e+11	1.068552e+01	-2.176421e+08	5.000000e+03	0
2.713568e-01	4.459649e-01	2.277847e-01	1.384775e+04	6.223266e+11	1.087848e+01	-2.170498e+08	5.000000e+03	0
2.763819e-01	4.542235e-01	2.403262e-01	1.380317e+04	6.143995e+11	1.106971e+01	-2.164469e+08	5.000000e+03	0
2.814070e-01	4.624821e-01	2.530955e-01	1.375809e+04	6.064105e+11	1.126030e+01	-2.158340e+08	5.000000e+03	0
2.864322e-01	4.707407e-01	2.664768e-01	1.371172e+04	5.982651e+11	1.144913e+01	-2.152119e+08	5.000000e+03	0
2.914573e-01	4.789994e-01	2.800994e-01	1.366484e+04	5.900580e+11	1.163725e+01	-2.145796e+08	5.000000e+03	0
2.964824e-01	4.872580e-01	2.943373e-01	1.361667e+04	5.817035e+11	1.182356e+01	-2.139377e+08	5.000000e+03	0
3.015075e-01	4.955166e-01	3.088300e-01	1.356797e+04	5.732879e+11	1.200912e+01	-2.132866e+08	5.000000e+03	0
3.065327e-01	5.037752e-01	3.239398e-01	1.351800e+04	5.647339e+11	1.219283e+01	-2.126249e+08	5.000000e+03	0
3.115578e-01	5.120338e-01	3.393179e-01	1.346747e+04	5.561195e+11	1.237573e+01	-2.119541e+08	5.000000e+03	0
3.165829e-01	5.202924e-01	3.553136e-01	1.341567e+04	5.473757e+11	1.255673e+01	-2.112740e+08	5.000000e+03	0
3.216080e-01	5.285510e-01	3.715907e-01	1.336330e+04	5.385727e+11	1.273686e+01	-2.105845e+08	5.000000e+03	0
3.266332e-01	5.368096e-01	3.884844e-01	1.330966e+04	5.296491e+11	1.291506e+01	-2.098856e+08	5.000000e+03	0
3.316583e-01	5.450682e-01	4.056726e-01	1.325542e+04	5.206678e+11	1.309234e+01	-2.091775e+08	5.000000e+03	0
3.366834e-01	5.533268e-01	4.234751e-01	1.319993e+04	5.115748e+11	1.326764e+01	-2.084604e+08	5.000000e+03	0
3.417085e-01	5.615854e-01	4.415846e-01	1.314380e+04	5.024259e+11	1.344195e+01	-2.077341e+08	5.000000e+03	0
3.467337e-01	5.698441e-01	4.603047e-01	1.308643e+04	4.931741e+11	1.361424e+01	-2.069990e+08	5.000000e+03	0
3.517588e-01	5.781027e-01	4.793442e-01	1.302840e+04	4.838685e+11	1.378549e+01	-2.062545e+08	5.000000e+03	0
3.567839e-01	5.863613e-01	4.989891e-01	1.296913e+04	4.744688e+11	1.395468e+01	-2.055015e+08	5.000000e+03	0
3.618090e-01	5.946199e-01	5.189650e-01	1.290917e+04	4.650177e+11	1.412275e+01	-2.047396e+08	5.000000e+03	0
3.668342e-01	6.028785e-01	5.395400e-01	1.284797e+04	4.554812e+11	1.428874e+01	-2.039690e+08	5.000000e+03	0
3.718593e-01	6.111371e-01	5.604573e-01	1.278607e+04	4.458960e+11	1.445353e+01	-2.031902e+08	5.000000e+03	0
3.768844e-01	6.193957e-01	5.819657e-01	1.272291e+04	4.362341e+11	1.461621e+01	-2.024022e+08	5.000000e+03	0
3.819095e-01	6.276543e-01	6.038269e-01	1.265902e+04	4.265266e+11	1.477761e+01	-2.016085e+08	5.000000e+03	0
3.869347e-01	6.359129e-01	6.262701e-01	1.259389e+04	4.167510e+11	1.493687e+01	-2.008025e+08	5.000000e+03	0
3.919598e-01	6.441715e-01	6.490758e-01	1.252799e+04	4.069330e+11	1.509478e+01	-1.999902e+08	5.000000e+03	0
3.969849e-01	6.524301e-01	6.724530e-01	1.246084e+04	3.970556e+11	1.525050e+01	-1.991691e+08	5.000000e+03	0
4.020101e-01	6.606888e-01	6.962017e-01	1.239288e+04	3.871395e+11	1.540481e+01	-1.983408e+08	5.000000e+03	0
4.070352e-01	6.689474e-01	7.205099e-01	1.232368e+04	3.771724e+11	1.555689e+01	-1.975041e+08	5.000000e+03	0
4.120603e-01	6.772060e-01	7.451976e-01	1.225364e+04	3.671707e+11	1.570747e+01	-1.966599e+08	5.000000e+03	0
4.170854e-01	6.854646e-01	7.704316e-01	1.218235e+04	3.571264e+11	1.585580e+01	-1.958063e+08	5.000000e+03	0
4.221106e-01	6.937232e-01	7.960519e-01	1.211017e+04	3.470518e+11	1.600253e+01	-1.949486e+08	5.000000e+03	0
4.271357e-01	7.019818e-01	8.222040e-01	1.203674e+04	3.369428e+11	1.614699e+01	-1.940808e+08	5.000000e+03	0
4.321608e-01	7.102404e-01	8.487480e-01	1.196238e+04	3.268084e+11	1.628976e+01	-1.932041e+08	5.000000e+03	0
4.371859e-01	7.184990e-01	8.758080e-01	1.188676e+04	3.166476e+11	1.643022e+01	-1.923240e+08	5.000000e+03	0
4.422111e-01	7.267576e-01	9.032642e-01	1.181016e+04	3.064666e+11	1.656890e+01	-1.914346e+08	5.000000e+03	0
4.472362e-01	7.350162e-01	9.312192e-01	1.173229e+04	2.962673e+11	1.670524e+01	-1.905382e+08	5.000000e+03	0
4.522613e-01	7.432749e-01	9.595732e-01	1.165340e+04	2.860532e+11	1.683971e+01	-1.896357e+08	5.000000e+03	0
4.572864e-01	7.515335e-01	9.884076e-01	1.157322e+04	2.758287e+11	1.697180e+01	-1.887231e+08	5.000000e+03	0
4.623116e-01	7.597921e-01	1.017642e+00	1.149195e+04	2.655954e+11	1.710191e+01	-1.878079e+08	5.000000e+03	0
4.673367e-01	7.680507e-01	1.047337e+00	1.140938e+04	2.553594e+11	1.722962e+01	-1.868843e+08	5.000000e+03	0
4.723618e-01	7.763093e-01	1.077432e+00	1.132567e+04	2.451210e+11	1.735525e+01	-1.859542e+08	5.000000e+03	0
4.773869e-01	7.845679e-01	1.100896e+00	9.980352e+03	2.372621e+11	1.736898e+01	-1.850178e+08	5.000000e+03	0
4.824121e-01	7.928265e-01	1.118366e+00	7.494725e+03	2.315541e+11	1.728157e+01	-1.840778e+08	5.000000e+03	0
4.874372e-01	8.010851e-01	1.136113e+00	6.271075e+03	2.259078e+11	1.719823e+01	-1.831403e+08	5.000000e+03	1
4.924623e-01	8.093437e-01	1.154118e+00	6.235171e+03	2.203196e+11	1.711872e+01	-1.822072e+08	5.000000e+03	1
4.974874e-01	8.176023e-01	1.172394e+00	6.199276e+03	2.147887e+11	1.704282e+01	-1.812787e+08	5.000000e+03	1
5.025126e-01	8.258609e-01	1.190933e+00	6.163392e+03	2.093140e+11	1.697046e+01	-1.803545e+08	5.000000e+03	1
5.075377e-01	8.341196e-01	1.209735e+00	6.127500e+03	2.038928e+11	1.690130e+01	-1.794345e+08	5.000000e+03	1
5.125628e-01	8.423782e-01	1.228806e+00	6.091600e+03	1.985263e+11	1.683540e+01	-1.785184e+08	5.000000e+03	1
5.175879e-01	8.506368e-01	1.248133e+00	6.055675e+03	1.932097e+11	1.677235e+01	-1.776061e+08	5.000000e+03	1
5.226131e-01	8.588954e-01	1.267732e+00	6.019725e+03	1.879463e+11	1.671230e+01	-1.766975e+08	5.000000e+03	1
5.276382e-01	8.671540e-01	1.287580e+00	5.983735e+03	1.827299e+11	1.665477e+01	-1.757923e+08	5.000000e+03	1
5.326633e-01	8.754126e-01	1.307703e+00	5.947701e+03	1.775654e+11	1.660002e+01	-1.748904e+08	5.000000e+03	1
5.376884e-01	8.836712e-01	1.328068e+00	5.911613e+03	1.724450e+11	1.654749e+01	-1.739918e+08	5.000000e+03	1
5.427136e-01	8.919298e-01	1.348711e+00	5.875463e+03	1.673756e+11	1.649751e+01	-1.730962e+08	5.000000e+03	1
5.477387e-01	9.001884e-01	1.369588e+00	5.839246e+03	1.623479e+11	1.644950e+01	-1.722035e+08	5.000000e+03	1
5.527638e-01	9.084470e-01	1.390745e+00	5.802947e+03	1.573703e+11	1.640383e+01	-1.713137e+08	5.000000e+03	1
5.577889e-01	9.167057e-01	1.412128e+00	5.766569e+03	1.524321e+11	1.635988e+01	-1.704265e+08	5.000000e+03	1
5.628141e-01	9.249643e-01	1.433793e+00	5.730090e+03	1.475433e+11	1.631808e+01	-1.695419e+08	5.000000e+03	1
5.678392e-01	9.332229e-01	1.455675e+00	5.693520e+03	1.426920e+11	1.627779e+01	-1.686598e+08	5.000000e+03	1
5.728643e-01	9.414815e-01	1.477840e+00	5.656829e+03	1.378895e+11	1.623947e+01	-1.677801e+08	5.000000e+03	1
5.778894e-01	9.497401e-01	1.500214e+00	5.620036e+03	1.331227e+11	1.620246e+01	-1.669027e+08	5.000000e+03	1
5.829146e-01	9.579987e-01	1.522871e+00	5.583102e+03	1.284044e+11	1.616725e+01	-1.660274e+08	5.000000e+03	1
5.879397e-01	9.662573e-01	1.545728e+00	5.546053e+03	1.237202e+11	1.613318e+01	-1.651543e+08	5.000000e+03	1
5.929648e-01	9.745159e-01	1.568868e+00	5.508843e+03	1.190843e+11	1.610073e+01	-1.642832e+08	5.000000e+03	1
5.979899e-01	9.827745e-01	1.592199e+00	5.471508e+03	1.144810e+11	1.606927e+01	-1.634145e+08	5.000000e+03	1
6.030151e-01	9.910331e-01	1.615811e+00	5.433988e+03	1.099259e+11	1.603926e+01	-1.625470e+08	5.000000e+03	1
6.080402e-01	9.992917e-01	1.639605e+00	5.396333e+03	1.054021e+11	1.601011e+01	-1.616817e+08	5.000000e+03	1
6.130653e-01	1.007550e+00	1.663678e+00	5.358470e+03	1.009266e+11	1.598226e+01	-1.608181e+08	5.000000e+03	1
6.180905e-01	1.015809e+00	1.682726e+00	4.768264e+03	9.741909e+10	1.590692e+01	-1.599562e+08	5.000000e+03	1
6.231156e-01	1.024068e+00	1.693709e+00	3.291404e+03	9.546554e+10	1.575532e+01	-1.590974e+08	5.000000e+03	1
6.281407e-01	1.032326e+00	1.704806e+00	2.364377e+03	9.352916e+10	1.560684e+01	-1.582448e+08	5.000000e+03	2
6.331658e-01	1.040585e+00	1.716094e+00	2.358689e+03	9.162154e+10	1.546357e+01	-1.574001e+08	5.000000e+03	2
6.381910e-01	1.048843e+00	1.727493e+00	2.353039e+03	8.972971e+10	1.532314e+01	-1.565633e+08	5.000000e+03	2
6.432161e-01	1.057102e+00	1.739089e+00	2.347455e+03	8.786551e+10	1.518767e+01	-1.557342e+08	5.000000e+03	2
6.482412e-01	1.065361e+00	1.750795e+00	2.341905e+03	8.601584e+10	1.505480e+01	-1.549125e+08	5.000000e+03	2
6.532663e-01	1.073619e+00	1.762702e+00	2.336418e+03	8.419273e+10	1.492666e+01	-1.540980e+08	5.000000e+03	2
6.582915e-01	1.081878e+00	1.774718e+00	2.330962e+03	8.238298e+10	1.480088e+01	-1.532906e+08	5.000000e+03	2
6.633166e-01	1.090136e+00	1.786940e+00	2.325567e+03	8.059877e+10	1.467961e+01	-1.524899e+08	5.000000e+03	2
6.683417e-01	1.098395e+00	1.799267e+00	2.320201e+03	7.882685e+10	1.456050e+01	-1.516963e+08	5.000000e+03	2
6.733668e-01	1.106654e+00	1.811807e+00	2.314892e+03	7.707951e+10	1.444569e+01	-1.509088e+08	5.000000e+03	2
6.783920e-01	1.114912e+00	1.824450e+00	2.309610e+03	7.534347e+10	1.433285e+01	-1.501279e+08	5.000000e+03	2
6.834171e-01	1.123171e+00	1.837311e+00	2.304383e+03	7.363108e+10	1.422412e+01	-1.493531e+08	5.000000e+03	2
6.884422e-01	1.131429e+00	1.850273e+00	2.299181e+03	7.192909e+10	1.411719e+01	-1.485843e+08	5.000000e+03	2
6.934673e-01	1.139688e+00	1.863457e+00	2.294032e+03	7.024989e+10	1.401418e+01	-1.478213e+08	5.000000e+03	2
6.984925e-01	1.147947e+00	1.876726e+00	2.286321e+03	6.858212e+10	1.391269e+01	-1.470640e+08	5.000000e+03	2
7.035176e-01	1.156205e+00	1.890186e+00	2.272715e+03	6.694064e+10	1.381470e+01	-1.463123e+08	5.000000e+03	2
7.085427e-01	1.164464e+00	1.903712e+00	2.259163e+03	6.531150e+10	1.371799e+01	-1.455660e+08	5.000000e+03	2
7.135678e-01	1.172723e+00	1.917398e+00	2.245741e+03	6.371216e+10	1.362436e+01	-1.448250e+08	5.000000e+03	2
7.185930e-01	1.180981e+00	1.931146e+00	2.232369e+03	6.212424e+10	1.353190e+01	-1.440892e+08	5.000000e+03	2
7.236181e-01	1.189240e+00	1.945055e+00	2.219120e+03	6.056526e+10	1.344237e+01	-1.433585e+08	5.000000e+03	2
7.286432e-01	1.197498e+00	1.959024e+00	2.205916e+03	5.901684e+10	1.335389e+01	-1.426327e+08	5.000000e+03	2
7.336683e-01	1.205757e+00	1.973154e+00	2.192831e+03	5.749656e+10	1.326823e+01	-1.419118e+08	5.000000e+03	2
7.386935e-01	1.214016e+00	1.987341e+00	2.179786e+03	5.598604e+10	1.318351e+01	-1.411956e+08	5.000000e+03	2
7.437186e-01	1.222274e+00	2.001691e+00	2.166856e+03	5.450290e+10	1.310148e+01	-1.404841e+08	5.000000e+03	2
7.487437e-01	1.230533e+00	2.016095e+00	2.153961e+03	5.302878e+10	1.302031e+01	-1.397772e+08	5.000000e+03	2
7.537688e-01	1.238791e+00	2.030662e+00	2.141176e+03	5.158134e+10	1.294171e+01	-1.390748e+08	5.000000e+03	2
7.587940e-01	1.247050e+00	2.045282e+00	2.128423e+03	5.014222e+10	1.286388e+01	-1.383767e+08	5.000000e+03	2
7.638191e-01	1.255309e+00	2.060064e+00	2.115775e+03	4.872911e+10	1.278851e+01	-1.376830e+08	5.000000e+03	2
7.688442e-01	1.263567e+00	2.074896e+00	2.103156e+03	4.732367e+10	1.271384e+01	-1.369932e+08	5.000000e+03	2
7.738693e-01	1.271826e+00	2.089891e+00	2.090636e+03	4.594361e+10	1.264150e+01	-1.363077e+08	5.000000e+03	2
7.788945e-01	1.280084e+00	2.104934e+00	2.078142e+03	4.457063e+10	1.256981e+01	-1.356262e+08	5.000000e+03	2
7.839196e-01	1.288343e+00	2.120139e+00	2.065743e+03	4.322243e+10	1.250035e+01	-1.349487e+08	5.000000e+03	2
7.889447e-01	1.296602e+00	2.135389e+00	2.053368e+03	4.188075e+10	1.243146e+01	-1.342750e+08	5.000000e+03	2
7.939698e-01	1.304860e+00	2.150803e+00	2.041082e+03	4.056329e+10	1.236471e+01	-1.336051e+08	5.000000e+03	2
7.989950e-01	1.313119e+00	2.166258e+00	2.028817e+03	3.925183e+10	1.229848e+01	-1.329390e+08	5.000000e+03	2
8.040201e-01	1.321378e+00	2.181877e+00	2.016638e+03	3.796406e+10	1.223428e+01	-1.322765e+08	5.000000e+03	2
8.090452e-01	1.329636e+00	2.197534e+00	2.004477e+03	3.668179e+10	1.217055e+01	-1.316175e+08	5.000000e+03	2
8.140704e-01	1.337895e+00	2.213355e+00	1.992396e+03	3.542272e+10	1.210877e+01	-1.309621e+08	5.000000e+03	2
8.190955e-01	1.346153e+00	2.229211e+00	1.980332e+03	3.416870e+10	1.204741e+01	-1.303102e+08	5.000000e+03	2
8.241206e-01	1.354412e+00	2.245231e+00	1.968344e+03	3.293740e+10	1.198791e+01	-1.296616e+08	5.000000e+03	2
8.291457e-01	1.362671e+00	2.261284e+00	1.956370e+03	3.171073e+10	1.192878e+01	-1.290163e+08	5.000000e+03	2
8.341709e-01	1.370929e+00	2.277499e+00	1.944467e+03	3.050634e+10	1.187143e+01	-1.283744e+08	5.000000e+03	2
8.391960e-01	1.379188e+00	2.293745e+00	1.932578e+03	2.930617e+10	1.181441e+01	-1.277356e+08	5.000000e+03	2
8.442211e-01	1.387446e+00	2.310152e+00	1.920754e+03	2.812787e+10	1.175909e+01	-1.271000e+08	5.000000e+03	2
8.492462e-01	1.395705e+00	2.326587e+00	1.908942e+03	2.695341e+10	1.170407e+01	-1.264674e+08	5.000000e+03	2
8.542714e-01	1.403964e+00	2.343182e+00	1.897192e+03	2.580044e+10	1.165067e+01	-1.258379e+08	5.000000e+03	2
8.592965e-01	1.412222e+00	2.359803e+00	1.885451e+03	2.465095e+10	1.159754e+01	-1.252114e+08	5.000000e+03	2
8.643216e-01	1.420481e+00	2.376583e+00	1.873767e+03	2.352258e+10	1.154595e+01	-1.245878e+08	5.000000e+03	2
8.693467e-01	1.428739e+00	2.393386e+00	1.862092e+03	2.239735e+10	1.149460e+01	-1.239672e+08	5.000000e+03	2
8.743719e-01	1.436998e+00	2.410346e+00	1.850469e+03	2.129291e+10	1.144472e+01	-1.233493e+08	5.000000e+03	2
8.793970e-01	1.445257e+00	2.427327e+00	1.838852e+03	2.019129e+10	1.139505e+01	-1.227341e+08	5.000000e+03	2
8.844221e-01	1.453515e+00	2.444462e+00	1.827284e+03	1.911013e+10	1.134679e+01	-1.221219e+08	5.000000e+03	2
8.894472e-01	1.461774e+00	2.461617e+00	1.815721e+03	1.803150e+10	1.129871e+01	-1.215123e+08	5.000000e+03	2
8.944724e-01	1.470032e+00	2.478924e+00	1.804201e+03	1.697305e+10	1.125198e+01	-1.209053e+08	5.000000e+03	2
8.994975e-01	1.478291e+00	2.496248e+00	1.792686e+03	1.591683e+10	1.120539e+01	-1.203010e+08	5.000000e+03	2
9.045226e-01	1.486550e+00	2.513722e+00	1.781208e+03	1.488050e+10	1.116010e+01	-1.196994e+08	5.000000e+03	2
9.095477e-01	1.494808e+00	2.531184e+00	1.767121e+03	1.384766e+10	1.111482e+01	-1.191001e+08	5.000000e+03	2
9.145729e-01	1.503067e+00	2.548530e+00	1.726930e+03	1.284961e+10	1.106964e+01	-1.185034e+08	5.000000e+03	2
9.195980e-01	1.511326e+00	2.565840e+00	1.686693e+03	1.185600e+10	1.102436e+01	-1.179092e+08	5.000000e+03	2
9.246231e-01	1.519584e+00	2.582737e+00	1.645935e+03	1.091275e+10	1.097797e+01	-1.173175e+08	5.000000e+03	2
9.296482e-01	1.527843e+00	2.599600e+00	1.605116e+03	9.973402e+09	1.093148e+01	-1.167286e+08	5.000000e+03	2
9.346734e-01	1.536101e+00	2.616003e+00	1.563509e+03	9.085186e+09	1.088378e+01	-1.161423e+08	5.000000e+03	2
9.396985e-01	1.544360e+00	2.632372e+00	1.521826e+03	8.200338e+09	1.083600e+01	-1.155586e+08	5.000000e+03	2
9.447236e-01	1.552619e+00	2.648224e+00	1.478963e+03	7.367716e+09	1.078690e+01	-1.149776e+08	5.000000e+03	2
9.497487e-01	1.560877e+00	2.664045e+00	1.436004e+03	6.537956e+09	1.073771e+01	-1.143993e+08	5.000000e+03	2
9.547739e-01	1.569136e+00	2.679276e+00	1.391249e+03	5.762017e+09	1.068704e+01	-1.138239e+08	5.000000e+03	2
9.597990e-01	1.577394e+00	2.694479e+00	1.346373e+03	4.988447e+09	1.063630e+01	-1.132513e+08	5.000000e+03	2
9.648241e-01	1.585653e+00	2.709000e+00	1.298631e+03	4.271143e+09	1.058384e+01	-1.126814e+08	5.000000e+03	2
9.698492e-01	1.593912e+00	2.723495e+00	1.250731e+03	3.555724e+09	1.053131e+01	-1.121145e+08	5.000000e+03	2
9.748744e-01	1.602170e+00	2.737174e+00	1.197786e+03	2.900623e+09	1.047671e+01	-1.115506e+08	5.000000e+03	2
9.798995e-01	1.610429e+00	2.750831e+00	1.144611e+03	2.246929e+09	1.042205e+01	-1.109896e+08	5.000000e+03	2
9.849246e-01	1.618687e+00	2.763445e+00	1.080257e+03	1.661454e+09	1.036464e+01	-1.104318e+08	5.000000e+03	2
9.899497e-01	1.626946e+00	2.776052e+00	1.016471e+03	1.076456e+09	1.030722e+01	-1.098771e+08	5.000000e+03	2
9.949749e-01	1.635205e+00	2.788026e+00	1.008235e+03	5.382280e+08	1.024875e+01	-1.093249e+08	5.000000e+03	2
1.000000e+00	1.643463e+00	2.800000e+00	1.000000e+03	2.384186e-07	1.019028e+01	-1.087774e+08	3.000000e+02	2
