#R=1.6073247597058078
#interptype='linear'
#name='planet'
#norm={'P': 1000000000000.0, 'R': 1.6073247597058078, 'M': 5.0, 'g': 19.024396467851236, 'rho': 1000.0}
#state=1
#composition
#layer0		Fe08FeS02		0.600000
#layer1		pv_fmw		0.400000
#layer2		ice_VII		0.100000
#Cols=
 #'ur		r		mr		rho		P		g		phi		T		composition'
#-end-
0.000000e+00	0.000000e+00	4.352985e-11	1.945193e+04	1.981538e+12	0.000000e+00	-3.925060e+08	5.000000e+03	0
5.025126e-03	8.077009e-03	7.064968e-06	1.945413e+04	1.982235e+12	-1.342936e-01	-3.924987e+08	5.000000e+03	0
1.005025e-02	1.615402e-02	1.619774e-05	1.945622e+04	1.982898e+12	-2.488699e-01	-3.924772e+08	5.000000e+03	0
1.507538e-02	2.423103e-02	6.544670e-05	1.945628e+04	1.982918e+12	1.906817e-02	-3.924411e+08	5.000000e+03	0
2.010050e-02	3.230804e-02	1.229458e-04	1.945617e+04	1.982883e+12	2.883056e-01	-3.923908e+08	5.000000e+03	0
2.512563e-02	4.038504e-02	2.563464e-04	1.945450e+04	1.982355e+12	5.694966e-01	-3.923262e+08	5.000000e+03	0
3.015075e-02	4.846205e-02	4.082860e-04	1.945258e+04	1.981746e+12	8.508003e-01	-3.922470e+08	5.000000e+03	0
3.517588e-02	5.653906e-02	6.677518e-04	1.944918e+04	1.980671e+12	1.132757e+00	-3.921535e+08	5.000000e+03	0
4.020101e-02	6.461607e-02	9.601355e-04	1.944544e+04	1.979489e+12	1.414698e+00	-3.920457e+08	5.000000e+03	0
4.522613e-02	7.269308e-02	1.387483e-03	1.944032e+04	1.977870e+12	1.696572e+00	-3.919236e+08	5.000000e+03	0
5.025126e-02	8.077009e-02	1.866191e-03	1.943477e+04	1.976118e+12	1.978376e+00	-3.917866e+08	5.000000e+03	0
5.527638e-02	8.884710e-02	2.503095e-03	1.942793e+04	1.973955e+12	2.259964e+00	-3.916359e+08	5.000000e+03	0
6.030151e-02	9.692411e-02	3.213835e-03	1.942057e+04	1.971634e+12	2.541434e+00	-3.914703e+08	5.000000e+03	0
6.532663e-02	1.050011e-01	4.101785e-03	1.941200e+04	1.968930e+12	2.822621e+00	-3.912906e+08	5.000000e+03	0
7.035176e-02	1.130781e-01	5.090037e-03	1.940283e+04	1.966041e+12	3.103638e+00	-3.910968e+08	5.000000e+03	0
7.537688e-02	1.211551e-01	6.270296e-03	1.939253e+04	1.962798e+12	3.384331e+00	-3.908883e+08	5.000000e+03	0
8.040201e-02	1.292321e-01	7.581260e-03	1.938156e+04	1.959345e+12	3.664795e+00	-3.906657e+08	5.000000e+03	0
8.542714e-02	1.373092e-01	9.094818e-03	1.936954e+04	1.955565e+12	3.944904e+00	-3.904287e+08	5.000000e+03	0
9.045226e-02	1.453862e-01	1.077337e-02	1.935675e+04	1.951551e+12	4.224716e+00	-3.901776e+08	5.000000e+03	0
9.547739e-02	1.534632e-01	1.266090e-02	1.934301e+04	1.947238e+12	4.504154e+00	-3.899122e+08	5.000000e+03	0
1.005025e-01	1.615402e-01	1.475151e-02	1.932842e+04	1.942666e+12	4.783221e+00	-3.896325e+08	5.000000e+03	0
1.055276e-01	1.696172e-01	1.705334e-02	1.931295e+04	1.937824e+12	5.061900e+00	-3.893385e+08	5.000000e+03	0
1.105528e-01	1.776942e-01	1.960008e-02	1.929655e+04	1.932698e+12	5.340125e+00	-3.890306e+08	5.000000e+03	0
1.155779e-01	1.857712e-01	2.235611e-02	1.927936e+04	1.927330e+12	5.617960e+00	-3.887084e+08	5.000000e+03	0
1.206030e-01	1.938482e-01	2.540253e-02	1.926115e+04	1.921656e+12	5.895248e+00	-3.883720e+08	5.000000e+03	0
1.256281e-01	2.019252e-01	2.865224e-02	1.924224e+04	1.915767e+12	6.172153e+00	-3.880217e+08	5.000000e+03	0
1.306533e-01	2.100022e-01	3.224138e-02	1.922222e+04	1.909550e+12	6.448409e+00	-3.876569e+08	5.000000e+03	0
1.356784e-01	2.180792e-01	3.602374e-02	1.920159e+04	1.903145e+12	6.724296e+00	-3.872777e+08	5.000000e+03	0
1.407035e-01	2.261562e-01	4.019803e-02	1.917977e+04	1.896389e+12	6.999425e+00	-3.868858e+08	5.000000e+03	0
1.457286e-01	2.342333e-01	4.455150e-02	1.915741e+04	1.889473e+12	7.274208e+00	-3.864791e+08	5.000000e+03	0
1.507538e-01	2.423103e-01	4.935273e-02	1.913378e+04	1.882186e+12	7.548115e+00	-3.860584e+08	5.000000e+03	0
1.557789e-01	2.503873e-01	5.431517e-02	1.910970e+04	1.874766e+12	7.821707e+00	-3.856238e+08	5.000000e+03	0
1.608040e-01	2.584643e-01	5.978445e-02	1.908427e+04	1.866954e+12	8.094298e+00	-3.851753e+08	5.000000e+03	0
1.658291e-01	2.665413e-01	6.539311e-02	1.905847e+04	1.859034e+12	8.366613e+00	-3.847130e+08	5.000000e+03	0
1.708543e-01	2.746183e-01	7.157079e-02	1.903124e+04	1.850704e+12	8.637792e+00	-3.842367e+08	5.000000e+03	0
1.758794e-01	2.826953e-01	7.786227e-02	1.900371e+04	1.842293e+12	8.908744e+00	-3.837466e+08	5.000000e+03	0
1.809045e-01	2.907723e-01	8.478789e-02	1.897467e+04	1.833453e+12	9.178416e+00	-3.832428e+08	5.000000e+03	0
1.859296e-01	2.988493e-01	9.179807e-02	1.894543e+04	1.824556e+12	9.447918e+00	-3.827255e+08	5.000000e+03	0
1.909548e-01	3.069263e-01	9.951035e-02	1.891459e+04	1.815214e+12	9.715989e+00	-3.821940e+08	5.000000e+03	0
1.959799e-01	3.150033e-01	1.072744e-01	1.888362e+04	1.805840e+12	9.983954e+00	-3.816492e+08	5.000000e+03	0
2.010050e-01	3.230804e-01	1.158111e-01	1.885097e+04	1.796005e+12	1.025033e+01	-3.810907e+08	5.000000e+03	0
2.060302e-01	3.311574e-01	1.243875e-01	1.881824e+04	1.786147e+12	1.051662e+01	-3.805186e+08	5.000000e+03	0
2.110553e-01	3.392344e-01	1.337613e-01	1.878384e+04	1.775841e+12	1.078125e+01	-3.799331e+08	5.000000e+03	0
2.160804e-01	3.473114e-01	1.432022e-01	1.874930e+04	1.765499e+12	1.104575e+01	-3.793340e+08	5.000000e+03	0
2.211055e-01	3.553884e-01	1.534304e-01	1.871318e+04	1.754740e+12	1.130858e+01	-3.787213e+08	5.000000e+03	0
2.261307e-01	3.634654e-01	1.637715e-01	1.867683e+04	1.743924e+12	1.157118e+01	-3.780957e+08	5.000000e+03	0
2.311558e-01	3.715424e-01	1.748857e-01	1.863899e+04	1.732722e+12	1.183213e+01	-3.774566e+08	5.000000e+03	0
2.361809e-01	3.796194e-01	1.861616e-01	1.860084e+04	1.721442e+12	1.209274e+01	-3.768041e+08	5.000000e+03	0
2.412060e-01	3.876964e-01	1.981925e-01	1.856128e+04	1.709805e+12	1.235173e+01	-3.761385e+08	5.000000e+03	0
2.462312e-01	3.957734e-01	2.104369e-01	1.852132e+04	1.698071e+12	1.261025e+01	-3.754597e+08	5.000000e+03	0
2.512563e-01	4.038504e-01	2.234143e-01	1.848004e+04	1.686009e+12	1.286718e+01	-3.747677e+08	5.000000e+03	0
2.562814e-01	4.119275e-01	2.366593e-01	1.843828e+04	1.673833e+12	1.312352e+01	-3.740626e+08	5.000000e+03	0
2.613065e-01	4.200045e-01	2.506119e-01	1.839527e+04	1.661357e+12	1.337831e+01	-3.733446e+08	5.000000e+03	0
2.663317e-01	4.280815e-01	2.648888e-01	1.835170e+04	1.648749e+12	1.363237e+01	-3.726131e+08	5.000000e+03	0
2.713568e-01	4.361585e-01	2.798440e-01	1.830697e+04	1.635869e+12	1.388493e+01	-3.718698e+08	5.000000e+03	0
2.763819e-01	4.442355e-01	2.951826e-01	1.826159e+04	1.622842e+12	1.413663e+01	-3.711129e+08	5.000000e+03	0
2.814070e-01	4.523125e-01	3.111670e-01	1.821514e+04	1.609568e+12	1.438687e+01	-3.703436e+08	5.000000e+03	0
2.864322e-01	4.603895e-01	3.275958e-01	1.816795e+04	1.596133e+12	1.463610e+01	-3.695615e+08	5.000000e+03	0
2.914573e-01	4.684665e-01	3.446345e-01	1.811977e+04	1.582477e+12	1.488394e+01	-3.687666e+08	5.000000e+03	0
2.964824e-01	4.765435e-01	3.621807e-01	1.807077e+04	1.568647e+12	1.513061e+01	-3.679592e+08	5.000000e+03	0
3.015075e-01	4.846205e-01	3.802978e-01	1.802086e+04	1.554621e+12	1.537596e+01	-3.671393e+08	5.000000e+03	0
3.065327e-01	4.926975e-01	3.989870e-01	1.797005e+04	1.540409e+12	1.561997e+01	-3.663069e+08	5.000000e+03	0
3.115578e-01	5.007745e-01	4.182052e-01	1.791841e+04	1.526024e+12	1.586274e+01	-3.654622e+08	5.000000e+03	0
3.165829e-01	5.088516e-01	4.380616e-01	1.786578e+04	1.511443e+12	1.610400e+01	-3.646052e+08	5.000000e+03	0
3.216080e-01	5.169286e-01	4.584023e-01	1.781241e+04	1.496712e+12	1.634411e+01	-3.637359e+08	5.000000e+03	0
3.266332e-01	5.250056e-01	4.794486e-01	1.775796e+04	1.481776e+12	1.658252e+01	-3.628544e+08	5.000000e+03	0
3.316583e-01	5.330826e-01	5.009318e-01	1.770285e+04	1.466711e+12	1.681988e+01	-3.619608e+08	5.000000e+03	0
3.366834e-01	5.411596e-01	5.231891e-01	1.764658e+04	1.451433e+12	1.705534e+01	-3.610553e+08	5.000000e+03	0
3.417085e-01	5.492366e-01	5.458335e-01	1.758973e+04	1.436048e+12	1.728986e+01	-3.601378e+08	5.000000e+03	0
3.467337e-01	5.573136e-01	5.693211e-01	1.753163e+04	1.420443e+12	1.752228e+01	-3.592078e+08	5.000000e+03	0
3.517588e-01	5.653906e-01	5.931437e-01	1.747303e+04	1.404751e+12	1.775387e+01	-3.582672e+08	5.000000e+03	0
3.567839e-01	5.734676e-01	6.178794e-01	1.741310e+04	1.388833e+12	1.798315e+01	-3.573137e+08	5.000000e+03	0
3.618090e-01	5.815446e-01	6.428960e-01	1.735276e+04	1.372847e+12	1.821173e+01	-3.563499e+08	5.000000e+03	0
3.668342e-01	5.896216e-01	6.688955e-01	1.729099e+04	1.356632e+12	1.843778e+01	-3.553738e+08	5.000000e+03	0
3.718593e-01	5.976987e-01	6.951201e-01	1.722889e+04	1.340366e+12	1.866324e+01	-3.543863e+08	5.000000e+03	0
3.768844e-01	6.057757e-01	7.223977e-01	1.716528e+04	1.323869e+12	1.888596e+01	-3.533872e+08	5.000000e+03	0
3.819095e-01	6.138527e-01	7.498428e-01	1.710142e+04	1.307336e+12	1.910823e+01	-3.523772e+08	5.000000e+03	0
3.869347e-01	6.219297e-01	7.784106e-01	1.703595e+04	1.290574e+12	1.932751e+01	-3.513555e+08	5.000000e+03	0
3.919598e-01	6.300067e-01	8.070870e-01	1.697033e+04	1.273789e+12	1.954651e+01	-3.503233e+08	5.000000e+03	0
3.969849e-01	6.380837e-01	8.369551e-01	1.690300e+04	1.256776e+12	1.976226e+01	-3.492803e+08	5.000000e+03	0
4.020101e-01	6.461607e-01	8.668841e-01	1.683558e+04	1.239752e+12	1.997784e+01	-3.482263e+08	5.000000e+03	0
4.070352e-01	6.542377e-01	8.980487e-01	1.676640e+04	1.222507e+12	2.018999e+01	-3.471598e+08	5.000000e+03	0
4.120603e-01	6.623147e-01	9.292870e-01	1.669711e+04	1.205251e+12	2.040194e+01	-3.460837e+08	5.000000e+03	0
4.170854e-01	6.703917e-01	9.617048e-01	1.662614e+04	1.187799e+12	2.061054e+01	-3.449970e+08	5.000000e+03	0
4.221106e-01	6.784687e-01	9.942581e-01	1.655497e+04	1.170327e+12	2.081874e+01	-3.438993e+08	5.000000e+03	0
4.271357e-01	6.865458e-01	1.027933e+00	1.648219e+04	1.152683e+12	2.102370e+01	-3.427916e+08	5.000000e+03	0
4.321608e-01	6.946228e-01	1.061805e+00	1.640913e+04	1.135012e+12	2.122806e+01	-3.416715e+08	5.000000e+03	0
4.371859e-01	7.026998e-01	1.096738e+00	1.633453e+04	1.117192e+12	2.142927e+01	-3.405448e+08	5.000000e+03	0
4.422111e-01	7.107768e-01	1.131931e+00	1.625956e+04	1.099339e+12	2.162970e+01	-3.394061e+08	5.000000e+03	0
4.472362e-01	7.188538e-01	1.168122e+00	1.618313e+04	1.081359e+12	2.182708e+01	-3.382575e+08	5.000000e+03	0
4.522613e-01	7.269308e-01	1.204634e+00	1.610624e+04	1.063342e+12	2.202345e+01	-3.370986e+08	5.000000e+03	0
4.572864e-01	7.350078e-01	1.242082e+00	1.602797e+04	1.045218e+12	2.221690e+01	-3.359304e+08	5.000000e+03	0
4.623116e-01	7.430848e-01	1.279910e+00	1.594913e+04	1.027054e+12	2.240913e+01	-3.347514e+08	5.000000e+03	0
4.673367e-01	7.511618e-01	1.318609e+00	1.586900e+04	1.008802e+12	2.259856e+01	-3.335635e+08	5.000000e+03	0
4.723618e-01	7.592388e-01	1.357747e+00	1.578820e+04	9.905101e+11	2.278653e+01	-3.323660e+08	5.000000e+03	0
4.773869e-01	7.673158e-01	1.397692e+00	1.570619e+04	9.721462e+11	2.297184e+01	-3.311594e+08	5.000000e+03	0
4.824121e-01	7.753928e-01	1.438132e+00	1.562341e+04	9.537441e+11	2.315545e+01	-3.299422e+08	5.000000e+03	0
4.874372e-01	7.834699e-01	1.479312e+00	1.553950e+04	9.352853e+11	2.333654e+01	-3.287170e+08	5.000000e+03	0
4.924623e-01	7.915469e-01	1.521045e+00	1.545471e+04	9.167915e+11	2.351568e+01	-3.274819e+08	5.000000e+03	0
4.974874e-01	7.996239e-01	1.563450e+00	1.536887e+04	8.982549e+11	2.369245e+01	-3.262382e+08	5.000000e+03	0
5.025126e-01	8.077009e-01	1.606460e+00	1.528206e+04	8.796879e+11	2.386700e+01	-3.249857e+08	5.000000e+03	0
5.075377e-01	8.157779e-01	1.650076e+00	1.519427e+04	8.610906e+11	2.403935e+01	-3.237242e+08	5.000000e+03	0
5.125628e-01	8.238549e-01	1.694348e+00	1.510539e+04	8.424694e+11	2.420922e+01	-3.224542e+08	5.000000e+03	0
5.175879e-01	8.319319e-01	1.739159e+00	1.501562e+04	8.238286e+11	2.437705e+01	-3.211756e+08	5.000000e+03	0
5.226131e-01	8.400089e-01	1.784673e+00	1.492465e+04	8.051724e+11	2.454211e+01	-3.198884e+08	5.000000e+03	0
5.276382e-01	8.480859e-01	1.830660e+00	1.483287e+04	7.865057e+11	2.470530e+01	-3.185939e+08	5.000000e+03	0
5.326633e-01	8.561629e-01	1.877394e+00	1.473977e+04	7.678338e+11	2.486544e+01	-3.172898e+08	5.000000e+03	0
5.376884e-01	8.642399e-01	1.924536e+00	1.464594e+04	7.491589e+11	2.502390e+01	-3.159784e+08	5.000000e+03	0
5.427136e-01	8.723170e-01	1.972464e+00	1.455066e+04	7.304908e+11	2.517899e+01	-3.146589e+08	5.000000e+03	0
5.477387e-01	8.803940e-01	2.020736e+00	1.445475e+04	7.118256e+11	2.533261e+01	-3.133318e+08	5.000000e+03	0
5.527638e-01	8.884710e-01	2.069830e+00	1.435725e+04	6.931811e+11	2.548253e+01	-3.119970e+08	5.000000e+03	0
5.577889e-01	8.965480e-01	2.119206e+00	1.425921e+04	6.745436e+11	2.563118e+01	-3.106546e+08	5.000000e+03	0
5.628141e-01	9.046250e-01	2.169434e+00	1.415944e+04	6.559428e+11	2.577581e+01	-3.093049e+08	5.000000e+03	0
5.678392e-01	9.127020e-01	2.219882e+00	1.405922e+04	6.373514e+11	2.591939e+01	-3.079480e+08	5.000000e+03	0
5.728643e-01	9.207790e-01	2.271207e+00	1.395712e+04	6.188143e+11	2.605859e+01	-3.065839e+08	5.000000e+03	0
5.778894e-01	9.288560e-01	2.322696e+00	1.385466e+04	6.002874e+11	2.619698e+01	-3.052128e+08	5.000000e+03	0
5.829146e-01	9.369330e-01	2.375079e+00	1.375016e+04	5.818346e+11	2.633062e+01	-3.038364e+08	5.000000e+03	0
5.879397e-01	9.450100e-01	2.427570e+00	1.364541e+04	5.633908e+11	2.646369e+01	-3.024504e+08	5.000000e+03	0
5.929648e-01	9.530870e-01	2.480968e+00	1.353844e+04	5.450430e+11	2.659163e+01	-3.010591e+08	5.000000e+03	0
5.979899e-01	9.611641e-01	2.534422e+00	1.343133e+04	5.267012e+11	2.671925e+01	-2.996612e+08	5.000000e+03	0
6.030151e-01	9.692411e-01	2.588787e+00	1.332180e+04	5.084792e+11	2.684134e+01	-2.982580e+08	5.000000e+03	0
6.080402e-01	9.773181e-01	2.643194e+00	1.321214e+04	4.902639e+11	2.696316e+01	-2.968480e+08	5.000000e+03	0
6.130653e-01	9.853951e-01	2.698438e+00	1.310006e+04	4.721835e+11	2.707948e+01	-2.954321e+08	5.000000e+03	0
6.180905e-01	9.934721e-01	2.753755e+00	1.298774e+04	4.541172e+11	2.719528e+01	-2.940105e+08	5.000000e+03	0
6.231156e-01	1.001549e+00	2.809819e+00	1.287303e+04	4.361966e+11	2.730573e+01	-2.925832e+08	5.000000e+03	0
6.281407e-01	1.009626e+00	2.865987e+00	1.275794e+04	4.183007e+11	2.741536e+01	-2.911503e+08	5.000000e+03	0
6.331658e-01	1.017703e+00	2.922814e+00	1.264049e+04	4.005599e+11	2.751979e+01	-2.897121e+08	5.000000e+03	0
6.381910e-01	1.025780e+00	2.975180e+00	1.202049e+04	3.842711e+11	2.758134e+01	-2.882688e+08	5.000000e+03	0
6.432161e-01	1.033857e+00	3.008059e+00	9.205152e+03	3.743257e+11	2.745559e+01	-2.868221e+08	5.000000e+03	0
6.482412e-01	1.041934e+00	3.041062e+00	7.040049e+03	3.644337e+11	2.733122e+01	-2.853776e+08	5.000000e+03	1
6.532663e-01	1.050011e+00	3.074470e+00	6.988209e+03	3.547153e+11	2.721138e+01	-2.839394e+08	5.000000e+03	1
6.582915e-01	1.058088e+00	3.108025e+00	6.936366e+03	3.450597e+11	2.709308e+01	-2.825076e+08	5.000000e+03	1
6.633166e-01	1.066165e+00	3.141947e+00	6.884517e+03	3.355621e+11	2.697868e+01	-2.810823e+08	5.000000e+03	1
6.683417e-01	1.074242e+00	3.176037e+00	6.832654e+03	3.261361e+11	2.686594e+01	-2.796633e+08	5.000000e+03	1
6.733668e-01	1.082319e+00	3.210460e+00	6.780761e+03	3.168533e+11	2.675654e+01	-2.782504e+08	5.000000e+03	1
6.783920e-01	1.090396e+00	3.245068e+00	6.728838e+03	3.076507e+11	2.664889e+01	-2.768435e+08	5.000000e+03	1
6.834171e-01	1.098473e+00	3.279976e+00	6.676867e+03	2.985776e+11	2.654407e+01	-2.754425e+08	5.000000e+03	1
6.884422e-01	1.106550e+00	3.315084e+00	6.624845e+03	2.895928e+11	2.644107e+01	-2.740475e+08	5.000000e+03	1
6.934673e-01	1.114627e+00	3.350459e+00	6.572758e+03	2.807245e+11	2.634045e+01	-2.726576e+08	5.000000e+03	1
6.984925e-01	1.122704e+00	3.386050e+00	6.520598e+03	2.719525e+11	2.624168e+01	-2.712757e+08	5.000000e+03	1
7.035176e-01	1.130781e+00	3.421873e+00	6.468359e+03	2.632847e+11	2.614490e+01	-2.698948e+08	5.000000e+03	1
7.085427e-01	1.138858e+00	3.457925e+00	6.416020e+03	2.547210e+11	2.604997e+01	-2.685214e+08	5.000000e+03	1
7.135678e-01	1.146935e+00	3.494179e+00	6.363591e+03	2.462498e+11	2.595669e+01	-2.671532e+08	5.000000e+03	1
7.185930e-01	1.155012e+00	3.530670e+00	6.311029e+03	2.378904e+11	2.586524e+01	-2.657901e+08	5.000000e+03	1
7.236181e-01	1.163089e+00	3.567333e+00	6.258371e+03	2.296124e+11	2.577513e+01	-2.644320e+08	5.000000e+03	1
7.286432e-01	1.171166e+00	3.604239e+00	6.205544e+03	2.214536e+11	2.568681e+01	-2.630788e+08	5.000000e+03	1
7.336683e-01	1.179243e+00	3.641290e+00	6.152616e+03	2.133657e+11	2.559957e+01	-2.617306e+08	5.000000e+03	1
7.386935e-01	1.187320e+00	3.678588e+00	6.099477e+03	2.054045e+11	2.551406e+01	-2.603872e+08	5.000000e+03	1
7.437186e-01	1.195397e+00	3.716003e+00	6.046236e+03	1.975038e+11	2.542940e+01	-2.590485e+08	5.000000e+03	1
7.487437e-01	1.203474e+00	3.753665e+00	5.992735e+03	1.897374e+11	2.534639e+01	-2.577144e+08	5.000000e+03	1
7.537688e-01	1.211551e+00	3.791419e+00	5.939136e+03	1.820218e+11	2.526403e+01	-2.563848e+08	5.000000e+03	1
7.587940e-01	1.219628e+00	3.829417e+00	5.885221e+03	1.744478e+11	2.518323e+01	-2.550598e+08	5.000000e+03	1
7.638191e-01	1.227705e+00	3.867485e+00	5.831215e+03	1.669151e+11	2.510290e+01	-2.537393e+08	5.000000e+03	1
7.688442e-01	1.235782e+00	3.905788e+00	5.776830e+03	1.595317e+11	2.502404e+01	-2.524231e+08	5.000000e+03	1
7.738693e-01	1.243859e+00	3.944141e+00	5.722363e+03	1.521802e+11	2.494549e+01	-2.511114e+08	5.000000e+03	1
7.788945e-01	1.251936e+00	3.982717e+00	5.667446e+03	1.449856e+11	2.486829e+01	-2.498039e+08	5.000000e+03	1
7.839196e-01	1.260013e+00	4.021326e+00	5.612462e+03	1.378139e+11	2.479129e+01	-2.485007e+08	5.000000e+03	1
7.889447e-01	1.268090e+00	4.060140e+00	5.556945e+03	1.308069e+11	2.471550e+01	-2.472017e+08	5.000000e+03	1
7.939698e-01	1.276167e+00	4.098972e+00	5.501381e+03	1.238139e+11	2.463980e+01	-2.459069e+08	5.000000e+03	1
7.989950e-01	1.284244e+00	4.137988e+00	5.445187e+03	1.169937e+11	2.456516e+01	-2.446163e+08	5.000000e+03	1
8.040201e-01	1.292321e+00	4.177012e+00	5.388960e+03	1.101821e+11	2.449056e+01	-2.433298e+08	5.000000e+03	1
8.090452e-01	1.300398e+00	4.216186e+00	5.332018e+03	1.035445e+11	2.441681e+01	-2.420474e+08	5.000000e+03	1
8.140704e-01	1.308475e+00	4.255368e+00	5.275021e+03	9.691915e+10	2.434311e+01	-2.407691e+08	5.000000e+03	1
8.190955e-01	1.316552e+00	4.294656e+00	5.217264e+03	9.045889e+10	2.427000e+01	-2.394948e+08	5.000000e+03	1
8.241206e-01	1.324629e+00	4.333953e+00	5.159398e+03	8.401951e+10	2.419695e+01	-2.382246e+08	5.000000e+03	1
8.291457e-01	1.332706e+00	4.373312e+00	5.100722e+03	7.773673e+10	2.412427e+01	-2.369584e+08	5.000000e+03	1
8.341709e-01	1.340783e+00	4.412676e+00	5.041874e+03	7.148362e+10	2.405164e+01	-2.356962e+08	5.000000e+03	1
8.391960e-01	1.348860e+00	4.452062e+00	4.982163e+03	6.537883e+10	2.397918e+01	-2.344380e+08	5.000000e+03	1
8.442211e-01	1.356937e+00	4.486730e+00	4.627028e+03	6.002493e+10	2.388207e+01	-2.331837e+08	5.000000e+03	1
8.492462e-01	1.365014e+00	4.504238e+00	3.197624e+03	5.740153e+10	2.369531e+01	-2.319344e+08	5.000000e+03	1
8.542714e-01	1.373092e+00	4.521757e+00	2.140614e+03	5.480261e+10	2.351002e+01	-2.306928e+08	5.000000e+03	2
8.592965e-01	1.381169e+00	4.539307e+00	2.118028e+03	5.227172e+10	2.332879e+01	-2.294596e+08	5.000000e+03	2
8.643216e-01	1.389246e+00	4.556866e+00	2.095530e+03	4.976877e+10	2.314921e+01	-2.282379e+08	5.000000e+03	2
8.693467e-01	1.397323e+00	4.574449e+00	2.073224e+03	4.732698e+10	2.297323e+01	-2.270252e+08	5.000000e+03	2
8.743719e-01	1.405400e+00	4.592041e+00	2.051012e+03	4.491634e+10	2.279908e+01	-2.258221e+08	5.000000e+03	2
8.793970e-01	1.413477e+00	4.609649e+00	2.028966e+03	4.256045e+10	2.262811e+01	-2.246273e+08	5.000000e+03	2
8.844221e-01	1.421554e+00	4.627265e+00	2.007017e+03	4.023868e+10	2.245910e+01	-2.234421e+08	5.000000e+03	2
8.894472e-01	1.429631e+00	4.644891e+00	1.985208e+03	3.796567e+10	2.229290e+01	-2.222658e+08	5.000000e+03	2
8.944724e-01	1.437708e+00	4.662521e+00	1.963499e+03	3.572955e+10	2.212880e+01	-2.210983e+08	5.000000e+03	2
8.994975e-01	1.445785e+00	4.680156e+00	1.941907e+03	3.353659e+10	2.196714e+01	-2.199396e+08	5.000000e+03	2
9.045226e-01	1.453862e+00	4.697792e+00	1.920414e+03	3.138309e+10	2.180768e+01	-2.187895e+08	5.000000e+03	2
9.095477e-01	1.461939e+00	4.715428e+00	1.899017e+03	2.926752e+10	2.165035e+01	-2.176478e+08	5.000000e+03	2
9.145729e-01	1.470016e+00	4.733058e+00	1.877716e+03	2.719379e+10	2.149531e+01	-2.165145e+08	5.000000e+03	2
9.195980e-01	1.478093e+00	4.750685e+00	1.856492e+03	2.515310e+10	2.134209e+01	-2.153894e+08	5.000000e+03	2
9.246231e-01	1.486170e+00	4.768301e+00	1.835358e+03	2.315650e+10	2.119126e+01	-2.142725e+08	5.000000e+03	2
9.296482e-01	1.494247e+00	4.785909e+00	1.814283e+03	2.118834e+10	2.104196e+01	-2.131636e+08	5.000000e+03	2
9.346734e-01	1.502324e+00	4.803499e+00	1.793290e+03	1.926638e+10	2.089512e+01	-2.120626e+08	5.000000e+03	2
9.396985e-01	1.510401e+00	4.821079e+00	1.772340e+03	1.736854e+10	2.074955e+01	-2.109693e+08	5.000000e+03	2
9.447236e-01	1.518478e+00	4.838630e+00	1.751460e+03	1.551890e+10	2.060649e+01	-2.098839e+08	5.000000e+03	2
9.497487e-01	1.526555e+00	4.856170e+00	1.730609e+03	1.368932e+10	2.046448e+01	-2.088061e+08	5.000000e+03	2
9.547739e-01	1.534632e+00	4.873275e+00	1.669929e+03	1.194976e+10	2.032338e+01	-2.077358e+08	5.000000e+03	2
9.597990e-01	1.542709e+00	4.890237e+00	1.596319e+03	1.023942e+10	2.018258e+01	-2.066730e+08	5.000000e+03	2
9.648241e-01	1.550786e+00	4.906249e+00	1.520089e+03	8.667817e+09	2.004080e+01	-2.056178e+08	5.000000e+03	2
9.698492e-01	1.558863e+00	4.922028e+00	1.443221e+03	7.130051e+09	1.989877e+01	-2.045701e+08	5.000000e+03	2
9.748744e-01	1.566940e+00	4.936664e+00	1.360649e+03	5.744039e+09	1.975530e+01	-2.035301e+08	5.000000e+03	2
9.798995e-01	1.575017e+00	4.951102e+00	1.277093e+03	4.384191e+09	1.961159e+01	-2.024978e+08	5.000000e+03	2
9.849246e-01	1.583094e+00	4.964070e+00	1.178129e+03	3.199572e+09	1.946550e+01	-2.014731e+08	5.000000e+03	2
9.899497e-01	1.591171e+00	4.976877e+00	1.077491e+03	2.034001e+09	1.931915e+01	-2.004562e+08	5.000000e+03	2
9.949749e-01	1.599248e+00	4.988470e+00	1.037190e+03	1.013267e+09	1.917180e+01	-1.994473e+08	5.000000e+03	2
1.000000e+00	1.607325e+00	5.000000e+00	1.000000e+03	-2.384186e-07	1.902440e+01	-1.984461e+08	3.000000e+02	2
