#t		Qconv[W]	Ri[Rp]		R*[Rp]		Qc[W]		Qm[W]		Qr[W]		Tcmb[K]		Tl[K]		Tup[K]		RiFlag		Bs[T]
0.000000e+00	2.004070e+13	0.000000e+00	4.020101e-01	3.321930e+14	4.476581e+15	5.934738e+14	1.270963e+04	7.101893e+03	2.612729e+03	0	1.064952e-03
1.000000e+07	1.958954e+13	0.000000e+00	4.020101e-01	3.254899e+14	4.218606e+15	5.901856e+14	1.268059e+04	7.029834e+03	2.586219e+03	0	1.056899e-03
2.000000e+07	1.915490e+13	0.000000e+00	4.020101e-01	3.190309e+14	3.987183e+15	5.869219e+14	1.265214e+04	6.962714e+03	2.561526e+03	0	1.049024e-03
3.000000e+07	1.873642e+13	0.000000e+00	4.020101e-01	3.128105e+14	3.778636e+15	5.836826e+14	1.262425e+04	6.900018e+03	2.538461e+03	0	1.041329e-03
4.000000e+07	1.833358e+13	0.000000e+00	4.020101e-01	3.068210e+14	3.589915e+15	5.804675e+14	1.259690e+04	6.841303e+03	2.516860e+03	0	1.033811e-03
5.000000e+07	1.794580e+13	0.000000e+00	4.020101e-01	3.010541e+14	3.418469e+15	5.772763e+14	1.257008e+04	6.786185e+03	2.496582e+03	0	1.026471e-03
6.000000e+07	1.757248e+13	0.000000e+00	4.020101e-01	2.955005e+14	3.262151e+15	5.741090e+14	1.254375e+04	6.734327e+03	2.477504e+03	0	1.019303e-03
7.000000e+07	1.721297e+13	0.000000e+00	4.020101e-01	2.901510e+14	3.119145e+15	5.709652e+14	1.251790e+04	6.685435e+03	2.459517e+03	0	1.012304e-03
8.000000e+07	1.686664e+13	0.000000e+00	4.020101e-01	2.849961e+14	2.987902e+15	5.678448e+14	1.249253e+04	6.639251e+03	2.442527e+03	0	1.005468e-03
9.000000e+07	1.653286e+13	0.000000e+00	4.020101e-01	2.800267e+14	2.867098e+15	5.647477e+14	1.246760e+04	6.595546e+03	2.426448e+03	0	9.987918e-04
1.000000e+08	1.621104e+13	0.000000e+00	4.020101e-01	2.752339e+14	2.755594e+15	5.616735e+14	1.244310e+04	6.554116e+03	2.411206e+03	0	9.922686e-04
1.100000e+08	1.590059e+13	0.000000e+00	4.020101e-01	2.706090e+14	2.652405e+15	5.586221e+14	1.241902e+04	6.514780e+03	2.396735e+03	0	9.858935e-04
1.200000e+08	1.560094e+13	0.000000e+00	4.020101e-01	2.661438e+14	2.556675e+15	5.555934e+14	1.239534e+04	6.477377e+03	2.382974e+03	0	9.796612e-04
1.300000e+08	1.531158e+13	0.000000e+00	4.020101e-01	2.618306e+14	2.467660e+15	5.525870e+14	1.237206e+04	6.441760e+03	2.369871e+03	0	9.735665e-04
1.400000e+08	1.503200e+13	0.000000e+00	4.020101e-01	2.576618e+14	2.384707e+15	5.496030e+14	1.234914e+04	6.407800e+03	2.357378e+03	0	9.676044e-04
1.500000e+08	1.476171e+13	0.000000e+00	4.020101e-01	2.536305e+14	2.307243e+15	5.466409e+14	1.232659e+04	6.375378e+03	2.345450e+03	0	9.617698e-04
1.600000e+08	1.450027e+13	0.000000e+00	4.020101e-01	2.497301e+14	2.234762e+15	5.437008e+14	1.230440e+04	6.344387e+03	2.334049e+03	0	9.560582e-04
1.700000e+08	1.424726e+13	0.000000e+00	4.020101e-01	2.459541e+14	2.166817e+15	5.407824e+14	1.228254e+04	6.314730e+03	2.323138e+03	0	9.504648e-04
1.800000e+08	1.400227e+13	0.000000e+00	4.020101e-01	2.422968e+14	2.103011e+15	5.378854e+14	1.226101e+04	6.286320e+03	2.312686e+03	0	9.449853e-04
1.900000e+08	1.376492e+13	0.000000e+00	4.020101e-01	2.387525e+14	2.042992e+15	5.350099e+14	1.223980e+04	6.259075e+03	2.302663e+03	0	9.396154e-04
2.000000e+08	1.353486e+13	0.000000e+00	4.020101e-01	2.353160e+14	1.986443e+15	5.321554e+14	1.221890e+04	6.232922e+03	2.293042e+03	0	9.343512e-04
2.100000e+08	1.331175e+13	0.000000e+00	4.020101e-01	2.319824e+14	1.933083e+15	5.293220e+14	1.219830e+04	6.207794e+03	2.283797e+03	0	9.291888e-04
2.200000e+08	1.309527e+13	0.000000e+00	4.020101e-01	2.287469e+14	1.882658e+15	5.265094e+14	1.217799e+04	6.183629e+03	2.274907e+03	0	9.241244e-04
2.300000e+08	1.288513e+13	0.000000e+00	4.020101e-01	2.256051e+14	1.834940e+15	5.237174e+14	1.215796e+04	6.160369e+03	2.266350e+03	0	9.191546e-04
2.400000e+08	1.268105e+13	0.000000e+00	4.020101e-01	2.225530e+14	1.789723e+15	5.209458e+14	1.213820e+04	6.137963e+03	2.258107e+03	0	9.142760e-04
2.500000e+08	1.248275e+13	0.000000e+00	4.020101e-01	2.195866e+14	1.746822e+15	5.181946e+14	1.211872e+04	6.116363e+03	2.250160e+03	0	9.094854e-04
2.600000e+08	1.228999e+13	0.000000e+00	4.020101e-01	2.167021e+14	1.706068e+15	5.154635e+14	1.209949e+04	6.095522e+03	2.242493e+03	0	9.047797e-04
2.700000e+08	1.210254e+13	0.000000e+00	4.020101e-01	2.138962e+14	1.667308e+15	5.127524e+14	1.208051e+04	6.075401e+03	2.235091e+03	0	9.001560e-04
2.800000e+08	1.192017e+13	0.000000e+00	4.020101e-01	2.111655e+14	1.630403e+15	5.100611e+14	1.206177e+04	6.055960e+03	2.227939e+03	0	8.956116e-04
2.900000e+08	1.174266e+13	0.000000e+00	4.020101e-01	2.085069e+14	1.595226e+15	5.073894e+14	1.204328e+04	6.037164e+03	2.221024e+03	0	8.911437e-04
3.000000e+08	1.156982e+13	0.000000e+00	4.020101e-01	2.059174e+14	1.561661e+15	5.047372e+14	1.202502e+04	6.018979e+03	2.214334e+03	0	8.867498e-04
3.100000e+08	1.140146e+13	0.000000e+00	4.020101e-01	2.033943e+14	1.529602e+15	5.021044e+14	1.200698e+04	6.001375e+03	2.207857e+03	0	8.824276e-04
3.200000e+08	1.123740e+13	0.000000e+00	4.020101e-01	2.009349e+14	1.498951e+15	4.994906e+14	1.198916e+04	5.984323e+03	2.201584e+03	0	8.781746e-04
3.300000e+08	1.107747e+13	0.000000e+00	4.020101e-01	1.985368e+14	1.469621e+15	4.968959e+14	1.197156e+04	5.967796e+03	2.195504e+03	0	8.739887e-04
3.400000e+08	1.092152e+13	0.000000e+00	4.020101e-01	1.961975e+14	1.441528e+15	4.943200e+14	1.195417e+04	5.951768e+03	2.189607e+03	0	8.698678e-04
3.500000e+08	1.076938e+13	0.000000e+00	4.020101e-01	1.939148e+14	1.414597e+15	4.917629e+14	1.193698e+04	5.936216e+03	2.183886e+03	0	8.658098e-04
3.600000e+08	1.062091e+13	0.000000e+00	4.020101e-01	1.916866e+14	1.388759e+15	4.892242e+14	1.191999e+04	5.921118e+03	2.178331e+03	0	8.618127e-04
3.700000e+08	1.047599e+13	0.000000e+00	4.020101e-01	1.895109e+14	1.363948e+15	4.867040e+14	1.190320e+04	5.906452e+03	2.172936e+03	0	8.578748e-04
3.800000e+08	1.033447e+13	0.000000e+00	4.020101e-01	1.873856e+14	1.340106e+15	4.842019e+14	1.188659e+04	5.892200e+03	2.167693e+03	0	8.539943e-04
3.900000e+08	1.019623e+13	0.000000e+00	4.020101e-01	1.853091e+14	1.317177e+15	4.817180e+14	1.187017e+04	5.878344e+03	2.162595e+03	0	8.501694e-04
4.000000e+08	1.006115e+13	0.000000e+00	4.020101e-01	1.832795e+14	1.295111e+15	4.792520e+14	1.185394e+04	5.864865e+03	2.157636e+03	0	8.463985e-04
4.100000e+08	9.929133e+12	0.000000e+00	4.020101e-01	1.812952e+14	1.273859e+15	4.768038e+14	1.183788e+04	5.851747e+03	2.152810e+03	0	8.426800e-04
4.200000e+08	9.800056e+12	0.000000e+00	4.020101e-01	1.793546e+14	1.253378e+15	4.743732e+14	1.182199e+04	5.838976e+03	2.148112e+03	0	8.390126e-04
4.300000e+08	9.673824e+12	0.000000e+00	4.020101e-01	1.774562e+14	1.233627e+15	4.719602e+14	1.180627e+04	5.826536e+03	2.143535e+03	0	8.353946e-04
4.400000e+08	9.550337e+12	0.000000e+00	4.020101e-01	1.755986e+14	1.214567e+15	4.695644e+14	1.179072e+04	5.814414e+03	2.139076e+03	0	8.318247e-04
4.500000e+08	9.429504e+12	0.000000e+00	4.020101e-01	1.737803e+14	1.196162e+15	4.671860e+14	1.177533e+04	5.802597e+03	2.134729e+03	0	8.283017e-04
4.600000e+08	9.311237e+12	0.000000e+00	4.020101e-01	1.720002e+14	1.178380e+15	4.648245e+14	1.176010e+04	5.791073e+03	2.130489e+03	0	8.248242e-04
4.700000e+08	9.195450e+12	0.000000e+00	4.020101e-01	1.702569e+14	1.161188e+15	4.624801e+14	1.174503e+04	5.779830e+03	2.126353e+03	0	8.213910e-04
4.800000e+08	9.082063e+12	0.000000e+00	4.020101e-01	1.685493e+14	1.144559e+15	4.601524e+14	1.173010e+04	5.768857e+03	2.122316e+03	0	8.180009e-04
4.900000e+08	8.970999e+12	0.000000e+00	4.020101e-01	1.668762e+14	1.128464e+15	4.578414e+14	1.171533e+04	5.758144e+03	2.118375e+03	0	8.146528e-04
5.000000e+08	8.862183e+12	0.000000e+00	4.020101e-01	1.652365e+14	1.112877e+15	4.555469e+14	1.170070e+04	5.747681e+03	2.114525e+03	0	8.113455e-04
5.100000e+08	8.755546e+12	0.000000e+00	4.020101e-01	1.636292e+14	1.097776e+15	4.532688e+14	1.168622e+04	5.737458e+03	2.110764e+03	0	8.080781e-04
5.200000e+08	8.651020e+12	0.000000e+00	4.020101e-01	1.620532e+14	1.083137e+15	4.510070e+14	1.167187e+04	5.727466e+03	2.107088e+03	0	8.048496e-04
5.300000e+08	8.548540e+12	0.000000e+00	4.020101e-01	1.605077e+14	1.068939e+15	4.487613e+14	1.165767e+04	5.717697e+03	2.103494e+03	0	8.016588e-04
5.400000e+08	8.448043e+12	0.000000e+00	4.020101e-01	1.589916e+14	1.055163e+15	4.465315e+14	1.164360e+04	5.708143e+03	2.099980e+03	0	7.985050e-04
5.500000e+08	8.349471e+12	0.000000e+00	4.020101e-01	1.575042e+14	1.041788e+15	4.443177e+14	1.162966e+04	5.698796e+03	2.096541e+03	0	7.953872e-04
5.600000e+08	8.252766e+12	0.000000e+00	4.020101e-01	1.560445e+14	1.028798e+15	4.421196e+14	1.161585e+04	5.689649e+03	2.093176e+03	0	7.923045e-04
5.700000e+08	8.157873e+12	0.000000e+00	4.020101e-01	1.546118e+14	1.016176e+15	4.399371e+14	1.160217e+04	5.680695e+03	2.089882e+03	0	7.892560e-04
5.800000e+08	8.064739e+12	0.000000e+00	4.020101e-01	1.532053e+14	1.003906e+15	4.377701e+14	1.158862e+04	5.671926e+03	2.086656e+03	0	7.862410e-04
5.900000e+08	7.973315e+12	0.000000e+00	4.020101e-01	1.518242e+14	9.919729e+14	4.356184e+14	1.157518e+04	5.663338e+03	2.083496e+03	0	7.832587e-04
6.000000e+08	7.883551e+12	0.000000e+00	4.020101e-01	1.504678e+14	9.803631e+14	4.334820e+14	1.156187e+04	5.654923e+03	2.080400e+03	0	7.803083e-04
6.100000e+08	7.795401e+12	0.000000e+00	4.020101e-01	1.491355e+14	9.690629e+14	4.313607e+14	1.154868e+04	5.646675e+03	2.077366e+03	0	7.773891e-04
6.200000e+08	7.708820e+12	0.000000e+00	4.020101e-01	1.478265e+14	9.580599e+14	4.292544e+14	1.153560e+04	5.638590e+03	2.074392e+03	0	7.745003e-04
6.300000e+08	7.623764e+12	0.000000e+00	4.020101e-01	1.465402e+14	9.473421e+14	4.271629e+14	1.152264e+04	5.630662e+03	2.071475e+03	0	7.716412e-04
6.400000e+08	7.540193e+12	0.000000e+00	4.020101e-01	1.452760e+14	9.368981e+14	4.250862e+14	1.150979e+04	5.622886e+03	2.068614e+03	0	7.688113e-04
6.500000e+08	7.458065e+12	0.000000e+00	4.020101e-01	1.440333e+14	9.267172e+14	4.230242e+14	1.149705e+04	5.615256e+03	2.065807e+03	0	7.660098e-04
6.600000e+08	7.377343e+12	0.000000e+00	4.020101e-01	1.428116e+14	9.167892e+14	4.209766e+14	1.148442e+04	5.607769e+03	2.063053e+03	0	7.632362e-04
6.700000e+08	7.297989e+12	0.000000e+00	4.020101e-01	1.416102e+14	9.071044e+14	4.189434e+14	1.147190e+04	5.600419e+03	2.060349e+03	0	7.604897e-04
6.800000e+08	7.219968e+12	0.000000e+00	4.020101e-01	1.404287e+14	8.976536e+14	4.169245e+14	1.145948e+04	5.593203e+03	2.057694e+03	0	7.577699e-04
6.900000e+08	7.143245e+12	0.000000e+00	4.020101e-01	1.392666e+14	8.884281e+14	4.149198e+14	1.144717e+04	5.586116e+03	2.055087e+03	0	7.550762e-04
7.000000e+08	7.067785e+12	0.000000e+00	4.020101e-01	1.381233e+14	8.794195e+14	4.129292e+14	1.143495e+04	5.579155e+03	2.052526e+03	0	7.524080e-04
7.100000e+08	6.993559e+12	0.000000e+00	4.020101e-01	1.369983e+14	8.706199e+14	4.109524e+14	1.142284e+04	5.572315e+03	2.050010e+03	0	7.497647e-04
7.200000e+08	6.920533e+12	0.000000e+00	4.020101e-01	1.358913e+14	8.620218e+14	4.089895e+14	1.141082e+04	5.565594e+03	2.047537e+03	0	7.471460e-04
7.300000e+08	6.848679e+12	0.000000e+00	4.020101e-01	1.348017e+14	8.536180e+14	4.070403e+14	1.139891e+04	5.558986e+03	2.045106e+03	0	7.445512e-04
7.400000e+08	6.777968e+12	0.000000e+00	4.020101e-01	1.337292e+14	8.454016e+14	4.051047e+14	1.138708e+04	5.552490e+03	2.042716e+03	0	7.419798e-04
7.500000e+08	6.708370e+12	0.000000e+00	4.020101e-01	1.326733e+14	8.373661e+14	4.031826e+14	1.137536e+04	5.546102e+03	2.040366e+03	0	7.394315e-04
7.600000e+08	6.639860e+12	0.000000e+00	4.020101e-01	1.316336e+14	8.295053e+14	4.012739e+14	1.136372e+04	5.539818e+03	2.038054e+03	0	7.369057e-04
7.700000e+08	6.572411e+12	0.000000e+00	4.020101e-01	1.306098e+14	8.218131e+14	3.993785e+14	1.135217e+04	5.533637e+03	2.035780e+03	0	7.344020e-04
7.800000e+08	6.505999e+12	0.000000e+00	4.020101e-01	1.296014e+14	8.142840e+14	3.974963e+14	1.134072e+04	5.527554e+03	2.033542e+03	0	7.319200e-04
7.900000e+08	6.440597e+12	0.000000e+00	4.020101e-01	1.286081e+14	8.069124e+14	3.956271e+14	1.132935e+04	5.521567e+03	2.031340e+03	0	7.294592e-04
8.000000e+08	6.376183e+12	0.000000e+00	4.020101e-01	1.276296e+14	7.996932e+14	3.937709e+14	1.131807e+04	5.515674e+03	2.029172e+03	0	7.270192e-04
8.100000e+08	6.312734e+12	0.000000e+00	4.020101e-01	1.266655e+14	7.926213e+14	3.919275e+14	1.130687e+04	5.509871e+03	2.027037e+03	0	7.245996e-04
8.200000e+08	6.250228e+12	0.000000e+00	4.020101e-01	1.257154e+14	7.856921e+14	3.900969e+14	1.129576e+04	5.504157e+03	2.024935e+03	0	7.222001e-04
8.300000e+08	6.188643e+12	0.000000e+00	4.020101e-01	1.247791e+14	7.789010e+14	3.882790e+14	1.128473e+04	5.498529e+03	2.022864e+03	0	7.198203e-04
8.400000e+08	6.127958e+12	0.000000e+00	4.020101e-01	1.238563e+14	7.722436e+14	3.864736e+14	1.127379e+04	5.492985e+03	2.020825e+03	0	7.174597e-04
8.500000e+08	6.068153e+12	0.000000e+00	4.020101e-01	1.229466e+14	7.657156e+14	3.846807e+14	1.126292e+04	5.487522e+03	2.018815e+03	0	7.151181e-04
8.600000e+08	6.009209e+12	0.000000e+00	4.020101e-01	1.220497e+14	7.593132e+14	3.829001e+14	1.125214e+04	5.482139e+03	2.016834e+03	0	7.127951e-04
8.700000e+08	5.951107e+12	0.000000e+00	4.020101e-01	1.211655e+14	7.530325e+14	3.811318e+14	1.124143e+04	5.476832e+03	2.014882e+03	0	7.104903e-04
8.800000e+08	5.893827e+12	0.000000e+00	4.020101e-01	1.202935e+14	7.468697e+14	3.793757e+14	1.123080e+04	5.471601e+03	2.012958e+03	0	7.082035e-04
8.900000e+08	5.837353e+12	0.000000e+00	4.020101e-01	1.194336e+14	7.408213e+14	3.776316e+14	1.122025e+04	5.466444e+03	2.011060e+03	0	7.059343e-04
9.000000e+08	5.781667e+12	0.000000e+00	4.020101e-01	1.185854e+14	7.348839e+14	3.758995e+14	1.120977e+04	5.461358e+03	2.009189e+03	0	7.036823e-04
9.100000e+08	5.726752e+12	0.000000e+00	4.020101e-01	1.177488e+14	7.290543e+14	3.741792e+14	1.119937e+04	5.456341e+03	2.007344e+03	0	7.014473e-04
9.200000e+08	5.672593e+12	0.000000e+00	4.020101e-01	1.169235e+14	7.233293e+14	3.724708e+14	1.118904e+04	5.451392e+03	2.005523e+03	0	6.992291e-04
9.300000e+08	5.619172e+12	0.000000e+00	4.020101e-01	1.161092e+14	7.177059e+14	3.707740e+14	1.117878e+04	5.446510e+03	2.003727e+03	0	6.970272e-04
9.400000e+08	5.566475e+12	0.000000e+00	4.020101e-01	1.153058e+14	7.121812e+14	3.690889e+14	1.116859e+04	5.441692e+03	2.001954e+03	0	6.948414e-04
9.500000e+08	5.514486e+12	0.000000e+00	4.020101e-01	1.145130e+14	7.067524e+14	3.674152e+14	1.115848e+04	5.436937e+03	2.000205e+03	0	6.926714e-04
9.600000e+08	5.463192e+12	0.000000e+00	4.020101e-01	1.137305e+14	7.014168e+14	3.657529e+14	1.114843e+04	5.432244e+03	1.998479e+03	0	6.905171e-04
9.700000e+08	5.412577e+12	0.000000e+00	4.020101e-01	1.129583e+14	6.961719e+14	3.641020e+14	1.113845e+04	5.427611e+03	1.996774e+03	0	6.883780e-04
9.800000e+08	5.362630e+12	0.000000e+00	4.020101e-01	1.121960e+14	6.910150e+14	3.624623e+14	1.112854e+04	5.423036e+03	1.995091e+03	0	6.862540e-04
9.900000e+08	5.313335e+12	0.000000e+00	4.020101e-01	1.114435e+14	6.859439e+14	3.608337e+14	1.111869e+04	5.418519e+03	1.993429e+03	0	6.841447e-04
1.000000e+09	5.264680e+12	0.000000e+00	4.020101e-01	1.107005e+14	6.809563e+14	3.592162e+14	1.110892e+04	5.414057e+03	1.991788e+03	0	6.820501e-04
1.010000e+09	5.216652e+12	0.000000e+00	4.020101e-01	1.099670e+14	6.760498e+14	3.576097e+14	1.109920e+04	5.409650e+03	1.990166e+03	0	6.799697e-04
1.020000e+09	5.169239e+12	0.000000e+00	4.020101e-01	1.092427e+14	6.712224e+14	3.560141e+14	1.108955e+04	5.405296e+03	1.988565e+03	0	6.779034e-04
1.030000e+09	5.122430e+12	0.000000e+00	4.020101e-01	1.085274e+14	6.664720e+14	3.544292e+14	1.107997e+04	5.400995e+03	1.986982e+03	0	6.758510e-04
1.040000e+09	5.076212e+12	0.000000e+00	4.020101e-01	1.078209e+14	6.617965e+14	3.528551e+14	1.107044e+04	5.396744e+03	1.985418e+03	0	6.738122e-04
1.050000e+09	5.030574e+12	0.000000e+00	4.020101e-01	1.071232e+14	6.571941e+14	3.512916e+14	1.106098e+04	5.392543e+03	1.983873e+03	0	6.717868e-04
1.060000e+09	4.985505e+12	0.000000e+00	4.020101e-01	1.064340e+14	6.526629e+14	3.497386e+14	1.105158e+04	5.388391e+03	1.982345e+03	0	6.697746e-04
1.070000e+09	4.940995e+12	0.000000e+00	4.020101e-01	1.057532e+14	6.482011e+14	3.481961e+14	1.104224e+04	5.384286e+03	1.980835e+03	0	6.677754e-04
1.080000e+09	4.897032e+12	0.000000e+00	4.020101e-01	1.050805e+14	6.438070e+14	3.466640e+14	1.103296e+04	5.380228e+03	1.979342e+03	0	6.657890e-04
1.090000e+09	4.853607e+12	0.000000e+00	4.020101e-01	1.044160e+14	6.394788e+14	3.451421e+14	1.102374e+04	5.376215e+03	1.977866e+03	0	6.638151e-04
1.100000e+09	4.810710e+12	0.000000e+00	4.020101e-01	1.037593e+14	6.352150e+14	3.436305e+14	1.101458e+04	5.372247e+03	1.976406e+03	0	6.618537e-04
1.110000e+09	4.768330e+12	0.000000e+00	4.020101e-01	1.031104e+14	6.310140e+14	3.421291e+14	1.100547e+04	5.368322e+03	1.974962e+03	0	6.599044e-04
1.120000e+09	4.726460e+12	0.000000e+00	4.020101e-01	1.024692e+14	6.268742e+14	3.406377e+14	1.099642e+04	5.364440e+03	1.973534e+03	0	6.579672e-04
1.130000e+09	4.685088e+12	0.000000e+00	4.020101e-01	1.018354e+14	6.227943e+14	3.391562e+14	1.098743e+04	5.360600e+03	1.972121e+03	0	6.560418e-04
1.140000e+09	4.644207e+12	0.000000e+00	4.020101e-01	1.012090e+14	6.187728e+14	3.376847e+14	1.097849e+04	5.356800e+03	1.970723e+03	0	6.541281e-04
1.150000e+09	4.603808e+12	0.000000e+00	4.020101e-01	1.005899e+14	6.148082e+14	3.362230e+14	1.096961e+04	5.353041e+03	1.969340e+03	0	6.522258e-04
1.160000e+09	4.563881e+12	0.000000e+00	4.020101e-01	9.997777e+13	6.108994e+14	3.347711e+14	1.096078e+04	5.349320e+03	1.967972e+03	0	6.503349e-04
1.170000e+09	4.524419e+12	0.000000e+00	4.020101e-01	9.937267e+13	6.070450e+14	3.333288e+14	1.095201e+04	5.345638e+03	1.966617e+03	0	6.484551e-04
1.180000e+09	4.485414e+12	0.000000e+00	4.020101e-01	9.877442e+13	6.032437e+14	3.318961e+14	1.094329e+04	5.341994e+03	1.965276e+03	0	6.465862e-04
1.190000e+09	4.446857e+12	0.000000e+00	4.020101e-01	9.818291e+13	5.994944e+14	3.304729e+14	1.093462e+04	5.338386e+03	1.963949e+03	0	6.447282e-04
1.200000e+09	4.408741e+12	0.000000e+00	4.020101e-01	9.759802e+13	5.957959e+14	3.290592e+14	1.092600e+04	5.334815e+03	1.962635e+03	0	6.428808e-04
1.210000e+09	4.371059e+12	0.000000e+00	4.020101e-01	9.701963e+13	5.921470e+14	3.276549e+14	1.091744e+04	5.331279e+03	1.961334e+03	0	6.410440e-04
1.220000e+09	4.333802e+12	0.000000e+00	4.020101e-01	9.644765e+13	5.885467e+14	3.262599e+14	1.090892e+04	5.327777e+03	1.960046e+03	0	6.392175e-04
1.230000e+09	4.296964e+12	0.000000e+00	4.020101e-01	9.588195e+13	5.849939e+14	3.248741e+14	1.090046e+04	5.324310e+03	1.958770e+03	0	6.374011e-04
1.240000e+09	4.260537e+12	0.000000e+00	4.020101e-01	9.532244e+13	5.814875e+14	3.234974e+14	1.089204e+04	5.320876e+03	1.957507e+03	0	6.355949e-04
1.250000e+09	4.224515e+12	0.000000e+00	4.020101e-01	9.476900e+13	5.780265e+14	3.221299e+14	1.088367e+04	5.317474e+03	1.956256e+03	0	6.337985e-04
1.260000e+09	4.188891e+12	0.000000e+00	4.020101e-01	9.422155e+13	5.746101e+14	3.207714e+14	1.087535e+04	5.314105e+03	1.955016e+03	0	6.320120e-04
1.270000e+09	4.153659e+12	0.000000e+00	4.020101e-01	9.367998e+13	5.712372e+14	3.194218e+14	1.086708e+04	5.310767e+03	1.953788e+03	0	6.302350e-04
1.280000e+09	4.118811e+12	0.000000e+00	4.020101e-01	9.314420e+13	5.679069e+14	3.180811e+14	1.085886e+04	5.307460e+03	1.952571e+03	0	6.284676e-04
1.290000e+09	4.084342e+12	0.000000e+00	4.020101e-01	9.261411e+13	5.646183e+14	3.167492e+14	1.085069e+04	5.304183e+03	1.951366e+03	0	6.267095e-04
1.300000e+09	4.050245e+12	0.000000e+00	4.020101e-01	9.208963e+13	5.613706e+14	3.154260e+14	1.084256e+04	5.300935e+03	1.950171e+03	0	6.249607e-04
1.310000e+09	4.016515e+12	0.000000e+00	4.020101e-01	9.157065e+13	5.581630e+14	3.141115e+14	1.083447e+04	5.297717e+03	1.948987e+03	0	6.232210e-04
1.320000e+09	3.983145e+12	0.000000e+00	4.020101e-01	9.105710e+13	5.549945e+14	3.128056e+14	1.082644e+04	5.294528e+03	1.947814e+03	0	6.214902e-04
1.330000e+09	3.950130e+12	0.000000e+00	4.020101e-01	9.054889e+13	5.518645e+14	3.115083e+14	1.081844e+04	5.291366e+03	1.946651e+03	0	6.197684e-04
1.340000e+09	3.917464e+12	0.000000e+00	4.020101e-01	9.004593e+13	5.487721e+14	3.102195e+14	1.081049e+04	5.288233e+03	1.945498e+03	0	6.180552e-04
1.350000e+09	3.885142e+12	0.000000e+00	4.020101e-01	8.954814e+13	5.457166e+14	3.089390e+14	1.080259e+04	5.285126e+03	1.944355e+03	0	6.163507e-04
1.360000e+09	3.853159e+12	0.000000e+00	4.020101e-01	8.905545e+13	5.426973e+14	3.076669e+14	1.079473e+04	5.282046e+03	1.943222e+03	0	6.146547e-04
1.370000e+09	3.821508e+12	0.000000e+00	4.020101e-01	8.856777e+13	5.397135e+14	3.064031e+14	1.078691e+04	5.278992e+03	1.942098e+03	0	6.129671e-04
1.380000e+09	3.790185e+12	0.000000e+00	4.020101e-01	8.808502e+13	5.367644e+14	3.051475e+14	1.077914e+04	5.275963e+03	1.940984e+03	0	6.112878e-04
1.390000e+09	3.759184e+12	0.000000e+00	4.020101e-01	8.760714e+13	5.338495e+14	3.039001e+14	1.077140e+04	5.272960e+03	1.939879e+03	0	6.096166e-04
1.400000e+09	3.728502e+12	0.000000e+00	4.020101e-01	8.713404e+13	5.309680e+14	3.026607e+14	1.076371e+04	5.269982e+03	1.938784e+03	0	6.079535e-04
1.410000e+09	3.698133e+12	0.000000e+00	4.020101e-01	8.666565e+13	5.281194e+14	3.014294e+14	1.075606e+04	5.267028e+03	1.937697e+03	0	6.062984e-04
1.420000e+09	3.668071e+12	0.000000e+00	4.020101e-01	8.620191e+13	5.253029e+14	3.002060e+14	1.074846e+04	5.264098e+03	1.936619e+03	0	6.046511e-04
1.430000e+09	3.638314e+12	0.000000e+00	4.020101e-01	8.574274e+13	5.225181e+14	2.989906e+14	1.074089e+04	5.261191e+03	1.935550e+03	0	6.030116e-04
1.440000e+09	3.608855e+12	0.000000e+00	4.020101e-01	8.528808e+13	5.197642e+14	2.977830e+14	1.073336e+04	5.258308e+03	1.934489e+03	0	6.013797e-04
1.450000e+09	3.579691e+12	0.000000e+00	4.020101e-01	8.483786e+13	5.170409e+14	2.965832e+14	1.072587e+04	5.255447e+03	1.933436e+03	0	5.997553e-04
1.460000e+09	3.550817e+12	0.000000e+00	4.020101e-01	8.439202e+13	5.143474e+14	2.953911e+14	1.071843e+04	5.252608e+03	1.932392e+03	0	5.981384e-04
1.470000e+09	3.522230e+12	0.000000e+00	4.020101e-01	8.395048e+13	5.116833e+14	2.942067e+14	1.071102e+04	5.249792e+03	1.931356e+03	0	5.965289e-04
1.480000e+09	3.493923e+12	0.000000e+00	4.020101e-01	8.351319e+13	5.090480e+14	2.930299e+14	1.070365e+04	5.246997e+03	1.930328e+03	0	5.949266e-04
1.490000e+09	3.465895e+12	0.000000e+00	4.020101e-01	8.308009e+13	5.064410e+14	2.918606e+14	1.069632e+04	5.244224e+03	1.929308e+03	0	5.933315e-04
1.500000e+09	3.438140e+12	0.000000e+00	4.020101e-01	8.265111e+13	5.038618e+14	2.906989e+14	1.068902e+04	5.241471e+03	1.928295e+03	0	5.917434e-04
1.510000e+09	3.410655e+12	0.000000e+00	4.020101e-01	8.222621e+13	5.013099e+14	2.895446e+14	1.068177e+04	5.238739e+03	1.927290e+03	0	5.901624e-04
1.520000e+09	3.383435e+12	0.000000e+00	4.020101e-01	8.180531e+13	4.987849e+14	2.883977e+14	1.067455e+04	5.236028e+03	1.926292e+03	0	5.885882e-04
1.530000e+09	3.356478e+12	0.000000e+00	4.020101e-01	8.138836e+13	4.962863e+14	2.872581e+14	1.066736e+04	5.233336e+03	1.925302e+03	0	5.870208e-04
1.540000e+09	3.329778e+12	0.000000e+00	4.020101e-01	8.097531e+13	4.938136e+14	2.861257e+14	1.066022e+04	5.230664e+03	1.924319e+03	0	5.854602e-04
1.550000e+09	3.303334e+12	0.000000e+00	4.020101e-01	8.056610e+13	4.913664e+14	2.850006e+14	1.065311e+04	5.228011e+03	1.923343e+03	0	5.839062e-04
1.560000e+09	3.277140e+12	0.000000e+00	4.020101e-01	8.016068e+13	4.889442e+14	2.838826e+14	1.064604e+04	5.225378e+03	1.922374e+03	0	5.823587e-04
1.570000e+09	3.251194e+12	0.000000e+00	4.020101e-01	7.975900e+13	4.865467e+14	2.827718e+14	1.063900e+04	5.222763e+03	1.921412e+03	0	5.808178e-04
1.580000e+09	3.225492e+12	0.000000e+00	4.020101e-01	7.936100e+13	4.841733e+14	2.816680e+14	1.063199e+04	5.220166e+03	1.920457e+03	0	5.792832e-04
1.590000e+09	3.200030e+12	0.000000e+00	4.020101e-01	7.896664e+13	4.818238e+14	2.805712e+14	1.062503e+04	5.217588e+03	1.919508e+03	0	5.777549e-04
1.600000e+09	3.174806e+12	0.000000e+00	4.020101e-01	7.857586e+13	4.794978e+14	2.794813e+14	1.061809e+04	5.215027e+03	1.918566e+03	0	5.762328e-04
1.610000e+09	3.149816e+12	0.000000e+00	4.020101e-01	7.818862e+13	4.771948e+14	2.783984e+14	1.061119e+04	5.212484e+03	1.917631e+03	0	5.747169e-04
1.620000e+09	3.125057e+12	0.000000e+00	4.020101e-01	7.780487e+13	4.749144e+14	2.773223e+14	1.060433e+04	5.209959e+03	1.916702e+03	0	5.732071e-04
1.630000e+09	3.100526e+12	0.000000e+00	4.020101e-01	7.742455e+13	4.726564e+14	2.762529e+14	1.059750e+04	5.207451e+03	1.915779e+03	0	5.717033e-04
1.640000e+09	3.076219e+12	0.000000e+00	4.020101e-01	7.704763e+13	4.704202e+14	2.751904e+14	1.059070e+04	5.204959e+03	1.914862e+03	0	5.702054e-04
1.650000e+09	3.052134e+12	0.000000e+00	4.020101e-01	7.667406e+13	4.682057e+14	2.741345e+14	1.058393e+04	5.202484e+03	1.913952e+03	0	5.687134e-04
1.660000e+09	3.028267e+12	0.000000e+00	4.020101e-01	7.630380e+13	4.660125e+14	2.730852e+14	1.057720e+04	5.200026e+03	1.913047e+03	0	5.672271e-04
1.670000e+09	3.004617e+12	0.000000e+00	4.020101e-01	7.593680e+13	4.638402e+14	2.720425e+14	1.057050e+04	5.197583e+03	1.912149e+03	0	5.657466e-04
1.680000e+09	2.981179e+12	0.000000e+00	4.020101e-01	7.557302e+13	4.616885e+14	2.710064e+14	1.056383e+04	5.195157e+03	1.911256e+03	0	5.642717e-04
1.690000e+09	2.957952e+12	0.000000e+00	4.020101e-01	7.521241e+13	4.595570e+14	2.699768e+14	1.055720e+04	5.192746e+03	1.910369e+03	0	5.628024e-04
1.700000e+09	2.934931e+12	0.000000e+00	4.020101e-01	7.485494e+13	4.574455e+14	2.689536e+14	1.055059e+04	5.190351e+03	1.909488e+03	0	5.613386e-04
1.710000e+09	2.912116e+12	0.000000e+00	4.020101e-01	7.450057e+13	4.553537e+14	2.679368e+14	1.054402e+04	5.187971e+03	1.908612e+03	0	5.598802e-04
1.720000e+09	2.889502e+12	0.000000e+00	4.020101e-01	7.414925e+13	4.532813e+14	2.669263e+14	1.053748e+04	5.185605e+03	1.907742e+03	0	5.584273e-04
1.730000e+09	2.867088e+12	0.000000e+00	4.020101e-01	7.380095e+13	4.512279e+14	2.659221e+14	1.053097e+04	5.183255e+03	1.906878e+03	0	5.569796e-04
1.740000e+09	2.844870e+12	0.000000e+00	4.020101e-01	7.345562e+13	4.491934e+14	2.649242e+14	1.052449e+04	5.180920e+03	1.906018e+03	0	5.555371e-04
1.750000e+09	2.822847e+12	0.000000e+00	4.020101e-01	7.311323e+13	4.471773e+14	2.639325e+14	1.051804e+04	5.178598e+03	1.905164e+03	0	5.540999e-04
1.760000e+09	2.801016e+12	0.000000e+00	4.020101e-01	7.277375e+13	4.451795e+14	2.629470e+14	1.051162e+04	5.176291e+03	1.904316e+03	0	5.526677e-04
1.770000e+09	2.779373e+12	0.000000e+00	4.020101e-01	7.243713e+13	4.431996e+14	2.619675e+14	1.050523e+04	5.173999e+03	1.903472e+03	0	5.512406e-04
1.780000e+09	2.757918e+12	0.000000e+00	4.020101e-01	7.210334e+13	4.412375e+14	2.609941e+14	1.049887e+04	5.171719e+03	1.902634e+03	0	5.498186e-04
1.790000e+09	2.736648e+12	0.000000e+00	4.020101e-01	7.177235e+13	4.392928e+14	2.600268e+14	1.049253e+04	5.169454e+03	1.901800e+03	0	5.484014e-04
1.800000e+09	2.715559e+12	0.000000e+00	4.020101e-01	7.144412e+13	4.373653e+14	2.590654e+14	1.048623e+04	5.167202e+03	1.900972e+03	0	5.469891e-04
1.810000e+09	2.694651e+12	0.000000e+00	4.020101e-01	7.111861e+13	4.354547e+14	2.581100e+14	1.047996e+04	5.164964e+03	1.900148e+03	0	5.455817e-04
1.820000e+09	2.673920e+12	0.000000e+00	4.020101e-01	7.079580e+13	4.335609e+14	2.571604e+14	1.047371e+04	5.162738e+03	1.899330e+03	0	5.441790e-04
1.830000e+09	2.653365e+12	0.000000e+00	4.020101e-01	7.047564e+13	4.316835e+14	2.562167e+14	1.046749e+04	5.160526e+03	1.898516e+03	0	5.427810e-04
1.840000e+09	2.632983e+12	0.000000e+00	4.020101e-01	7.015811e+13	4.298224e+14	2.552788e+14	1.046131e+04	5.158326e+03	1.897706e+03	0	5.413876e-04
1.850000e+09	2.612773e+12	0.000000e+00	4.020101e-01	6.984318e+13	4.279774e+14	2.543466e+14	1.045514e+04	5.156139e+03	1.896902e+03	0	5.399988e-04
1.860000e+09	2.592731e+12	0.000000e+00	4.020101e-01	6.953081e+13	4.261481e+14	2.534202e+14	1.044901e+04	5.153964e+03	1.896102e+03	0	5.386146e-04
1.870000e+09	2.572857e+12	0.000000e+00	4.020101e-01	6.922097e+13	4.243344e+14	2.524994e+14	1.044290e+04	5.151802e+03	1.895306e+03	0	5.372348e-04
1.880000e+09	2.553148e+12	0.000000e+00	4.020101e-01	6.891364e+13	4.225361e+14	2.515843e+14	1.043683e+04	5.149652e+03	1.894515e+03	0	5.358595e-04
1.890000e+09	2.533602e+12	0.000000e+00	4.020101e-01	6.860877e+13	4.207529e+14	2.506748e+14	1.043077e+04	5.147514e+03	1.893729e+03	0	5.344885e-04
1.900000e+09	2.514217e+12	0.000000e+00	4.020101e-01	6.830635e+13	4.189847e+14	2.497708e+14	1.042475e+04	5.145388e+03	1.892946e+03	0	5.331219e-04
1.910000e+09	2.494991e+12	0.000000e+00	4.020101e-01	6.800635e+13	4.172312e+14	2.488723e+14	1.041875e+04	5.143273e+03	1.892169e+03	0	5.317595e-04
1.920000e+09	2.475922e+12	0.000000e+00	4.020101e-01	6.770873e+13	4.154923e+14	2.479792e+14	1.041278e+04	5.141170e+03	1.891395e+03	0	5.304013e-04
1.930000e+09	2.457009e+12	0.000000e+00	4.020101e-01	6.741347e+13	4.137678e+14	2.470916e+14	1.040683e+04	5.139079e+03	1.890626e+03	0	5.290473e-04
1.940000e+09	2.438250e+12	0.000000e+00	4.020101e-01	6.712053e+13	4.120574e+14	2.462094e+14	1.040091e+04	5.136999e+03	1.889860e+03	0	5.276974e-04
1.950000e+09	2.419642e+12	0.000000e+00	4.020101e-01	6.682991e+13	4.103610e+14	2.453326e+14	1.039502e+04	5.134930e+03	1.889099e+03	0	5.263516e-04
1.960000e+09	2.401184e+12	0.000000e+00	4.020101e-01	6.654155e+13	4.086785e+14	2.444610e+14	1.038915e+04	5.132872e+03	1.888342e+03	0	5.250098e-04
1.970000e+09	2.382875e+12	0.000000e+00	4.020101e-01	6.625545e+13	4.070095e+14	2.435947e+14	1.038330e+04	5.130825e+03	1.887589e+03	0	5.236720e-04
1.980000e+09	2.364712e+12	0.000000e+00	4.020101e-01	6.597157e+13	4.053541e+14	2.427337e+14	1.037748e+04	5.128789e+03	1.886840e+03	0	5.223380e-04
1.990000e+09	2.346693e+12	0.000000e+00	4.020101e-01	6.568989e+13	4.037119e+14	2.418778e+14	1.037169e+04	5.126763e+03	1.886095e+03	0	5.210080e-04
2.000000e+09	2.328818e+12	0.000000e+00	4.020101e-01	6.541038e+13	4.020828e+14	2.410271e+14	1.036592e+04	5.124748e+03	1.885353e+03	0	5.196818e-04
2.010000e+09	2.311085e+12	0.000000e+00	4.020101e-01	6.513303e+13	4.004666e+14	2.401815e+14	1.036018e+04	5.122744e+03	1.884616e+03	0	5.183593e-04
2.020000e+09	2.293491e+12	0.000000e+00	4.020101e-01	6.485779e+13	3.988632e+14	2.393410e+14	1.035446e+04	5.120750e+03	1.883882e+03	0	5.170406e-04
2.030000e+09	2.276036e+12	0.000000e+00	4.020101e-01	6.458466e+13	3.972725e+14	2.385055e+14	1.034876e+04	5.118765e+03	1.883152e+03	0	5.157255e-04
2.040000e+09	2.258717e+12	0.000000e+00	4.020101e-01	6.431361e+13	3.956942e+14	2.376750e+14	1.034309e+04	5.116791e+03	1.882426e+03	0	5.144141e-04
2.050000e+09	2.241533e+12	0.000000e+00	4.020101e-01	6.404460e+13	3.941282e+14	2.368495e+14	1.033744e+04	5.114827e+03	1.881704e+03	0	5.131063e-04
2.060000e+09	2.224484e+12	0.000000e+00	4.020101e-01	6.377763e+13	3.925744e+14	2.360289e+14	1.033181e+04	5.112873e+03	1.880985e+03	0	5.118020e-04
2.070000e+09	2.207566e+12	0.000000e+00	4.020101e-01	6.351267e+13	3.910326e+14	2.352132e+14	1.032621e+04	5.110929e+03	1.880269e+03	0	5.105013e-04
2.080000e+09	2.190779e+12	0.000000e+00	4.020101e-01	6.324969e+13	3.895027e+14	2.344024e+14	1.032063e+04	5.108994e+03	1.879557e+03	0	5.092040e-04
2.090000e+09	2.174121e+12	0.000000e+00	4.020101e-01	6.298868e+13	3.879845e+14	2.335964e+14	1.031508e+04	5.107069e+03	1.878849e+03	0	5.079101e-04
2.100000e+09	2.157591e+12	0.000000e+00	4.020101e-01	6.272961e+13	3.864778e+14	2.327952e+14	1.030955e+04	5.105153e+03	1.878144e+03	0	5.066196e-04
2.110000e+09	2.141187e+12	0.000000e+00	4.020101e-01	6.247246e+13	3.849826e+14	2.319988e+14	1.030404e+04	5.103246e+03	1.877443e+03	0	5.053324e-04
2.120000e+09	2.124909e+12	0.000000e+00	4.020101e-01	6.221721e+13	3.834987e+14	2.312070e+14	1.029855e+04	5.101349e+03	1.876745e+03	0	5.040485e-04
2.130000e+09	2.108753e+12	0.000000e+00	4.020101e-01	6.196385e+13	3.820260e+14	2.304200e+14	1.029308e+04	5.099461e+03	1.876050e+03	0	5.027679e-04
2.140000e+09	2.092721e+12	0.000000e+00	4.020101e-01	6.171234e+13	3.805643e+14	2.296376e+14	1.028764e+04	5.097581e+03	1.875359e+03	0	5.014905e-04
2.150000e+09	2.076809e+12	0.000000e+00	4.020101e-01	6.146267e+13	3.791136e+14	2.288598e+14	1.028222e+04	5.095711e+03	1.874671e+03	0	5.002162e-04
2.160000e+09	2.061016e+12	0.000000e+00	4.020101e-01	6.121482e+13	3.776736e+14	2.280866e+14	1.027682e+04	5.093850e+03	1.873986e+03	0	4.989451e-04
2.170000e+09	2.045342e+12	0.000000e+00	4.020101e-01	6.096877e+13	3.762442e+14	2.273180e+14	1.027145e+04	5.091997e+03	1.873305e+03	0	4.976770e-04
2.180000e+09	2.029785e+12	0.000000e+00	4.020101e-01	6.072450e+13	3.748254e+14	2.265539e+14	1.026609e+04	5.090153e+03	1.872626e+03	0	4.964120e-04
2.190000e+09	2.014344e+12	0.000000e+00	4.020101e-01	6.048200e+13	3.734170e+14	2.257943e+14	1.026076e+04	5.088318e+03	1.871951e+03	0	4.951500e-04
2.200000e+09	1.999017e+12	0.000000e+00	4.020101e-01	6.024124e+13	3.720189e+14	2.250391e+14	1.025544e+04	5.086491e+03	1.871279e+03	0	4.938910e-04
2.210000e+09	1.983804e+12	0.000000e+00	4.020101e-01	6.000220e+13	3.706310e+14	2.242883e+14	1.025015e+04	5.084673e+03	1.870610e+03	0	4.926349e-04
2.220000e+09	1.968703e+12	0.000000e+00	4.020101e-01	5.976487e+13	3.692532e+14	2.235420e+14	1.024488e+04	5.082862e+03	1.869944e+03	0	4.913817e-04
2.230000e+09	1.953713e+12	0.000000e+00	4.020101e-01	5.952924e+13	3.678852e+14	2.227999e+14	1.023963e+04	5.081060e+03	1.869281e+03	0	4.901314e-04
2.240000e+09	1.938832e+12	0.000000e+00	4.020101e-01	5.929527e+13	3.665272e+14	2.220623e+14	1.023440e+04	5.079267e+03	1.868621e+03	0	4.888838e-04
2.250000e+09	1.924060e+12	0.000000e+00	4.020101e-01	5.906296e+13	3.651788e+14	2.213289e+14	1.022919e+04	5.077481e+03	1.867964e+03	0	4.876391e-04
2.260000e+09	1.909396e+12	0.000000e+00	4.020101e-01	5.883228e+13	3.638401e+14	2.205998e+14	1.022401e+04	5.075703e+03	1.867310e+03	0	4.863970e-04
2.270000e+09	1.894838e+12	0.000000e+00	4.020101e-01	5.860323e+13	3.625109e+14	2.198749e+14	1.021884e+04	5.073934e+03	1.866659e+03	0	4.851577e-04
2.280000e+09	1.880385e+12	0.000000e+00	4.020101e-01	5.837578e+13	3.611911e+14	2.191542e+14	1.021369e+04	5.072172e+03	1.866011e+03	0	4.839210e-04
2.290000e+09	1.866036e+12	0.000000e+00	4.020101e-01	5.814991e+13	3.598806e+14	2.184377e+14	1.020856e+04	5.070417e+03	1.865366e+03	0	4.826870e-04
2.300000e+09	1.851791e+12	0.000000e+00	4.020101e-01	5.792562e+13	3.585793e+14	2.177253e+14	1.020346e+04	5.068671e+03	1.864723e+03	0	4.814556e-04
2.310000e+09	1.837647e+12	0.000000e+00	4.020101e-01	5.770288e+13	3.572871e+14	2.170171e+14	1.019837e+04	5.066932e+03	1.864083e+03	0	4.802267e-04
2.320000e+09	1.823604e+12	0.000000e+00	4.020101e-01	5.748169e+13	3.560039e+14	2.163129e+14	1.019330e+04	5.065201e+03	1.863446e+03	0	4.790003e-04
2.330000e+09	1.809662e+12	0.000000e+00	4.020101e-01	5.726201e+13	3.547296e+14	2.156128e+14	1.018825e+04	5.063477e+03	1.862812e+03	0	4.777764e-04
2.340000e+09	1.795818e+12	0.000000e+00	4.020101e-01	5.704385e+13	3.534642e+14	2.149168e+14	1.018322e+04	5.061761e+03	1.862181e+03	0	4.765550e-04
2.350000e+09	1.782072e+12	0.000000e+00	4.020101e-01	5.682718e+13	3.522075e+14	2.142247e+14	1.017821e+04	5.060052e+03	1.861552e+03	0	4.753360e-04
2.360000e+09	1.768423e+12	0.000000e+00	4.020101e-01	5.661199e+13	3.509594e+14	2.135366e+14	1.017322e+04	5.058350e+03	1.860926e+03	0	4.741193e-04
2.370000e+09	1.754870e+12	0.000000e+00	4.020101e-01	5.639826e+13	3.497198e+14	2.128524e+14	1.016824e+04	5.056655e+03	1.860303e+03	0	4.729051e-04
2.380000e+09	1.741412e+12	0.000000e+00	4.020101e-01	5.618598e+13	3.484887e+14	2.121722e+14	1.016329e+04	5.054968e+03	1.859682e+03	0	4.716931e-04
2.390000e+09	1.728049e+12	0.000000e+00	4.020101e-01	5.597514e+13	3.472659e+14	2.114958e+14	1.015835e+04	5.053288e+03	1.859064e+03	0	4.704833e-04
2.400000e+09	1.714778e+12	0.000000e+00	4.020101e-01	5.576571e+13	3.460515e+14	2.108233e+14	1.015344e+04	5.051614e+03	1.858448e+03	0	4.692759e-04
2.410000e+09	1.701599e+12	0.000000e+00	4.020101e-01	5.555770e+13	3.448452e+14	2.101546e+14	1.014854e+04	5.049948e+03	1.857835e+03	0	4.680706e-04
2.420000e+09	1.688512e+12	0.000000e+00	4.020101e-01	5.535107e+13	3.436470e+14	2.094898e+14	1.014366e+04	5.048288e+03	1.857224e+03	0	4.668675e-04
2.430000e+09	1.675515e+12	0.000000e+00	4.020101e-01	5.514583e+13	3.424568e+14	2.088287e+14	1.013879e+04	5.046636e+03	1.856616e+03	0	4.656665e-04
2.440000e+09	1.662607e+12	0.000000e+00	4.020101e-01	5.494196e+13	3.412746e+14	2.081714e+14	1.013395e+04	5.044990e+03	1.856011e+03	0	4.644677e-04
2.450000e+09	1.649789e+12	0.000000e+00	4.020101e-01	5.473943e+13	3.401002e+14	2.075177e+14	1.012912e+04	5.043351e+03	1.855408e+03	0	4.632709e-04
2.460000e+09	1.637057e+12	0.000000e+00	4.020101e-01	5.453825e+13	3.389337e+14	2.068678e+14	1.012431e+04	5.041718e+03	1.854807e+03	0	4.620762e-04
2.470000e+09	1.624413e+12	0.000000e+00	4.020101e-01	5.433839e+13	3.377748e+14	2.062216e+14	1.011952e+04	5.040092e+03	1.854209e+03	0	4.608834e-04
2.480000e+09	1.611855e+12	0.000000e+00	4.020101e-01	5.413985e+13	3.366235e+14	2.055790e+14	1.011475e+04	5.038473e+03	1.853613e+03	0	4.596927e-04
2.490000e+09	1.599382e+12	0.000000e+00	4.020101e-01	5.394261e+13	3.354798e+14	2.049400e+14	1.010999e+04	5.036860e+03	1.853020e+03	0	4.585038e-04
2.500000e+09	1.586993e+12	0.000000e+00	4.020101e-01	5.374666e+13	3.343436e+14	2.043046e+14	1.010526e+04	5.035254e+03	1.852429e+03	0	4.573169e-04
2.510000e+09	1.574688e+12	0.000000e+00	4.020101e-01	5.355198e+13	3.332148e+14	2.036728e+14	1.010053e+04	5.033653e+03	1.851840e+03	0	4.561319e-04
2.520000e+09	1.562465e+12	0.000000e+00	4.020101e-01	5.335857e+13	3.320933e+14	2.030445e+14	1.009583e+04	5.032060e+03	1.851254e+03	0	4.549487e-04
2.530000e+09	1.550325e+12	0.000000e+00	4.020101e-01	5.316642e+13	3.309790e+14	2.024198e+14	1.009114e+04	5.030472e+03	1.850670e+03	0	4.537673e-04
2.540000e+09	1.538265e+12	0.000000e+00	4.020101e-01	5.297550e+13	3.298719e+14	2.017985e+14	1.008647e+04	5.028891e+03	1.850088e+03	0	4.525877e-04
2.550000e+09	1.526287e+12	0.000000e+00	4.020101e-01	5.278582e+13	3.287720e+14	2.011808e+14	1.008182e+04	5.027316e+03	1.849509e+03	0	4.514098e-04
2.560000e+09	1.514387e+12	0.000000e+00	4.020101e-01	5.259735e+13	3.276791e+14	2.005664e+14	1.007718e+04	5.025747e+03	1.848932e+03	0	4.502336e-04
2.570000e+09	1.502567e+12	0.000000e+00	4.020101e-01	5.241009e+13	3.265932e+14	1.999555e+14	1.007256e+04	5.024184e+03	1.848357e+03	0	4.490592e-04
2.580000e+09	1.490825e+12	0.000000e+00	4.020101e-01	5.222402e+13	3.255142e+14	1.993480e+14	1.006795e+04	5.022627e+03	1.847784e+03	0	4.478863e-04
2.590000e+09	1.479160e+12	0.000000e+00	4.020101e-01	5.203914e+13	3.244420e+14	1.987439e+14	1.006337e+04	5.021076e+03	1.847213e+03	0	4.467151e-04
2.600000e+09	1.467572e+12	0.000000e+00	4.020101e-01	5.185544e+13	3.233766e+14	1.981431e+14	1.005879e+04	5.019531e+03	1.846645e+03	0	4.455455e-04
2.610000e+09	1.456060e+12	0.000000e+00	4.020101e-01	5.167289e+13	3.223179e+14	1.975456e+14	1.005424e+04	5.017992e+03	1.846079e+03	0	4.443774e-04
2.620000e+09	1.444623e+12	0.000000e+00	4.020101e-01	5.149150e+13	3.212659e+14	1.969514e+14	1.004970e+04	5.016459e+03	1.845515e+03	0	4.432109e-04
2.630000e+09	1.433261e+12	0.000000e+00	4.020101e-01	5.131125e+13	3.202205e+14	1.963606e+14	1.004518e+04	5.014931e+03	1.844953e+03	0	4.420459e-04
2.640000e+09	1.421972e+12	0.000000e+00	4.020101e-01	5.113213e+13	3.191815e+14	1.957730e+14	1.004067e+04	5.013410e+03	1.844393e+03	0	4.408823e-04
2.650000e+09	1.410757e+12	0.000000e+00	4.020101e-01	5.095413e+13	3.181491e+14	1.951886e+14	1.003618e+04	5.011894e+03	1.843835e+03	0	4.397201e-04
2.660000e+09	1.399614e+12	0.000000e+00	4.020101e-01	5.077724e+13	3.171231e+14	1.946074e+14	1.003170e+04	5.010383e+03	1.843279e+03	0	4.385594e-04
2.670000e+09	1.388544e+12	0.000000e+00	4.020101e-01	5.060145e+13	3.161034e+14	1.940294e+14	1.002724e+04	5.008878e+03	1.842726e+03	0	4.374000e-04
2.680000e+09	1.377544e+12	0.000000e+00	4.020101e-01	5.042675e+13	3.150900e+14	1.934546e+14	1.002279e+04	5.007379e+03	1.842174e+03	0	4.362419e-04
2.690000e+09	1.366615e+12	0.000000e+00	4.020101e-01	5.025313e+13	3.140828e+14	1.928830e+14	1.001836e+04	5.005886e+03	1.841625e+03	0	4.350852e-04
2.700000e+09	1.355756e+12	0.000000e+00	4.020101e-01	5.008059e+13	3.130818e+14	1.923144e+14	1.001395e+04	5.004397e+03	1.841077e+03	0	4.339297e-04
2.710000e+09	1.344966e+12	0.000000e+00	4.020101e-01	4.990910e+13	3.120869e+14	1.917490e+14	1.000955e+04	5.002914e+03	1.840532e+03	0	4.327755e-04
2.720000e+09	1.334245e+12	0.000000e+00	4.020101e-01	4.973867e+13	3.110981e+14	1.911867e+14	1.000516e+04	5.001437e+03	1.839988e+03	0	4.316225e-04
2.730000e+09	1.323591e+12	0.000000e+00	4.020101e-01	4.956928e+13	3.101153e+14	1.906274e+14	1.000079e+04	4.999965e+03	1.839447e+03	0	4.304707e-04
2.740000e+09	1.313006e+12	0.000000e+00	4.020101e-01	4.940092e+13	3.091384e+14	1.900711e+14	9.996437e+03	4.998498e+03	1.838907e+03	0	4.293200e-04
2.750000e+09	1.302487e+12	0.000000e+00	4.020101e-01	4.923359e+13	3.081674e+14	1.895179e+14	9.992096e+03	4.997037e+03	1.838369e+03	0	4.281704e-04
2.760000e+09	1.292034e+12	0.000000e+00	4.020101e-01	4.906727e+13	3.072023e+14	1.889677e+14	9.987771e+03	4.995581e+03	1.837834e+03	0	4.270220e-04
2.770000e+09	1.281647e+12	0.000000e+00	4.020101e-01	4.890196e+13	3.062430e+14	1.884204e+14	9.983460e+03	4.994130e+03	1.837300e+03	0	4.258746e-04
2.780000e+09	1.271325e+12	0.000000e+00	4.020101e-01	4.873765e+13	3.052894e+14	1.878761e+14	9.979163e+03	4.992684e+03	1.836768e+03	0	4.247282e-04
2.790000e+09	1.261067e+12	0.000000e+00	4.020101e-01	4.857432e+13	3.043415e+14	1.873348e+14	9.974881e+03	4.991243e+03	1.836238e+03	0	4.235828e-04
2.800000e+09	1.250873e+12	0.000000e+00	4.020101e-01	4.841198e+13	3.033992e+14	1.867964e+14	9.970613e+03	4.989808e+03	1.835710e+03	0	4.224384e-04
2.810000e+09	1.240743e+12	0.000000e+00	4.020101e-01	4.825061e+13	3.024626e+14	1.862608e+14	9.966360e+03	4.988377e+03	1.835184e+03	0	4.212949e-04
2.820000e+09	1.230675e+12	0.000000e+00	4.020101e-01	4.809020e+13	3.015315e+14	1.857282e+14	9.962121e+03	4.986952e+03	1.834659e+03	0	4.201523e-04
2.830000e+09	1.220670e+12	0.000000e+00	4.020101e-01	4.793075e+13	3.006058e+14	1.851983e+14	9.957895e+03	4.985531e+03	1.834136e+03	0	4.190106e-04
2.840000e+09	1.210726e+12	0.000000e+00	4.020101e-01	4.777224e+13	2.996856e+14	1.846714e+14	9.953684e+03	4.984115e+03	1.833616e+03	0	4.178698e-04
2.850000e+09	1.200844e+12	0.000000e+00	4.020101e-01	4.761467e+13	2.987708e+14	1.841472e+14	9.949487e+03	4.982705e+03	1.833097e+03	0	4.167297e-04
2.860000e+09	1.191022e+12	0.000000e+00	4.020101e-01	4.745803e+13	2.978614e+14	1.836259e+14	9.945303e+03	4.981299e+03	1.832580e+03	0	4.155904e-04
2.870000e+09	1.181260e+12	0.000000e+00	4.020101e-01	4.730232e+13	2.969573e+14	1.831073e+14	9.941133e+03	4.979898e+03	1.832064e+03	0	4.144519e-04
2.880000e+09	1.171558e+12	0.000000e+00	4.020101e-01	4.714752e+13	2.960584e+14	1.825915e+14	9.936977e+03	4.978502e+03	1.831550e+03	0	4.133141e-04
2.890000e+09	1.161915e+12	0.000000e+00	4.020101e-01	4.699362e+13	2.951647e+14	1.820785e+14	9.932835e+03	4.977110e+03	1.831039e+03	0	4.121770e-04
2.900000e+09	1.152330e+12	0.000000e+00	4.020101e-01	4.684063e+13	2.942762e+14	1.815681e+14	9.928706e+03	4.975724e+03	1.830528e+03	0	4.110405e-04
2.910000e+09	1.142804e+12	0.000000e+00	4.020101e-01	4.668853e+13	2.933929e+14	1.810605e+14	9.924590e+03	4.974342e+03	1.830020e+03	0	4.099046e-04
2.920000e+09	1.133335e+12	0.000000e+00	4.020101e-01	4.653731e+13	2.925146e+14	1.805555e+14	9.920488e+03	4.972965e+03	1.829513e+03	0	4.087694e-04
2.930000e+09	1.123923e+12	0.000000e+00	4.020101e-01	4.638697e+13	2.916413e+14	1.800533e+14	9.916399e+03	4.971592e+03	1.829008e+03	0	4.076347e-04
2.940000e+09	1.114568e+12	0.000000e+00	4.020101e-01	4.623749e+13	2.907731e+14	1.795536e+14	9.912323e+03	4.970224e+03	1.828505e+03	0	4.065005e-04
2.950000e+09	1.105268e+12	0.000000e+00	4.020101e-01	4.608889e+13	2.899098e+14	1.790566e+14	9.908260e+03	4.968861e+03	1.828004e+03	0	4.053668e-04
2.960000e+09	1.096025e+12	0.000000e+00	4.020101e-01	4.594113e+13	2.890514e+14	1.785623e+14	9.904211e+03	4.967502e+03	1.827504e+03	0	4.042336e-04
2.970000e+09	1.086836e+12	0.000000e+00	4.020101e-01	4.579422e+13	2.881979e+14	1.780705e+14	9.900174e+03	4.966148e+03	1.827005e+03	0	4.031008e-04
2.980000e+09	1.077703e+12	0.000000e+00	4.020101e-01	4.564816e+13	2.873492e+14	1.775813e+14	9.896150e+03	4.964798e+03	1.826509e+03	0	4.019684e-04
2.990000e+09	1.068623e+12	0.000000e+00	4.020101e-01	4.550293e+13	2.865054e+14	1.770946e+14	9.892139e+03	4.963452e+03	1.826014e+03	0	4.008364e-04
3.000000e+09	1.059598e+12	0.000000e+00	4.020101e-01	4.535852e+13	2.856662e+14	1.766106e+14	9.888141e+03	4.962112e+03	1.825521e+03	0	3.997047e-04
3.010000e+09	1.050625e+12	0.000000e+00	4.020101e-01	4.521494e+13	2.848318e+14	1.761290e+14	9.884156e+03	4.960775e+03	1.825029e+03	0	3.985733e-04
3.020000e+09	1.041706e+12	0.000000e+00	4.020101e-01	4.507217e+13	2.840021e+14	1.756499e+14	9.880183e+03	4.959443e+03	1.824539e+03	0	3.974422e-04
3.030000e+09	1.032839e+12	0.000000e+00	4.020101e-01	4.493020e+13	2.831770e+14	1.751734e+14	9.876222e+03	4.958115e+03	1.824050e+03	0	3.963113e-04
3.040000e+09	1.024024e+12	0.000000e+00	4.020101e-01	4.478904e+13	2.823564e+14	1.746993e+14	9.872274e+03	4.956792e+03	1.823564e+03	0	3.951806e-04
3.050000e+09	1.015260e+12	0.000000e+00	4.020101e-01	4.464867e+13	2.815405e+14	1.742277e+14	9.868339e+03	4.955473e+03	1.823078e+03	0	3.940501e-04
3.060000e+09	1.006548e+12	0.000000e+00	4.020101e-01	4.450909e+13	2.807291e+14	1.737585e+14	9.864416e+03	4.954158e+03	1.822595e+03	0	3.929197e-04
3.070000e+09	9.978865e+11	0.000000e+00	4.020101e-01	4.437029e+13	2.799221e+14	1.732918e+14	9.860505e+03	4.952847e+03	1.822112e+03	0	3.917894e-04
3.080000e+09	9.892753e+11	0.000000e+00	4.020101e-01	4.423226e+13	2.791196e+14	1.728274e+14	9.856606e+03	4.951541e+03	1.821632e+03	0	3.906591e-04
3.090000e+09	9.807141e+11	0.000000e+00	4.020101e-01	4.409500e+13	2.783216e+14	1.723655e+14	9.852719e+03	4.950239e+03	1.821153e+03	0	3.895289e-04
3.100000e+09	9.722023e+11	0.000000e+00	4.020101e-01	4.395851e+13	2.775279e+14	1.719059e+14	9.848845e+03	4.948941e+03	1.820675e+03	0	3.883987e-04
3.110000e+09	9.637397e+11	0.000000e+00	4.020101e-01	4.382277e+13	2.767385e+14	1.714488e+14	9.844982e+03	4.947647e+03	1.820199e+03	0	3.872685e-04
3.120000e+09	9.553258e+11	0.000000e+00	4.020101e-01	4.368778e+13	2.759535e+14	1.709939e+14	9.841131e+03	4.946357e+03	1.819725e+03	0	3.861382e-04
3.130000e+09	9.469602e+11	0.000000e+00	4.020101e-01	4.355354e+13	2.751727e+14	1.705414e+14	9.837292e+03	4.945071e+03	1.819252e+03	0	3.850078e-04
3.140000e+09	9.386425e+11	0.000000e+00	4.020101e-01	4.342003e+13	2.743962e+14	1.700912e+14	9.833465e+03	4.943790e+03	1.818780e+03	0	3.838772e-04
3.150000e+09	9.303724e+11	0.000000e+00	4.020101e-01	4.328726e+13	2.736239e+14	1.696433e+14	9.829650e+03	4.942512e+03	1.818310e+03	0	3.827465e-04
3.160000e+09	9.221494e+11	0.000000e+00	4.020101e-01	4.315521e+13	2.728557e+14	1.691977e+14	9.825846e+03	4.941238e+03	1.817842e+03	0	3.816155e-04
3.170000e+09	9.139732e+11	0.000000e+00	4.020101e-01	4.302388e+13	2.720917e+14	1.687544e+14	9.822054e+03	4.939969e+03	1.817375e+03	0	3.804843e-04
3.180000e+09	9.058434e+11	0.000000e+00	4.020101e-01	4.289327e+13	2.713318e+14	1.683133e+14	9.818274e+03	4.938703e+03	1.816909e+03	0	3.793528e-04
3.190000e+09	8.977596e+11	0.000000e+00	4.020101e-01	4.276337e+13	2.705760e+14	1.678744e+14	9.814504e+03	4.937442e+03	1.816445e+03	0	3.782210e-04
3.200000e+09	8.897216e+11	0.000000e+00	4.020101e-01	4.263417e+13	2.698243e+14	1.674378e+14	9.810747e+03	4.936184e+03	1.815982e+03	0	3.770888e-04
3.210000e+09	8.817288e+11	0.000000e+00	4.020101e-01	4.250567e+13	2.690765e+14	1.670034e+14	9.807000e+03	4.934930e+03	1.815521e+03	0	3.759562e-04
3.220000e+09	8.737810e+11	0.000000e+00	4.020101e-01	4.237787e+13	2.683328e+14	1.665712e+14	9.803265e+03	4.933680e+03	1.815061e+03	0	3.748232e-04
3.230000e+09	8.658778e+11	0.000000e+00	4.020101e-01	4.225075e+13	2.675929e+14	1.661412e+14	9.799541e+03	4.932434e+03	1.814602e+03	0	3.736897e-04
3.240000e+09	8.580188e+11	0.000000e+00	4.020101e-01	4.212431e+13	2.668570e+14	1.657134e+14	9.795829e+03	4.931192e+03	1.814145e+03	0	3.725557e-04
3.250000e+09	8.502037e+11	0.000000e+00	4.020101e-01	4.199856e+13	2.661251e+14	1.652877e+14	9.792127e+03	4.929953e+03	1.813690e+03	0	3.714211e-04
3.260000e+09	8.424322e+11	0.000000e+00	4.020101e-01	4.187347e+13	2.653969e+14	1.648641e+14	9.788436e+03	4.928718e+03	1.813236e+03	0	3.702860e-04
3.270000e+09	8.347039e+11	0.000000e+00	4.020101e-01	4.174905e+13	2.646726e+14	1.644427e+14	9.784757e+03	4.927487e+03	1.812783e+03	0	3.691502e-04
3.280000e+09	8.270185e+11	0.000000e+00	4.020101e-01	4.162529e+13	2.639521e+14	1.640234e+14	9.781088e+03	4.926260e+03	1.812331e+03	0	3.680137e-04
3.290000e+09	8.193756e+11	0.000000e+00	4.020101e-01	4.150219e+13	2.632354e+14	1.636061e+14	9.777430e+03	4.925037e+03	1.811881e+03	0	3.668765e-04
3.300000e+09	8.117749e+11	0.000000e+00	4.020101e-01	4.137974e+13	2.625224e+14	1.631910e+14	9.773783e+03	4.923817e+03	1.811432e+03	0	3.657386e-04
3.310000e+09	8.042162e+11	0.000000e+00	4.020101e-01	4.125794e+13	2.618131e+14	1.627779e+14	9.770147e+03	4.922601e+03	1.810985e+03	0	3.645999e-04
3.320000e+09	7.966989e+11	0.000000e+00	4.020101e-01	4.113678e+13	2.611076e+14	1.623669e+14	9.766521e+03	4.921388e+03	1.810539e+03	0	3.634603e-04
3.330000e+09	7.892230e+11	0.000000e+00	4.020101e-01	4.101625e+13	2.604057e+14	1.619580e+14	9.762906e+03	4.920179e+03	1.810094e+03	0	3.623199e-04
3.340000e+09	7.817879e+11	0.000000e+00	4.020101e-01	4.089636e+13	2.597074e+14	1.615510e+14	9.759302e+03	4.918974e+03	1.809651e+03	0	3.611785e-04
3.350000e+09	7.743935e+11	0.000000e+00	4.020101e-01	4.077710e+13	2.590127e+14	1.611461e+14	9.755708e+03	4.917772e+03	1.809209e+03	0	3.600362e-04
3.360000e+09	7.670394e+11	0.000000e+00	4.020101e-01	4.065845e+13	2.583216e+14	1.607432e+14	9.752125e+03	4.916574e+03	1.808768e+03	0	3.588929e-04
3.370000e+09	7.597252e+11	0.000000e+00	4.020101e-01	4.054043e+13	2.576341e+14	1.603423e+14	9.748552e+03	4.915380e+03	1.808328e+03	0	3.577485e-04
3.380000e+09	7.524508e+11	0.000000e+00	4.020101e-01	4.042302e+13	2.569501e+14	1.599433e+14	9.744989e+03	4.914189e+03	1.807890e+03	0	3.566030e-04
3.390000e+09	7.452158e+11	0.000000e+00	4.020101e-01	4.030621e+13	2.562696e+14	1.595463e+14	9.741437e+03	4.913001e+03	1.807453e+03	0	3.554563e-04
3.400000e+09	7.380198e+11	0.000000e+00	4.020101e-01	4.019002e+13	2.555925e+14	1.591513e+14	9.737895e+03	4.911817e+03	1.807018e+03	0	3.543085e-04
3.410000e+09	7.308626e+11	0.000000e+00	4.020101e-01	4.007442e+13	2.549190e+14	1.587582e+14	9.734363e+03	4.910637e+03	1.806583e+03	0	3.531595e-04
3.420000e+09	7.237440e+11	0.000000e+00	4.020101e-01	3.995941e+13	2.542488e+14	1.583670e+14	9.730842e+03	4.909460e+03	1.806150e+03	0	3.520091e-04
3.430000e+09	7.166635e+11	0.000000e+00	4.020101e-01	3.984500e+13	2.535820e+14	1.579778e+14	9.727330e+03	4.908286e+03	1.805719e+03	0	3.508574e-04
3.440000e+09	7.096210e+11	0.000000e+00	4.020101e-01	3.973117e+13	2.529187e+14	1.575904e+14	9.723828e+03	4.907116e+03	1.805288e+03	0	3.497044e-04
3.450000e+09	7.026161e+11	0.000000e+00	4.020101e-01	3.961793e+13	2.522586e+14	1.572050e+14	9.720337e+03	4.905949e+03	1.804859e+03	0	3.485499e-04
3.460000e+09	6.956486e+11	0.000000e+00	4.020101e-01	3.950526e+13	2.516019e+14	1.568214e+14	9.716855e+03	4.904786e+03	1.804431e+03	0	3.473939e-04
3.470000e+09	6.887182e+11	0.000000e+00	4.020101e-01	3.939317e+13	2.509485e+14	1.564397e+14	9.713384e+03	4.903625e+03	1.804004e+03	0	3.462364e-04
3.480000e+09	6.818245e+11	0.000000e+00	4.020101e-01	3.928164e+13	2.502984e+14	1.560598e+14	9.709922e+03	4.902469e+03	1.803579e+03	0	3.450774e-04
3.490000e+09	6.749674e+11	0.000000e+00	4.020101e-01	3.917069e+13	2.496515e+14	1.556818e+14	9.706470e+03	4.901315e+03	1.803154e+03	0	3.439167e-04
3.500000e+09	6.681466e+11	0.000000e+00	4.020101e-01	3.906029e+13	2.490078e+14	1.553056e+14	9.703027e+03	4.900165e+03	1.802731e+03	0	3.427543e-04
3.510000e+09	6.613618e+11	0.000000e+00	4.020101e-01	3.895045e+13	2.483674e+14	1.549313e+14	9.699595e+03	4.899018e+03	1.802309e+03	0	3.415901e-04
3.520000e+09	6.546127e+11	0.000000e+00	4.020101e-01	3.884116e+13	2.477302e+14	1.545587e+14	9.696172e+03	4.897875e+03	1.801889e+03	0	3.404242e-04
3.530000e+09	6.478990e+11	0.000000e+00	4.020101e-01	3.873242e+13	2.470961e+14	1.541879e+14	9.692758e+03	4.896735e+03	1.801469e+03	0	3.392564e-04
3.540000e+09	6.412206e+11	0.000000e+00	4.020101e-01	3.862423e+13	2.464651e+14	1.538189e+14	9.689355e+03	4.895598e+03	1.801051e+03	0	3.380867e-04
3.550000e+09	6.345771e+11	0.000000e+00	4.020101e-01	3.851658e+13	2.458373e+14	1.534517e+14	9.685960e+03	4.894464e+03	1.800634e+03	0	3.369150e-04
3.560000e+09	6.279683e+11	0.000000e+00	4.020101e-01	3.840946e+13	2.452125e+14	1.530863e+14	9.682575e+03	4.893333e+03	1.800218e+03	0	3.357414e-04
3.570000e+09	6.213939e+11	0.000000e+00	4.020101e-01	3.830288e+13	2.445909e+14	1.527225e+14	9.679200e+03	4.892206e+03	1.799803e+03	0	3.345656e-04
3.580000e+09	6.148538e+11	0.000000e+00	4.020101e-01	3.819683e+13	2.439722e+14	1.523606e+14	9.675834e+03	4.891081e+03	1.799389e+03	0	3.333877e-04
3.590000e+09	6.083475e+11	0.000000e+00	4.020101e-01	3.809130e+13	2.433566e+14	1.520003e+14	9.672477e+03	4.889960e+03	1.798977e+03	0	3.322076e-04
3.600000e+09	6.018750e+11	0.000000e+00	4.020101e-01	3.798630e+13	2.427441e+14	1.516418e+14	9.669129e+03	4.888842e+03	1.798566e+03	0	3.310252e-04
3.610000e+09	5.954359e+11	0.000000e+00	4.020101e-01	3.788181e+13	2.421345e+14	1.512850e+14	9.665791e+03	4.887728e+03	1.798155e+03	0	3.298405e-04
3.620000e+09	5.890301e+11	0.000000e+00	4.020101e-01	3.777784e+13	2.415278e+14	1.509299e+14	9.662462e+03	4.886616e+03	1.797746e+03	0	3.286534e-04
3.630000e+09	5.826572e+11	0.000000e+00	4.020101e-01	3.767438e+13	2.409241e+14	1.505764e+14	9.659142e+03	4.885507e+03	1.797339e+03	0	3.274638e-04
3.640000e+09	5.763170e+11	0.000000e+00	4.020101e-01	3.757143e+13	2.403234e+14	1.502246e+14	9.655831e+03	4.884402e+03	1.796932e+03	0	3.262717e-04
3.650000e+09	5.700094e+11	0.000000e+00	4.020101e-01	3.746898e+13	2.397255e+14	1.498745e+14	9.652529e+03	4.883299e+03	1.796526e+03	0	3.250770e-04
3.660000e+09	5.637340e+11	0.000000e+00	4.020101e-01	3.736703e+13	2.391305e+14	1.495261e+14	9.649236e+03	4.882200e+03	1.796122e+03	0	3.238797e-04
3.670000e+09	5.574906e+11	0.000000e+00	4.020101e-01	3.726558e+13	2.385384e+14	1.491792e+14	9.645952e+03	4.881103e+03	1.795718e+03	0	3.226796e-04
3.680000e+09	5.512791e+11	0.000000e+00	4.020101e-01	3.716462e+13	2.379492e+14	1.488341e+14	9.642677e+03	4.880010e+03	1.795316e+03	0	3.214767e-04
3.690000e+09	5.450991e+11	0.000000e+00	4.020101e-01	3.706415e+13	2.373627e+14	1.484905e+14	9.639411e+03	4.878920e+03	1.794915e+03	0	3.202709e-04
3.700000e+09	5.389505e+11	0.000000e+00	4.020101e-01	3.696417e+13	2.367791e+14	1.481485e+14	9.636153e+03	4.877832e+03	1.794515e+03	0	3.190621e-04
3.710000e+09	5.328330e+11	0.000000e+00	4.020101e-01	3.686467e+13	2.361982e+14	1.478082e+14	9.632905e+03	4.876748e+03	1.794116e+03	0	3.178503e-04
3.720000e+09	5.267465e+11	0.000000e+00	4.020101e-01	3.676565e+13	2.356202e+14	1.474694e+14	9.629665e+03	4.875666e+03	1.793718e+03	0	3.166354e-04
3.730000e+09	5.206907e+11	0.000000e+00	4.020101e-01	3.666710e+13	2.350448e+14	1.471322e+14	9.626434e+03	4.874588e+03	1.793321e+03	0	3.154173e-04
3.740000e+09	5.146653e+11	0.000000e+00	4.020101e-01	3.656903e+13	2.344722e+14	1.467966e+14	9.623211e+03	4.873512e+03	1.792926e+03	0	3.141959e-04
3.750000e+09	5.086702e+11	0.000000e+00	4.020101e-01	3.647143e+13	2.339023e+14	1.464625e+14	9.619997e+03	4.872439e+03	1.792531e+03	0	3.129712e-04
3.760000e+09	5.027052e+11	0.000000e+00	4.020101e-01	3.637430e+13	2.333351e+14	1.461300e+14	9.616792e+03	4.871369e+03	1.792137e+03	0	3.117430e-04
3.770000e+09	4.967700e+11	0.000000e+00	4.020101e-01	3.627763e+13	2.327706e+14	1.457991e+14	9.613595e+03	4.870302e+03	1.791745e+03	0	3.105113e-04
3.780000e+09	4.908645e+11	0.000000e+00	4.020101e-01	3.618142e+13	2.322087e+14	1.454696e+14	9.610407e+03	4.869238e+03	1.791353e+03	0	3.092759e-04
3.790000e+09	4.849884e+11	0.000000e+00	4.020101e-01	3.608567e+13	2.316495e+14	1.451417e+14	9.607227e+03	4.868177e+03	1.790963e+03	0	3.080369e-04
3.800000e+09	4.791415e+11	0.000000e+00	4.020101e-01	3.599037e+13	2.310929e+14	1.448153e+14	9.604055e+03	4.867119e+03	1.790574e+03	0	3.067940e-04
3.810000e+09	4.733236e+11	0.000000e+00	4.020101e-01	3.589552e+13	2.305389e+14	1.444904e+14	9.600892e+03	4.866063e+03	1.790185e+03	0	3.055472e-04
3.820000e+09	4.675346e+11	0.000000e+00	4.020101e-01	3.580112e+13	2.299874e+14	1.441670e+14	9.597738e+03	4.865011e+03	1.789798e+03	0	3.042964e-04
3.830000e+09	4.617742e+11	0.000000e+00	4.020101e-01	3.570716e+13	2.294386e+14	1.438451e+14	9.594591e+03	4.863961e+03	1.789412e+03	0	3.030415e-04
3.840000e+09	4.560423e+11	0.000000e+00	4.020101e-01	3.561365e+13	2.288923e+14	1.435246e+14	9.591453e+03	4.862913e+03	1.789026e+03	0	3.017824e-04
3.850000e+09	4.503385e+11	0.000000e+00	4.020101e-01	3.552057e+13	2.283485e+14	1.432056e+14	9.588323e+03	4.861869e+03	1.788642e+03	0	3.005190e-04
3.860000e+09	4.446629e+11	0.000000e+00	4.020101e-01	3.542793e+13	2.278072e+14	1.428881e+14	9.585201e+03	4.860827e+03	1.788259e+03	0	2.992512e-04
3.870000e+09	4.390150e+11	0.000000e+00	4.020101e-01	3.533573e+13	2.272685e+14	1.425720e+14	9.582087e+03	4.859789e+03	1.787877e+03	0	2.979788e-04
3.880000e+09	4.333949e+11	0.000000e+00	4.020101e-01	3.524395e+13	2.267322e+14	1.422574e+14	9.578982e+03	4.858752e+03	1.787496e+03	0	2.967018e-04
3.890000e+09	4.278022e+11	0.000000e+00	4.020101e-01	3.515260e+13	2.261984e+14	1.419442e+14	9.575884e+03	4.857719e+03	1.787116e+03	0	2.954200e-04
3.900000e+09	4.222368e+11	0.000000e+00	4.020101e-01	3.506168e+13	2.256670e+14	1.416324e+14	9.572795e+03	4.856688e+03	1.786736e+03	0	2.941334e-04
3.910000e+09	4.166985e+11	0.000000e+00	4.020101e-01	3.497117e+13	2.251381e+14	1.413220e+14	9.569713e+03	4.855660e+03	1.786358e+03	0	2.928417e-04
3.920000e+09	4.111871e+11	0.000000e+00	4.020101e-01	3.488109e+13	2.246116e+14	1.410130e+14	9.566640e+03	4.854635e+03	1.785981e+03	0	2.915449e-04
3.930000e+09	4.057024e+11	0.000000e+00	4.020101e-01	3.479142e+13	2.240875e+14	1.407054e+14	9.563574e+03	4.853612e+03	1.785605e+03	0	2.902428e-04
3.940000e+09	4.002443e+11	0.000000e+00	4.020101e-01	3.470217e+13	2.235658e+14	1.403992e+14	9.560516e+03	4.852592e+03	1.785229e+03	0	2.889353e-04
3.950000e+09	3.948126e+11	0.000000e+00	4.020101e-01	3.461332e+13	2.230465e+14	1.400944e+14	9.557466e+03	4.851575e+03	1.784855e+03	0	2.876223e-04
3.960000e+09	3.894070e+11	0.000000e+00	4.020101e-01	3.452488e+13	2.225295e+14	1.397909e+14	9.554424e+03	4.850560e+03	1.784482e+03	0	2.863036e-04
3.970000e+09	3.840275e+11	0.000000e+00	4.020101e-01	3.443685e+13	2.220148e+14	1.394888e+14	9.551389e+03	4.849548e+03	1.784110e+03	0	2.849791e-04
3.980000e+09	3.786739e+11	0.000000e+00	4.020101e-01	3.434922e+13	2.215025e+14	1.391881e+14	9.548363e+03	4.848539e+03	1.783738e+03	0	2.836486e-04
3.990000e+09	3.733459e+11	0.000000e+00	4.020101e-01	3.426199e+13	2.209925e+14	1.388887e+14	9.545344e+03	4.847532e+03	1.783368e+03	0	2.823120e-04
4.000000e+09	3.680434e+11	0.000000e+00	4.020101e-01	3.417516e+13	2.204848e+14	1.385906e+14	9.542333e+03	4.846528e+03	1.782998e+03	0	2.809691e-04
4.010000e+09	3.627663e+11	0.000000e+00	4.020101e-01	3.408872e+13	2.199794e+14	1.382938e+14	9.539329e+03	4.845526e+03	1.782630e+03	0	2.796198e-04
4.020000e+09	3.575143e+11	0.000000e+00	4.020101e-01	3.400267e+13	2.194762e+14	1.379984e+14	9.536333e+03	4.844527e+03	1.782262e+03	0	2.782638e-04
4.030000e+09	3.522873e+11	0.000000e+00	4.020101e-01	3.391701e+13	2.189753e+14	1.377043e+14	9.533344e+03	4.843530e+03	1.781896e+03	0	2.769011e-04
4.040000e+09	3.470852e+11	0.000000e+00	4.020101e-01	3.383174e+13	2.184766e+14	1.374115e+14	9.530363e+03	4.842536e+03	1.781530e+03	0	2.755313e-04
4.050000e+09	3.419077e+11	0.000000e+00	4.020101e-01	3.374685e+13	2.179802e+14	1.371200e+14	9.527390e+03	4.841545e+03	1.781165e+03	0	2.741544e-04
4.060000e+09	3.367548e+11	0.000000e+00	4.020101e-01	3.366235e+13	2.174859e+14	1.368297e+14	9.524424e+03	4.840556e+03	1.780801e+03	0	2.727702e-04
4.070000e+09	3.316262e+11	0.000000e+00	4.020101e-01	3.357823e+13	2.169939e+14	1.365408e+14	9.521465e+03	4.839569e+03	1.780438e+03	0	2.713784e-04
4.080000e+09	3.265217e+11	0.000000e+00	4.020101e-01	3.349448e+13	2.165040e+14	1.362531e+14	9.518514e+03	4.838585e+03	1.780076e+03	0	2.699788e-04
4.090000e+09	3.214414e+11	0.000000e+00	4.020101e-01	3.341110e+13	2.160163e+14	1.359667e+14	9.515570e+03	4.837603e+03	1.779715e+03	0	2.685712e-04
4.100000e+09	3.163848e+11	0.000000e+00	4.020101e-01	3.332810e+13	2.155307e+14	1.356815e+14	9.512633e+03	4.836624e+03	1.779355e+03	0	2.671555e-04
4.110000e+09	3.113520e+11	0.000000e+00	4.020101e-01	3.324547e+13	2.150473e+14	1.353976e+14	9.509704e+03	4.835648e+03	1.778996e+03	0	2.657314e-04
4.120000e+09	3.063428e+11	0.000000e+00	4.020101e-01	3.316321e+13	2.145660e+14	1.351149e+14	9.506782e+03	4.834674e+03	1.778637e+03	0	2.642986e-04
4.130000e+09	3.013569e+11	0.000000e+00	4.020101e-01	3.308131e+13	2.140869e+14	1.348335e+14	9.503867e+03	4.833702e+03	1.778280e+03	0	2.628569e-04
4.140000e+09	2.963944e+11	0.000000e+00	4.020101e-01	3.299977e+13	2.136098e+14	1.345533e+14	9.500959e+03	4.832733e+03	1.777923e+03	0	2.614060e-04
4.150000e+09	2.914549e+11	0.000000e+00	4.020101e-01	3.291859e+13	2.131348e+14	1.342743e+14	9.498059e+03	4.831766e+03	1.777567e+03	0	2.599458e-04
4.160000e+09	2.865384e+11	0.000000e+00	4.020101e-01	3.283777e+13	2.126619e+14	1.339965e+14	9.495165e+03	4.830801e+03	1.777213e+03	0	2.584758e-04
4.170000e+09	2.816447e+11	0.000000e+00	4.020101e-01	3.275731e+13	2.121910e+14	1.337199e+14	9.492279e+03	4.829839e+03	1.776859e+03	0	2.569959e-04
4.180000e+09	2.767736e+11	0.000000e+00	4.020101e-01	3.267720e+13	2.117222e+14	1.334445e+14	9.489400e+03	4.828880e+03	1.776506e+03	0	2.555057e-04
4.190000e+09	2.719251e+11	0.000000e+00	4.020101e-01	3.259745e+13	2.112555e+14	1.331703e+14	9.486528e+03	4.827922e+03	1.776154e+03	0	2.540049e-04
4.200000e+09	2.670990e+11	0.000000e+00	4.020101e-01	3.251804e+13	2.107907e+14	1.328973e+14	9.483663e+03	4.826967e+03	1.775802e+03	0	2.524932e-04
4.210000e+09	2.622950e+11	0.000000e+00	4.020101e-01	3.243898e+13	2.103280e+14	1.326255e+14	9.480805e+03	4.826015e+03	1.775452e+03	0	2.509703e-04
4.220000e+09	2.575132e+11	0.000000e+00	4.020101e-01	3.236026e+13	2.098672e+14	1.323548e+14	9.477953e+03	4.825065e+03	1.775102e+03	0	2.494358e-04
4.230000e+09	2.527533e+11	0.000000e+00	4.020101e-01	3.228189e+13	2.094085e+14	1.320853e+14	9.475109e+03	4.824117e+03	1.774753e+03	0	2.478894e-04
4.240000e+09	2.480152e+11	0.000000e+00	4.020101e-01	3.220385e+13	2.089517e+14	1.318169e+14	9.472272e+03	4.823171e+03	1.774406e+03	0	2.463306e-04
4.250000e+09	2.432988e+11	0.000000e+00	4.020101e-01	3.212616e+13	2.084968e+14	1.315497e+14	9.469441e+03	4.822228e+03	1.774059e+03	0	2.447592e-04
4.260000e+09	2.386039e+11	0.000000e+00	4.020101e-01	3.204880e+13	2.080440e+14	1.312836e+14	9.466617e+03	4.821287e+03	1.773712e+03	0	2.431746e-04
4.270000e+09	2.339305e+11	0.000000e+00	4.020101e-01	3.197178e+13	2.075930e+14	1.310187e+14	9.463800e+03	4.820348e+03	1.773367e+03	0	2.415764e-04
4.280000e+09	2.292782e+11	0.000000e+00	4.020101e-01	3.189508e+13	2.071440e+14	1.307549e+14	9.460990e+03	4.819412e+03	1.773023e+03	0	2.399642e-04
4.290000e+09	2.246471e+11	0.000000e+00	4.020101e-01	3.181872e+13	2.066969e+14	1.304922e+14	9.458187e+03	4.818478e+03	1.772679e+03	0	2.383376e-04
4.300000e+09	2.200370e+11	0.000000e+00	4.020101e-01	3.174269e+13	2.062517e+14	1.302306e+14	9.455390e+03	4.817546e+03	1.772336e+03	0	2.366960e-04
4.310000e+09	2.154478e+11	0.000000e+00	4.020101e-01	3.166698e+13	2.058083e+14	1.299701e+14	9.452600e+03	4.816616e+03	1.771994e+03	0	2.350388e-04
4.320000e+09	2.108792e+11	0.000000e+00	4.020101e-01	3.159160e+13	2.053669e+14	1.297108e+14	9.449816e+03	4.815689e+03	1.771653e+03	0	2.333656e-04
4.330000e+09	2.063313e+11	0.000000e+00	4.020101e-01	3.151653e+13	2.049273e+14	1.294525e+14	9.447040e+03	4.814764e+03	1.771313e+03	0	2.316758e-04
4.340000e+09	2.018039e+11	0.000000e+00	4.020101e-01	3.144179e+13	2.044896e+14	1.291953e+14	9.444269e+03	4.813841e+03	1.770973e+03	0	2.299687e-04
4.350000e+09	1.972968e+11	0.000000e+00	4.020101e-01	3.136737e+13	2.040537e+14	1.289392e+14	9.441506e+03	4.812920e+03	1.770634e+03	0	2.282438e-04
4.360000e+09	1.928099e+11	0.000000e+00	4.020101e-01	3.129326e+13	2.036196e+14	1.286841e+14	9.438749e+03	4.812002e+03	1.770297e+03	0	2.265002e-04
4.370000e+09	1.883431e+11	0.000000e+00	4.020101e-01	3.121947e+13	2.031874e+14	1.284301e+14	9.435998e+03	4.811086e+03	1.769959e+03	0	2.247375e-04
4.380000e+09	1.838962e+11	0.000000e+00	4.020101e-01	3.114599e+13	2.027570e+14	1.281772e+14	9.433254e+03	4.810172e+03	1.769623e+03	0	2.229547e-04
4.390000e+09	1.794692e+11	0.000000e+00	4.020101e-01	3.107282e+13	2.023284e+14	1.279254e+14	9.430516e+03	4.809260e+03	1.769288e+03	0	2.211510e-04
4.400000e+09	1.750620e+11	0.000000e+00	4.020101e-01	3.099995e+13	2.019015e+14	1.276746e+14	9.427785e+03	4.808350e+03	1.768953e+03	0	2.193257e-04
4.410000e+09	1.706743e+11	0.000000e+00	4.020101e-01	3.092740e+13	2.014765e+14	1.274248e+14	9.425060e+03	4.807442e+03	1.768619e+03	0	2.174778e-04
4.420000e+09	1.663061e+11	0.000000e+00	4.020101e-01	3.085515e+13	2.010532e+14	1.271761e+14	9.422342e+03	4.806537e+03	1.768286e+03	0	2.156064e-04
4.430000e+09	1.619573e+11	0.000000e+00	4.020101e-01	3.078320e+13	2.006317e+14	1.269284e+14	9.419629e+03	4.805634e+03	1.767954e+03	0	2.137104e-04
4.440000e+09	1.576277e+11	0.000000e+00	4.020101e-01	3.071155e+13	2.002119e+14	1.266817e+14	9.416924e+03	4.804733e+03	1.767622e+03	0	2.117889e-04
4.450000e+09	1.533172e+11	0.000000e+00	4.020101e-01	3.064021e+13	1.997938e+14	1.264360e+14	9.414224e+03	4.803834e+03	1.767292e+03	0	2.098405e-04
4.460000e+09	1.490257e+11	0.000000e+00	4.020101e-01	3.056916e+13	1.993775e+14	1.261914e+14	9.411531e+03	4.802937e+03	1.766962e+03	0	2.078640e-04
4.470000e+09	1.447532e+11	0.000000e+00	4.020101e-01	3.049840e+13	1.989629e+14	1.259477e+14	9.408844e+03	4.802042e+03	1.766632e+03	0	2.058583e-04
4.480000e+09	1.404994e+11	0.000000e+00	4.020101e-01	3.042794e+13	1.985500e+14	1.257051e+14	9.406163e+03	4.801149e+03	1.766304e+03	0	2.038217e-04
4.490000e+09	1.362642e+11	0.000000e+00	4.020101e-01	3.035778e+13	1.981388e+14	1.254634e+14	9.403488e+03	4.800259e+03	1.765976e+03	0	2.017528e-04
4.500000e+09	1.320476e+11	0.000000e+00	4.020101e-01	3.028790e+13	1.977293e+14	1.252228e+14	9.400820e+03	4.799370e+03	1.765650e+03	0	1.996499e-04
4.510000e+09	1.278494e+11	0.000000e+00	4.020101e-01	3.021831e+13	1.973214e+14	1.249831e+14	9.398158e+03	4.798484e+03	1.765323e+03	0	1.975113e-04
4.520000e+09	1.236696e+11	0.000000e+00	4.020101e-01	3.014901e+13	1.969152e+14	1.247444e+14	9.395502e+03	4.797600e+03	1.764998e+03	0	1.953349e-04
4.530000e+09	1.195080e+11	0.000000e+00	4.020101e-01	3.007999e+13	1.965107e+14	1.245067e+14	9.392851e+03	4.796717e+03	1.764674e+03	0	1.931188e-04
4.540000e+09	1.153644e+11	0.000000e+00	4.020101e-01	3.001126e+13	1.961078e+14	1.242699e+14	9.390207e+03	4.795837e+03	1.764350e+03	0	1.908606e-04
4.550000e+09	1.112389e+11	0.000000e+00	4.020101e-01	2.994281e+13	1.957065e+14	1.240341e+14	9.387569e+03	4.794959e+03	1.764027e+03	0	1.885578e-04
4.560000e+09	1.071312e+11	0.000000e+00	4.020101e-01	2.987464e+13	1.953069e+14	1.237993e+14	9.384937e+03	4.794083e+03	1.763704e+03	0	1.862077e-04
4.570000e+09	1.030414e+11	0.000000e+00	4.020101e-01	2.980675e+13	1.949089e+14	1.235654e+14	9.382311e+03	4.793209e+03	1.763383e+03	0	1.838073e-04
4.580000e+09	9.896915e+10	0.000000e+00	4.020101e-01	2.973914e+13	1.945125e+14	1.233324e+14	9.379691e+03	4.792337e+03	1.763062e+03	0	1.813533e-04
4.590000e+09	9.491451e+10	0.000000e+00	4.020101e-01	2.967180e+13	1.941177e+14	1.231004e+14	9.377077e+03	4.791467e+03	1.762742e+03	0	1.788421e-04
4.600000e+09	9.087733e+10	0.000000e+00	4.020101e-01	2.960474e+13	1.937245e+14	1.228693e+14	9.374469e+03	4.790599e+03	1.762422e+03	0	1.762696e-04
4.610000e+09	8.685751e+10	0.000000e+00	4.020101e-01	2.953794e+13	1.933328e+14	1.226392e+14	9.371867e+03	4.789732e+03	1.762104e+03	0	1.736313e-04
4.620000e+09	8.285494e+10	0.000000e+00	4.020101e-01	2.947142e+13	1.929428e+14	1.224099e+14	9.369270e+03	4.788868e+03	1.761786e+03	0	1.709222e-04
4.630000e+09	7.886952e+10	0.000000e+00	4.020101e-01	2.940517e+13	1.925543e+14	1.221816e+14	9.366680e+03	4.788006e+03	1.761469e+03	0	1.681365e-04
4.640000e+09	7.490115e+10	0.000000e+00	4.020101e-01	2.933919e+13	1.921673e+14	1.219542e+14	9.364095e+03	4.787146e+03	1.761152e+03	0	1.652679e-04
4.650000e+09	7.094973e+10	0.000000e+00	4.020101e-01	2.927347e+13	1.917819e+14	1.217277e+14	9.361516e+03	4.786288e+03	1.760837e+03	0	1.623090e-04
4.660000e+09	6.701516e+10	0.000000e+00	4.020101e-01	2.920801e+13	1.913980e+14	1.215021e+14	9.358943e+03	4.785432e+03	1.760522e+03	0	1.592514e-04
4.670000e+09	6.309734e+10	0.000000e+00	4.020101e-01	2.914282e+13	1.910157e+14	1.212774e+14	9.356375e+03	4.784577e+03	1.760207e+03	0	1.560855e-04
4.680000e+09	5.919617e+10	0.000000e+00	4.020101e-01	2.907789e+13	1.906348e+14	1.210536e+14	9.353814e+03	4.783725e+03	1.759894e+03	0	1.528000e-04
4.690000e+09	5.531155e+10	0.000000e+00	4.020101e-01	2.901322e+13	1.902555e+14	1.208307e+14	9.351258e+03	4.782875e+03	1.759581e+03	0	1.493818e-04
4.700000e+09	5.144339e+10	0.000000e+00	4.020101e-01	2.894881e+13	1.898777e+14	1.206086e+14	9.348707e+03	4.782026e+03	1.759269e+03	0	1.458150e-04
4.710000e+09	4.759158e+10	0.000000e+00	4.020101e-01	2.888466e+13	1.895014e+14	1.203874e+14	9.346162e+03	4.781180e+03	1.758957e+03	0	1.420809e-04
4.720000e+09	4.375605e+10	0.000000e+00	4.020101e-01	2.882076e+13	1.891265e+14	1.201671e+14	9.343623e+03	4.780335e+03	1.758646e+03	0	1.381566e-04
4.730000e+09	3.993668e+10	0.000000e+00	4.020101e-01	2.875711e+13	1.887531e+14	1.199477e+14	9.341090e+03	4.779492e+03	1.758336e+03	0	1.340138e-04
4.740000e+09	3.613338e+10	0.000000e+00	4.020101e-01	2.869372e+13	1.883812e+14	1.197291e+14	9.338562e+03	4.778651e+03	1.758027e+03	0	1.296169e-04
4.750000e+09	3.234607e+10	0.000000e+00	4.020101e-01	2.863058e+13	1.880107e+14	1.195114e+14	9.336040e+03	4.777812e+03	1.757718e+03	0	1.249202e-04
4.760000e+09	2.857464e+10	0.000000e+00	4.020101e-01	2.856769e+13	1.876417e+14	1.192945e+14	9.333523e+03	4.776975e+03	1.757410e+03	0	1.198632e-04
4.770000e+09	2.481901e+10	0.000000e+00	4.020101e-01	2.850504e+13	1.872742e+14	1.190785e+14	9.331012e+03	4.776140e+03	1.757103e+03	0	1.143634e-04
4.780000e+09	2.107909e+10	0.000000e+00	4.020101e-01	2.844265e+13	1.869080e+14	1.188633e+14	9.328506e+03	4.775306e+03	1.756797e+03	0	1.083036e-04
4.790000e+09	1.735478e+10	0.000000e+00	4.020101e-01	2.838050e+13	1.865433e+14	1.186490e+14	9.326006e+03	4.774475e+03	1.756491e+03	0	1.015076e-04
4.800000e+09	1.364599e+10	0.000000e+00	4.020101e-01	2.831859e+13	1.861800e+14	1.184354e+14	9.323511e+03	4.773645e+03	1.756185e+03	0	9.369016e-05
4.810000e+09	9.952641e+09	0.000000e+00	4.020101e-01	2.825693e+13	1.858181e+14	1.182228e+14	9.321022e+03	4.772817e+03	1.755881e+03	0	8.433446e-05
4.820000e+09	6.274637e+09	0.000000e+00	4.020101e-01	2.819550e+13	1.854576e+14	1.180109e+14	9.318538e+03	4.771991e+03	1.755577e+03	0	7.231390e-05
4.830000e+09	2.611891e+09	0.000000e+00	4.020101e-01	2.813432e+13	1.850985e+14	1.177998e+14	9.316059e+03	4.771167e+03	1.755274e+03	0	5.399381e-05
4.840000e+09	-1.035684e+09	0.000000e+00	4.020101e-01	2.807338e+13	1.847408e+14	1.175896e+14	9.313586e+03	4.770345e+03	1.754971e+03	0	-nan
