#t		Qconv[W]	Ri[Rp]		R*[Rp]		Qc[W]		Qm[W]		Qr[W]		Tcmb[K]		Tl[K]		Tup[K]		RiFlag		Bs[T]
0.000000e+00	1.399979e+12	4.613345e-01	9.281437e-01	3.765297e+12	2.448022e+14	1.712417e+13	2.998971e+03	2.280940e+03	1.948354e+03	0	2.416182e-04
1.000000e+08	1.530410e+12	4.620469e-01	9.281437e-01	3.982387e+12	1.942016e+14	1.620660e+13	2.998892e+03	2.185296e+03	1.866655e+03	1	2.488273e-04
2.000000e+08	1.534889e+12	4.627584e-01	9.281437e-01	3.982949e+12	5.625648e+13	1.535488e+13	2.998053e+03	1.767586e+03	1.509853e+03	1	2.489971e-04
3.000000e+08	1.404322e+12	4.634276e-01	9.281437e-01	3.752795e+12	3.488109e+13	1.456375e+13	2.997217e+03	1.648322e+03	1.407978e+03	1	2.416600e-04
4.000000e+08	1.323854e+12	4.640702e-01	9.281437e-01	3.609205e+12	2.660044e+13	1.382840e+13	2.996432e+03	1.588940e+03	1.357255e+03	1	2.368907e-04
5.000000e+08	1.272733e+12	4.646954e-01	9.281437e-01	3.516281e+12	2.236328e+13	1.314441e+13	2.995680e+03	1.554147e+03	1.327535e+03	1	2.337415e-04
6.000000e+08	1.238235e+12	4.653083e-01	9.281437e-01	3.452065e+12	1.981826e+13	1.250775e+13	2.994948e+03	1.531602e+03	1.308278e+03	1	2.315520e-04
7.000000e+08	1.213549e+12	4.659119e-01	9.281437e-01	3.404811e+12	1.811245e+13	1.191471e+13	2.994233e+03	1.515844e+03	1.294817e+03	1	2.299458e-04
8.000000e+08	1.194897e+12	4.665082e-01	9.281437e-01	3.368013e+12	1.687136e+13	1.136192e+13	2.993529e+03	1.504116e+03	1.284799e+03	1	2.287057e-04
9.000000e+08	1.160129e+12	4.670945e-01	9.281437e-01	3.337906e+12	1.590916e+13	1.084625e+13	2.992835e+03	1.494903e+03	1.276929e+03	1	2.264112e-04
1.000000e+09	1.147943e+12	4.676727e-01	9.281437e-01	3.312098e+12	1.512545e+13	1.036487e+13	2.992130e+03	1.487327e+03	1.270458e+03	1	2.255621e-04
1.100000e+09	1.137467e+12	4.682461e-01	9.281437e-01	3.289329e+12	1.446254e+13	9.915160e+12	2.991431e+03	1.480857e+03	1.264932e+03	1	2.248210e-04
1.200000e+09	1.128194e+12	4.688152e-01	9.281437e-01	3.268717e+12	1.388560e+13	9.494718e+12	2.990740e+03	1.475162e+03	1.260067e+03	1	2.241560e-04
1.300000e+09	1.119795e+12	4.693803e-01	9.281437e-01	3.249689e+12	1.337271e+13	9.101343e+12	2.990054e+03	1.470029e+03	1.255682e+03	1	2.235466e-04
1.400000e+09	1.112053e+12	4.699416e-01	9.281437e-01	3.231867e+12	1.290954e+13	8.733012e+12	2.989375e+03	1.465318e+03	1.251659e+03	1	2.229789e-04
1.500000e+09	1.104823e+12	4.704992e-01	9.281437e-01	3.214997e+12	1.248640e+13	8.387864e+12	2.988701e+03	1.460937e+03	1.247916e+03	1	2.224437e-04
1.600000e+09	1.098005e+12	4.710533e-01	9.281437e-01	3.198903e+12	1.209650e+13	8.064191e+12	2.988032e+03	1.456822e+03	1.244401e+03	1	2.219348e-04
1.700000e+09	1.091530e+12	4.716041e-01	9.281437e-01	3.183464e+12	1.173492e+13	7.760421e+12	2.987369e+03	1.452928e+03	1.241075e+03	1	2.214477e-04
1.800000e+09	1.085348e+12	4.721516e-01	9.281437e-01	3.168592e+12	1.139798e+13	7.475108e+12	2.986710e+03	1.449223e+03	1.237910e+03	1	2.209792e-04
1.900000e+09	1.079424e+12	4.726960e-01	9.281437e-01	3.154224e+12	1.108283e+13	7.206918e+12	2.986057e+03	1.445684e+03	1.234887e+03	1	2.205272e-04
2.000000e+09	1.061072e+12	4.732348e-01	9.281437e-01	3.140310e+12	1.078719e+13	6.954627e+12	2.985408e+03	1.442294e+03	1.231992e+03	1	2.192219e-04
2.100000e+09	1.055598e+12	4.737690e-01	9.281437e-01	3.126733e+12	1.050918e+13	6.717104e+12	2.984751e+03	1.439039e+03	1.229211e+03	1	2.187964e-04
2.200000e+09	1.050318e+12	4.743003e-01	9.281437e-01	3.113545e+12	1.024725e+13	6.493307e+12	2.984098e+03	1.435909e+03	1.226537e+03	1	2.183834e-04
2.300000e+09	1.045218e+12	4.748287e-01	9.281437e-01	3.100721e+12	1.000007e+13	6.282276e+12	2.983450e+03	1.432894e+03	1.223962e+03	1	2.179822e-04
2.400000e+09	1.040289e+12	4.753544e-01	9.281437e-01	3.088243e+12	9.766492e+12	6.083124e+12	2.982806e+03	1.429988e+03	1.221480e+03	1	2.175920e-04
2.500000e+09	1.035520e+12	4.758774e-01	9.281437e-01	3.076092e+12	9.545489e+12	5.895032e+12	2.982166e+03	1.427185e+03	1.219085e+03	1	2.172125e-04
2.600000e+09	1.030905e+12	4.763978e-01	9.281437e-01	3.064254e+12	9.336153e+12	5.717246e+12	2.981531e+03	1.424479e+03	1.216774e+03	1	2.168431e-04
2.700000e+09	1.026436e+12	4.769155e-01	9.281437e-01	3.052714e+12	9.137666e+12	5.549066e+12	2.980899e+03	1.421865e+03	1.214541e+03	1	2.164834e-04
2.800000e+09	1.022106e+12	4.774308e-01	9.281437e-01	3.041461e+12	8.949286e+12	5.389846e+12	2.980272e+03	1.419339e+03	1.212383e+03	1	2.161330e-04
2.900000e+09	1.017911e+12	4.779436e-01	9.281437e-01	3.030483e+12	8.770336e+12	5.238990e+12	2.979648e+03	1.416897e+03	1.210298e+03	1	2.157916e-04
3.000000e+09	1.013845e+12	4.784540e-01	9.281437e-01	3.019769e+12	8.600200e+12	5.095944e+12	2.979028e+03	1.414536e+03	1.208281e+03	1	2.154588e-04
3.100000e+09	1.009902e+12	4.789620e-01	9.281437e-01	3.009309e+12	8.438308e+12	4.960197e+12	2.978412e+03	1.412251e+03	1.206329e+03	1	2.151344e-04
3.200000e+09	9.890376e+11	4.794518e-01	9.281437e-01	2.999094e+12	8.284138e+12	4.831273e+12	2.977799e+03	1.410041e+03	1.204441e+03	1	2.135996e-04
3.300000e+09	9.853275e+11	4.799499e-01	9.281437e-01	2.989007e+12	8.137170e+12	4.708734e+12	2.977173e+03	1.407901e+03	1.202613e+03	1	2.132887e-04
3.400000e+09	9.817262e+11	4.804457e-01	9.281437e-01	2.979148e+12	7.996979e+12	4.592172e+12	2.976551e+03	1.405828e+03	1.200843e+03	1	2.129853e-04
3.500000e+09	9.782295e+11	4.809395e-01	9.281437e-01	2.969507e+12	7.863156e+12	4.481209e+12	2.975931e+03	1.403820e+03	1.199128e+03	1	2.126892e-04
3.600000e+09	9.748335e+11	4.814310e-01	9.281437e-01	2.960078e+12	7.735319e+12	4.375493e+12	2.975316e+03	1.401875e+03	1.197466e+03	1	2.124000e-04
3.700000e+09	9.715344e+11	4.819206e-01	9.281437e-01	2.950851e+12	7.613111e+12	4.274697e+12	2.974704e+03	1.399989e+03	1.195855e+03	1	2.121176e-04
3.800000e+09	9.683286e+11	4.824080e-01	9.281437e-01	2.941821e+12	7.496202e+12	4.178520e+12	2.974095e+03	1.398161e+03	1.194293e+03	1	2.118418e-04
3.900000e+09	9.652126e+11	4.828935e-01	9.281437e-01	2.932980e+12	7.384284e+12	4.086678e+12	2.973489e+03	1.396387e+03	1.192779e+03	1	2.115723e-04
4.000000e+09	9.621830e+11	4.833770e-01	9.281437e-01	2.924322e+12	7.277069e+12	3.998911e+12	2.972887e+03	1.394667e+03	1.191309e+03	1	2.113089e-04
4.100000e+09	9.592364e+11	4.838585e-01	9.281437e-01	2.915839e+12	7.174288e+12	3.914973e+12	2.972288e+03	1.392997e+03	1.189883e+03	1	2.110514e-04
4.200000e+09	9.563698e+11	4.843382e-01	9.281437e-01	2.907526e+12	7.075691e+12	3.834637e+12	2.971691e+03	1.391376e+03	1.188498e+03	1	2.107996e-04
4.300000e+09	9.535801e+11	4.848159e-01	9.281437e-01	2.899376e+12	6.981043e+12	3.757691e+12	2.971098e+03	1.389802e+03	1.187154e+03	1	2.105532e-04
4.400000e+09	9.397818e+11	4.852816e-01	9.281437e-01	2.891384e+12	6.890125e+12	3.683939e+12	2.970508e+03	1.388273e+03	1.185847e+03	1	2.094928e-04
4.500000e+09	9.371313e+11	4.857523e-01	9.281437e-01	2.883476e+12	6.802709e+12	3.613195e+12	2.969910e+03	1.386787e+03	1.184578e+03	1	2.092554e-04
4.600000e+09	9.345485e+11	4.862213e-01	9.281437e-01	2.875714e+12	6.718617e+12	3.545287e+12	2.969315e+03	1.385342e+03	1.183344e+03	1	2.090229e-04
4.700000e+09	9.320309e+11	4.866885e-01	9.281437e-01	2.868094e+12	6.637673e+12	3.480056e+12	2.968722e+03	1.383937e+03	1.182144e+03	1	2.087951e-04
4.800000e+09	9.295760e+11	4.871540e-01	9.281437e-01	2.860611e+12	6.559709e+12	3.417352e+12	2.968133e+03	1.382570e+03	1.180976e+03	1	2.085720e-04
4.900000e+09	9.271814e+11	4.876178e-01	9.281437e-01	2.853259e+12	6.484567e+12	3.357033e+12	2.967546e+03	1.381240e+03	1.179840e+03	1	2.083532e-04
5.000000e+09	9.248447e+11	4.880799e-01	9.281437e-01	2.846035e+12	6.412100e+12	3.298970e+12	2.966962e+03	1.379944e+03	1.178733e+03	1	2.081387e-04
5.100000e+09	9.225642e+11	4.885404e-01	9.281437e-01	2.838933e+12	6.342170e+12	3.243039e+12	2.966381e+03	1.378683e+03	1.177656e+03	1	2.079283e-04
5.200000e+09	9.203371e+11	4.889992e-01	9.281437e-01	2.831950e+12	6.274647e+12	3.189125e+12	2.965802e+03	1.377454e+03	1.176606e+03	1	2.077219e-04
5.300000e+09	9.181616e+11	4.894565e-01	9.281437e-01	2.825082e+12	6.209407e+12	3.137122e+12	2.965227e+03	1.376256e+03	1.175583e+03	1	2.075193e-04
5.400000e+09	9.160358e+11	4.899122e-01	9.281437e-01	2.818323e+12	6.146336e+12	3.086929e+12	2.964654e+03	1.375088e+03	1.174585e+03	1	2.073204e-04
5.500000e+09	9.139576e+11	4.903663e-01	9.281437e-01	2.811672e+12	6.085325e+12	3.038450e+12	2.964083e+03	1.373949e+03	1.173612e+03	1	2.071251e-04
5.600000e+09	9.119255e+11	4.908189e-01	9.281437e-01	2.805124e+12	6.026273e+12	2.991597e+12	2.963515e+03	1.372838e+03	1.172663e+03	1	2.069332e-04
5.700000e+09	8.948471e+11	4.912563e-01	9.281437e-01	2.798676e+12	5.969083e+12	2.946288e+12	2.962950e+03	1.371753e+03	1.171736e+03	1	2.055965e-04
5.800000e+09	8.928887e+11	4.917013e-01	9.281437e-01	2.792233e+12	5.913633e+12	2.902445e+12	2.962372e+03	1.370694e+03	1.170831e+03	1	2.054090e-04
5.900000e+09	8.909704e+11	4.921450e-01	9.281437e-01	2.785883e+12	5.859861e+12	2.859993e+12	2.961796e+03	1.369659e+03	1.169947e+03	1	2.052246e-04
6.000000e+09	8.890910e+11	4.925871e-01	9.281437e-01	2.779623e+12	5.807688e+12	2.818864e+12	2.961222e+03	1.368647e+03	1.169083e+03	1	2.050432e-04
6.100000e+09	8.872488e+11	4.930279e-01	9.281437e-01	2.773450e+12	5.757039e+12	2.778994e+12	2.960652e+03	1.367658e+03	1.168238e+03	1	2.048646e-04
6.200000e+09	8.854424e+11	4.934672e-01	9.281437e-01	2.767362e+12	5.707844e+12	2.740321e+12	2.960083e+03	1.366691e+03	1.167412e+03	1	2.046887e-04
6.300000e+09	8.836706e+11	4.939051e-01	9.281437e-01	2.761355e+12	5.660036e+12	2.702789e+12	2.959517e+03	1.365744e+03	1.166604e+03	1	2.045155e-04
6.400000e+09	8.819319e+11	4.943417e-01	9.281437e-01	2.755428e+12	5.613552e+12	2.666343e+12	2.958954e+03	1.364818e+03	1.165813e+03	1	2.043449e-04
6.500000e+09	8.802254e+11	4.947769e-01	9.281437e-01	2.749577e+12	5.568333e+12	2.630932e+12	2.958393e+03	1.363911e+03	1.165038e+03	1	2.041767e-04
6.600000e+09	8.785498e+11	4.952107e-01	9.281437e-01	2.743800e+12	5.524322e+12	2.596509e+12	2.957834e+03	1.363023e+03	1.164279e+03	1	2.040109e-04
6.700000e+09	8.769039e+11	4.956432e-01	9.281437e-01	2.738095e+12	5.481467e+12	2.563028e+12	2.957277e+03	1.362152e+03	1.163535e+03	1	2.038474e-04
6.800000e+09	8.752866e+11	4.960743e-01	9.281437e-01	2.732460e+12	5.439716e+12	2.530447e+12	2.956723e+03	1.361299e+03	1.162807e+03	1	2.036862e-04
6.900000e+09	8.736973e+11	4.965042e-01	9.281437e-01	2.726892e+12	5.399021e+12	2.498726e+12	2.956171e+03	1.360463e+03	1.162092e+03	1	2.035271e-04
7.000000e+09	8.721346e+11	4.969327e-01	9.281437e-01	2.721391e+12	5.359339e+12	2.467827e+12	2.955621e+03	1.359642e+03	1.161391e+03	1	2.033701e-04
7.100000e+09	8.603644e+11	4.973508e-01	9.281437e-01	2.715953e+12	5.320624e+12	2.437713e+12	2.955074e+03	1.358837e+03	1.160704e+03	1	2.024165e-04
7.200000e+09	8.588411e+11	4.977738e-01	9.281437e-01	2.710516e+12	5.282817e+12	2.408352e+12	2.954518e+03	1.358047e+03	1.160029e+03	1	2.022621e-04
7.300000e+09	8.573411e+11	4.981956e-01	9.281437e-01	2.705139e+12	5.245894e+12	2.379711e+12	2.953964e+03	1.357271e+03	1.159366e+03	1	2.021095e-04
7.400000e+09	8.558637e+11	4.986162e-01	9.281437e-01	2.699820e+12	5.209819e+12	2.351761e+12	2.953413e+03	1.356509e+03	1.158715e+03	1	2.019587e-04
7.500000e+09	8.544083e+11	4.990355e-01	9.281437e-01	2.694558e+12	5.174558e+12	2.324471e+12	2.952863e+03	1.355760e+03	1.158075e+03	1	2.018096e-04
7.600000e+09	8.529739e+11	4.994536e-01	9.281437e-01	2.689351e+12	5.140078e+12	2.297817e+12	2.952316e+03	1.355024e+03	1.157446e+03	1	2.016622e-04
7.700000e+09	8.515601e+11	4.998704e-01	9.281437e-01	2.684197e+12	5.106351e+12	2.271770e+12	2.951771e+03	1.354300e+03	1.156828e+03	1	2.015164e-04
7.800000e+09	8.501659e+11	5.002861e-01	9.281437e-01	2.679096e+12	5.073345e+12	2.246309e+12	2.951228e+03	1.353588e+03	1.156220e+03	1	2.013722e-04
7.900000e+09	8.487908e+11	5.007006e-01	9.281437e-01	2.674046e+12	5.041034e+12	2.221409e+12	2.950688e+03	1.352888e+03	1.155622e+03	1	2.012296e-04
8.000000e+09	8.474341e+11	5.011139e-01	9.281437e-01	2.669044e+12	5.009391e+12	2.197049e+12	2.950149e+03	1.352198e+03	1.155033e+03	1	2.010884e-04
8.100000e+09	8.460953e+11	5.015261e-01	9.281437e-01	2.664091e+12	4.978392e+12	2.173207e+12	2.949612e+03	1.351520e+03	1.154453e+03	1	2.009487e-04
8.200000e+09	8.447737e+11	5.019371e-01	9.281437e-01	2.659185e+12	4.948011e+12	2.149866e+12	2.949077e+03	1.350852e+03	1.153882e+03	1	2.008103e-04
8.300000e+09	8.434687e+11	5.023469e-01	9.281437e-01	2.654325e+12	4.918227e+12	2.127005e+12	2.948545e+03	1.350194e+03	1.153320e+03	1	2.006733e-04
8.400000e+09	8.421798e+11	5.027556e-01	9.281437e-01	2.649509e+12	4.889017e+12	2.104607e+12	2.948014e+03	1.349545e+03	1.152766e+03	1	2.005377e-04
8.500000e+09	8.277582e+11	5.031609e-01	9.281437e-01	2.644737e+12	4.860362e+12	2.082656e+12	2.947486e+03	1.348906e+03	1.152221e+03	1	1.993534e-04
8.600000e+09	8.264852e+11	5.035636e-01	9.281437e-01	2.639930e+12	4.832215e+12	2.061135e+12	2.946945e+03	1.348276e+03	1.151683e+03	1	1.992185e-04
8.700000e+09	8.252265e+11	5.039653e-01	9.281437e-01	2.635165e+12	4.804577e+12	2.040030e+12	2.946407e+03	1.347655e+03	1.151152e+03	1	1.990847e-04
8.800000e+09	8.239816e+11	5.043658e-01	9.281437e-01	2.630440e+12	4.777431e+12	2.019325e+12	2.945870e+03	1.347042e+03	1.150628e+03	1	1.989520e-04
8.900000e+09	8.227501e+11	5.047653e-01	9.281437e-01	2.625754e+12	4.750762e+12	1.999008e+12	2.945336e+03	1.346437e+03	1.150112e+03	1	1.988205e-04
9.000000e+09	8.215317e+11	5.051637e-01	9.281437e-01	2.621107e+12	4.724553e+12	1.979065e+12	2.944803e+03	1.345840e+03	1.149602e+03	1	1.986901e-04
9.100000e+09	8.203259e+11	5.055610e-01	9.281437e-01	2.616498e+12	4.698789e+12	1.959483e+12	2.944273e+03	1.345251e+03	1.149098e+03	1	1.985606e-04
9.200000e+09	8.191325e+11	5.059572e-01	9.281437e-01	2.611926e+12	4.673458e+12	1.940252e+12	2.943744e+03	1.344669e+03	1.148601e+03	1	1.984323e-04
9.300000e+09	8.179510e+11	5.063524e-01	9.281437e-01	2.607390e+12	4.648544e+12	1.921359e+12	2.943217e+03	1.344094e+03	1.148110e+03	1	1.983049e-04
9.400000e+09	8.167812e+11	5.067465e-01	9.281437e-01	2.602889e+12	4.624035e+12	1.902793e+12	2.942692e+03	1.343527e+03	1.147626e+03	1	1.981785e-04
9.500000e+09	8.156228e+11	5.071396e-01	9.281437e-01	2.598423e+12	4.599919e+12	1.884545e+12	2.942169e+03	1.342966e+03	1.147147e+03	1	1.980530e-04
9.600000e+09	8.144753e+11	5.075317e-01	9.281437e-01	2.593992e+12	4.576183e+12	1.866605e+12	2.941648e+03	1.342412e+03	1.146673e+03	1	1.979285e-04
9.700000e+09	8.133385e+11	5.079227e-01	9.281437e-01	2.589593e+12	4.552817e+12	1.848964e+12	2.941129e+03	1.341864e+03	1.146205e+03	1	1.978048e-04
9.800000e+09	8.122121e+11	5.083127e-01	9.281437e-01	2.585228e+12	4.529808e+12	1.831611e+12	2.940611e+03	1.341322e+03	1.145743e+03	1	1.976821e-04
9.900000e+09	8.110960e+11	5.087017e-01	9.281437e-01	2.580894e+12	4.507147e+12	1.814540e+12	2.940095e+03	1.340787e+03	1.145285e+03	1	1.975602e-04
1.000000e+10	8.004695e+11	5.090880e-01	9.281437e-01	2.576592e+12	4.484824e+12	1.797741e+12	2.939582e+03	1.340257e+03	1.144833e+03	1	1.966627e-04
