#R=1.1549967147950697
#interptype='linear'
#name='planet'
#norm={'P': 1000000000000.0, 'R': 1.1549967147950697, 'M': 1.5, 'g': 11.052942593325744, 'rho': 1000.0}
#state=1
#composition
#layer0		Fe08FeS02		0.600000
#layer1		pv_fmw		0.400000
#layer2		ice_VII		0.100000
#Cols=
 #'ur		r		mr		rho		P		g		phi		T		composition'
#-end-
0.000000e+00	0.000000e+00	8.546236e-12	1.337645e+04	5.707932e+11	0.000000e+00	-1.580525e+08	5.000000e+03	0
5.025126e-03	5.804004e-03	1.875417e-06	1.337755e+04	5.709777e+11	-7.780590e-02	-1.580499e+08	5.000000e+03	0
1.005025e-02	1.160801e-02	3.862793e-06	1.337864e+04	5.711605e+11	-1.535094e-01	-1.580423e+08	5.000000e+03	0
1.507538e-02	1.741201e-02	1.693493e-05	1.337874e+04	5.711765e+11	-2.107165e-02	-1.580294e+08	5.000000e+03	0
2.010050e-02	2.321601e-02	3.045379e-05	1.337882e+04	5.711897e+11	1.114969e-01	-1.580115e+08	5.000000e+03	0
2.512563e-02	2.902002e-02	6.586218e-05	1.337810e+04	5.710691e+11	2.504779e-01	-1.579886e+08	5.000000e+03	0
3.015075e-02	3.482402e-02	1.022746e-04	1.337735e+04	5.709445e+11	3.894709e-01	-1.579605e+08	5.000000e+03	0
3.517588e-02	4.062803e-02	1.711491e-04	1.337582e+04	5.706879e+11	5.288527e-01	-1.579273e+08	5.000000e+03	0
4.020101e-02	4.643203e-02	2.418067e-04	1.337426e+04	5.704259e+11	6.682344e-01	-1.578890e+08	5.000000e+03	0
4.522613e-02	5.223603e-02	3.552595e-04	1.337192e+04	5.700336e+11	8.076123e-01	-1.578456e+08	5.000000e+03	0
5.025126e-02	5.804004e-02	4.714955e-04	1.336953e+04	5.696345e+11	9.469856e-01	-1.577971e+08	5.000000e+03	0
5.527638e-02	6.384404e-02	6.406129e-04	1.336638e+04	5.691067e+11	1.086272e+00	-1.577434e+08	5.000000e+03	0
6.030151e-02	6.964804e-02	8.137332e-04	1.336317e+04	5.685707e+11	1.225550e+00	-1.576847e+08	5.000000e+03	0
6.532663e-02	7.545205e-02	1.049568e-03	1.335921e+04	5.679077e+11	1.364702e+00	-1.576209e+08	5.000000e+03	0
7.035176e-02	8.125605e-02	1.290843e-03	1.335518e+04	5.672352e+11	1.503842e+00	-1.575520e+08	5.000000e+03	0
7.537688e-02	8.706005e-02	1.604405e-03	1.335040e+04	5.664373e+11	1.642825e+00	-1.574780e+08	5.000000e+03	0
8.040201e-02	9.286406e-02	1.925062e-03	1.334556e+04	5.656287e+11	1.781792e+00	-1.573988e+08	5.000000e+03	0
8.542714e-02	9.866806e-02	2.327312e-03	1.333997e+04	5.646965e+11	1.920576e+00	-1.573147e+08	5.000000e+03	0
9.045226e-02	1.044721e-01	2.738525e-03	1.333430e+04	5.637523e+11	2.059339e+00	-1.572254e+08	5.000000e+03	0
9.547739e-02	1.102761e-01	3.240366e-03	1.332790e+04	5.626863e+11	2.197894e+00	-1.571311e+08	5.000000e+03	0
1.005025e-01	1.160801e-01	3.753249e-03	1.332141e+04	5.616069e+11	2.336422e+00	-1.570316e+08	5.000000e+03	0
1.055276e-01	1.218841e-01	4.365516e-03	1.331419e+04	5.604078e+11	2.474716e+00	-1.569277e+08	5.000000e+03	0
1.105528e-01	1.276881e-01	4.991113e-03	1.330689e+04	5.591940e+11	2.612979e+00	-1.568176e+08	5.000000e+03	0
1.155779e-01	1.334921e-01	5.724568e-03	1.329885e+04	5.578624e+11	2.750983e+00	-1.567030e+08	5.000000e+03	0
1.206030e-01	1.392961e-01	6.473847e-03	1.329072e+04	5.565149e+11	2.888950e+00	-1.565834e+08	5.000000e+03	0
1.256281e-01	1.451001e-01	7.339170e-03	1.328187e+04	5.550516e+11	3.026635e+00	-1.564590e+08	5.000000e+03	0
1.306533e-01	1.509041e-01	8.223011e-03	1.327292e+04	5.535712e+11	3.164274e+00	-1.563290e+08	5.000000e+03	0
1.356784e-01	1.567081e-01	9.230789e-03	1.326325e+04	5.519770e+11	3.301609e+00	-1.561950e+08	5.000000e+03	0
1.407035e-01	1.625121e-01	1.025998e-02	1.325347e+04	5.503646e+11	3.438891e+00	-1.560545e+08	5.000000e+03	0
1.457286e-01	1.683161e-01	1.142070e-02	1.324299e+04	5.486405e+11	3.575846e+00	-1.559096e+08	5.000000e+03	0
1.507538e-01	1.741201e-01	1.260592e-02	1.323239e+04	5.468971e+11	3.712740e+00	-1.557597e+08	5.000000e+03	0
1.557789e-01	1.799241e-01	1.392997e-02	1.322109e+04	5.450441e+11	3.849285e+00	-1.556049e+08	5.000000e+03	0
1.608040e-01	1.857281e-01	1.528180e-02	1.320966e+04	5.431707e+11	3.985760e+00	-1.554451e+08	5.000000e+03	0
1.658291e-01	1.915321e-01	1.677944e-02	1.319754e+04	5.411899e+11	4.121865e+00	-1.552803e+08	5.000000e+03	0
1.708543e-01	1.973361e-01	1.830832e-02	1.318528e+04	5.391875e+11	4.257889e+00	-1.551104e+08	5.000000e+03	0
1.758794e-01	2.031401e-01	1.998971e-02	1.317234e+04	5.370801e+11	4.393524e+00	-1.549357e+08	5.000000e+03	0
1.809045e-01	2.089441e-01	2.170596e-02	1.315925e+04	5.349500e+11	4.529068e+00	-1.547560e+08	5.000000e+03	0
1.859296e-01	2.147481e-01	2.358109e-02	1.314549e+04	5.327172e+11	4.664201e+00	-1.545713e+08	5.000000e+03	0
1.909548e-01	2.205521e-01	2.549491e-02	1.313157e+04	5.304607e+11	4.799234e+00	-1.543816e+08	5.000000e+03	0
1.959799e-01	2.263561e-01	2.757366e-02	1.311699e+04	5.281037e+11	4.933836e+00	-1.541871e+08	5.000000e+03	0
2.010050e-01	2.321601e-01	2.969508e-02	1.310224e+04	5.257222e+11	5.068326e+00	-1.539876e+08	5.000000e+03	0
2.060302e-01	2.379641e-01	3.198717e-02	1.308683e+04	5.232425e+11	5.202366e+00	-1.537832e+08	5.000000e+03	0
2.110553e-01	2.437682e-01	3.432608e-02	1.307124e+04	5.207373e+11	5.336282e+00	-1.535738e+08	5.000000e+03	0
2.160804e-01	2.495722e-01	3.684108e-02	1.305501e+04	5.181364e+11	5.469730e+00	-1.533597e+08	5.000000e+03	0
2.211055e-01	2.553762e-01	3.940718e-02	1.303859e+04	5.155091e+11	5.603041e+00	-1.531406e+08	5.000000e+03	0
2.261307e-01	2.611802e-01	4.215449e-02	1.302152e+04	5.127884e+11	5.735866e+00	-1.529167e+08	5.000000e+03	0
2.311558e-01	2.669842e-01	4.495735e-02	1.300427e+04	5.100405e+11	5.868541e+00	-1.526879e+08	5.000000e+03	0
2.361809e-01	2.727882e-01	4.794619e-02	1.298637e+04	5.072017e+11	6.000712e+00	-1.524542e+08	5.000000e+03	0
2.412060e-01	2.785922e-01	5.099516e-02	1.296827e+04	5.043350e+11	6.132719e+00	-1.522157e+08	5.000000e+03	0
2.462312e-01	2.843962e-01	5.423457e-02	1.294954e+04	5.013797e+11	6.264206e+00	-1.519724e+08	5.000000e+03	0
2.512563e-01	2.902002e-01	5.753884e-02	1.293061e+04	4.983958e+11	6.395514e+00	-1.517243e+08	5.000000e+03	0
2.562814e-01	2.960042e-01	6.103767e-02	1.291104e+04	4.953259e+11	6.526286e+00	-1.514714e+08	5.000000e+03	0
2.613065e-01	3.018082e-01	6.460621e-02	1.289126e+04	4.922266e+11	6.656863e+00	-1.512137e+08	5.000000e+03	0
2.663317e-01	3.076122e-01	6.837312e-02	1.287086e+04	4.890439e+11	6.786888e+00	-1.509512e+08	5.000000e+03	0
2.713568e-01	3.134162e-01	7.221469e-02	1.285023e+04	4.858311e+11	6.916703e+00	-1.506840e+08	5.000000e+03	0
2.763819e-01	3.192202e-01	7.625811e-02	1.282898e+04	4.825374e+11	7.045950e+00	-1.504123e+08	5.000000e+03	0
2.814070e-01	3.250242e-01	8.038127e-02	1.280750e+04	4.792131e+11	7.174971e+00	-1.501354e+08	5.000000e+03	0
2.864322e-01	3.308282e-01	8.470943e-02	1.278542e+04	4.758104e+11	7.303409e+00	-1.498540e+08	5.000000e+03	0
2.914573e-01	3.366322e-01	8.912249e-02	1.276308e+04	4.723766e+11	7.431604e+00	-1.495680e+08	5.000000e+03	0
2.964824e-01	3.424362e-01	9.374339e-02	1.274015e+04	4.688669e+11	7.559202e+00	-1.492772e+08	5.000000e+03	0
3.015075e-01	3.482402e-01	9.845443e-02	1.271696e+04	4.653257e+11	7.686538e+00	-1.489818e+08	5.000000e+03	0
3.065327e-01	3.540442e-01	1.033758e-01	1.269318e+04	4.617112e+11	7.813264e+00	-1.486818e+08	5.000000e+03	0
3.115578e-01	3.598482e-01	1.083927e-01	1.266913e+04	4.580648e+11	7.939710e+00	-1.483771e+08	5.000000e+03	0
3.165829e-01	3.656522e-01	1.136221e-01	1.264449e+04	4.543476e+11	8.065532e+00	-1.480678e+08	5.000000e+03	0
3.216080e-01	3.714562e-01	1.189524e-01	1.261958e+04	4.505982e+11	8.191055e+00	-1.477539e+08	5.000000e+03	0
3.266332e-01	3.772602e-01	1.244971e-01	1.259409e+04	4.467806e+11	8.315942e+00	-1.474354e+08	5.000000e+03	0
3.316583e-01	3.830642e-01	1.301481e-01	1.256831e+04	4.429306e+11	8.440509e+00	-1.471124e+08	5.000000e+03	0
3.366834e-01	3.888682e-01	1.360150e-01	1.254195e+04	4.390148e+11	8.564428e+00	-1.467848e+08	5.000000e+03	0
3.417085e-01	3.946722e-01	1.419938e-01	1.251530e+04	4.350665e+11	8.688007e+00	-1.464528e+08	5.000000e+03	0
3.467337e-01	4.004762e-01	1.481897e-01	1.248808e+04	4.310550e+11	8.810926e+00	-1.461161e+08	5.000000e+03	0
3.517588e-01	4.062803e-01	1.545030e-01	1.246056e+04	4.270109e+11	8.933483e+00	-1.457751e+08	5.000000e+03	0
3.567839e-01	4.120843e-01	1.610344e-01	1.243246e+04	4.229061e+11	9.055370e+00	-1.454295e+08	5.000000e+03	0
3.618090e-01	4.178883e-01	1.676887e-01	1.240406e+04	4.187687e+11	9.176873e+00	-1.450795e+08	5.000000e+03	0
3.668342e-01	4.236923e-01	1.745616e-01	1.237509e+04	4.145732e+11	9.297694e+00	-1.447307e+08	5.000000e+03	0
3.718593e-01	4.294963e-01	1.815630e-01	1.234580e+04	4.103450e+11	9.418109e+00	-1.443663e+08	5.000000e+03	0
3.768844e-01	4.353003e-01	1.887833e-01	1.231595e+04	4.060613e+11	9.537832e+00	-1.440028e+08	5.000000e+03	0
3.819095e-01	4.411043e-01	1.961377e-01	1.228576e+04	4.017451e+11	9.657125e+00	-1.436355e+08	5.000000e+03	0
3.869347e-01	4.469083e-01	2.037110e-01	1.225503e+04	3.973759e+11	9.775717e+00	-1.432636e+08	5.000000e+03	0
3.919598e-01	4.527123e-01	2.114239e-01	1.222394e+04	3.929743e+11	9.893854e+00	-1.428876e+08	5.000000e+03	0
3.969849e-01	4.585163e-01	2.193552e-01	1.219232e+04	3.885223e+11	1.001128e+01	-1.425067e+08	5.000000e+03	0
4.020101e-01	4.643203e-01	2.274318e-01	1.216033e+04	3.840382e+11	1.012823e+01	-1.421220e+08	5.000000e+03	0
4.070352e-01	4.701243e-01	2.357261e-01	1.212780e+04	3.795061e+11	1.024446e+01	-1.417331e+08	5.000000e+03	0
4.120603e-01	4.759283e-01	2.441711e-01	1.209490e+04	3.749424e+11	1.036018e+01	-1.413395e+08	5.000000e+03	0
4.170854e-01	4.817323e-01	2.528330e-01	1.206147e+04	3.703331e+11	1.047517e+01	-1.409419e+08	5.000000e+03	0
4.221106e-01	4.875363e-01	2.616509e-01	1.202765e+04	3.656926e+11	1.058964e+01	-1.405400e+08	5.000000e+03	0
4.271357e-01	4.933403e-01	2.706845e-01	1.199331e+04	3.610090e+11	1.070337e+01	-1.401343e+08	5.000000e+03	0
4.321608e-01	4.991443e-01	2.798794e-01	1.195856e+04	3.562947e+11	1.081653e+01	-1.397243e+08	5.000000e+03	0
4.371859e-01	5.049483e-01	2.892884e-01	1.192329e+04	3.515398e+11	1.092896e+01	-1.393101e+08	5.000000e+03	0
4.422111e-01	5.107523e-01	2.988640e-01	1.188762e+04	3.467549e+11	1.104080e+01	-1.388920e+08	5.000000e+03	0
4.472362e-01	5.165563e-01	3.086518e-01	1.185142e+04	3.419317e+11	1.115189e+01	-1.384694e+08	5.000000e+03	0
4.522613e-01	5.223603e-01	3.186115e-01	1.181479e+04	3.370791e+11	1.126236e+01	-1.380431e+08	5.000000e+03	0
4.572864e-01	5.281643e-01	3.287811e-01	1.177765e+04	3.321907e+11	1.137207e+01	-1.376128e+08	5.000000e+03	0
4.623116e-01	5.339683e-01	3.391276e-01	1.174008e+04	3.272738e+11	1.148114e+01	-1.371775e+08	5.000000e+03	0
4.673367e-01	5.397723e-01	3.496818e-01	1.170199e+04	3.223233e+11	1.158945e+01	-1.367401e+08	5.000000e+03	0
4.723618e-01	5.455763e-01	3.604176e-01	1.166345e+04	3.173452e+11	1.169708e+01	-1.362979e+08	5.000000e+03	0
4.773869e-01	5.513803e-01	3.713583e-01	1.162440e+04	3.123359e+11	1.180394e+01	-1.358517e+08	5.000000e+03	0
4.824121e-01	5.571843e-01	3.824855e-01	1.158488e+04	3.073000e+11	1.191009e+01	-1.354016e+08	5.000000e+03	0
4.874372e-01	5.629883e-01	3.938146e-01	1.154486e+04	3.022351e+11	1.201547e+01	-1.349490e+08	5.000000e+03	0
4.924623e-01	5.687924e-01	4.053347e-01	1.150436e+04	2.971447e+11	1.212010e+01	-1.344899e+08	5.000000e+03	0
4.974874e-01	5.745964e-01	4.170535e-01	1.146335e+04	2.920277e+11	1.222396e+01	-1.340289e+08	5.000000e+03	0
5.025126e-01	5.804004e-01	4.289675e-01	1.142185e+04	2.868862e+11	1.232704e+01	-1.335630e+08	5.000000e+03	0
5.075377e-01	5.862044e-01	4.410767e-01	1.137984e+04	2.817204e+11	1.242934e+01	-1.330940e+08	5.000000e+03	0
5.125628e-01	5.920084e-01	4.533853e-01	1.133732e+04	2.765314e+11	1.253083e+01	-1.326213e+08	5.000000e+03	0
5.175879e-01	5.978124e-01	4.658854e-01	1.129431e+04	2.713202e+11	1.263153e+01	-1.321448e+08	5.000000e+03	0
5.226131e-01	6.036164e-01	4.785886e-01	1.125075e+04	2.660872e+11	1.273138e+01	-1.316649e+08	5.000000e+03	0
5.276382e-01	6.094204e-01	4.914793e-01	1.120671e+04	2.608342e+11	1.283045e+01	-1.311811e+08	5.000000e+03	0
5.326633e-01	6.152244e-01	5.045767e-01	1.116211e+04	2.555609e+11	1.292862e+01	-1.306937e+08	5.000000e+03	0
5.376884e-01	6.210284e-01	5.178574e-01	1.111702e+04	2.502697e+11	1.302601e+01	-1.302028e+08	5.000000e+03	0
5.427136e-01	6.268324e-01	5.313481e-01	1.107136e+04	2.449597e+11	1.312247e+01	-1.297083e+08	5.000000e+03	0
5.477387e-01	6.326364e-01	5.450175e-01	1.102521e+04	2.396339e+11	1.321814e+01	-1.292105e+08	5.000000e+03	0
5.527638e-01	6.384404e-01	5.588998e-01	1.097846e+04	2.342910e+11	1.331284e+01	-1.287089e+08	5.000000e+03	0
5.577889e-01	6.442444e-01	5.729562e-01	1.093122e+04	2.289343e+11	1.340675e+01	-1.282043e+08	5.000000e+03	0
5.628141e-01	6.500484e-01	5.872281e-01	1.088337e+04	2.235624e+11	1.349965e+01	-1.276961e+08	5.000000e+03	0
5.678392e-01	6.558524e-01	6.016691e-01	1.083503e+04	2.181786e+11	1.359175e+01	-1.271845e+08	5.000000e+03	0
5.728643e-01	6.616564e-01	6.163277e-01	1.078605e+04	2.127815e+11	1.368280e+01	-1.266696e+08	5.000000e+03	0
5.778894e-01	6.674604e-01	6.311504e-01	1.073658e+04	2.073743e+11	1.377306e+01	-1.261514e+08	5.000000e+03	0
5.829146e-01	6.732644e-01	6.461924e-01	1.068644e+04	2.019560e+11	1.386221e+01	-1.256300e+08	5.000000e+03	0
5.879397e-01	6.790684e-01	6.613931e-01	1.063582e+04	1.965295e+11	1.395057e+01	-1.251053e+08	5.000000e+03	0
5.929648e-01	6.848724e-01	6.768144e-01	1.058450e+04	1.910940e+11	1.403779e+01	-1.245774e+08	5.000000e+03	0
5.979899e-01	6.906764e-01	6.923890e-01	1.053270e+04	1.856521e+11	1.412421e+01	-1.240465e+08	5.000000e+03	0
6.030151e-01	6.964804e-01	7.081849e-01	1.048017e+04	1.802034e+11	1.420943e+01	-1.235123e+08	5.000000e+03	0
6.080402e-01	7.022844e-01	7.241283e-01	1.042715e+04	1.747501e+11	1.429386e+01	-1.229751e+08	5.000000e+03	0
6.130653e-01	7.080884e-01	7.402934e-01	1.037337e+04	1.692925e+11	1.437705e+01	-1.224349e+08	5.000000e+03	0
6.180905e-01	7.138924e-01	7.566000e-01	1.031911e+04	1.638320e+11	1.445944e+01	-1.218916e+08	5.000000e+03	0
6.231156e-01	7.196964e-01	7.731279e-01	1.026405e+04	1.583696e+11	1.454053e+01	-1.213454e+08	5.000000e+03	0
6.281407e-01	7.255004e-01	7.897914e-01	1.020851e+04	1.529060e+11	1.462083e+01	-1.207962e+08	5.000000e+03	0
6.331658e-01	7.313045e-01	8.066752e-01	1.015212e+04	1.474431e+11	1.469977e+01	-1.202442e+08	5.000000e+03	0
6.381910e-01	7.371085e-01	8.236883e-01	1.009525e+04	1.419808e+11	1.477793e+01	-1.196891e+08	5.000000e+03	0
6.432161e-01	7.429125e-01	8.409200e-01	1.003750e+04	1.365219e+11	1.485467e+01	-1.191316e+08	5.000000e+03	0
6.482412e-01	7.487165e-01	8.582747e-01	9.979261e+03	1.310650e+11	1.493063e+01	-1.185712e+08	5.000000e+03	0
6.532663e-01	7.545205e-01	8.758456e-01	9.920094e+03	1.256146e+11	1.500511e+01	-1.180080e+08	5.000000e+03	0
6.582915e-01	7.603245e-01	8.935329e-01	9.860430e+03	1.201677e+11	1.507880e+01	-1.174422e+08	5.000000e+03	0
6.633166e-01	7.661285e-01	9.061228e-01	8.362768e+03	1.163494e+11	1.506379e+01	-1.168738e+08	5.000000e+03	0
6.683417e-01	7.719325e-01	9.160867e-01	6.124318e+03	1.133702e+11	1.500309e+01	-1.163045e+08	5.000000e+03	0
6.733668e-01	7.777365e-01	9.261899e-01	5.368954e+03	1.104246e+11	1.494482e+01	-1.157366e+08	5.000000e+03	1
6.783920e-01	7.835405e-01	9.363617e-01	5.344065e+03	1.074956e+11	1.488775e+01	-1.151710e+08	5.000000e+03	1
6.834171e-01	7.893445e-01	9.466741e-01	5.319154e+03	1.045996e+11	1.483297e+01	-1.146076e+08	5.000000e+03	1
6.884422e-01	7.951485e-01	9.570527e-01	5.294234e+03	1.017191e+11	1.477928e+01	-1.140464e+08	5.000000e+03	1
6.934673e-01	8.009525e-01	9.675730e-01	5.269282e+03	9.887097e+10	1.472775e+01	-1.134873e+08	5.000000e+03	1
6.984925e-01	8.067565e-01	9.781570e-01	5.244315e+03	9.603737e+10	1.467719e+01	-1.129303e+08	5.000000e+03	1
7.035176e-01	8.125605e-01	9.888836e-01	5.219304e+03	9.323556e+10	1.462868e+01	-1.123752e+08	5.000000e+03	1
7.085427e-01	8.183645e-01	9.996713e-01	5.194276e+03	9.044738e+10	1.458104e+01	-1.118221e+08	5.000000e+03	1
7.135678e-01	8.241685e-01	1.010602e+00	5.169192e+03	8.769049e+10	1.453533e+01	-1.112709e+08	5.000000e+03	1
7.185930e-01	8.299725e-01	1.021592e+00	5.144086e+03	8.494639e+10	1.449041e+01	-1.107215e+08	5.000000e+03	1
7.236181e-01	8.357765e-01	1.032726e+00	5.118914e+03	8.223315e+10	1.444729e+01	-1.101739e+08	5.000000e+03	1
7.286432e-01	8.415805e-01	1.043916e+00	5.093715e+03	7.953192e+10	1.440488e+01	-1.096280e+08	5.000000e+03	1
7.336683e-01	8.473845e-01	1.055250e+00	5.068438e+03	7.686116e+10	1.436417e+01	-1.090838e+08	5.000000e+03	1
7.386935e-01	8.531885e-01	1.066637e+00	5.043132e+03	7.420168e+10	1.432410e+01	-1.085412e+08	5.000000e+03	1
7.437186e-01	8.589925e-01	1.078169e+00	5.017733e+03	7.157236e+10	1.428562e+01	-1.080003e+08	5.000000e+03	1
7.487437e-01	8.647965e-01	1.089752e+00	4.992303e+03	6.895363e+10	1.424770e+01	-1.074608e+08	5.000000e+03	1
7.537688e-01	8.706005e-01	1.101479e+00	4.966768e+03	6.636479e+10	1.421129e+01	-1.069230e+08	5.000000e+03	1
7.587940e-01	8.764045e-01	1.113254e+00	4.941198e+03	6.378591e+10	1.417537e+01	-1.063865e+08	5.000000e+03	1
7.638191e-01	8.822085e-01	1.125173e+00	4.915509e+03	6.123671e+10	1.414086e+01	-1.058515e+08	5.000000e+03	1
7.688442e-01	8.880125e-01	1.137138e+00	4.889783e+03	5.869688e+10	1.410679e+01	-1.053179e+08	5.000000e+03	1
7.738693e-01	8.938166e-01	1.149246e+00	4.863923e+03	5.618655e+10	1.407403e+01	-1.047856e+08	5.000000e+03	1
7.788945e-01	8.996206e-01	1.161398e+00	4.838024e+03	5.368505e+10	1.404166e+01	-1.042547e+08	5.000000e+03	1
7.839196e-01	9.054246e-01	1.173691e+00	4.811975e+03	5.121294e+10	1.401051e+01	-1.037251e+08	5.000000e+03	1
7.889447e-01	9.112286e-01	1.186025e+00	4.785885e+03	4.874912e+10	1.397971e+01	-1.031967e+08	5.000000e+03	1
7.939698e-01	9.170326e-01	1.198501e+00	4.759629e+03	4.631464e+10	1.395004e+01	-1.026696e+08	5.000000e+03	1
7.989950e-01	9.228366e-01	1.211014e+00	4.733329e+03	4.388796e+10	1.392068e+01	-1.021437e+08	5.000000e+03	1
8.040201e-01	9.286406e-01	1.223667e+00	4.706846e+03	4.149060e+10	1.389236e+01	-1.016190e+08	5.000000e+03	1
8.090452e-01	9.344446e-01	1.236355e+00	4.680317e+03	3.910058e+10	1.386431e+01	-1.010955e+08	5.000000e+03	1
8.140704e-01	9.402486e-01	1.249181e+00	4.653586e+03	3.673992e+10	1.383723e+01	-1.005731e+08	5.000000e+03	1
8.190955e-01	9.460526e-01	1.262039e+00	4.626807e+03	3.438615e+10	1.381037e+01	-1.000517e+08	5.000000e+03	1
8.241206e-01	9.518566e-01	1.275034e+00	4.599806e+03	3.206184e+10	1.378440e+01	-9.953152e+07	5.000000e+03	1
8.291457e-01	9.576606e-01	1.288058e+00	4.572756e+03	2.974399e+10	1.375862e+01	-9.901237e+07	5.000000e+03	1
8.341709e-01	9.634646e-01	1.301215e+00	4.545460e+03	2.745574e+10	1.373366e+01	-9.849427e+07	5.000000e+03	1
8.391960e-01	9.692686e-01	1.314399e+00	4.518115e+03	2.517355e+10	1.370886e+01	-9.797720e+07	5.000000e+03	1
8.442211e-01	9.750726e-01	1.327714e+00	4.490499e+03	2.292116e+10	1.368479e+01	-9.746114e+07	5.000000e+03	1
8.492462e-01	9.808766e-01	1.341054e+00	4.462833e+03	2.067444e+10	1.366087e+01	-9.694607e+07	5.000000e+03	1
8.542714e-01	9.866806e-01	1.347789e+00	3.331694e+03	1.956566e+10	1.357054e+01	-9.643229e+07	5.000000e+03	1
8.592965e-01	9.924846e-01	1.353360e+00	2.005826e+03	1.865770e+10	1.346850e+01	-9.592039e+07	5.000000e+03	1
8.643216e-01	9.982886e-01	1.358991e+00	1.811951e+03	1.776930e+10	1.336953e+01	-9.541244e+07	5.000000e+03	2
8.693467e-01	1.004093e+00	1.364633e+00	1.802354e+03	1.688408e+10	1.327105e+01	-9.490778e+07	5.000000e+03	2
8.743719e-01	1.009897e+00	1.370336e+00	1.792847e+03	1.601793e+10	1.317554e+01	-9.440712e+07	5.000000e+03	2
8.793970e-01	1.015701e+00	1.376048e+00	1.783354e+03	1.515463e+10	1.308047e+01	-9.391013e+07	5.000000e+03	2
8.844221e-01	1.021505e+00	1.381822e+00	1.773947e+03	1.430992e+10	1.298825e+01	-9.341677e+07	5.000000e+03	2
8.894472e-01	1.027309e+00	1.387605e+00	1.764551e+03	1.346774e+10	1.289643e+01	-9.292699e+07	5.000000e+03	2
8.944724e-01	1.033113e+00	1.393379e+00	1.734471e+03	1.265337e+10	1.280672e+01	-9.244064e+07	5.000000e+03	2
8.994975e-01	1.038917e+00	1.399153e+00	1.701834e+03	1.184244e+10	1.271728e+01	-9.195781e+07	5.000000e+03	2
9.045226e-01	1.044721e+00	1.404844e+00	1.669094e+03	1.106861e+10	1.262923e+01	-9.147836e+07	5.000000e+03	2
9.095477e-01	1.050525e+00	1.410526e+00	1.636343e+03	1.029890e+10	1.254134e+01	-9.100232e+07	5.000000e+03	2
9.145729e-01	1.056329e+00	1.416116e+00	1.603367e+03	9.565940e+09	1.245475e+01	-9.052965e+07	5.000000e+03	2
9.195980e-01	1.062133e+00	1.421696e+00	1.570370e+03	8.836610e+09	1.236828e+01	-9.006031e+07	5.000000e+03	2
9.246231e-01	1.067937e+00	1.427172e+00	1.536990e+03	8.143789e+09	1.228302e+01	-8.959431e+07	5.000000e+03	2
9.296482e-01	1.073741e+00	1.432640e+00	1.503577e+03	7.454143e+09	1.219786e+01	-8.913167e+07	5.000000e+03	2
9.346734e-01	1.079545e+00	1.437990e+00	1.469569e+03	6.800941e+09	1.211379e+01	-8.867210e+07	5.000000e+03	2
9.396985e-01	1.085349e+00	1.443332e+00	1.435516e+03	6.150481e+09	1.202981e+01	-8.821588e+07	5.000000e+03	2
9.447236e-01	1.091153e+00	1.448542e+00	1.400566e+03	5.536617e+09	1.194680e+01	-8.776287e+07	5.000000e+03	2
9.497487e-01	1.096957e+00	1.453744e+00	1.365559e+03	4.925089e+09	1.186385e+01	-8.731307e+07	5.000000e+03	2
9.547739e-01	1.102761e+00	1.458795e+00	1.329202e+03	4.350619e+09	1.178173e+01	-8.686642e+07	5.000000e+03	2
9.597990e-01	1.108565e+00	1.463837e+00	1.292773e+03	3.778099e+09	1.169966e+01	-8.642294e+07	5.000000e+03	2
9.648241e-01	1.114369e+00	1.468704e+00	1.254248e+03	3.243575e+09	1.161824e+01	-8.598261e+07	5.000000e+03	2
9.698492e-01	1.120173e+00	1.473564e+00	1.215636e+03	2.710633e+09	1.153686e+01	-8.554542e+07	5.000000e+03	2
9.748744e-01	1.125977e+00	1.478215e+00	1.173532e+03	2.217446e+09	1.145590e+01	-8.511136e+07	5.000000e+03	2
9.798995e-01	1.131781e+00	1.482859e+00	1.131320e+03	1.725488e+09	1.137496e+01	-8.468040e+07	5.000000e+03	2
9.849246e-01	1.137585e+00	1.487240e+00	1.082324e+03	1.276753e+09	1.129409e+01	-8.425254e+07	5.000000e+03	2
9.899497e-01	1.143389e+00	1.491616e+00	1.033189e+03	8.288989e+08	1.121323e+01	-8.382781e+07	5.000000e+03	2
9.949749e-01	1.149193e+00	1.495809e+00	1.016431e+03	4.142816e+08	1.113308e+01	-8.340620e+07	5.000000e+03	2
1.000000e+00	1.154997e+00	1.500000e+00	1.000000e+03	-5.960464e-07	1.105294e+01	-8.298764e+07	3.000000e+02	2
