#R=1.8637396862963413
#interptype='linear'
#name='planet'
#norm={'P': 1000000000000.0, 'R': 1.8637396862963413, 'M': 6.5, 'g': 18.394627754965381, 'rho': 1000.0}
#state=1
#composition
#layer0		Fe08FeS02		0.500000
#layer1		pv_fmw		0.500000
#layer2		ice_VII		0.200000
#Cols=
 #'ur		r		mr		rho		P		g		phi		T		composition'
#-end-
0.000000e+00	0.000000e+00	9.399652e-13	2.086666e+04	2.430100e+12	0.000000e+00	-4.684568e+08	5.000000e+03	0
5.025126e-03	9.365526e-03	1.181569e-05	2.086945e+04	2.431083e+12	-1.278387e-01	-4.684465e+08	5.000000e+03	0
1.005025e-02	1.873105e-02	2.708969e-05	2.087210e+04	2.432015e+12	-2.330733e-01	-4.684154e+08	5.000000e+03	0
1.507538e-02	2.809658e-02	1.094551e-04	2.087192e+04	2.431951e+12	1.002118e-01	-4.683632e+08	5.000000e+03	0
2.010050e-02	3.746210e-02	2.056173e-04	2.087150e+04	2.431804e+12	4.351096e-01	-4.682920e+08	5.000000e+03	0
2.512563e-02	4.682763e-02	4.287091e-04	2.086891e+04	2.430891e+12	7.848452e-01	-4.681975e+08	5.000000e+03	0
3.015075e-02	5.619316e-02	6.827980e-04	2.086596e+04	2.429855e+12	1.134711e+00	-4.680833e+08	5.000000e+03	0
3.517588e-02	6.555868e-02	1.116670e-03	2.086097e+04	2.428098e+12	1.485331e+00	-4.679484e+08	5.000000e+03	0
4.020101e-02	7.492421e-02	1.605566e-03	2.085551e+04	2.426177e+12	1.835911e+00	-4.677928e+08	5.000000e+03	0
4.522613e-02	8.428973e-02	2.320057e-03	2.084811e+04	2.423578e+12	2.186329e+00	-4.676165e+08	5.000000e+03	0
5.025126e-02	9.365526e-02	3.120367e-03	2.084014e+04	2.420774e+12	2.536626e+00	-4.674196e+08	5.000000e+03	0
5.527638e-02	1.030208e-01	4.185003e-03	2.083035e+04	2.417337e+12	2.886555e+00	-4.672017e+08	5.000000e+03	0
6.030151e-02	1.123863e-01	5.372952e-03	2.081985e+04	2.413654e+12	3.236289e+00	-4.669661e+08	5.000000e+03	0
6.532663e-02	1.217518e-01	6.856854e-03	2.080767e+04	2.409382e+12	3.585556e+00	-4.667043e+08	5.000000e+03	0
7.035176e-02	1.311174e-01	8.508168e-03	2.079466e+04	2.404825e+12	3.934545e+00	-4.664246e+08	5.000000e+03	0
7.537688e-02	1.404829e-01	1.047996e-02	2.078008e+04	2.399722e+12	4.283000e+00	-4.661241e+08	5.000000e+03	0
8.040201e-02	1.498484e-01	1.266975e-02	2.076455e+04	2.394296e+12	4.631082e+00	-4.658034e+08	5.000000e+03	0
8.542714e-02	1.592139e-01	1.519746e-02	2.074758e+04	2.388368e+12	4.978584e+00	-4.654622e+08	5.000000e+03	0
9.045226e-02	1.685795e-01	1.800013e-02	2.072954e+04	2.382079e+12	5.325604e+00	-4.651001e+08	5.000000e+03	0
9.547739e-02	1.779450e-01	2.115109e-02	2.071017e+04	2.375333e+12	5.672012e+00	-4.647179e+08	5.000000e+03	0
1.005025e-01	1.873105e-01	2.464019e-02	2.068963e+04	2.368189e+12	6.017815e+00	-4.643145e+08	5.000000e+03	0
1.055276e-01	1.966760e-01	2.848097e-02	2.066786e+04	2.360632e+12	6.362989e+00	-4.638912e+08	5.000000e+03	0
1.105528e-01	2.060416e-01	3.272912e-02	2.064481e+04	2.352642e+12	6.707423e+00	-4.634476e+08	5.000000e+03	0
1.155779e-01	2.154071e-01	3.732539e-02	2.062066e+04	2.344282e+12	7.051225e+00	-4.629842e+08	5.000000e+03	0
1.206030e-01	2.247726e-01	4.240414e-02	2.059510e+04	2.335455e+12	7.394136e+00	-4.625007e+08	5.000000e+03	0
1.256281e-01	2.341382e-01	4.782062e-02	2.056855e+04	2.326301e+12	7.736425e+00	-4.619948e+08	5.000000e+03	0
1.306533e-01	2.435037e-01	5.380034e-02	2.054049e+04	2.316647e+12	8.077662e+00	-4.614703e+08	5.000000e+03	0
1.356784e-01	2.528692e-01	6.010068e-02	2.051156e+04	2.306709e+12	8.418299e+00	-4.609255e+08	5.000000e+03	0
1.407035e-01	2.622347e-01	6.705048e-02	2.048099e+04	2.296240e+12	8.757708e+00	-4.603606e+08	5.000000e+03	0
1.457286e-01	2.716003e-01	7.429718e-02	2.044967e+04	2.285529e+12	9.096556e+00	-4.597755e+08	5.000000e+03	0
1.507538e-01	2.809658e-01	8.228475e-02	2.041660e+04	2.274258e+12	9.433984e+00	-4.591707e+08	5.000000e+03	0
1.557789e-01	2.903313e-01	9.053904e-02	2.038290e+04	2.262785e+12	9.770902e+00	-4.585456e+08	5.000000e+03	0
1.608040e-01	2.996968e-01	9.963058e-02	2.034733e+04	2.250724e+12	1.010620e+01	-4.579011e+08	5.000000e+03	0
1.658291e-01	3.090624e-01	1.089524e-01	2.031124e+04	2.238502e+12	1.044105e+01	-4.572367e+08	5.000000e+03	0
1.708543e-01	3.184279e-01	1.192125e-01	2.027317e+04	2.225666e+12	1.077406e+01	-4.565524e+08	5.000000e+03	0
1.758794e-01	3.277934e-01	1.296602e-01	2.023470e+04	2.212708e+12	1.110670e+01	-4.558486e+08	5.000000e+03	0
1.809045e-01	3.371589e-01	1.411517e-01	2.019414e+04	2.199113e+12	1.143728e+01	-4.551250e+08	5.000000e+03	0
1.859296e-01	3.465245e-01	1.527823e-01	2.015329e+04	2.185433e+12	1.176757e+01	-4.543841e+08	5.000000e+03	0
1.909548e-01	3.558900e-01	1.655662e-01	2.011023e+04	2.171094e+12	1.209556e+01	-4.536209e+08	5.000000e+03	0
1.959799e-01	3.652555e-01	1.784351e-01	2.006701e+04	2.156707e+12	1.242337e+01	-4.528381e+08	5.000000e+03	0
2.010050e-01	3.746210e-01	1.925704e-01	2.002145e+04	2.141642e+12	1.274861e+01	-4.520368e+08	5.000000e+03	0
2.060302e-01	3.839866e-01	2.067706e-01	1.997578e+04	2.126543e+12	1.307372e+01	-4.512169e+08	5.000000e+03	0
2.110553e-01	3.933521e-01	2.222748e-01	1.992781e+04	2.110790e+12	1.339616e+01	-4.503775e+08	5.000000e+03	0
2.160804e-01	4.027176e-01	2.378883e-01	1.987964e+04	2.094984e+12	1.371836e+01	-4.495191e+08	5.000000e+03	0
2.211055e-01	4.120831e-01	2.547861e-01	1.982929e+04	2.078572e+12	1.403789e+01	-4.486419e+08	5.000000e+03	0
2.261307e-01	4.214487e-01	2.718675e-01	1.977864e+04	2.062079e+12	1.435703e+01	-4.477457e+08	5.000000e+03	0
2.311558e-01	4.308142e-01	2.902066e-01	1.972591e+04	2.045027e+12	1.467353e+01	-4.468307e+08	5.000000e+03	0
2.361809e-01	4.401797e-01	3.088081e-01	1.967277e+04	2.027865e+12	1.498946e+01	-4.458972e+08	5.000000e+03	0
2.412060e-01	4.495453e-01	3.286343e-01	1.961767e+04	2.010191e+12	1.530278e+01	-4.449451e+08	5.000000e+03	0
2.462312e-01	4.589108e-01	3.488058e-01	1.956204e+04	1.992382e+12	1.561535e+01	-4.439749e+08	5.000000e+03	0
2.512563e-01	4.682763e-01	3.701628e-01	1.950457e+04	1.974106e+12	1.592536e+01	-4.429855e+08	5.000000e+03	0
2.562814e-01	4.776418e-01	3.919514e-01	1.944644e+04	1.955670e+12	1.623441e+01	-4.419782e+08	5.000000e+03	0
2.613065e-01	4.870074e-01	4.148806e-01	1.938660e+04	1.936812e+12	1.654096e+01	-4.409529e+08	5.000000e+03	0
2.663317e-01	4.963729e-01	4.383310e-01	1.932599e+04	1.917772e+12	1.684635e+01	-4.399079e+08	5.000000e+03	0
2.713568e-01	5.057384e-01	4.628713e-01	1.926377e+04	1.898352e+12	1.714932e+01	-4.388477e+08	5.000000e+03	0
2.763819e-01	5.151039e-01	4.880253e-01	1.920066e+04	1.878730e+12	1.745089e+01	-4.377688e+08	5.000000e+03	0
2.814070e-01	5.244695e-01	5.142132e-01	1.913607e+04	1.858770e+12	1.775012e+01	-4.366717e+08	5.000000e+03	0
2.864322e-01	5.338350e-01	5.411100e-01	1.907047e+04	1.838591e+12	1.804772e+01	-4.355576e+08	5.000000e+03	0
2.914573e-01	5.432005e-01	5.689794e-01	1.900350e+04	1.818112e+12	1.834309e+01	-4.344256e+08	5.000000e+03	0
2.964824e-01	5.525660e-01	5.976549e-01	1.893541e+04	1.797399e+12	1.863656e+01	-4.332763e+08	5.000000e+03	0
3.015075e-01	5.619316e-01	6.272371e-01	1.886606e+04	1.776424e+12	1.892792e+01	-4.321099e+08	5.000000e+03	0
3.065327e-01	5.712971e-01	6.577242e-01	1.879547e+04	1.755203e+12	1.921712e+01	-4.309261e+08	5.000000e+03	0
3.115578e-01	5.806626e-01	6.890478e-01	1.872373e+04	1.733755e+12	1.950434e+01	-4.297254e+08	5.000000e+03	0
3.165829e-01	5.900281e-01	7.213762e-01	1.865064e+04	1.712052e+12	1.978911e+01	-4.285078e+08	5.000000e+03	0
3.216080e-01	5.993937e-01	7.544668e-01	1.857652e+04	1.690154e+12	2.007204e+01	-4.272738e+08	5.000000e+03	0
3.266332e-01	6.087592e-01	7.886629e-01	1.850091e+04	1.667995e+12	2.035223e+01	-4.260228e+08	5.000000e+03	0
3.316583e-01	6.181247e-01	8.235433e-01	1.842440e+04	1.645672e+12	2.063073e+01	-4.247554e+08	5.000000e+03	0
3.366834e-01	6.274902e-01	8.596299e-01	1.834628e+04	1.623083e+12	2.090619e+01	-4.234720e+08	5.000000e+03	0
3.417085e-01	6.368558e-01	8.963197e-01	1.826737e+04	1.600361e+12	2.118012e+01	-4.221723e+08	5.000000e+03	0
3.467337e-01	6.462213e-01	9.343162e-01	1.818673e+04	1.577371e+12	2.145069e+01	-4.208561e+08	5.000000e+03	0
3.517588e-01	6.555868e-01	9.728319e-01	1.810541e+04	1.554273e+12	2.171992e+01	-4.195248e+08	5.000000e+03	0
3.567839e-01	6.649524e-01	1.012754e+00	1.802224e+04	1.530909e+12	2.198544e+01	-4.181773e+08	5.000000e+03	0
3.618090e-01	6.743179e-01	1.053109e+00	1.793850e+04	1.507463e+12	2.224982e+01	-4.168142e+08	5.000000e+03	0
3.668342e-01	6.836834e-01	1.094968e+00	1.785279e+04	1.483754e+12	2.251014e+01	-4.154360e+08	5.000000e+03	0
3.718593e-01	6.930489e-01	1.137172e+00	1.776663e+04	1.459986e+12	2.276953e+01	-4.140423e+08	5.000000e+03	0
3.768844e-01	7.024145e-01	1.180976e+00	1.767836e+04	1.435961e+12	2.302450e+01	-4.126337e+08	5.000000e+03	0
3.819095e-01	7.117800e-01	1.225035e+00	1.758976e+04	1.411897e+12	2.327875e+01	-4.112091e+08	5.000000e+03	0
3.869347e-01	7.211455e-01	1.270788e+00	1.749892e+04	1.387587e+12	2.352820e+01	-4.097709e+08	5.000000e+03	0
3.919598e-01	7.305110e-01	1.316706e+00	1.740786e+04	1.363254e+12	2.377717e+01	-4.083177e+08	5.000000e+03	0
3.969849e-01	7.398766e-01	1.364407e+00	1.731443e+04	1.338689e+12	2.402094e+01	-4.068497e+08	5.000000e+03	0
4.020101e-01	7.492421e-01	1.412199e+00	1.722088e+04	1.314112e+12	2.426444e+01	-4.053679e+08	5.000000e+03	0
4.070352e-01	7.586076e-01	1.461826e+00	1.712487e+04	1.289325e+12	2.450243e+01	-4.038718e+08	5.000000e+03	0
4.120603e-01	7.679731e-01	1.511560e+00	1.702871e+04	1.264527e+12	2.474007e+01	-4.023608e+08	5.000000e+03	0
4.170854e-01	7.773387e-01	1.563030e+00	1.693018e+04	1.239555e+12	2.497234e+01	-4.008375e+08	5.000000e+03	0
4.221106e-01	7.867042e-01	1.614697e+00	1.683138e+04	1.214566e+12	2.520397e+01	-3.992997e+08	5.000000e+03	0
4.271357e-01	7.960697e-01	1.667998e+00	1.673033e+04	1.189439e+12	2.543036e+01	-3.977489e+08	5.000000e+03	0
4.321608e-01	8.054352e-01	1.721582e+00	1.662887e+04	1.164292e+12	2.565581e+01	-3.961879e+08	5.000000e+03	0
4.371859e-01	8.148008e-01	1.776696e+00	1.652525e+04	1.139038e+12	2.587618e+01	-3.946073e+08	5.000000e+03	0
4.422111e-01	8.241663e-01	1.832178e+00	1.642109e+04	1.113764e+12	2.609528e+01	-3.930171e+08	5.000000e+03	0
4.472362e-01	8.335318e-01	1.889083e+00	1.631487e+04	1.088414e+12	2.630947e+01	-3.914141e+08	5.000000e+03	0
4.522613e-01	8.428973e-01	1.946438e+00	1.620799e+04	1.063046e+12	2.652205e+01	-3.897985e+08	5.000000e+03	0
4.572864e-01	8.522629e-01	2.005109e+00	1.609914e+04	1.037629e+12	2.672991e+01	-3.881709e+08	5.000000e+03	0
4.623116e-01	8.616284e-01	2.064306e+00	1.598948e+04	1.012200e+12	2.693579e+01	-3.865309e+08	5.000000e+03	0
4.673367e-01	8.709939e-01	2.124711e+00	1.587797e+04	9.867459e+11	2.713715e+01	-3.848784e+08	5.000000e+03	0
4.723618e-01	8.803594e-01	2.185715e+00	1.576549e+04	9.612897e+11	2.733616e+01	-3.832162e+08	5.000000e+03	0
4.773869e-01	8.897250e-01	2.247818e+00	1.565125e+04	9.358295e+11	2.753086e+01	-3.815406e+08	5.000000e+03	0
4.824121e-01	8.990905e-01	2.310587e+00	1.553590e+04	9.103793e+11	2.772281e+01	-3.798543e+08	5.000000e+03	0
4.874372e-01	9.084560e-01	2.374348e+00	1.541889e+04	8.849440e+11	2.791068e+01	-3.781569e+08	5.000000e+03	0
4.924623e-01	9.178216e-01	2.438834e+00	1.530061e+04	8.595340e+11	2.809539e+01	-3.764487e+08	5.000000e+03	0
4.974874e-01	9.271871e-01	2.504205e+00	1.518077e+04	8.341547e+11	2.827626e+01	-3.747295e+08	5.000000e+03	0
5.025126e-01	9.365526e-01	2.570355e+00	1.505948e+04	8.088192e+11	2.845354e+01	-3.730008e+08	5.000000e+03	0
5.075377e-01	9.459181e-01	2.637285e+00	1.493674e+04	7.835274e+11	2.862722e+01	-3.712603e+08	5.000000e+03	0
5.125628e-01	9.552837e-01	2.705038e+00	1.481237e+04	7.583012e+11	2.879687e+01	-3.695105e+08	5.000000e+03	0
5.175879e-01	9.646492e-01	2.773468e+00	1.468665e+04	7.331288e+11	2.896319e+01	-3.677515e+08	5.000000e+03	0
5.226131e-01	9.740147e-01	2.842756e+00	1.455910e+04	7.080470e+11	2.912499e+01	-3.659817e+08	5.000000e+03	0
5.276382e-01	9.833802e-01	2.912622e+00	1.443032e+04	6.830261e+11	2.928376e+01	-3.642038e+08	5.000000e+03	0
5.326633e-01	9.927458e-01	2.983372e+00	1.429949e+04	6.581242e+11	2.943751e+01	-3.624163e+08	5.000000e+03	0
5.376884e-01	1.002111e+00	3.054603e+00	1.416754e+04	6.332873e+11	2.958852e+01	-3.606209e+08	5.000000e+03	0
5.427136e-01	1.011477e+00	3.126730e+00	1.403330e+04	6.086013e+11	2.973400e+01	-3.588153e+08	5.000000e+03	0
5.477387e-01	1.020842e+00	3.199248e+00	1.389807e+04	5.839811e+11	2.987705e+01	-3.570022e+08	5.000000e+03	0
5.527638e-01	1.030208e+00	3.249808e+00	1.160783e+04	5.671986e+11	2.980691e+01	-3.551812e+08	5.000000e+03	0
5.577889e-01	1.039573e+00	3.292857e+00	8.580346e+03	5.530973e+11	2.966383e+01	-3.533589e+08	5.000000e+03	0
5.628141e-01	1.048939e+00	3.336598e+00	7.908465e+03	5.392633e+11	2.952746e+01	-3.515431e+08	5.000000e+03	1
5.678392e-01	1.058304e+00	3.380520e+00	7.847296e+03	5.254985e+11	2.939282e+01	-3.497360e+08	5.000000e+03	1
5.728643e-01	1.067670e+00	3.425161e+00	7.786212e+03	5.120078e+11	2.926466e+01	-3.479375e+08	5.000000e+03	1
5.778894e-01	1.077035e+00	3.469937e+00	7.725143e+03	4.985680e+11	2.913770e+01	-3.461472e+08	5.000000e+03	1
5.829146e-01	1.086401e+00	3.515457e+00	7.664124e+03	4.854091e+11	2.901697e+01	-3.443649e+08	5.000000e+03	1
5.879397e-01	1.095767e+00	3.561067e+00	7.603110e+03	4.722841e+11	2.889700e+01	-3.425904e+08	5.000000e+03	1
5.929648e-01	1.105132e+00	3.607443e+00	7.542104e+03	4.594465e+11	2.878299e+01	-3.408257e+08	5.000000e+03	1
5.979899e-01	1.114498e+00	3.653866e+00	7.481099e+03	4.466269e+11	2.866935e+01	-3.390642e+08	5.000000e+03	1
6.030151e-01	1.123863e+00	3.701071e+00	7.420058e+03	4.341015e+11	2.856140e+01	-3.373116e+08	5.000000e+03	1
6.080402e-01	1.133229e+00	3.748314e+00	7.359014e+03	4.215904e+11	2.845371e+01	-3.355664e+08	5.000000e+03	1
6.130653e-01	1.142594e+00	3.796292e+00	7.297892e+03	4.093576e+11	2.835100e+01	-3.338279e+08	5.000000e+03	1
6.180905e-01	1.151960e+00	3.844335e+00	7.236760e+03	3.971498e+11	2.824870e+01	-3.320961e+08	5.000000e+03	1
6.231156e-01	1.161325e+00	3.893051e+00	7.175512e+03	3.852000e+11	2.815067e+01	-3.303708e+08	5.000000e+03	1
6.281407e-01	1.170691e+00	3.941864e+00	7.114242e+03	3.732883e+11	2.805320e+01	-3.286519e+08	5.000000e+03	1
6.331658e-01	1.180056e+00	3.991288e+00	7.052823e+03	3.616157e+11	2.795935e+01	-3.269392e+08	5.000000e+03	1
6.381910e-01	1.189422e+00	4.040839e+00	6.991364e+03	3.499937e+11	2.786620e+01	-3.252325e+08	5.000000e+03	1
6.432161e-01	1.198787e+00	4.090942e+00	6.929729e+03	3.385931e+11	2.777609e+01	-3.235320e+08	5.000000e+03	1
6.482412e-01	1.208153e+00	4.141196e+00	6.868031e+03	3.272553e+11	2.768676e+01	-3.218373e+08	5.000000e+03	1
6.532663e-01	1.217518e+00	4.191944e+00	6.806130e+03	3.161221e+11	2.759997e+01	-3.201484e+08	5.000000e+03	1
6.582915e-01	1.226884e+00	4.242865e+00	6.744139e+03	3.050637e+11	2.751400e+01	-3.184649e+08	5.000000e+03	1
6.633166e-01	1.236249e+00	4.294222e+00	6.681924e+03	2.941939e+11	2.743013e+01	-3.167870e+08	5.000000e+03	1
6.683417e-01	1.245615e+00	4.345770e+00	6.619585e+03	2.834108e+11	2.734710e+01	-3.151147e+08	5.000000e+03	1
6.733668e-01	1.254980e+00	4.397700e+00	6.557003e+03	2.728011e+11	2.726577e+01	-3.134477e+08	5.000000e+03	1
6.783920e-01	1.264346e+00	4.449833e+00	6.494259e+03	2.622897e+11	2.718528e+01	-3.117859e+08	5.000000e+03	1
6.834171e-01	1.273712e+00	4.502294e+00	6.431254e+03	2.519372e+11	2.710614e+01	-3.101294e+08	5.000000e+03	1
6.884422e-01	1.283077e+00	4.554966e+00	6.368042e+03	2.416947e+11	2.702780e+01	-3.084775e+08	5.000000e+03	1
6.934673e-01	1.292443e+00	4.607916e+00	6.304556e+03	2.315971e+11	2.695051e+01	-3.068316e+08	5.000000e+03	1
6.984925e-01	1.301808e+00	4.661079e+00	6.240809e+03	2.216210e+11	2.687396e+01	-3.051903e+08	5.000000e+03	1
7.035176e-01	1.311174e+00	4.714472e+00	6.176778e+03	2.117765e+11	2.679820e+01	-3.035540e+08	5.000000e+03	1
7.085427e-01	1.320539e+00	4.768074e+00	6.112423e+03	2.020651e+11	2.672310e+01	-3.019224e+08	5.000000e+03	1
7.135678e-01	1.329905e+00	4.821861e+00	6.047779e+03	1.924722e+11	2.664857e+01	-3.002960e+08	5.000000e+03	1
7.185930e-01	1.339270e+00	4.875846e+00	5.982735e+03	1.830244e+11	2.657457e+01	-2.986742e+08	5.000000e+03	1
7.236181e-01	1.348636e+00	4.929976e+00	5.917401e+03	1.736822e+11	2.650097e+01	-2.970573e+08	5.000000e+03	1
7.286432e-01	1.358001e+00	4.984284e+00	5.851580e+03	1.644971e+11	2.642777e+01	-2.954452e+08	5.000000e+03	1
7.336683e-01	1.367367e+00	5.038699e+00	5.785471e+03	1.554053e+11	2.635481e+01	-2.938377e+08	5.000000e+03	1
7.386935e-01	1.376732e+00	5.093267e+00	5.718773e+03	1.464827e+11	2.628209e+01	-2.922350e+08	5.000000e+03	1
7.437186e-01	1.386098e+00	5.147908e+00	5.651794e+03	1.376411e+11	2.620949e+01	-2.906371e+08	5.000000e+03	1
7.487437e-01	1.395463e+00	5.180511e+00	4.451305e+03	1.324702e+11	2.602694e+01	-2.890442e+08	5.000000e+03	1
7.537688e-01	1.404829e+00	5.204777e+00	2.821920e+03	1.286882e+11	2.580279e+01	-2.874593e+08	5.000000e+03	1
7.587940e-01	1.414194e+00	5.229373e+00	2.446276e+03	1.249789e+11	2.558571e+01	-2.858866e+08	5.000000e+03	2
7.638191e-01	1.423560e+00	5.254066e+00	2.435645e+03	1.212908e+11	2.537068e+01	-2.843274e+08	5.000000e+03	2
7.688442e-01	1.432925e+00	5.279111e+00	2.425158e+03	1.176768e+11	2.516279e+01	-2.827814e+08	5.000000e+03	2
7.738693e-01	1.442291e+00	5.304232e+00	2.414701e+03	1.140786e+11	2.495642e+01	-2.812483e+08	5.000000e+03	2
7.788945e-01	1.451657e+00	5.329727e+00	2.404391e+03	1.105555e+11	2.475723e+01	-2.797277e+08	5.000000e+03	2
7.839196e-01	1.461022e+00	5.355277e+00	2.394102e+03	1.070434e+11	2.455908e+01	-2.782195e+08	5.000000e+03	2
7.889447e-01	1.470388e+00	5.381223e+00	2.383960e+03	1.036073e+11	2.436813e+01	-2.767236e+08	5.000000e+03	2
7.939698e-01	1.479753e+00	5.407202e+00	2.373830e+03	1.001776e+11	2.417779e+01	-2.752393e+08	5.000000e+03	2
7.989950e-01	1.489119e+00	5.433599e+00	2.363849e+03	9.682467e+10	2.399465e+01	-2.737668e+08	5.000000e+03	2
8.040201e-01	1.498484e+00	5.460017e+00	2.353875e+03	9.347556e+10	2.381187e+01	-2.723057e+08	5.000000e+03	2
8.090452e-01	1.507850e+00	5.486858e+00	2.344045e+03	9.020081e+10	2.363601e+01	-2.708557e+08	5.000000e+03	2
8.140704e-01	1.517215e+00	5.513728e+00	2.334224e+03	8.693107e+10	2.346060e+01	-2.694167e+08	5.000000e+03	2
8.190955e-01	1.526581e+00	5.541000e+00	2.324533e+03	8.372916e+10	2.329145e+01	-2.679884e+08	5.000000e+03	2
8.241206e-01	1.535946e+00	5.568322e+00	2.314859e+03	8.053547e+10	2.312305e+01	-2.665707e+08	5.000000e+03	2
8.291457e-01	1.545312e+00	5.596026e+00	2.305302e+03	7.740353e+10	2.296028e+01	-2.651633e+08	5.000000e+03	2
8.341709e-01	1.554677e+00	5.623801e+00	2.295766e+03	7.428280e+10	2.279853e+01	-2.637659e+08	5.000000e+03	2
8.391960e-01	1.564043e+00	5.651937e+00	2.286338e+03	7.121812e+10	2.264185e+01	-2.623786e+08	5.000000e+03	2
8.442211e-01	1.573408e+00	5.680123e+00	2.273562e+03	6.817176e+10	2.248626e+01	-2.610010e+08	5.000000e+03	2
8.492462e-01	1.582774e+00	5.708497e+00	2.248613e+03	6.519201e+10	2.233462e+01	-2.596328e+08	5.000000e+03	2
8.542714e-01	1.592139e+00	5.736881e+00	2.223742e+03	6.223926e+10	2.218406e+01	-2.582742e+08	5.000000e+03	2
8.592965e-01	1.601505e+00	5.765292e+00	2.199091e+03	5.936150e+10	2.203648e+01	-2.569248e+08	5.000000e+03	2
8.643216e-01	1.610870e+00	5.793710e+00	2.174527e+03	5.651467e+10	2.189011e+01	-2.555846e+08	5.000000e+03	2
8.693467e-01	1.620236e+00	5.822144e+00	2.150153e+03	5.373552e+10	2.174638e+01	-2.542535e+08	5.000000e+03	2
8.743719e-01	1.629602e+00	5.850581e+00	2.125870e+03	5.099099e+10	2.160397e+01	-2.529318e+08	5.000000e+03	2
8.793970e-01	1.638967e+00	5.879023e+00	2.101751e+03	4.830727e+10	2.146390e+01	-2.516178e+08	5.000000e+03	2
8.844221e-01	1.648333e+00	5.907464e+00	2.077726e+03	4.566161e+10	2.132524e+01	-2.503131e+08	5.000000e+03	2
8.894472e-01	1.657698e+00	5.935900e+00	2.053839e+03	4.307034e+10	2.118863e+01	-2.490170e+08	5.000000e+03	2
8.944724e-01	1.667064e+00	5.964327e+00	2.030049e+03	4.052036e+10	2.105352e+01	-2.477292e+08	5.000000e+03	2
8.994975e-01	1.676429e+00	5.992742e+00	2.006371e+03	3.801872e+10	2.092019e+01	-2.464500e+08	5.000000e+03	2
9.045226e-01	1.685795e+00	6.021139e+00	1.982789e+03	3.556142e+10	2.078845e+01	-2.451789e+08	5.000000e+03	2
9.095477e-01	1.695160e+00	6.049516e+00	1.959299e+03	3.314676e+10	2.065823e+01	-2.439160e+08	5.000000e+03	2
9.145729e-01	1.704526e+00	6.077863e+00	1.935899e+03	3.077932e+10	2.052966e+01	-2.426612e+08	5.000000e+03	2
9.195980e-01	1.713891e+00	6.106186e+00	1.912571e+03	2.844917e+10	2.040239e+01	-2.414144e+08	5.000000e+03	2
9.246231e-01	1.723257e+00	6.134465e+00	1.889327e+03	2.616896e+10	2.027682e+01	-2.401754e+08	5.000000e+03	2
9.296482e-01	1.732622e+00	6.162715e+00	1.866136e+03	2.392098e+10	2.015234e+01	-2.389442e+08	5.000000e+03	2
9.346734e-01	1.741988e+00	6.190906e+00	1.843017e+03	2.172555e+10	2.002960e+01	-2.377206e+08	5.000000e+03	2
9.396985e-01	1.751353e+00	6.219065e+00	1.819936e+03	1.955757e+10	1.990776e+01	-2.365151e+08	5.000000e+03	2
9.447236e-01	1.760719e+00	6.247145e+00	1.796913e+03	1.744463e+10	1.978769e+01	-2.352965e+08	5.000000e+03	2
9.497487e-01	1.770084e+00	6.275193e+00	1.773913e+03	1.535462e+10	1.966835e+01	-2.340957e+08	5.000000e+03	2
9.547739e-01	1.779450e+00	6.302457e+00	1.706911e+03	1.337127e+10	1.954869e+01	-2.329022e+08	5.000000e+03	2
9.597990e-01	1.788815e+00	6.329466e+00	1.625622e+03	1.142254e+10	1.942892e+01	-2.317161e+08	5.000000e+03	2
9.648241e-01	1.798181e+00	6.354799e+00	1.541262e+03	9.641091e+09	1.930637e+01	-2.305374e+08	5.000000e+03	2
9.698492e-01	1.807547e+00	6.379723e+00	1.456152e+03	7.900435e+09	1.918314e+01	-2.293667e+08	5.000000e+03	2
9.748744e-01	1.816912e+00	6.402624e+00	1.364004e+03	6.344521e+09	1.905646e+01	-2.282036e+08	5.000000e+03	2
9.798995e-01	1.826278e+00	6.425177e+00	1.270643e+03	4.820460e+09	1.892920e+01	-2.270483e+08	5.000000e+03	2
9.849246e-01	1.835643e+00	6.445073e+00	1.155462e+03	3.514886e+09	1.879708e+01	-2.259012e+08	5.000000e+03	2
9.899497e-01	1.845009e+00	6.464681e+00	1.037910e+03	2.233060e+09	1.866443e+01	-2.247621e+08	5.000000e+03	2
9.949749e-01	1.854374e+00	6.482390e+00	1.016478e+03	1.112377e+09	1.852959e+01	-2.236315e+08	5.000000e+03	2
1.000000e+00	1.863740e+00	6.500000e+00	1.000000e+03	0.000000e+00	1.839463e+01	-2.225091e+08	3.000000e+02	2
