#R=1.3626427835940376
#interptype='linear'
#name='planet'
#norm={'P': 1000000000000.0, 'R': 1.3626427835940376, 'M': 1.5, 'g': 7.9410032016933325, 'rho': 1000.0}
#state=1
#composition
#layer0		Fe08FeS02		0.200000
#layer1		pv_fmw		0.800000
#layer2		ice_VII		0.300000
#Cols=
 #'ur		r		mr		rho		P		g		phi		T		composition'
#-end-
0.000000e+00	0.000000e+00	6.830235e-12	1.241080e+04	3.945417e+11	0.000000e+00	-1.421716e+08	5.000000e+03	0
5.025126e-03	6.847451e-03	2.915438e-06	1.241202e+04	3.947199e+11	-4.330985e-02	-1.421679e+08	5.000000e+03	0
1.005025e-02	1.369490e-02	5.830870e-06	1.241324e+04	3.948980e+11	-8.661970e-02	-1.421584e+08	5.000000e+03	0
1.507538e-02	2.054235e-02	2.597512e-05	1.241308e+04	3.948743e+11	5.646989e-02	-1.421419e+08	5.000000e+03	0
2.010050e-02	2.738980e-02	4.629518e-05	1.241290e+04	3.948485e+11	2.014615e-01	-1.421189e+08	5.000000e+03	0
2.512563e-02	3.423726e-02	1.006294e-04	1.241161e+04	3.946608e+11	3.534409e-01	-1.420891e+08	5.000000e+03	0
3.015075e-02	4.108471e-02	1.556649e-04	1.241030e+04	3.944698e+11	5.055644e-01	-1.420528e+08	5.000000e+03	0
3.517588e-02	4.793216e-02	2.611254e-04	1.240788e+04	3.941192e+11	6.580743e-01	-1.420100e+08	5.000000e+03	0
4.020101e-02	5.477961e-02	3.681618e-04	1.240544e+04	3.937638e+11	8.105963e-01	-1.419605e+08	5.000000e+03	0
4.522613e-02	6.162706e-02	5.416422e-04	1.240191e+04	3.932508e+11	9.630596e-01	-1.419044e+08	5.000000e+03	0
5.025126e-02	6.847451e-02	7.179203e-04	1.239833e+04	3.927313e+11	1.115520e+00	-1.418418e+08	5.000000e+03	0
5.527638e-02	7.532196e-02	9.762531e-04	1.239367e+04	3.920564e+11	1.267816e+00	-1.417726e+08	5.000000e+03	0
6.030151e-02	8.216941e-02	1.238950e-03	1.238896e+04	3.913732e+11	1.420103e+00	-1.416967e+08	5.000000e+03	0
6.532663e-02	8.901687e-02	1.598888e-03	1.238319e+04	3.905370e+11	1.572167e+00	-1.416143e+08	5.000000e+03	0
7.035176e-02	9.586432e-02	1.965100e-03	1.237734e+04	3.896909e+11	1.724216e+00	-1.415254e+08	5.000000e+03	0
7.537688e-02	1.027118e-01	2.443297e-03	1.237044e+04	3.886940e+11	1.875993e+00	-1.414298e+08	5.000000e+03	0
8.040201e-02	1.095592e-01	2.930016e-03	1.236346e+04	3.876857e+11	2.027751e+00	-1.413276e+08	5.000000e+03	0
8.542714e-02	1.164067e-01	3.543012e-03	1.235544e+04	3.865291e+11	2.179193e+00	-1.412192e+08	5.000000e+03	0
9.045226e-02	1.232541e-01	4.167110e-03	1.234733e+04	3.853594e+11	2.330607e+00	-1.411041e+08	5.000000e+03	0
9.547739e-02	1.301016e-01	4.931310e-03	1.233818e+04	3.840440e+11	2.481663e+00	-1.409823e+08	5.000000e+03	0
1.005025e-01	1.369490e-01	5.709519e-03	1.232893e+04	3.827141e+11	2.632684e+00	-1.408541e+08	5.000000e+03	0
1.055276e-01	1.437965e-01	6.641172e-03	1.231865e+04	3.812411e+11	2.783307e+00	-1.407192e+08	5.000000e+03	0
1.105528e-01	1.506439e-01	7.590065e-03	1.230826e+04	3.797521e+11	2.933884e+00	-1.405783e+08	5.000000e+03	0
1.155779e-01	1.574914e-01	8.705251e-03	1.229685e+04	3.781228e+11	3.084023e+00	-1.404304e+08	5.000000e+03	0
1.206030e-01	1.643388e-01	9.841222e-03	1.228532e+04	3.764760e+11	3.234107e+00	-1.402761e+08	5.000000e+03	0
1.256281e-01	1.711863e-01	1.115583e-02	1.227278e+04	3.746918e+11	3.383713e+00	-1.401156e+08	5.000000e+03	0
1.306533e-01	1.780337e-01	1.249507e-02	1.226011e+04	3.728887e+11	3.533254e+00	-1.399488e+08	5.000000e+03	0
1.356784e-01	1.848812e-01	1.402478e-02	1.224644e+04	3.709511e+11	3.682278e+00	-1.397749e+08	5.000000e+03	0
1.407035e-01	1.917286e-01	1.558328e-02	1.223262e+04	3.689933e+11	3.831224e+00	-1.395949e+08	5.000000e+03	0
1.457286e-01	1.985761e-01	1.734354e-02	1.221781e+04	3.669041e+11	3.979617e+00	-1.394084e+08	5.000000e+03	0
1.507538e-01	2.054235e-01	1.913703e-02	1.220284e+04	3.647933e+11	4.127919e+00	-1.392156e+08	5.000000e+03	0
1.557789e-01	2.122710e-01	2.114304e-02	1.218689e+04	3.625544e+11	4.275630e+00	-1.390164e+08	5.000000e+03	0
1.608040e-01	2.191184e-01	2.318701e-02	1.217077e+04	3.602925e+11	4.423237e+00	-1.388108e+08	5.000000e+03	0
1.658291e-01	2.259659e-01	2.545371e-02	1.215368e+04	3.579056e+11	4.570218e+00	-1.385988e+08	5.000000e+03	0
1.708543e-01	2.328133e-01	2.776336e-02	1.213641e+04	3.554947e+11	4.717078e+00	-1.383805e+08	5.000000e+03	0
1.758794e-01	2.396608e-01	3.030542e-02	1.211817e+04	3.529621e+11	4.863278e+00	-1.381559e+08	5.000000e+03	0
1.809045e-01	2.465082e-01	3.289565e-02	1.209974e+04	3.504042e+11	5.009342e+00	-1.379249e+08	5.000000e+03	0
1.859296e-01	2.533557e-01	3.572740e-02	1.208035e+04	3.477281e+11	5.154711e+00	-1.376877e+08	5.000000e+03	0
1.909548e-01	2.602031e-01	3.861282e-02	1.206075e+04	3.450257e+11	5.299926e+00	-1.374442e+08	5.000000e+03	0
1.959799e-01	2.670506e-01	4.174828e-02	1.204021e+04	3.422083e+11	5.444414e+00	-1.371944e+08	5.000000e+03	0
2.010050e-01	2.738980e-01	4.494314e-02	1.201945e+04	3.393637e+11	5.588729e+00	-1.369385e+08	5.000000e+03	0
2.060302e-01	2.807455e-01	4.839600e-02	1.199775e+04	3.364077e+11	5.732285e+00	-1.366763e+08	5.000000e+03	0
2.110553e-01	2.875929e-01	5.191418e-02	1.197581e+04	3.334235e+11	5.875648e+00	-1.364080e+08	5.000000e+03	0
2.160804e-01	2.944404e-01	5.569775e-02	1.195294e+04	3.303315e+11	6.018221e+00	-1.361334e+08	5.000000e+03	0
2.211055e-01	3.012879e-01	5.955278e-02	1.192983e+04	3.272104e+11	6.160581e+00	-1.358526e+08	5.000000e+03	0
2.261307e-01	3.081353e-01	6.367999e-02	1.190579e+04	3.239850e+11	6.302120e+00	-1.355658e+08	5.000000e+03	0
2.311558e-01	3.149828e-01	6.788497e-02	1.188150e+04	3.207299e+11	6.443424e+00	-1.352728e+08	5.000000e+03	0
2.361809e-01	3.218302e-01	7.236834e-02	1.185628e+04	3.173741e+11	6.583877e+00	-1.349739e+08	5.000000e+03	0
2.412060e-01	3.286777e-01	7.693597e-02	1.183080e+04	3.139878e+11	6.724072e+00	-1.346688e+08	5.000000e+03	0
2.462312e-01	3.355251e-01	8.178760e-02	1.180440e+04	3.105046e+11	6.863388e+00	-1.343574e+08	5.000000e+03	0
2.512563e-01	3.423726e-01	8.673012e-02	1.177772e+04	3.069904e+11	7.002421e+00	-1.340406e+08	5.000000e+03	0
2.562814e-01	3.492200e-01	9.196167e-02	1.175013e+04	3.033829e+11	7.140547e+00	-1.337175e+08	5.000000e+03	0
2.613065e-01	3.560675e-01	9.729085e-02	1.172224e+04	2.997439e+11	7.278366e+00	-1.333885e+08	5.000000e+03	0
2.663317e-01	3.629149e-01	1.029135e-01	1.169346e+04	2.960153e+11	7.415249e+00	-1.330535e+08	5.000000e+03	0
2.713568e-01	3.697624e-01	1.086406e-01	1.166436e+04	2.922549e+11	7.551799e+00	-1.327126e+08	5.000000e+03	0
2.763819e-01	3.766098e-01	1.146651e-01	1.163437e+04	2.884088e+11	7.687387e+00	-1.323660e+08	5.000000e+03	0
2.814070e-01	3.834573e-01	1.208009e-01	1.160405e+04	2.845304e+11	7.822614e+00	-1.320134e+08	5.000000e+03	0
2.864322e-01	3.903047e-01	1.272373e-01	1.157285e+04	2.805701e+11	7.956853e+00	-1.316550e+08	5.000000e+03	0
2.914573e-01	3.971522e-01	1.337922e-01	1.154129e+04	2.765775e+11	8.090702e+00	-1.312909e+08	5.000000e+03	0
2.964824e-01	4.039996e-01	1.406501e-01	1.150886e+04	2.725067e+11	8.223537e+00	-1.309211e+08	5.000000e+03	0
3.015075e-01	4.108471e-01	1.476336e-01	1.147607e+04	2.684035e+11	8.355953e+00	-1.305454e+08	5.000000e+03	0
3.065327e-01	4.176945e-01	1.549223e-01	1.144241e+04	2.642260e+11	8.487331e+00	-1.301641e+08	5.000000e+03	0
3.115578e-01	4.245420e-01	1.623435e-01	1.140836e+04	2.600161e+11	8.618258e+00	-1.297772e+08	5.000000e+03	0
3.165829e-01	4.313894e-01	1.700713e-01	1.137345e+04	2.557357e+11	8.748122e+00	-1.293846e+08	5.000000e+03	0
3.216080e-01	4.382369e-01	1.779388e-01	1.133814e+04	2.514231e+11	8.877503e+00	-1.289864e+08	5.000000e+03	0
3.266332e-01	4.450843e-01	1.861136e-01	1.130197e+04	2.470438e+11	9.005799e+00	-1.285828e+08	5.000000e+03	0
3.316583e-01	4.519318e-01	1.944351e-01	1.126538e+04	2.426326e+11	9.133577e+00	-1.281735e+08	5.000000e+03	0
3.366834e-01	4.587792e-01	2.030642e-01	1.122793e+04	2.381586e+11	9.260248e+00	-1.277593e+08	5.000000e+03	0
3.417085e-01	4.656267e-01	2.118470e-01	1.119006e+04	2.336531e+11	9.386364e+00	-1.273387e+08	5.000000e+03	0
3.467337e-01	4.724741e-01	2.209369e-01	1.115132e+04	2.290885e+11	9.511352e+00	-1.269132e+08	5.000000e+03	0
3.517588e-01	4.793216e-01	2.301874e-01	1.111213e+04	2.244930e+11	9.635749e+00	-1.264840e+08	5.000000e+03	0
3.567839e-01	4.861690e-01	2.397440e-01	1.107209e+04	2.198422e+11	9.758995e+00	-1.260459e+08	5.000000e+03	0
3.618090e-01	4.930165e-01	2.494681e-01	1.103158e+04	2.151612e+11	9.881612e+00	-1.256044e+08	5.000000e+03	0
3.668342e-01	4.998639e-01	2.594966e-01	1.099022e+04	2.104288e+11	1.000306e+01	-1.251577e+08	5.000000e+03	0
3.718593e-01	5.067114e-01	2.696990e-01	1.094837e+04	2.056669e+11	1.012383e+01	-1.247054e+08	5.000000e+03	0
3.768844e-01	5.135588e-01	2.802038e-01	1.090566e+04	2.008573e+11	1.024342e+01	-1.242486e+08	5.000000e+03	0
3.819095e-01	5.204063e-01	2.908890e-01	1.086244e+04	1.960193e+11	1.036229e+01	-1.237857e+08	5.000000e+03	0
3.869347e-01	5.272537e-01	2.988188e-01	9.357033e+03	1.925072e+11	1.037574e+01	-1.233189e+08	5.000000e+03	0
3.919598e-01	5.341012e-01	3.050321e-01	6.940749e+03	1.898212e+11	1.032352e+01	-1.228488e+08	5.000000e+03	0
3.969849e-01	5.409486e-01	3.114190e-01	5.977716e+03	1.871604e+11	1.027616e+01	-1.223797e+08	5.000000e+03	1
4.020101e-01	5.477961e-01	3.179188e-01	5.959296e+03	1.845159e+11	1.023197e+01	-1.219129e+08	5.000000e+03	1
4.070352e-01	5.546435e-01	3.245920e-01	5.940911e+03	1.818936e+11	1.019207e+01	-1.214482e+08	5.000000e+03	1
4.120603e-01	5.614910e-01	3.313827e-01	5.922549e+03	1.792864e+11	1.015507e+01	-1.209854e+08	5.000000e+03	1
4.170854e-01	5.683384e-01	3.383463e-01	5.904207e+03	1.766988e+11	1.012186e+01	-1.205245e+08	5.000000e+03	1
4.221106e-01	5.751859e-01	3.454322e-01	5.885878e+03	1.741250e+11	1.009132e+01	-1.200653e+08	5.000000e+03	1
4.271357e-01	5.820333e-01	3.526902e-01	5.867555e+03	1.715686e+11	1.006413e+01	-1.196076e+08	5.000000e+03	1
4.321608e-01	5.888808e-01	3.600752e-01	5.849236e+03	1.690249e+11	1.003940e+01	-1.191512e+08	5.000000e+03	1
4.371859e-01	5.957283e-01	3.676315e-01	5.830910e+03	1.664966e+11	1.001763e+01	-1.186962e+08	5.000000e+03	1
4.422111e-01	6.025757e-01	3.753194e-01	5.812579e+03	1.639801e+11	9.998118e+00	-1.182423e+08	5.000000e+03	1
4.472362e-01	6.094232e-01	3.831776e-01	5.794231e+03	1.614772e+11	9.981225e+00	-1.177877e+08	5.000000e+03	1
4.522613e-01	6.162706e-01	3.911721e-01	5.775870e+03	1.589853e+11	9.966421e+00	-1.173375e+08	5.000000e+03	1
4.572864e-01	6.231181e-01	3.993355e-01	5.757481e+03	1.565054e+11	9.953930e+00	-1.168864e+08	5.000000e+03	1
4.623116e-01	6.299655e-01	4.076398e-01	5.739069e+03	1.540357e+11	9.943365e+00	-1.164360e+08	5.000000e+03	1
4.673367e-01	6.368130e-01	4.161118e-01	5.720622e+03	1.515767e+11	9.934845e+00	-1.159863e+08	5.000000e+03	1
4.723618e-01	6.436604e-01	4.247291e-01	5.702144e+03	1.491272e+11	9.928101e+00	-1.155370e+08	5.000000e+03	1
4.773869e-01	6.505079e-01	4.335125e-01	5.683623e+03	1.466873e+11	9.923165e+00	-1.150883e+08	5.000000e+03	1
4.824121e-01	6.573553e-01	4.424458e-01	5.665062e+03	1.442562e+11	9.919865e+00	-1.146399e+08	5.000000e+03	1
4.874372e-01	6.642028e-01	4.515434e-01	5.646451e+03	1.418338e+11	9.918164e+00	-1.141918e+08	5.000000e+03	1
4.924623e-01	6.710502e-01	4.607954e-01	5.627793e+03	1.394195e+11	9.917968e+00	-1.137437e+08	5.000000e+03	1
4.974874e-01	6.778977e-01	4.702096e-01	5.609078e+03	1.370131e+11	9.919185e+00	-1.132963e+08	5.000000e+03	1
5.025126e-01	6.847451e-01	4.797827e-01	5.590308e+03	1.346143e+11	9.921786e+00	-1.128488e+08	5.000000e+03	1
5.075377e-01	6.915926e-01	4.895158e-01	5.571476e+03	1.322227e+11	9.925634e+00	-1.124012e+08	5.000000e+03	1
5.125628e-01	6.984400e-01	4.994122e-01	5.552581e+03	1.298383e+11	9.930753e+00	-1.119536e+08	5.000000e+03	1
5.175879e-01	7.052875e-01	5.094663e-01	5.533619e+03	1.274604e+11	9.936971e+00	-1.115060e+08	5.000000e+03	1
5.226131e-01	7.121349e-01	5.196880e-01	5.514585e+03	1.250893e+11	9.944354e+00	-1.110582e+08	5.000000e+03	1
5.276382e-01	7.189824e-01	5.300648e-01	5.495480e+03	1.227242e+11	9.952703e+00	-1.106103e+08	5.000000e+03	1
5.326633e-01	7.258298e-01	5.406133e-01	5.476296e+03	1.203656e+11	9.962119e+00	-1.101621e+08	5.000000e+03	1
5.376884e-01	7.326773e-01	5.513144e-01	5.457037e+03	1.180124e+11	9.972381e+00	-1.097137e+08	5.000000e+03	1
5.427136e-01	7.395247e-01	5.621913e-01	5.437690e+03	1.156656e+11	9.983618e+00	-1.092649e+08	5.000000e+03	1
5.477387e-01	7.463722e-01	5.732178e-01	5.418265e+03	1.133239e+11	9.995594e+00	-1.088158e+08	5.000000e+03	1
5.527638e-01	7.532196e-01	5.844241e-01	5.398745e+03	1.109882e+11	1.000846e+01	-1.083662e+08	5.000000e+03	1
5.577889e-01	7.600671e-01	5.957771e-01	5.379142e+03	1.086573e+11	1.002196e+01	-1.079163e+08	5.000000e+03	1
5.628141e-01	7.669145e-01	6.073136e-01	5.359437e+03	1.063323e+11	1.003628e+01	-1.074659e+08	5.000000e+03	1
5.678392e-01	7.737620e-01	6.189938e-01	5.339646e+03	1.040119e+11	1.005114e+01	-1.070149e+08	5.000000e+03	1
5.728643e-01	7.806094e-01	6.308610e-01	5.319744e+03	1.016972e+11	1.006674e+01	-1.065635e+08	5.000000e+03	1
5.778894e-01	7.874569e-01	6.428687e-01	5.299755e+03	9.938682e+10	1.008281e+01	-1.061115e+08	5.000000e+03	1
5.829146e-01	7.943043e-01	6.550670e-01	5.279647e+03	9.708222e+10	1.009954e+01	-1.056589e+08	5.000000e+03	1
5.879397e-01	8.011518e-01	6.674023e-01	5.259448e+03	9.478170e+10	1.011668e+01	-1.052057e+08	5.000000e+03	1
5.929648e-01	8.079992e-01	6.799314e-01	5.239121e+03	9.248695e+10	1.013440e+01	-1.047519e+08	5.000000e+03	1
5.979899e-01	8.148467e-01	6.925941e-01	5.218703e+03	9.019615e+10	1.015246e+01	-1.042974e+08	5.000000e+03	1
6.030151e-01	8.216941e-01	7.054537e-01	5.198148e+03	8.791117e+10	1.017104e+01	-1.038422e+08	5.000000e+03	1
6.080402e-01	8.285416e-01	7.184433e-01	5.177498e+03	8.563003e+10	1.018991e+01	-1.033863e+08	5.000000e+03	1
6.130653e-01	8.353890e-01	7.316326e-01	5.156704e+03	8.335479e+10	1.020922e+01	-1.029298e+08	5.000000e+03	1
6.180905e-01	8.422365e-01	7.449481e-01	5.135814e+03	8.108330e+10	1.022878e+01	-1.024724e+08	5.000000e+03	1
6.231156e-01	8.490839e-01	7.584661e-01	5.114769e+03	7.881785e+10	1.024872e+01	-1.020146e+08	5.000000e+03	1
6.281407e-01	8.559314e-01	7.721063e-01	5.093627e+03	7.655611e+10	1.026886e+01	-1.015555e+08	5.000000e+03	1
6.331658e-01	8.627788e-01	7.859514e-01	5.072321e+03	7.430057e+10	1.028932e+01	-1.010959e+08	5.000000e+03	1
6.381910e-01	8.696263e-01	7.999148e-01	5.050916e+03	7.204870e+10	1.030994e+01	-1.006355e+08	5.000000e+03	1
6.432161e-01	8.764738e-01	8.140852e-01	5.029337e+03	6.980325e+10	1.033082e+01	-1.001743e+08	5.000000e+03	1
6.482412e-01	8.833212e-01	8.283698e-01	5.007658e+03	6.756146e+10	1.035181e+01	-9.971233e+07	5.000000e+03	1
6.532663e-01	8.901687e-01	8.428633e-01	4.985794e+03	6.532636e+10	1.037302e+01	-9.924952e+07	5.000000e+03	1
6.582915e-01	8.970161e-01	8.574668e-01	4.963829e+03	6.309490e+10	1.039431e+01	-9.878588e+07	5.000000e+03	1
6.633166e-01	9.038636e-01	8.722807e-01	4.941669e+03	6.087044e+10	1.041576e+01	-9.832136e+07	5.000000e+03	1
6.683417e-01	9.107110e-01	8.872003e-01	4.919406e+03	5.864963e+10	1.043725e+01	-9.785611e+07	5.000000e+03	1
6.733668e-01	9.175585e-01	9.023315e-01	4.896936e+03	5.643616e+10	1.045885e+01	-9.738993e+07	5.000000e+03	1
6.783920e-01	9.244059e-01	9.175642e-01	4.874363e+03	5.422637e+10	1.048047e+01	-9.692297e+07	5.000000e+03	1
6.834171e-01	9.312534e-01	9.330093e-01	4.851570e+03	5.202430e+10	1.050215e+01	-9.645513e+07	5.000000e+03	1
6.884422e-01	9.381008e-01	9.485514e-01	4.828673e+03	4.982595e+10	1.052382e+01	-9.598645e+07	5.000000e+03	1
6.934673e-01	9.449483e-01	9.643064e-01	4.805544e+03	4.763573e+10	1.054549e+01	-9.551691e+07	5.000000e+03	1
6.984925e-01	9.517957e-01	9.801540e-01	4.782308e+03	4.544927e+10	1.056714e+01	-9.504651e+07	5.000000e+03	1
7.035176e-01	9.586432e-01	9.962144e-01	4.758827e+03	4.327143e+10	1.058874e+01	-9.457526e+07	5.000000e+03	1
7.085427e-01	9.654906e-01	1.012363e+00	4.735239e+03	4.109736e+10	1.061030e+01	-9.410316e+07	5.000000e+03	1
7.135678e-01	9.723381e-01	1.028724e+00	4.711390e+03	3.893244e+10	1.063175e+01	-9.363022e+07	5.000000e+03	1
7.185930e-01	9.791855e-01	1.042480e+00	4.314711e+03	3.712088e+10	1.062624e+01	-9.315644e+07	5.000000e+03	1
7.236181e-01	9.860330e-01	1.049633e+00	2.972639e+03	3.620536e+10	1.055237e+01	-9.268254e+07	5.000000e+03	1
7.286432e-01	9.928804e-01	1.056822e+00	1.994236e+03	3.529541e+10	1.047942e+01	-9.221046e+07	5.000000e+03	2
7.336683e-01	9.997279e-01	1.064112e+00	1.985613e+03	3.440031e+10	1.040894e+01	-9.174155e+07	5.000000e+03	2
7.386935e-01	1.006575e+00	1.071438e+00	1.977016e+03	3.351033e+10	1.033930e+01	-9.127596e+07	5.000000e+03	2
7.437186e-01	1.013423e+00	1.078865e+00	1.968492e+03	3.263477e+10	1.027203e+01	-9.081334e+07	5.000000e+03	2
7.487437e-01	1.020270e+00	1.086327e+00	1.959992e+03	3.176393e+10	1.020552e+01	-9.035394e+07	5.000000e+03	2
7.537688e-01	1.027118e+00	1.093892e+00	1.951562e+03	3.090708e+10	1.014128e+01	-8.989755e+07	5.000000e+03	2
7.587940e-01	1.033965e+00	1.101490e+00	1.943154e+03	3.005459e+10	1.007773e+01	-8.944410e+07	5.000000e+03	2
7.638191e-01	1.040813e+00	1.109192e+00	1.934812e+03	2.921569e+10	1.001634e+01	-8.899354e+07	5.000000e+03	2
7.688442e-01	1.047660e+00	1.116926e+00	1.926490e+03	2.838080e+10	9.955589e+00	-8.854582e+07	5.000000e+03	2
7.738693e-01	1.054507e+00	1.124766e+00	1.918232e+03	2.755913e+10	9.896907e+00	-8.810084e+07	5.000000e+03	2
7.788945e-01	1.061355e+00	1.132636e+00	1.909992e+03	2.674115e+10	9.838793e+00	-8.765857e+07	5.000000e+03	2
7.839196e-01	1.068202e+00	1.140612e+00	1.901812e+03	2.593603e+10	9.782666e+00	-8.721895e+07	5.000000e+03	2
7.889447e-01	1.075050e+00	1.148618e+00	1.893648e+03	2.513429e+10	9.727052e+00	-8.678190e+07	5.000000e+03	2
7.939698e-01	1.081897e+00	1.156731e+00	1.885542e+03	2.434510e+10	9.673341e+00	-8.634740e+07	5.000000e+03	2
7.989950e-01	1.088745e+00	1.164872e+00	1.877449e+03	2.355900e+10	9.620093e+00	-8.591537e+07	5.000000e+03	2
8.040201e-01	1.095592e+00	1.173122e+00	1.869412e+03	2.278512e+10	9.568670e+00	-8.548576e+07	5.000000e+03	2
8.090452e-01	1.102440e+00	1.181398e+00	1.861388e+03	2.201408e+10	9.517662e+00	-8.505854e+07	5.000000e+03	2
8.140704e-01	1.109287e+00	1.189784e+00	1.853416e+03	2.125496e+10	9.468403e+00	-8.463363e+07	5.000000e+03	2
8.190955e-01	1.116135e+00	1.198194e+00	1.845455e+03	2.049843e+10	9.419517e+00	-8.421101e+07	5.000000e+03	2
8.241206e-01	1.122982e+00	1.206716e+00	1.837543e+03	1.975354e+10	9.372309e+00	-8.379065e+07	5.000000e+03	2
8.291457e-01	1.129829e+00	1.215260e+00	1.829641e+03	1.901101e+10	9.325434e+00	-8.337239e+07	5.000000e+03	2
8.341709e-01	1.136677e+00	1.223917e+00	1.821787e+03	1.827986e+10	9.280168e+00	-8.295631e+07	5.000000e+03	2
8.391960e-01	1.143524e+00	1.232595e+00	1.813941e+03	1.755085e+10	9.235199e+00	-8.254223e+07	5.000000e+03	2
8.442211e-01	1.150372e+00	1.241387e+00	1.806139e+03	1.683296e+10	9.191773e+00	-8.213040e+07	5.000000e+03	2
8.492462e-01	1.157219e+00	1.250198e+00	1.798344e+03	1.611702e+10	9.148612e+00	-8.172048e+07	5.000000e+03	2
8.542714e-01	1.164067e+00	1.259123e+00	1.790591e+03	1.541196e+10	9.106931e+00	-8.131253e+07	5.000000e+03	2
8.592965e-01	1.170914e+00	1.268067e+00	1.782845e+03	1.470866e+10	9.065484e+00	-8.090651e+07	5.000000e+03	2
8.643216e-01	1.177762e+00	1.277126e+00	1.775138e+03	1.401601e+10	9.025457e+00	-8.050240e+07	5.000000e+03	2
8.693467e-01	1.184609e+00	1.286188e+00	1.764915e+03	1.332592e+10	8.985545e+00	-8.010014e+07	5.000000e+03	2
8.743719e-01	1.191457e+00	1.295278e+00	1.738052e+03	1.265277e+10	8.946395e+00	-7.969971e+07	5.000000e+03	2
8.793970e-01	1.198304e+00	1.304359e+00	1.711172e+03	1.198284e+10	8.907258e+00	-7.930098e+07	5.000000e+03	2
8.844221e-01	1.205151e+00	1.313371e+00	1.684176e+03	1.133633e+10	8.868224e+00	-7.890425e+07	5.000000e+03	2
8.894472e-01	1.211999e+00	1.322373e+00	1.657158e+03	1.069276e+10	8.829196e+00	-7.850965e+07	5.000000e+03	2
8.944724e-01	1.218846e+00	1.331295e+00	1.629959e+03	1.007264e+10	8.790217e+00	-7.811628e+07	5.000000e+03	2
8.994975e-01	1.225694e+00	1.340206e+00	1.602731e+03	9.455169e+09	8.751238e+00	-7.772477e+07	5.000000e+03	2
9.045226e-01	1.232541e+00	1.349024e+00	1.575243e+03	8.861257e+09	8.712250e+00	-7.733568e+07	5.000000e+03	2
9.095477e-01	1.239389e+00	1.357830e+00	1.547720e+03	8.269717e+09	8.673255e+00	-7.694746e+07	5.000000e+03	2
9.145729e-01	1.246236e+00	1.366528e+00	1.519836e+03	7.701899e+09	8.634190e+00	-7.656153e+07	5.000000e+03	2
9.195980e-01	1.253084e+00	1.375215e+00	1.491909e+03	7.136187e+09	8.595113e+00	-7.617739e+07	5.000000e+03	2
9.246231e-01	1.259931e+00	1.383775e+00	1.463490e+03	6.594444e+09	8.555897e+00	-7.579506e+07	5.000000e+03	2
9.296482e-01	1.266778e+00	1.392325e+00	1.435018e+03	6.054551e+09	8.516665e+00	-7.541432e+07	5.000000e+03	2
9.346734e-01	1.273626e+00	1.400729e+00	1.405874e+03	5.538982e+09	8.477215e+00	-7.503618e+07	5.000000e+03	2
9.396985e-01	1.280473e+00	1.409121e+00	1.376670e+03	5.025015e+09	8.437746e+00	-7.465894e+07	5.000000e+03	2
9.447236e-01	1.287321e+00	1.417345e+00	1.346538e+03	4.535877e+09	8.397967e+00	-7.428403e+07	5.000000e+03	2
9.497487e-01	1.294168e+00	1.425557e+00	1.316336e+03	4.048097e+09	8.358165e+00	-7.391067e+07	5.000000e+03	2
9.547739e-01	1.301016e+00	1.433572e+00	1.284823e+03	3.585869e+09	8.317940e+00	-7.353931e+07	5.000000e+03	2
9.597990e-01	1.307863e+00	1.441577e+00	1.253228e+03	3.124760e+09	8.277691e+00	-7.316960e+07	5.000000e+03	2
9.648241e-01	1.314711e+00	1.449347e+00	1.219700e+03	2.690260e+09	8.236872e+00	-7.280200e+07	5.000000e+03	2
9.698492e-01	1.321558e+00	1.457108e+00	1.186077e+03	2.256643e+09	8.196028e+00	-7.243629e+07	5.000000e+03	2
9.748744e-01	1.328406e+00	1.464584e+00	1.149383e+03	1.851269e+09	8.154408e+00	-7.207243e+07	5.000000e+03	2
9.798995e-01	1.335253e+00	1.472054e+00	1.112573e+03	1.446535e+09	8.112765e+00	-7.171044e+07	5.000000e+03	2
9.849246e-01	1.342100e+00	1.479163e+00	1.070142e+03	1.072845e+09	8.070018e+00	-7.135038e+07	5.000000e+03	2
9.899497e-01	1.348948e+00	1.486270e+00	1.027999e+03	6.993979e+08	8.027267e+00	-7.099226e+07	5.000000e+03	2
9.949749e-01	1.355795e+00	1.493135e+00	1.013999e+03	3.496989e+08	7.984135e+00	-7.063614e+07	5.000000e+03	2
1.000000e+00	1.362643e+00	1.500000e+00	1.000000e+03	-2.384186e-07	7.941003e+00	-7.028106e+07	3.000000e+02	2
