#t		Qconv[W]	Ri[Rp]		R*[Rp]		Qc[W]		Qm[W]		Qr[W]		Tcmb[K]		Tl[K]		Tup[K]		RiFlag		Bs[T]
0.000000e+00	7.536024e+13	0.000000e+00	5.524475e-01	1.332977e+15	2.156948e+15	1.790436e+14	1.185878e+04	4.147634e+03	2.438802e+03	0	1.454069e-03
1.000000e+07	7.059160e+13	0.000000e+00	5.524475e-01	1.250440e+15	2.022425e+15	1.780516e+14	1.169827e+04	4.114281e+03	2.419191e+03	0	1.422729e-03
2.000000e+07	6.629971e+13	0.000000e+00	5.524475e-01	1.176135e+15	1.903336e+15	1.770669e+14	1.154752e+04	4.083449e+03	2.401062e+03	0	1.393290e-03
3.000000e+07	6.242047e+13	0.000000e+00	5.524475e-01	1.108957e+15	1.797149e+15	1.760897e+14	1.140556e+04	4.054794e+03	2.384213e+03	0	1.365568e-03
4.000000e+07	5.890047e+13	0.000000e+00	5.524475e-01	1.047985e+15	1.701868e+15	1.751197e+14	1.127157e+04	4.028037e+03	2.368480e+03	0	1.339401e-03
5.000000e+07	5.569489e+13	0.000000e+00	5.524475e-01	9.924436e+14	1.615897e+15	1.741570e+14	1.114482e+04	4.002951e+03	2.353729e+03	0	1.314648e-03
6.000000e+07	5.276586e+13	0.000000e+00	5.524475e-01	9.416809e+14	1.537938e+15	1.732015e+14	1.102467e+04	3.979347e+03	2.339850e+03	0	1.291186e-03
7.000000e+07	5.008117e+13	0.000000e+00	5.524475e-01	8.951407e+14	1.466930e+15	1.722530e+14	1.091058e+04	3.957069e+03	2.326751e+03	0	1.268905e-03
8.000000e+07	4.761328e+13	0.000000e+00	5.524475e-01	8.523475e+14	1.401992e+15	1.713116e+14	1.080203e+04	3.935983e+03	2.314352e+03	0	1.247710e-03
9.000000e+07	4.533852e+13	0.000000e+00	5.524475e-01	8.128928e+14	1.342385e+15	1.703773e+14	1.069860e+04	3.915975e+03	2.302587e+03	0	1.227515e-03
1.000000e+08	4.323642e+13	0.000000e+00	5.524475e-01	7.764233e+14	1.287489e+15	1.694498e+14	1.059989e+04	3.896946e+03	2.291399e+03	0	1.208243e-03
1.100000e+08	4.128924e+13	0.000000e+00	5.524475e-01	7.426324e+14	1.236774e+15	1.685293e+14	1.050554e+04	3.878813e+03	2.280736e+03	0	1.189826e-03
1.200000e+08	3.948149e+13	0.000000e+00	5.524475e-01	7.112529e+14	1.189790e+15	1.676155e+14	1.041524e+04	3.861500e+03	2.270556e+03	0	1.172201e-03
1.300000e+08	3.779962e+13	0.000000e+00	5.524475e-01	6.820507e+14	1.146148e+15	1.667086e+14	1.032871e+04	3.844942e+03	2.260820e+03	0	1.155314e-03
1.400000e+08	3.623172e+13	0.000000e+00	5.524475e-01	6.548203e+14	1.105509e+15	1.658083e+14	1.024568e+04	3.829082e+03	2.251495e+03	0	1.139115e-03
1.500000e+08	3.476731e+13	0.000000e+00	5.524475e-01	6.293802e+14	1.067581e+15	1.649147e+14	1.016593e+04	3.813868e+03	2.242549e+03	0	1.123556e-03
1.600000e+08	3.339707e+13	0.000000e+00	5.524475e-01	6.055699e+14	1.032107e+15	1.640277e+14	1.008923e+04	3.799254e+03	2.233956e+03	0	1.108597e-03
1.700000e+08	3.211278e+13	0.000000e+00	5.524475e-01	5.832470e+14	9.988622e+14	1.631472e+14	1.001541e+04	3.785199e+03	2.225691e+03	0	1.094201e-03
1.800000e+08	3.090708e+13	0.000000e+00	5.524475e-01	5.622846e+14	9.676475e+14	1.622733e+14	9.944269e+03	3.771665e+03	2.217733e+03	0	1.080331e-03
1.900000e+08	2.977341e+13	0.000000e+00	5.524475e-01	5.425693e+14	9.382870e+14	1.614057e+14	9.875658e+03	3.758620e+03	2.210063e+03	0	1.066958e-03
2.000000e+08	2.870592e+13	0.000000e+00	5.524475e-01	5.239997e+14	9.106241e+14	1.605446e+14	9.809426e+03	3.746033e+03	2.202662e+03	0	1.054051e-03
2.100000e+08	2.769931e+13	0.000000e+00	5.524475e-01	5.064847e+14	8.845192e+14	1.596898e+14	9.745435e+03	3.733875e+03	2.195513e+03	0	1.041583e-03
2.200000e+08	2.674885e+13	0.000000e+00	5.524475e-01	4.899421e+14	8.598476e+14	1.588412e+14	9.683561e+03	3.722123e+03	2.188603e+03	0	1.029531e-03
2.300000e+08	2.585025e+13	0.000000e+00	5.524475e-01	4.742979e+14	8.364972e+14	1.579989e+14	9.623686e+03	3.710752e+03	2.181916e+03	0	1.017871e-03
2.400000e+08	2.499965e+13	0.000000e+00	5.524475e-01	4.594854e+14	8.143672e+14	1.571628e+14	9.565703e+03	3.699741e+03	2.175442e+03	0	1.006582e-03
2.500000e+08	2.419353e+13	0.000000e+00	5.524475e-01	4.454436e+14	7.933666e+14	1.563328e+14	9.509512e+03	3.689071e+03	2.169168e+03	0	9.956442e-04
2.600000e+08	2.342871e+13	0.000000e+00	5.524475e-01	4.321176e+14	7.734131e+14	1.555089e+14	9.455022e+03	3.678723e+03	2.163084e+03	0	9.850400e-04
2.700000e+08	2.270229e+13	0.000000e+00	5.524475e-01	4.194573e+14	7.544323e+14	1.546909e+14	9.402146e+03	3.668681e+03	2.157179e+03	0	9.747524e-04
2.800000e+08	2.201163e+13	0.000000e+00	5.524475e-01	4.074168e+14	7.363562e+14	1.538790e+14	9.350804e+03	3.658930e+03	2.151445e+03	0	9.647655e-04
2.900000e+08	2.135430e+13	0.000000e+00	5.524475e-01	3.959544e+14	7.191232e+14	1.530730e+14	9.300923e+03	3.649454e+03	2.145874e+03	0	9.550648e-04
3.000000e+08	2.072811e+13	0.000000e+00	5.524475e-01	3.850319e+14	7.026768e+14	1.522729e+14	9.252432e+03	3.640241e+03	2.140456e+03	0	9.456366e-04
3.100000e+08	2.013102e+13	0.000000e+00	5.524475e-01	3.746143e+14	6.869657e+14	1.514786e+14	9.205266e+03	3.631278e+03	2.135186e+03	0	9.364682e-04
3.200000e+08	1.956119e+13	0.000000e+00	5.524475e-01	3.646693e+14	6.719426e+14	1.506900e+14	9.159365e+03	3.622554e+03	2.130056e+03	0	9.275474e-04
3.300000e+08	1.901689e+13	0.000000e+00	5.524475e-01	3.551675e+14	6.575642e+14	1.499072e+14	9.114673e+03	3.614057e+03	2.125060e+03	0	9.188632e-04
3.400000e+08	1.849655e+13	0.000000e+00	5.524475e-01	3.460815e+14	6.437908e+14	1.491301e+14	9.071134e+03	3.605777e+03	2.120192e+03	0	9.104050e-04
3.500000e+08	1.799873e+13	0.000000e+00	5.524475e-01	3.373862e+14	6.305855e+14	1.483587e+14	9.028701e+03	3.597705e+03	2.115445e+03	0	9.021630e-04
3.600000e+08	1.752208e+13	0.000000e+00	5.524475e-01	3.290584e+14	6.179147e+14	1.475928e+14	8.987324e+03	3.589833e+03	2.110816e+03	0	8.941278e-04
3.700000e+08	1.706536e+13	0.000000e+00	5.524475e-01	3.210767e+14	6.057471e+14	1.468325e+14	8.946961e+03	3.582150e+03	2.106299e+03	0	8.862908e-04
3.800000e+08	1.662743e+13	0.000000e+00	5.524475e-01	3.134211e+14	5.940538e+14	1.460776e+14	8.907569e+03	3.574650e+03	2.101889e+03	0	8.786436e-04
3.900000e+08	1.620721e+13	0.000000e+00	5.524475e-01	3.060732e+14	5.828081e+14	1.453283e+14	8.869109e+03	3.567325e+03	2.097582e+03	0	8.711785e-04
4.000000e+08	1.580373e+13	0.000000e+00	5.524475e-01	2.990160e+14	5.719851e+14	1.445843e+14	8.831543e+03	3.560169e+03	2.093374e+03	0	8.638882e-04
4.100000e+08	1.541605e+13	0.000000e+00	5.524475e-01	2.922333e+14	5.615618e+14	1.438457e+14	8.794837e+03	3.553173e+03	2.089260e+03	0	8.567658e-04
4.200000e+08	1.504333e+13	0.000000e+00	5.524475e-01	2.857106e+14	5.515168e+14	1.431124e+14	8.758957e+03	3.546333e+03	2.085238e+03	0	8.498046e-04
4.300000e+08	1.468478e+13	0.000000e+00	5.524475e-01	2.794339e+14	5.418301e+14	1.423844e+14	8.723873e+03	3.539642e+03	2.081304e+03	0	8.429986e-04
4.400000e+08	1.433964e+13	0.000000e+00	5.524475e-01	2.733904e+14	5.324831e+14	1.416617e+14	8.689553e+03	3.533094e+03	2.077454e+03	0	8.363417e-04
4.500000e+08	1.400722e+13	0.000000e+00	5.524475e-01	2.675681e+14	5.234585e+14	1.409441e+14	8.655970e+03	3.526685e+03	2.073685e+03	0	8.298285e-04
4.600000e+08	1.368688e+13	0.000000e+00	5.524475e-01	2.619557e+14	5.147400e+14	1.402317e+14	8.623098e+03	3.520409e+03	2.069995e+03	0	8.234537e-04
4.700000e+08	1.337801e+13	0.000000e+00	5.524475e-01	2.565428e+14	5.063124e+14	1.395244e+14	8.590910e+03	3.514261e+03	2.066380e+03	0	8.172122e-04
4.800000e+08	1.308003e+13	0.000000e+00	5.524475e-01	2.513194e+14	4.981616e+14	1.388222e+14	8.559383e+03	3.508237e+03	2.062838e+03	0	8.110993e-04
4.900000e+08	1.279243e+13	0.000000e+00	5.524475e-01	2.462764e+14	4.902743e+14	1.381250e+14	8.528493e+03	3.502332e+03	2.059366e+03	0	8.051104e-04
5.000000e+08	1.251470e+13	0.000000e+00	5.524475e-01	2.414051e+14	4.826379e+14	1.374328e+14	8.498219e+03	3.496543e+03	2.055962e+03	0	7.992412e-04
5.100000e+08	1.224637e+13	0.000000e+00	5.524475e-01	2.366973e+14	4.752408e+14	1.367455e+14	8.468540e+03	3.490865e+03	2.052624e+03	0	7.934876e-04
5.200000e+08	1.198700e+13	0.000000e+00	5.524475e-01	2.321455e+14	4.680720e+14	1.360631e+14	8.439436e+03	3.485295e+03	2.049348e+03	0	7.878458e-04
5.300000e+08	1.173617e+13	0.000000e+00	5.524475e-01	2.277425e+14	4.611210e+14	1.353856e+14	8.410888e+03	3.479829e+03	2.046134e+03	0	7.823118e-04
5.400000e+08	1.149351e+13	0.000000e+00	5.524475e-01	2.234814e+14	4.543782e+14	1.347129e+14	8.382878e+03	3.474464e+03	2.042980e+03	0	7.768823e-04
5.500000e+08	1.125863e+13	0.000000e+00	5.524475e-01	2.193559e+14	4.478343e+14	1.340451e+14	8.355389e+03	3.469196e+03	2.039882e+03	0	7.715537e-04
5.600000e+08	1.103119e+13	0.000000e+00	5.524475e-01	2.153600e+14	4.414807e+14	1.333819e+14	8.328404e+03	3.464023e+03	2.036840e+03	0	7.663229e-04
5.700000e+08	1.081087e+13	0.000000e+00	5.524475e-01	2.114880e+14	4.353093e+14	1.327235e+14	8.301908e+03	3.458940e+03	2.033852e+03	0	7.611867e-04
5.800000e+08	1.059735e+13	0.000000e+00	5.524475e-01	2.077346e+14	4.293122e+14	1.320697e+14	8.275885e+03	3.453947e+03	2.030916e+03	0	7.561422e-04
5.900000e+08	1.039035e+13	0.000000e+00	5.524475e-01	2.040947e+14	4.234822e+14	1.314206e+14	8.250321e+03	3.449039e+03	2.028030e+03	0	7.511865e-04
6.000000e+08	1.018959e+13	0.000000e+00	5.524475e-01	2.005634e+14	4.178124e+14	1.307761e+14	8.225203e+03	3.444214e+03	2.025193e+03	0	7.463169e-04
6.100000e+08	9.994804e+12	0.000000e+00	5.524475e-01	1.971364e+14	4.122963e+14	1.301361e+14	8.200517e+03	3.439470e+03	2.022403e+03	0	7.415307e-04
6.200000e+08	9.805751e+12	0.000000e+00	5.524475e-01	1.938093e+14	4.069277e+14	1.295006e+14	8.176250e+03	3.434805e+03	2.019660e+03	0	7.368256e-04
6.300000e+08	9.622196e+12	0.000000e+00	5.524475e-01	1.905780e+14	4.017007e+14	1.288697e+14	8.152390e+03	3.430215e+03	2.016961e+03	0	7.321990e-04
6.400000e+08	9.443915e+12	0.000000e+00	5.524475e-01	1.874386e+14	3.966097e+14	1.282432e+14	8.128926e+03	3.425699e+03	2.014306e+03	0	7.276487e-04
6.500000e+08	9.270699e+12	0.000000e+00	5.524475e-01	1.843876e+14	3.916495e+14	1.276211e+14	8.105846e+03	3.421255e+03	2.011693e+03	0	7.231725e-04
6.600000e+08	9.102348e+12	0.000000e+00	5.524475e-01	1.814214e+14	3.868151e+14	1.270033e+14	8.083140e+03	3.416880e+03	2.009121e+03	0	7.187682e-04
6.700000e+08	8.938671e+12	0.000000e+00	5.524475e-01	1.785368e+14	3.821017e+14	1.263900e+14	8.060798e+03	3.412574e+03	2.006588e+03	0	7.144339e-04
6.800000e+08	8.779489e+12	0.000000e+00	5.524475e-01	1.757305e+14	3.775048e+14	1.257809e+14	8.038808e+03	3.408333e+03	2.004094e+03	0	7.101675e-04
6.900000e+08	8.624630e+12	0.000000e+00	5.524475e-01	1.729997e+14	3.730201e+14	1.251761e+14	8.017162e+03	3.404156e+03	2.001638e+03	0	7.059672e-04
7.000000e+08	8.473931e+12	0.000000e+00	5.524475e-01	1.703415e+14	3.686434e+14	1.245755e+14	7.995851e+03	3.400041e+03	1.999219e+03	0	7.018312e-04
7.100000e+08	8.327235e+12	0.000000e+00	5.524475e-01	1.677532e+14	3.643709e+14	1.239792e+14	7.974866e+03	3.395987e+03	1.996835e+03	0	6.977578e-04
7.200000e+08	8.184396e+12	0.000000e+00	5.524475e-01	1.652322e+14	3.601989e+14	1.233870e+14	7.954198e+03	3.391992e+03	1.994486e+03	0	6.937451e-04
7.300000e+08	8.045273e+12	0.000000e+00	5.524475e-01	1.627761e+14	3.561238e+14	1.227989e+14	7.933839e+03	3.388054e+03	1.992171e+03	0	6.897917e-04
7.400000e+08	7.909730e+12	0.000000e+00	5.524475e-01	1.603825e+14	3.521422e+14	1.222150e+14	7.913781e+03	3.384172e+03	1.989888e+03	0	6.858960e-04
7.500000e+08	7.777640e+12	0.000000e+00	5.524475e-01	1.580492e+14	3.482509e+14	1.216351e+14	7.894017e+03	3.380345e+03	1.987638e+03	0	6.820565e-04
7.600000e+08	7.648880e+12	0.000000e+00	5.524475e-01	1.557741e+14	3.444468e+14	1.210593e+14	7.874538e+03	3.376571e+03	1.985418e+03	0	6.782717e-04
7.700000e+08	7.523334e+12	0.000000e+00	5.524475e-01	1.535552e+14	3.407270e+14	1.204875e+14	7.855339e+03	3.372848e+03	1.983230e+03	0	6.745402e-04
7.800000e+08	7.400889e+12	0.000000e+00	5.524475e-01	1.513904e+14	3.370886e+14	1.199196e+14	7.836412e+03	3.369176e+03	1.981071e+03	0	6.708607e-04
7.900000e+08	7.281439e+12	0.000000e+00	5.524475e-01	1.492780e+14	3.335290e+14	1.193557e+14	7.817750e+03	3.365554e+03	1.978940e+03	0	6.672319e-04
8.000000e+08	7.164883e+12	0.000000e+00	5.524475e-01	1.472161e+14	3.300456e+14	1.187957e+14	7.799348e+03	3.361979e+03	1.976839e+03	0	6.636525e-04
8.100000e+08	7.051122e+12	0.000000e+00	5.524475e-01	1.452032e+14	3.266359e+14	1.182396e+14	7.781199e+03	3.358451e+03	1.974764e+03	0	6.601214e-04
8.200000e+08	6.940063e+12	0.000000e+00	5.524475e-01	1.432374e+14	3.232975e+14	1.176873e+14	7.763296e+03	3.354969e+03	1.972717e+03	0	6.566373e-04
8.300000e+08	6.831616e+12	0.000000e+00	5.524475e-01	1.413174e+14	3.200283e+14	1.171389e+14	7.745635e+03	3.351531e+03	1.970695e+03	0	6.531990e-04
8.400000e+08	6.725697e+12	0.000000e+00	5.524475e-01	1.394415e+14	3.168260e+14	1.165942e+14	7.728210e+03	3.348137e+03	1.968700e+03	0	6.498056e-04
8.500000e+08	6.622222e+12	0.000000e+00	5.524475e-01	1.376085e+14	3.136885e+14	1.160533e+14	7.711014e+03	3.344786e+03	1.966729e+03	0	6.464560e-04
8.600000e+08	6.521114e+12	0.000000e+00	5.524475e-01	1.358168e+14	3.106139e+14	1.155161e+14	7.694044e+03	3.341476e+03	1.964783e+03	0	6.431491e-04
8.700000e+08	6.422297e+12	0.000000e+00	5.524475e-01	1.340653e+14	3.076003e+14	1.149827e+14	7.677294e+03	3.338207e+03	1.962861e+03	0	6.398839e-04
8.800000e+08	6.325698e+12	0.000000e+00	5.524475e-01	1.323525e+14	3.046457e+14	1.144529e+14	7.660759e+03	3.334978e+03	1.960962e+03	0	6.366595e-04
8.900000e+08	6.231249e+12	0.000000e+00	5.524475e-01	1.306774e+14	3.017486e+14	1.139267e+14	7.644434e+03	3.331787e+03	1.959086e+03	0	6.334749e-04
9.000000e+08	6.138882e+12	0.000000e+00	5.524475e-01	1.290387e+14	2.989070e+14	1.134041e+14	7.628315e+03	3.328634e+03	1.957232e+03	0	6.303293e-04
9.100000e+08	6.048533e+12	0.000000e+00	5.524475e-01	1.274354e+14	2.961195e+14	1.128852e+14	7.612397e+03	3.325518e+03	1.955400e+03	0	6.272217e-04
9.200000e+08	5.960141e+12	0.000000e+00	5.524475e-01	1.258664e+14	2.933845e+14	1.123697e+14	7.596676e+03	3.322439e+03	1.953589e+03	0	6.241513e-04
9.300000e+08	5.873648e+12	0.000000e+00	5.524475e-01	1.243306e+14	2.907004e+14	1.118579e+14	7.581148e+03	3.319395e+03	1.951799e+03	0	6.211174e-04
9.400000e+08	5.788995e+12	0.000000e+00	5.524475e-01	1.228270e+14	2.880658e+14	1.113495e+14	7.565809e+03	3.316386e+03	1.950030e+03	0	6.181190e-04
9.500000e+08	5.706128e+12	0.000000e+00	5.524475e-01	1.213548e+14	2.854794e+14	1.108445e+14	7.550654e+03	3.313410e+03	1.948280e+03	0	6.151555e-04
9.600000e+08	5.624995e+12	0.000000e+00	5.524475e-01	1.199130e+14	2.829397e+14	1.103431e+14	7.535680e+03	3.310468e+03	1.946550e+03	0	6.122260e-04
9.700000e+08	5.545546e+12	0.000000e+00	5.524475e-01	1.185006e+14	2.804455e+14	1.098450e+14	7.520883e+03	3.307559e+03	1.944840e+03	0	6.093299e-04
9.800000e+08	5.467731e+12	0.000000e+00	5.524475e-01	1.171169e+14	2.779955e+14	1.093503e+14	7.506260e+03	3.304681e+03	1.943148e+03	0	6.064664e-04
9.900000e+08	5.391503e+12	0.000000e+00	5.524475e-01	1.157610e+14	2.755886e+14	1.088590e+14	7.491807e+03	3.301835e+03	1.941474e+03	0	6.036349e-04
1.000000e+09	5.316817e+12	0.000000e+00	5.524475e-01	1.144322e+14	2.732235e+14	1.083710e+14	7.477521e+03	3.299019e+03	1.939818e+03	0	6.008347e-04
1.010000e+09	5.243631e+12	0.000000e+00	5.524475e-01	1.131297e+14	2.708992e+14	1.078863e+14	7.463398e+03	3.296233e+03	1.938180e+03	0	5.980651e-04
1.020000e+09	5.171901e+12	0.000000e+00	5.524475e-01	1.118527e+14	2.686146e+14	1.074050e+14	7.449435e+03	3.293476e+03	1.936559e+03	0	5.953255e-04
1.030000e+09	5.101588e+12	0.000000e+00	5.524475e-01	1.106006e+14	2.663687e+14	1.069268e+14	7.435629e+03	3.290749e+03	1.934955e+03	0	5.926153e-04
1.040000e+09	5.032651e+12	0.000000e+00	5.524475e-01	1.093726e+14	2.641604e+14	1.064519e+14	7.421978e+03	3.288049e+03	1.933368e+03	0	5.899339e-04
1.050000e+09	4.965055e+12	0.000000e+00	5.524475e-01	1.081682e+14	2.619888e+14	1.059802e+14	7.408477e+03	3.285377e+03	1.931797e+03	0	5.872807e-04
1.060000e+09	4.898761e+12	0.000000e+00	5.524475e-01	1.069866e+14	2.598529e+14	1.055117e+14	7.395124e+03	3.282732e+03	1.930242e+03	0	5.846552e-04
1.070000e+09	4.833736e+12	0.000000e+00	5.524475e-01	1.058273e+14	2.577519e+14	1.050464e+14	7.381916e+03	3.280114e+03	1.928702e+03	0	5.820568e-04
1.080000e+09	4.769946e+12	0.000000e+00	5.524475e-01	1.046897e+14	2.556848e+14	1.045842e+14	7.368852e+03	3.277521e+03	1.927178e+03	0	5.794850e-04
1.090000e+09	4.707356e+12	0.000000e+00	5.524475e-01	1.035732e+14	2.536509e+14	1.041250e+14	7.355927e+03	3.274955e+03	1.925668e+03	0	5.769392e-04
1.100000e+09	4.645937e+12	0.000000e+00	5.524475e-01	1.024772e+14	2.516492e+14	1.036690e+14	7.343139e+03	3.272413e+03	1.924174e+03	0	5.744191e-04
1.110000e+09	4.585658e+12	0.000000e+00	5.524475e-01	1.014012e+14	2.496791e+14	1.032160e+14	7.330486e+03	3.269896e+03	1.922694e+03	0	5.719239e-04
1.120000e+09	4.526488e+12	0.000000e+00	5.524475e-01	1.003448e+14	2.477398e+14	1.027661e+14	7.317966e+03	3.267403e+03	1.921228e+03	0	5.694534e-04
1.130000e+09	4.468400e+12	0.000000e+00	5.524475e-01	9.930733e+13	2.458305e+14	1.023192e+14	7.305575e+03	3.264934e+03	1.919776e+03	0	5.670070e-04
1.140000e+09	4.411365e+12	0.000000e+00	5.524475e-01	9.828841e+13	2.439505e+14	1.018752e+14	7.293313e+03	3.262488e+03	1.918338e+03	0	5.645842e-04
1.150000e+09	4.355358e+12	0.000000e+00	5.524475e-01	9.728754e+13	2.420991e+14	1.014342e+14	7.281175e+03	3.260065e+03	1.916913e+03	0	5.621847e-04
1.160000e+09	4.300352e+12	0.000000e+00	5.524475e-01	9.630428e+13	2.402756e+14	1.009962e+14	7.269161e+03	3.257664e+03	1.915502e+03	0	5.598079e-04
1.170000e+09	4.246322e+12	0.000000e+00	5.524475e-01	9.533819e+13	2.384795e+14	1.005611e+14	7.257268e+03	3.255285e+03	1.914103e+03	0	5.574536e-04
1.180000e+09	4.193244e+12	0.000000e+00	5.524475e-01	9.438884e+13	2.367100e+14	1.001289e+14	7.245494e+03	3.252928e+03	1.912717e+03	0	5.551211e-04
1.190000e+09	4.141095e+12	0.000000e+00	5.524475e-01	9.345582e+13	2.349665e+14	9.969953e+13	7.233836e+03	3.250593e+03	1.911344e+03	0	5.528103e-04
1.200000e+09	4.089852e+12	0.000000e+00	5.524475e-01	9.253875e+13	2.332486e+14	9.927303e+13	7.222293e+03	3.248278e+03	1.909982e+03	0	5.505206e-04
1.210000e+09	4.039493e+12	0.000000e+00	5.524475e-01	9.163723e+13	2.315555e+14	9.884936e+13	7.210864e+03	3.245983e+03	1.908633e+03	0	5.482517e-04
1.220000e+09	3.989996e+12	0.000000e+00	5.524475e-01	9.075090e+13	2.298868e+14	9.842850e+13	7.199545e+03	3.243709e+03	1.907296e+03	0	5.460032e-04
1.230000e+09	3.941342e+12	0.000000e+00	5.524475e-01	8.987938e+13	2.282419e+14	9.801042e+13	7.188335e+03	3.241455e+03	1.905971e+03	0	5.437748e-04
1.240000e+09	3.893509e+12	0.000000e+00	5.524475e-01	8.902234e+13	2.266202e+14	9.759510e+13	7.177233e+03	3.239220e+03	1.904656e+03	0	5.415661e-04
1.250000e+09	3.846479e+12	0.000000e+00	5.524475e-01	8.817943e+13	2.250213e+14	9.718253e+13	7.166236e+03	3.237004e+03	1.903354e+03	0	5.393767e-04
1.260000e+09	3.800233e+12	0.000000e+00	5.524475e-01	8.735033e+13	2.234447e+14	9.677268e+13	7.155343e+03	3.234807e+03	1.902062e+03	0	5.372063e-04
1.270000e+09	3.754752e+12	0.000000e+00	5.524475e-01	8.653471e+13	2.218899e+14	9.636552e+13	7.144552e+03	3.232629e+03	1.900781e+03	0	5.350547e-04
1.280000e+09	3.710020e+12	0.000000e+00	5.524475e-01	8.573226e+13	2.203565e+14	9.596105e+13	7.133861e+03	3.230469e+03	1.899511e+03	0	5.329214e-04
1.290000e+09	3.666018e+12	0.000000e+00	5.524475e-01	8.494269e+13	2.188439e+14	9.555923e+13	7.123270e+03	3.228326e+03	1.898251e+03	0	5.308061e-04
1.300000e+09	3.622729e+12	0.000000e+00	5.524475e-01	8.416570e+13	2.173517e+14	9.516005e+13	7.112775e+03	3.226202e+03	1.897002e+03	0	5.287086e-04
1.310000e+09	3.580139e+12	0.000000e+00	5.524475e-01	8.340101e+13	2.158796e+14	9.476349e+13	7.102376e+03	3.224095e+03	1.895763e+03	0	5.266285e-04
1.320000e+09	3.538231e+12	0.000000e+00	5.524475e-01	8.264835e+13	2.144271e+14	9.436953e+13	7.092072e+03	3.222004e+03	1.894534e+03	0	5.245656e-04
1.330000e+09	3.496990e+12	0.000000e+00	5.524475e-01	8.190744e+13	2.129938e+14	9.397814e+13	7.081860e+03	3.219931e+03	1.893315e+03	0	5.225195e-04
1.340000e+09	3.456400e+12	0.000000e+00	5.524475e-01	8.117803e+13	2.115793e+14	9.358931e+13	7.071739e+03	3.217874e+03	1.892105e+03	0	5.204900e-04
1.350000e+09	3.416448e+12	0.000000e+00	5.524475e-01	8.045987e+13	2.101833e+14	9.320301e+13	7.061708e+03	3.215833e+03	1.890905e+03	0	5.184768e-04
1.360000e+09	3.377120e+12	0.000000e+00	5.524475e-01	7.975270e+13	2.088053e+14	9.281923e+13	7.051766e+03	3.213809e+03	1.889715e+03	0	5.164797e-04
1.370000e+09	3.338402e+12	0.000000e+00	5.524475e-01	7.905630e+13	2.074450e+14	9.243796e+13	7.041911e+03	3.211800e+03	1.888533e+03	0	5.144983e-04
1.380000e+09	3.300281e+12	0.000000e+00	5.524475e-01	7.837043e+13	2.061021e+14	9.205916e+13	7.032141e+03	3.209806e+03	1.887361e+03	0	5.125324e-04
1.390000e+09	3.262743e+12	0.000000e+00	5.524475e-01	7.769487e+13	2.047761e+14	9.168282e+13	7.022457e+03	3.207828e+03	1.886198e+03	0	5.105818e-04
1.400000e+09	3.225777e+12	0.000000e+00	5.524475e-01	7.702939e+13	2.034669e+14	9.130892e+13	7.012855e+03	3.205865e+03	1.885044e+03	0	5.086462e-04
1.410000e+09	3.189370e+12	0.000000e+00	5.524475e-01	7.637379e+13	2.021740e+14	9.093745e+13	7.003335e+03	3.203917e+03	1.883899e+03	0	5.067254e-04
1.420000e+09	3.153511e+12	0.000000e+00	5.524475e-01	7.572785e+13	2.008972e+14	9.056838e+13	6.993896e+03	3.201984e+03	1.882762e+03	0	5.048192e-04
1.430000e+09	3.118188e+12	0.000000e+00	5.524475e-01	7.509138e+13	1.996361e+14	9.020169e+13	6.984537e+03	3.200065e+03	1.881633e+03	0	5.029272e-04
1.440000e+09	3.083389e+12	0.000000e+00	5.524475e-01	7.446418e+13	1.983904e+14	8.983738e+13	6.975256e+03	3.198160e+03	1.880513e+03	0	5.010493e-04
1.450000e+09	3.049104e+12	0.000000e+00	5.524475e-01	7.384606e+13	1.971599e+14	8.947541e+13	6.966053e+03	3.196269e+03	1.879401e+03	0	4.991853e-04
1.460000e+09	3.015323e+12	0.000000e+00	5.524475e-01	7.323683e+13	1.959442e+14	8.911578e+13	6.956925e+03	3.194391e+03	1.878297e+03	0	4.973350e-04
1.470000e+09	2.982035e+12	0.000000e+00	5.524475e-01	7.263631e+13	1.947432e+14	8.875845e+13	6.947873e+03	3.192528e+03	1.877201e+03	0	4.954981e-04
1.480000e+09	2.949229e+12	0.000000e+00	5.524475e-01	7.204433e+13	1.935564e+14	8.840343e+13	6.938895e+03	3.190677e+03	1.876114e+03	0	4.936743e-04
1.490000e+09	2.916897e+12	0.000000e+00	5.524475e-01	7.146071e+13	1.923837e+14	8.805068e+13	6.929989e+03	3.188840e+03	1.875033e+03	0	4.918637e-04
1.500000e+09	2.885028e+12	0.000000e+00	5.524475e-01	7.088529e+13	1.912248e+14	8.770020e+13	6.921156e+03	3.187016e+03	1.873961e+03	0	4.900658e-04
1.510000e+09	2.853613e+12	0.000000e+00	5.524475e-01	7.031791e+13	1.900795e+14	8.735196e+13	6.912394e+03	3.185205e+03	1.872896e+03	0	4.882806e-04
1.520000e+09	2.822644e+12	0.000000e+00	5.524475e-01	6.975839e+13	1.889475e+14	8.700594e+13	6.903701e+03	3.183406e+03	1.871838e+03	0	4.865077e-04
1.530000e+09	2.792111e+12	0.000000e+00	5.524475e-01	6.920660e+13	1.878285e+14	8.666214e+13	6.895078e+03	3.181620e+03	1.870788e+03	0	4.847472e-04
1.540000e+09	2.762006e+12	0.000000e+00	5.524475e-01	6.866238e+13	1.867224e+14	8.632053e+13	6.886522e+03	3.179846e+03	1.869745e+03	0	4.829987e-04
1.550000e+09	2.732321e+12	0.000000e+00	5.524475e-01	6.812559e+13	1.856289e+14	8.598109e+13	6.878034e+03	3.178084e+03	1.868709e+03	0	4.812621e-04
1.560000e+09	2.703047e+12	0.000000e+00	5.524475e-01	6.759607e+13	1.845478e+14	8.564382e+13	6.869612e+03	3.176334e+03	1.867680e+03	0	4.795371e-04
1.570000e+09	2.674176e+12	0.000000e+00	5.524475e-01	6.707369e+13	1.834789e+14	8.530869e+13	6.861255e+03	3.174596e+03	1.866658e+03	0	4.778237e-04
1.580000e+09	2.645701e+12	0.000000e+00	5.524475e-01	6.655832e+13	1.824219e+14	8.497569e+13	6.852962e+03	3.172870e+03	1.865643e+03	0	4.761217e-04
1.590000e+09	2.617613e+12	0.000000e+00	5.524475e-01	6.604981e+13	1.813767e+14	8.464480e+13	6.844733e+03	3.171155e+03	1.864635e+03	0	4.744308e-04
1.600000e+09	2.589907e+12	0.000000e+00	5.524475e-01	6.554805e+13	1.803431e+14	8.431600e+13	6.836567e+03	3.169452e+03	1.863633e+03	0	4.727510e-04
1.610000e+09	2.562574e+12	0.000000e+00	5.524475e-01	6.505291e+13	1.793208e+14	8.398929e+13	6.828462e+03	3.167759e+03	1.862638e+03	0	4.710820e-04
1.620000e+09	2.535607e+12	0.000000e+00	5.524475e-01	6.456425e+13	1.783097e+14	8.366464e+13	6.820419e+03	3.166078e+03	1.861649e+03	0	4.694237e-04
1.630000e+09	2.509000e+12	0.000000e+00	5.524475e-01	6.408197e+13	1.773096e+14	8.334204e+13	6.812436e+03	3.164407e+03	1.860667e+03	0	4.677760e-04
1.640000e+09	2.482745e+12	0.000000e+00	5.524475e-01	6.360593e+13	1.763203e+14	8.302147e+13	6.804512e+03	3.162748e+03	1.859691e+03	0	4.661387e-04
1.650000e+09	2.456837e+12	0.000000e+00	5.524475e-01	6.313604e+13	1.753416e+14	8.270292e+13	6.796648e+03	3.161099e+03	1.858721e+03	0	4.645116e-04
1.660000e+09	2.431269e+12	0.000000e+00	5.524475e-01	6.267218e+13	1.743733e+14	8.238637e+13	6.788841e+03	3.159460e+03	1.857758e+03	0	4.628946e-04
1.670000e+09	2.406035e+12	0.000000e+00	5.524475e-01	6.221423e+13	1.734154e+14	8.207181e+13	6.781091e+03	3.157832e+03	1.856800e+03	0	4.612875e-04
1.680000e+09	2.381128e+12	0.000000e+00	5.524475e-01	6.176209e+13	1.724676e+14	8.175922e+13	6.773398e+03	3.156214e+03	1.855849e+03	0	4.596903e-04
1.690000e+09	2.356543e+12	0.000000e+00	5.524475e-01	6.131566e+13	1.715297e+14	8.144859e+13	6.765760e+03	3.154606e+03	1.854904e+03	0	4.581027e-04
1.700000e+09	2.332274e+12	0.000000e+00	5.524475e-01	6.087483e+13	1.706016e+14	8.113990e+13	6.758178e+03	3.153008e+03	1.853964e+03	0	4.565247e-04
1.710000e+09	2.308315e+12	0.000000e+00	5.524475e-01	6.043950e+13	1.696831e+14	8.083315e+13	6.750650e+03	3.151420e+03	1.853030e+03	0	4.549560e-04
1.720000e+09	2.284661e+12	0.000000e+00	5.524475e-01	6.000959e+13	1.687741e+14	8.052830e+13	6.743175e+03	3.149841e+03	1.852102e+03	0	4.533966e-04
1.730000e+09	2.261306e+12	0.000000e+00	5.524475e-01	5.958498e+13	1.678745e+14	8.022536e+13	6.735754e+03	3.148273e+03	1.851180e+03	0	4.518464e-04
1.740000e+09	2.238245e+12	0.000000e+00	5.524475e-01	5.916560e+13	1.669840e+14	7.992430e+13	6.728385e+03	3.146713e+03	1.850263e+03	0	4.503051e-04
1.750000e+09	2.215473e+12	0.000000e+00	5.524475e-01	5.875134e+13	1.661026e+14	7.962512e+13	6.721068e+03	3.145163e+03	1.849351e+03	0	4.487728e-04
1.760000e+09	2.192984e+12	0.000000e+00	5.524475e-01	5.834212e+13	1.652301e+14	7.932779e+13	6.713802e+03	3.143623e+03	1.848445e+03	0	4.472492e-04
1.770000e+09	2.170775e+12	0.000000e+00	5.524475e-01	5.793785e+13	1.643664e+14	7.903230e+13	6.706586e+03	3.142091e+03	1.847545e+03	0	4.457342e-04
1.780000e+09	2.148839e+12	0.000000e+00	5.524475e-01	5.753845e+13	1.635113e+14	7.873865e+13	6.699421e+03	3.140569e+03	1.846650e+03	0	4.442278e-04
1.790000e+09	2.127173e+12	0.000000e+00	5.524475e-01	5.714384e+13	1.626647e+14	7.844681e+13	6.692304e+03	3.139055e+03	1.845760e+03	0	4.427297e-04
1.800000e+09	2.105771e+12	0.000000e+00	5.524475e-01	5.675393e+13	1.618265e+14	7.815678e+13	6.685237e+03	3.137550e+03	1.844875e+03	0	4.412399e-04
1.810000e+09	2.084630e+12	0.000000e+00	5.524475e-01	5.636864e+13	1.609965e+14	7.786853e+13	6.678217e+03	3.136054e+03	1.843995e+03	0	4.397583e-04
1.820000e+09	2.063744e+12	0.000000e+00	5.524475e-01	5.598790e+13	1.601746e+14	7.758206e+13	6.671245e+03	3.134567e+03	1.843121e+03	0	4.382848e-04
1.830000e+09	2.043110e+12	0.000000e+00	5.524475e-01	5.561163e+13	1.593608e+14	7.729735e+13	6.664320e+03	3.133088e+03	1.842251e+03	0	4.368191e-04
1.840000e+09	2.022723e+12	0.000000e+00	5.524475e-01	5.523976e+13	1.585548e+14	7.701440e+13	6.657441e+03	3.131618e+03	1.841387e+03	0	4.353614e-04
1.850000e+09	2.002580e+12	0.000000e+00	5.524475e-01	5.487221e+13	1.577566e+14	7.673318e+13	6.650609e+03	3.130156e+03	1.840527e+03	0	4.339113e-04
1.860000e+09	1.982675e+12	0.000000e+00	5.524475e-01	5.450891e+13	1.569661e+14	7.645368e+13	6.643821e+03	3.128702e+03	1.839672e+03	0	4.324689e-04
1.870000e+09	1.963005e+12	0.000000e+00	5.524475e-01	5.414979e+13	1.561831e+14	7.617590e+13	6.637079e+03	3.127257e+03	1.838822e+03	0	4.310340e-04
1.880000e+09	1.943567e+12	0.000000e+00	5.524475e-01	5.379479e+13	1.554076e+14	7.589982e+13	6.630380e+03	3.125819e+03	1.837977e+03	0	4.296065e-04
1.890000e+09	1.924356e+12	0.000000e+00	5.524475e-01	5.344383e+13	1.546393e+14	7.562542e+13	6.623726e+03	3.124389e+03	1.837136e+03	0	4.281864e-04
1.900000e+09	1.905368e+12	0.000000e+00	5.524475e-01	5.309686e+13	1.538783e+14	7.535269e+13	6.617115e+03	3.122968e+03	1.836300e+03	0	4.267734e-04
1.910000e+09	1.886601e+12	0.000000e+00	5.524475e-01	5.275381e+13	1.531245e+14	7.508163e+13	6.610546e+03	3.121554e+03	1.835469e+03	0	4.253676e-04
1.920000e+09	1.868050e+12	0.000000e+00	5.524475e-01	5.241461e+13	1.523776e+14	7.481222e+13	6.604021e+03	3.120148e+03	1.834642e+03	0	4.239688e-04
1.930000e+09	1.849713e+12	0.000000e+00	5.524475e-01	5.207920e+13	1.516377e+14	7.454444e+13	6.597536e+03	3.118749e+03	1.833820e+03	0	4.225770e-04
1.940000e+09	1.831585e+12	0.000000e+00	5.524475e-01	5.174753e+13	1.509046e+14	7.427829e+13	6.591094e+03	3.117358e+03	1.833002e+03	0	4.211919e-04
1.950000e+09	1.813663e+12	0.000000e+00	5.524475e-01	5.141953e+13	1.501782e+14	7.401375e+13	6.584692e+03	3.115974e+03	1.832188e+03	0	4.198137e-04
1.960000e+09	1.795944e+12	0.000000e+00	5.524475e-01	5.109515e+13	1.494585e+14	7.375081e+13	6.578331e+03	3.114598e+03	1.831379e+03	0	4.184420e-04
1.970000e+09	1.778425e+12	0.000000e+00	5.524475e-01	5.077433e+13	1.487453e+14	7.348946e+13	6.572010e+03	3.113230e+03	1.830574e+03	0	4.170770e-04
1.980000e+09	1.761103e+12	0.000000e+00	5.524475e-01	5.045702e+13	1.480385e+14	7.322969e+13	6.565728e+03	3.111868e+03	1.829774e+03	0	4.157184e-04
1.990000e+09	1.743974e+12	0.000000e+00	5.524475e-01	5.014315e+13	1.473382e+14	7.297149e+13	6.559485e+03	3.110514e+03	1.828977e+03	0	4.143663e-04
2.000000e+09	1.727036e+12	0.000000e+00	5.524475e-01	4.983269e+13	1.466441e+14	7.271484e+13	6.553282e+03	3.109166e+03	1.828185e+03	0	4.130204e-04
2.010000e+09	1.710285e+12	0.000000e+00	5.524475e-01	4.952557e+13	1.459562e+14	7.245973e+13	6.547116e+03	3.107826e+03	1.827397e+03	0	4.116808e-04
2.020000e+09	1.693720e+12	0.000000e+00	5.524475e-01	4.922174e+13	1.452744e+14	7.220615e+13	6.540989e+03	3.106492e+03	1.826613e+03	0	4.103473e-04
2.030000e+09	1.677336e+12	0.000000e+00	5.524475e-01	4.892116e+13	1.445987e+14	7.195410e+13	6.534899e+03	3.105166e+03	1.825833e+03	0	4.090199e-04
2.040000e+09	1.661131e+12	0.000000e+00	5.524475e-01	4.862378e+13	1.439289e+14	7.170356e+13	6.528846e+03	3.103846e+03	1.825057e+03	0	4.076984e-04
2.050000e+09	1.645102e+12	0.000000e+00	5.524475e-01	4.832954e+13	1.432650e+14	7.145451e+13	6.522830e+03	3.102533e+03	1.824285e+03	0	4.063829e-04
2.060000e+09	1.629248e+12	0.000000e+00	5.524475e-01	4.803840e+13	1.426069e+14	7.120695e+13	6.516850e+03	3.101227e+03	1.823517e+03	0	4.050731e-04
2.070000e+09	1.613564e+12	0.000000e+00	5.524475e-01	4.775032e+13	1.419545e+14	7.096087e+13	6.510906e+03	3.099927e+03	1.822753e+03	0	4.037691e-04
2.080000e+09	1.598049e+12	0.000000e+00	5.524475e-01	4.746524e+13	1.413077e+14	7.071626e+13	6.504998e+03	3.098634e+03	1.821992e+03	0	4.024708e-04
2.090000e+09	1.582700e+12	0.000000e+00	5.524475e-01	4.718313e+13	1.406665e+14	7.047310e+13	6.499125e+03	3.097347e+03	1.821236e+03	0	4.011781e-04
2.100000e+09	1.567514e+12	0.000000e+00	5.524475e-01	4.690393e+13	1.400308e+14	7.023139e+13	6.493287e+03	3.096067e+03	1.820483e+03	0	3.998909e-04
2.110000e+09	1.552490e+12	0.000000e+00	5.524475e-01	4.662762e+13	1.394006e+14	6.999111e+13	6.487483e+03	3.094793e+03	1.819734e+03	0	3.986092e-04
2.120000e+09	1.537624e+12	0.000000e+00	5.524475e-01	4.635414e+13	1.387757e+14	6.975225e+13	6.481714e+03	3.093526e+03	1.818988e+03	0	3.973328e-04
2.130000e+09	1.522914e+12	0.000000e+00	5.524475e-01	4.608345e+13	1.381561e+14	6.951481e+13	6.475978e+03	3.092264e+03	1.818247e+03	0	3.960617e-04
2.140000e+09	1.508359e+12	0.000000e+00	5.524475e-01	4.581552e+13	1.375417e+14	6.927877e+13	6.470275e+03	3.091009e+03	1.817509e+03	0	3.947959e-04
2.150000e+09	1.493955e+12	0.000000e+00	5.524475e-01	4.555030e+13	1.369325e+14	6.904413e+13	6.464606e+03	3.089760e+03	1.816774e+03	0	3.935352e-04
2.160000e+09	1.479701e+12	0.000000e+00	5.524475e-01	4.528776e+13	1.363284e+14	6.881087e+13	6.458969e+03	3.088517e+03	1.816043e+03	0	3.922796e-04
2.170000e+09	1.465595e+12	0.000000e+00	5.524475e-01	4.502785e+13	1.357293e+14	6.857898e+13	6.453365e+03	3.087280e+03	1.815316e+03	0	3.910290e-04
2.180000e+09	1.451633e+12	0.000000e+00	5.524475e-01	4.477054e+13	1.351352e+14	6.834845e+13	6.447793e+03	3.086048e+03	1.814592e+03	0	3.897834e-04
2.190000e+09	1.437815e+12	0.000000e+00	5.524475e-01	4.451579e+13	1.345460e+14	6.811928e+13	6.442253e+03	3.084823e+03	1.813871e+03	0	3.885427e-04
2.200000e+09	1.424139e+12	0.000000e+00	5.524475e-01	4.426357e+13	1.339616e+14	6.789146e+13	6.436744e+03	3.083604e+03	1.813154e+03	0	3.873068e-04
2.210000e+09	1.410601e+12	0.000000e+00	5.524475e-01	4.401384e+13	1.333820e+14	6.766496e+13	6.431266e+03	3.082390e+03	1.812441e+03	0	3.860757e-04
2.220000e+09	1.397201e+12	0.000000e+00	5.524475e-01	4.376657e+13	1.328072e+14	6.743979e+13	6.425819e+03	3.081182e+03	1.811730e+03	0	3.848493e-04
2.230000e+09	1.383936e+12	0.000000e+00	5.524475e-01	4.352172e+13	1.322370e+14	6.721594e+13	6.420403e+03	3.079980e+03	1.811023e+03	0	3.836275e-04
2.240000e+09	1.370804e+12	0.000000e+00	5.524475e-01	4.327925e+13	1.316714e+14	6.699339e+13	6.415017e+03	3.078783e+03	1.810320e+03	0	3.824102e-04
2.250000e+09	1.357804e+12	0.000000e+00	5.524475e-01	4.303914e+13	1.311104e+14	6.677214e+13	6.409661e+03	3.077592e+03	1.809619e+03	0	3.811975e-04
2.260000e+09	1.344934e+12	0.000000e+00	5.524475e-01	4.280135e+13	1.305539e+14	6.655217e+13	6.404334e+03	3.076406e+03	1.808922e+03	0	3.799893e-04
2.270000e+09	1.332191e+12	0.000000e+00	5.524475e-01	4.256586e+13	1.300019e+14	6.633348e+13	6.399037e+03	3.075226e+03	1.808228e+03	0	3.787854e-04
2.280000e+09	1.319575e+12	0.000000e+00	5.524475e-01	4.233262e+13	1.294542e+14	6.611607e+13	6.393769e+03	3.074051e+03	1.807537e+03	0	3.775858e-04
2.290000e+09	1.307083e+12	0.000000e+00	5.524475e-01	4.210161e+13	1.289109e+14	6.589991e+13	6.388530e+03	3.072882e+03	1.806850e+03	0	3.763906e-04
2.300000e+09	1.294713e+12	0.000000e+00	5.524475e-01	4.187280e+13	1.283719e+14	6.568500e+13	6.383320e+03	3.071718e+03	1.806165e+03	0	3.751995e-04
2.310000e+09	1.282465e+12	0.000000e+00	5.524475e-01	4.164616e+13	1.278372e+14	6.547133e+13	6.378137e+03	3.070559e+03	1.805484e+03	0	3.740126e-04
2.320000e+09	1.270336e+12	0.000000e+00	5.524475e-01	4.142165e+13	1.273066e+14	6.525889e+13	6.372983e+03	3.069405e+03	1.804806e+03	0	3.728298e-04
2.330000e+09	1.258325e+12	0.000000e+00	5.524475e-01	4.119926e+13	1.267802e+14	6.504768e+13	6.367856e+03	3.068257e+03	1.804131e+03	0	3.716510e-04
2.340000e+09	1.246429e+12	0.000000e+00	5.524475e-01	4.097895e+13	1.262579e+14	6.483768e+13	6.362757e+03	3.067114e+03	1.803458e+03	0	3.704762e-04
2.350000e+09	1.234649e+12	0.000000e+00	5.524475e-01	4.076070e+13	1.257396e+14	6.462889e+13	6.357685e+03	3.065976e+03	1.802789e+03	0	3.693053e-04
2.360000e+09	1.222981e+12	0.000000e+00	5.524475e-01	4.054447e+13	1.252254e+14	6.442130e+13	6.352640e+03	3.064842e+03	1.802123e+03	0	3.681383e-04
2.370000e+09	1.211426e+12	0.000000e+00	5.524475e-01	4.033024e+13	1.247150e+14	6.421490e+13	6.347622e+03	3.063714e+03	1.801459e+03	0	3.669751e-04
2.380000e+09	1.199980e+12	0.000000e+00	5.524475e-01	4.011799e+13	1.242087e+14	6.400968e+13	6.342630e+03	3.062591e+03	1.800799e+03	0	3.658157e-04
2.390000e+09	1.188642e+12	0.000000e+00	5.524475e-01	3.990769e+13	1.237061e+14	6.380563e+13	6.337664e+03	3.061473e+03	1.800142e+03	0	3.646600e-04
2.400000e+09	1.177412e+12	0.000000e+00	5.524475e-01	3.969931e+13	1.232075e+14	6.360274e+13	6.332725e+03	3.060360e+03	1.799487e+03	0	3.635080e-04
2.410000e+09	1.166288e+12	0.000000e+00	5.524475e-01	3.949283e+13	1.227125e+14	6.340101e+13	6.327811e+03	3.059251e+03	1.798835e+03	0	3.623595e-04
2.420000e+09	1.155268e+12	0.000000e+00	5.524475e-01	3.928823e+13	1.222214e+14	6.320043e+13	6.322923e+03	3.058148e+03	1.798186e+03	0	3.612146e-04
2.430000e+09	1.144351e+12	0.000000e+00	5.524475e-01	3.908547e+13	1.217339e+14	6.300099e+13	6.318060e+03	3.057049e+03	1.797540e+03	0	3.600732e-04
2.440000e+09	1.133536e+12	0.000000e+00	5.524475e-01	3.888454e+13	1.212501e+14	6.280268e+13	6.313221e+03	3.055955e+03	1.796897e+03	0	3.589353e-04
2.450000e+09	1.122821e+12	0.000000e+00	5.524475e-01	3.868542e+13	1.207699e+14	6.260549e+13	6.308408e+03	3.054865e+03	1.796256e+03	0	3.578007e-04
2.460000e+09	1.112205e+12	0.000000e+00	5.524475e-01	3.848807e+13	1.202933e+14	6.240942e+13	6.303620e+03	3.053780e+03	1.795618e+03	0	3.566695e-04
2.470000e+09	1.101687e+12	0.000000e+00	5.524475e-01	3.829248e+13	1.198202e+14	6.221445e+13	6.298856e+03	3.052700e+03	1.794983e+03	0	3.555417e-04
2.480000e+09	1.091266e+12	0.000000e+00	5.524475e-01	3.809863e+13	1.193507e+14	6.202059e+13	6.294115e+03	3.051624e+03	1.794351e+03	0	3.544170e-04
2.490000e+09	1.080940e+12	0.000000e+00	5.524475e-01	3.790649e+13	1.188845e+14	6.182782e+13	6.289399e+03	3.050553e+03	1.793721e+03	0	3.532956e-04
2.500000e+09	1.070708e+12	0.000000e+00	5.524475e-01	3.771604e+13	1.184219e+14	6.163613e+13	6.284707e+03	3.049487e+03	1.793094e+03	0	3.521773e-04
2.510000e+09	1.060568e+12	0.000000e+00	5.524475e-01	3.752726e+13	1.179626e+14	6.144552e+13	6.280038e+03	3.048424e+03	1.792469e+03	0	3.510621e-04
2.520000e+09	1.050521e+12	0.000000e+00	5.524475e-01	3.734014e+13	1.175066e+14	6.125598e+13	6.275393e+03	3.047367e+03	1.791847e+03	0	3.499500e-04
2.530000e+09	1.040564e+12	0.000000e+00	5.524475e-01	3.715464e+13	1.170540e+14	6.106750e+13	6.270770e+03	3.046313e+03	1.791228e+03	0	3.488409e-04
2.540000e+09	1.030697e+12	0.000000e+00	5.524475e-01	3.697075e+13	1.166046e+14	6.088008e+13	6.266171e+03	3.045264e+03	1.790611e+03	0	3.477347e-04
2.550000e+09	1.020918e+12	0.000000e+00	5.524475e-01	3.678845e+13	1.161585e+14	6.069370e+13	6.261594e+03	3.044220e+03	1.789997e+03	0	3.466315e-04
2.560000e+09	1.011226e+12	0.000000e+00	5.524475e-01	3.660773e+13	1.157156e+14	6.050836e+13	6.257040e+03	3.043179e+03	1.789385e+03	0	3.455311e-04
2.570000e+09	1.001620e+12	0.000000e+00	5.524475e-01	3.642855e+13	1.152759e+14	6.032406e+13	6.252508e+03	3.042143e+03	1.788776e+03	0	3.444336e-04
2.580000e+09	9.921000e+11	0.000000e+00	5.524475e-01	3.625090e+13	1.148393e+14	6.014078e+13	6.247999e+03	3.041111e+03	1.788169e+03	0	3.433388e-04
2.590000e+09	9.826635e+11	0.000000e+00	5.524475e-01	3.607477e+13	1.144059e+14	5.995852e+13	6.243511e+03	3.040084e+03	1.787565e+03	0	3.422467e-04
2.600000e+09	9.733101e+11	0.000000e+00	5.524475e-01	3.590014e+13	1.139755e+14	5.977727e+13	6.239045e+03	3.039060e+03	1.786963e+03	0	3.411574e-04
2.610000e+09	9.640386e+11	0.000000e+00	5.524475e-01	3.572698e+13	1.135482e+14	5.959702e+13	6.234600e+03	3.038041e+03	1.786363e+03	0	3.400707e-04
2.620000e+09	9.548482e+11	0.000000e+00	5.524475e-01	3.555528e+13	1.131238e+14	5.941777e+13	6.230177e+03	3.037025e+03	1.785766e+03	0	3.389866e-04
2.630000e+09	9.457378e+11	0.000000e+00	5.524475e-01	3.538502e+13	1.127025e+14	5.923951e+13	6.225776e+03	3.036014e+03	1.785172e+03	0	3.379050e-04
2.640000e+09	9.367065e+11	0.000000e+00	5.524475e-01	3.521619e+13	1.122841e+14	5.906223e+13	6.221395e+03	3.035007e+03	1.784579e+03	0	3.368260e-04
2.650000e+09	9.277533e+11	0.000000e+00	5.524475e-01	3.504876e+13	1.118687e+14	5.888593e+13	6.217035e+03	3.034004e+03	1.783990e+03	0	3.357494e-04
2.660000e+09	9.188772e+11	0.000000e+00	5.524475e-01	3.488273e+13	1.114561e+14	5.871060e+13	6.212696e+03	3.033004e+03	1.783402e+03	0	3.346752e-04
2.670000e+09	9.100774e+11	0.000000e+00	5.524475e-01	3.471807e+13	1.110464e+14	5.853624e+13	6.208377e+03	3.032009e+03	1.782817e+03	0	3.336034e-04
2.680000e+09	9.013530e+11	0.000000e+00	5.524475e-01	3.455477e+13	1.106395e+14	5.836282e+13	6.204079e+03	3.031018e+03	1.782234e+03	0	3.325340e-04
2.690000e+09	8.927030e+11	0.000000e+00	5.524475e-01	3.439281e+13	1.102355e+14	5.819036e+13	6.199801e+03	3.030030e+03	1.781653e+03	0	3.314668e-04
2.700000e+09	8.841265e+11	0.000000e+00	5.524475e-01	3.423218e+13	1.098342e+14	5.801884e+13	6.195543e+03	3.029047e+03	1.781075e+03	0	3.304019e-04
2.710000e+09	8.756228e+11	0.000000e+00	5.524475e-01	3.407286e+13	1.094357e+14	5.784826e+13	6.191305e+03	3.028067e+03	1.780499e+03	0	3.293392e-04
2.720000e+09	8.671909e+11	0.000000e+00	5.524475e-01	3.391484e+13	1.090398e+14	5.767861e+13	6.187086e+03	3.027091e+03	1.779925e+03	0	3.282786e-04
2.730000e+09	8.588300e+11	0.000000e+00	5.524475e-01	3.375810e+13	1.086467e+14	5.750988e+13	6.182887e+03	3.026119e+03	1.779353e+03	0	3.272202e-04
2.740000e+09	8.505393e+11	0.000000e+00	5.524475e-01	3.360263e+13	1.082563e+14	5.734207e+13	6.178707e+03	3.025150e+03	1.778784e+03	0	3.261639e-04
2.750000e+09	8.423179e+11	0.000000e+00	5.524475e-01	3.344841e+13	1.078685e+14	5.717517e+13	6.174547e+03	3.024186e+03	1.778217e+03	0	3.251096e-04
2.760000e+09	8.341651e+11	0.000000e+00	5.524475e-01	3.329542e+13	1.074833e+14	5.700917e+13	6.170406e+03	3.023225e+03	1.777652e+03	0	3.240572e-04
2.770000e+09	8.260800e+11	0.000000e+00	5.524475e-01	3.314367e+13	1.071007e+14	5.684407e+13	6.166283e+03	3.022267e+03	1.777089e+03	0	3.230069e-04
2.780000e+09	8.180620e+11	0.000000e+00	5.524475e-01	3.299312e+13	1.067207e+14	5.667987e+13	6.162179e+03	3.021314e+03	1.776528e+03	0	3.219584e-04
2.790000e+09	8.101101e+11	0.000000e+00	5.524475e-01	3.284376e+13	1.063432e+14	5.651655e+13	6.158094e+03	3.020364e+03	1.775969e+03	0	3.209118e-04
2.800000e+09	8.022237e+11	0.000000e+00	5.524475e-01	3.269559e+13	1.059682e+14	5.635411e+13	6.154028e+03	3.019417e+03	1.775413e+03	0	3.198671e-04
2.810000e+09	7.944020e+11	0.000000e+00	5.524475e-01	3.254859e+13	1.055957e+14	5.619254e+13	6.149979e+03	3.018474e+03	1.774858e+03	0	3.188241e-04
2.820000e+09	7.866443e+11	0.000000e+00	5.524475e-01	3.240275e+13	1.052257e+14	5.603184e+13	6.145949e+03	3.017535e+03	1.774306e+03	0	3.177829e-04
2.830000e+09	7.789498e+11	0.000000e+00	5.524475e-01	3.225805e+13	1.048582e+14	5.587201e+13	6.141937e+03	3.016599e+03	1.773756e+03	0	3.167434e-04
2.840000e+09	7.713178e+11	0.000000e+00	5.524475e-01	3.211448e+13	1.044930e+14	5.571303e+13	6.137943e+03	3.015667e+03	1.773208e+03	0	3.157055e-04
2.850000e+09	7.637477e+11	0.000000e+00	5.524475e-01	3.197203e+13	1.041303e+14	5.555490e+13	6.133967e+03	3.014738e+03	1.772661e+03	0	3.146693e-04
2.860000e+09	7.562387e+11	0.000000e+00	5.524475e-01	3.183068e+13	1.037699e+14	5.539762e+13	6.130008e+03	3.013813e+03	1.772117e+03	0	3.136346e-04
2.870000e+09	7.487902e+11	0.000000e+00	5.524475e-01	3.169043e+13	1.034119e+14	5.524117e+13	6.126066e+03	3.012891e+03	1.771575e+03	0	3.126015e-04
2.880000e+09	7.414014e+11	0.000000e+00	5.524475e-01	3.155126e+13	1.030562e+14	5.508556e+13	6.122142e+03	3.011972e+03	1.771035e+03	0	3.115699e-04
2.890000e+09	7.340718e+11	0.000000e+00	5.524475e-01	3.141316e+13	1.027028e+14	5.493078e+13	6.118236e+03	3.011057e+03	1.770497e+03	0	3.105398e-04
2.900000e+09	7.268006e+11	0.000000e+00	5.524475e-01	3.127612e+13	1.023517e+14	5.477681e+13	6.114346e+03	3.010145e+03	1.769961e+03	0	3.095110e-04
2.910000e+09	7.195872e+11	0.000000e+00	5.524475e-01	3.114012e+13	1.020029e+14	5.462367e+13	6.110473e+03	3.009236e+03	1.769427e+03	0	3.084837e-04
2.920000e+09	7.124310e+11	0.000000e+00	5.524475e-01	3.100516e+13	1.016563e+14	5.447133e+13	6.106617e+03	3.008331e+03	1.768894e+03	0	3.074577e-04
2.930000e+09	7.053314e+11	0.000000e+00	5.524475e-01	3.087122e+13	1.013119e+14	5.431980e+13	6.102778e+03	3.007429e+03	1.768364e+03	0	3.064330e-04
2.940000e+09	6.982877e+11	0.000000e+00	5.524475e-01	3.073830e+13	1.009698e+14	5.416907e+13	6.098955e+03	3.006531e+03	1.767836e+03	0	3.054095e-04
2.950000e+09	6.912993e+11	0.000000e+00	5.524475e-01	3.060638e+13	1.006298e+14	5.401913e+13	6.095149e+03	3.005635e+03	1.767309e+03	0	3.043872e-04
2.960000e+09	6.843656e+11	0.000000e+00	5.524475e-01	3.047545e+13	1.002920e+14	5.386999e+13	6.091359e+03	3.004743e+03	1.766785e+03	0	3.033662e-04
2.970000e+09	6.774861e+11	0.000000e+00	5.524475e-01	3.034550e+13	9.995630e+13	5.372162e+13	6.087585e+03	3.003854e+03	1.766262e+03	0	3.023462e-04
2.980000e+09	6.706601e+11	0.000000e+00	5.524475e-01	3.021653e+13	9.962275e+13	5.357404e+13	6.083827e+03	3.002968e+03	1.765741e+03	0	3.013273e-04
2.990000e+09	6.638871e+11	0.000000e+00	5.524475e-01	3.008851e+13	9.929130e+13	5.342723e+13	6.080085e+03	3.002086e+03	1.765222e+03	0	3.003095e-04
3.000000e+09	6.571664e+11	0.000000e+00	5.524475e-01	2.996144e+13	9.896194e+13	5.328118e+13	6.076359e+03	3.001206e+03	1.764705e+03	0	2.992927e-04
3.010000e+09	6.504976e+11	0.000000e+00	5.524475e-01	2.983531e+13	9.863464e+13	5.313590e+13	6.072649e+03	3.000330e+03	1.764190e+03	0	2.982769e-04
3.020000e+09	6.438801e+11	0.000000e+00	5.524475e-01	2.971012e+13	9.830939e+13	5.299138e+13	6.068954e+03	2.999457e+03	1.763676e+03	0	2.972620e-04
3.030000e+09	6.373133e+11	0.000000e+00	5.524475e-01	2.958584e+13	9.798617e+13	5.284761e+13	6.065275e+03	2.998587e+03	1.763164e+03	0	2.962480e-04
3.040000e+09	6.307968e+11	0.000000e+00	5.524475e-01	2.946248e+13	9.766495e+13	5.270458e+13	6.061611e+03	2.997720e+03	1.762655e+03	0	2.952348e-04
3.050000e+09	6.243299e+11	0.000000e+00	5.524475e-01	2.934001e+13	9.734573e+13	5.256230e+13	6.057963e+03	2.996856e+03	1.762147e+03	0	2.942224e-04
3.060000e+09	6.179121e+11	0.000000e+00	5.524475e-01	2.921844e+13	9.702848e+13	5.242076e+13	6.054329e+03	2.995995e+03	1.761640e+03	0	2.932108e-04
3.070000e+09	6.115430e+11	0.000000e+00	5.524475e-01	2.909775e+13	9.671319e+13	5.227995e+13	6.050711e+03	2.995137e+03	1.761136e+03	0	2.921999e-04
3.080000e+09	6.052220e+11	0.000000e+00	5.524475e-01	2.897793e+13	9.639984e+13	5.213986e+13	6.047108e+03	2.994282e+03	1.760633e+03	0	2.911897e-04
3.090000e+09	5.989486e+11	0.000000e+00	5.524475e-01	2.885898e+13	9.608841e+13	5.200050e+13	6.043519e+03	2.993429e+03	1.760132e+03	0	2.901801e-04
3.100000e+09	5.927223e+11	0.000000e+00	5.524475e-01	2.874089e+13	9.577888e+13	5.186186e+13	6.039945e+03	2.992580e+03	1.759633e+03	0	2.891711e-04
3.110000e+09	5.865427e+11	0.000000e+00	5.524475e-01	2.862364e+13	9.547125e+13	5.172393e+13	6.036386e+03	2.991734e+03	1.759135e+03	0	2.881626e-04
3.120000e+09	5.804092e+11	0.000000e+00	5.524475e-01	2.850723e+13	9.516548e+13	5.158671e+13	6.032841e+03	2.990891e+03	1.758639e+03	0	2.871546e-04
3.130000e+09	5.743214e+11	0.000000e+00	5.524475e-01	2.839165e+13	9.486157e+13	5.145019e+13	6.029311e+03	2.990051e+03	1.758145e+03	0	2.861471e-04
3.140000e+09	5.682788e+11	0.000000e+00	5.524475e-01	2.827690e+13	9.455950e+13	5.131437e+13	6.025794e+03	2.989213e+03	1.757653e+03	0	2.851400e-04
3.150000e+09	5.622810e+11	0.000000e+00	5.524475e-01	2.816295e+13	9.425926e+13	5.117925e+13	6.022292e+03	2.988378e+03	1.757162e+03	0	2.841333e-04
3.160000e+09	5.563274e+11	0.000000e+00	5.524475e-01	2.804981e+13	9.396082e+13	5.104482e+13	6.018805e+03	2.987547e+03	1.756673e+03	0	2.831269e-04
3.170000e+09	5.504177e+11	0.000000e+00	5.524475e-01	2.793747e+13	9.366417e+13	5.091107e+13	6.015331e+03	2.986718e+03	1.756186e+03	0	2.821208e-04
3.180000e+09	5.445513e+11	0.000000e+00	5.524475e-01	2.782592e+13	9.336930e+13	5.077800e+13	6.011871e+03	2.985892e+03	1.755700e+03	0	2.811150e-04
3.190000e+09	5.387279e+11	0.000000e+00	5.524475e-01	2.771515e+13	9.307619e+13	5.064561e+13	6.008425e+03	2.985068e+03	1.755216e+03	0	2.801093e-04
3.200000e+09	5.329470e+11	0.000000e+00	5.524475e-01	2.760515e+13	9.278482e+13	5.051389e+13	6.004992e+03	2.984248e+03	1.754733e+03	0	2.791038e-04
3.210000e+09	5.272082e+11	0.000000e+00	5.524475e-01	2.749592e+13	9.249519e+13	5.038283e+13	6.001573e+03	2.983430e+03	1.754252e+03	0	2.780984e-04
3.220000e+09	5.215110e+11	0.000000e+00	5.524475e-01	2.738744e+13	9.220727e+13	5.025244e+13	5.998168e+03	2.982615e+03	1.753773e+03	0	2.770930e-04
3.230000e+09	5.158551e+11	0.000000e+00	5.524475e-01	2.727972e+13	9.192106e+13	5.012271e+13	5.994776e+03	2.981802e+03	1.753295e+03	0	2.760876e-04
3.240000e+09	5.102400e+11	0.000000e+00	5.524475e-01	2.717274e+13	9.163653e+13	4.999364e+13	5.991397e+03	2.980993e+03	1.752819e+03	0	2.750822e-04
3.250000e+09	5.046654e+11	0.000000e+00	5.524475e-01	2.706650e+13	9.135367e+13	4.986521e+13	5.988032e+03	2.980186e+03	1.752345e+03	0	2.740768e-04
3.260000e+09	4.991307e+11	0.000000e+00	5.524475e-01	2.696098e+13	9.107248e+13	4.973743e+13	5.984680e+03	2.979382e+03	1.751872e+03	0	2.730712e-04
3.270000e+09	4.936357e+11	0.000000e+00	5.524475e-01	2.685619e+13	9.079293e+13	4.961029e+13	5.981341e+03	2.978580e+03	1.751401e+03	0	2.720654e-04
3.280000e+09	4.881800e+11	0.000000e+00	5.524475e-01	2.675211e+13	9.051500e+13	4.948378e+13	5.978014e+03	2.977781e+03	1.750931e+03	0	2.710593e-04
3.290000e+09	4.827630e+11	0.000000e+00	5.524475e-01	2.664874e+13	9.023870e+13	4.935791e+13	5.974701e+03	2.976985e+03	1.750462e+03	0	2.700530e-04
3.300000e+09	4.773846e+11	0.000000e+00	5.524475e-01	2.654607e+13	8.996400e+13	4.923267e+13	5.971400e+03	2.976191e+03	1.749996e+03	0	2.690464e-04
3.310000e+09	4.720442e+11	0.000000e+00	5.524475e-01	2.644409e+13	8.969089e+13	4.910805e+13	5.968113e+03	2.975400e+03	1.749531e+03	0	2.680394e-04
3.320000e+09	4.667415e+11	0.000000e+00	5.524475e-01	2.634281e+13	8.941936e+13	4.898406e+13	5.964837e+03	2.974611e+03	1.749067e+03	0	2.670319e-04
3.330000e+09	4.614762e+11	0.000000e+00	5.524475e-01	2.624220e+13	8.914940e+13	4.886068e+13	5.961575e+03	2.973825e+03	1.748605e+03	0	2.660240e-04
3.340000e+09	4.562479e+11	0.000000e+00	5.524475e-01	2.614227e+13	8.888098e+13	4.873791e+13	5.958324e+03	2.973042e+03	1.748144e+03	0	2.650155e-04
3.350000e+09	4.510562e+11	0.000000e+00	5.524475e-01	2.604301e+13	8.861411e+13	4.861575e+13	5.955086e+03	2.972261e+03	1.747685e+03	0	2.640065e-04
3.360000e+09	4.459008e+11	0.000000e+00	5.524475e-01	2.594440e+13	8.834876e+13	4.849419e+13	5.951861e+03	2.971483e+03	1.747227e+03	0	2.629968e-04
3.370000e+09	4.407813e+11	0.000000e+00	5.524475e-01	2.584646e+13	8.808492e+13	4.837324e+13	5.948647e+03	2.970707e+03	1.746771e+03	0	2.619864e-04
3.380000e+09	4.356974e+11	0.000000e+00	5.524475e-01	2.574916e+13	8.782258e+13	4.825288e+13	5.945446e+03	2.969933e+03	1.746316e+03	0	2.609753e-04
3.390000e+09	4.306487e+11	0.000000e+00	5.524475e-01	2.565251e+13	8.756174e+13	4.813312e+13	5.942257e+03	2.969163e+03	1.745863e+03	0	2.599633e-04
3.400000e+09	4.256350e+11	0.000000e+00	5.524475e-01	2.555649e+13	8.730237e+13	4.801394e+13	5.939079e+03	2.968394e+03	1.745411e+03	0	2.589505e-04
3.410000e+09	4.206558e+11	0.000000e+00	5.524475e-01	2.546111e+13	8.704446e+13	4.789535e+13	5.935914e+03	2.967628e+03	1.744961e+03	0	2.579368e-04
3.420000e+09	4.157108e+11	0.000000e+00	5.524475e-01	2.536635e+13	8.678801e+13	4.777734e+13	5.932760e+03	2.966865e+03	1.744512e+03	0	2.569221e-04
3.430000e+09	4.107997e+11	0.000000e+00	5.524475e-01	2.527221e+13	8.653300e+13	4.765991e+13	5.929618e+03	2.966104e+03	1.744065e+03	0	2.559064e-04
3.440000e+09	4.059223e+11	0.000000e+00	5.524475e-01	2.517868e+13	8.627942e+13	4.754305e+13	5.926488e+03	2.965345e+03	1.743618e+03	0	2.548895e-04
3.450000e+09	4.010781e+11	0.000000e+00	5.524475e-01	2.508576e+13	8.602726e+13	4.742677e+13	5.923369e+03	2.964589e+03	1.743174e+03	0	2.538716e-04
3.460000e+09	3.962669e+11	0.000000e+00	5.524475e-01	2.499344e+13	8.577651e+13	4.731104e+13	5.920262e+03	2.963835e+03	1.742731e+03	0	2.528524e-04
3.470000e+09	3.914884e+11	0.000000e+00	5.524475e-01	2.490173e+13	8.552715e+13	4.719589e+13	5.917166e+03	2.963084e+03	1.742289e+03	0	2.518319e-04
3.480000e+09	3.867422e+11	0.000000e+00	5.524475e-01	2.481060e+13	8.527918e+13	4.708129e+13	5.914082e+03	2.962334e+03	1.741848e+03	0	2.508100e-04
3.490000e+09	3.820280e+11	0.000000e+00	5.524475e-01	2.472006e+13	8.503258e+13	4.696724e+13	5.911008e+03	2.961588e+03	1.741409e+03	0	2.497868e-04
3.500000e+09	3.773456e+11	0.000000e+00	5.524475e-01	2.463010e+13	8.478734e+13	4.685375e+13	5.907946e+03	2.960843e+03	1.740971e+03	0	2.487621e-04
3.510000e+09	3.726947e+11	0.000000e+00	5.524475e-01	2.454071e+13	8.454345e+13	4.674081e+13	5.904896e+03	2.960101e+03	1.740535e+03	0	2.477358e-04
3.520000e+09	3.680749e+11	0.000000e+00	5.524475e-01	2.445189e+13	8.430091e+13	4.662841e+13	5.901856e+03	2.959361e+03	1.740100e+03	0	2.467079e-04
3.530000e+09	3.634860e+11	0.000000e+00	5.524475e-01	2.436364e+13	8.405970e+13	4.651655e+13	5.898827e+03	2.958624e+03	1.739666e+03	0	2.456784e-04
3.540000e+09	3.589277e+11	0.000000e+00	5.524475e-01	2.427595e+13	8.381980e+13	4.640523e+13	5.895809e+03	2.957889e+03	1.739234e+03	0	2.446471e-04
3.550000e+09	3.543998e+11	0.000000e+00	5.524475e-01	2.418882e+13	8.358122e+13	4.629445e+13	5.892802e+03	2.957156e+03	1.738803e+03	0	2.436140e-04
3.560000e+09	3.499018e+11	0.000000e+00	5.524475e-01	2.410223e+13	8.334394e+13	4.618419e+13	5.889806e+03	2.956425e+03	1.738373e+03	0	2.425790e-04
3.570000e+09	3.454336e+11	0.000000e+00	5.524475e-01	2.401619e+13	8.310795e+13	4.607447e+13	5.886820e+03	2.955697e+03	1.737945e+03	0	2.415420e-04
3.580000e+09	3.409949e+11	0.000000e+00	5.524475e-01	2.393069e+13	8.287323e+13	4.596527e+13	5.883845e+03	2.954970e+03	1.737518e+03	0	2.405029e-04
3.590000e+09	3.365854e+11	0.000000e+00	5.524475e-01	2.384572e+13	8.263979e+13	4.585659e+13	5.880881e+03	2.954246e+03	1.737092e+03	0	2.394618e-04
3.600000e+09	3.322049e+11	0.000000e+00	5.524475e-01	2.376129e+13	8.240761e+13	4.574842e+13	5.877927e+03	2.953525e+03	1.736668e+03	0	2.384184e-04
3.610000e+09	3.278531e+11	0.000000e+00	5.524475e-01	2.367738e+13	8.217667e+13	4.564077e+13	5.874984e+03	2.952805e+03	1.736245e+03	0	2.373727e-04
3.620000e+09	3.235297e+11	0.000000e+00	5.524475e-01	2.359399e+13	8.194698e+13	4.553364e+13	5.872051e+03	2.952088e+03	1.735823e+03	0	2.363247e-04
3.630000e+09	3.192345e+11	0.000000e+00	5.524475e-01	2.351112e+13	8.171852e+13	4.542701e+13	5.869128e+03	2.951372e+03	1.735403e+03	0	2.352742e-04
3.640000e+09	3.149672e+11	0.000000e+00	5.524475e-01	2.342876e+13	8.149128e+13	4.532088e+13	5.866215e+03	2.950659e+03	1.734983e+03	0	2.342212e-04
3.650000e+09	3.107277e+11	0.000000e+00	5.524475e-01	2.334691e+13	8.126526e+13	4.521526e+13	5.863313e+03	2.949949e+03	1.734565e+03	0	2.331655e-04
3.660000e+09	3.065155e+11	0.000000e+00	5.524475e-01	2.326556e+13	8.104043e+13	4.511013e+13	5.860421e+03	2.949240e+03	1.734149e+03	0	2.321072e-04
3.670000e+09	3.023305e+11	0.000000e+00	5.524475e-01	2.318471e+13	8.081680e+13	4.500550e+13	5.857539e+03	2.948533e+03	1.733733e+03	0	2.310460e-04
3.680000e+09	2.981725e+11	0.000000e+00	5.524475e-01	2.310435e+13	8.059436e+13	4.490136e+13	5.854667e+03	2.947829e+03	1.733319e+03	0	2.299819e-04
3.690000e+09	2.940412e+11	0.000000e+00	5.524475e-01	2.302449e+13	8.037309e+13	4.479771e+13	5.851805e+03	2.947126e+03	1.732906e+03	0	2.289147e-04
3.700000e+09	2.899363e+11	0.000000e+00	5.524475e-01	2.294511e+13	8.015299e+13	4.469455e+13	5.848953e+03	2.946426e+03	1.732494e+03	0	2.278445e-04
3.710000e+09	2.858577e+11	0.000000e+00	5.524475e-01	2.286621e+13	7.993405e+13	4.459187e+13	5.846110e+03	2.945728e+03	1.732084e+03	0	2.267711e-04
3.720000e+09	2.818051e+11	0.000000e+00	5.524475e-01	2.278779e+13	7.971625e+13	4.448966e+13	5.843278e+03	2.945032e+03	1.731674e+03	0	2.256943e-04
3.730000e+09	2.777783e+11	0.000000e+00	5.524475e-01	2.270984e+13	7.949960e+13	4.438794e+13	5.840455e+03	2.944338e+03	1.731266e+03	0	2.246142e-04
3.740000e+09	2.737770e+11	0.000000e+00	5.524475e-01	2.263236e+13	7.928408e+13	4.428669e+13	5.837641e+03	2.943646e+03	1.730859e+03	0	2.235305e-04
3.750000e+09	2.698011e+11	0.000000e+00	5.524475e-01	2.255535e+13	7.906969e+13	4.418591e+13	5.834838e+03	2.942956e+03	1.730454e+03	0	2.224431e-04
3.760000e+09	2.658503e+11	0.000000e+00	5.524475e-01	2.247879e+13	7.885641e+13	4.408559e+13	5.832044e+03	2.942268e+03	1.730049e+03	0	2.213520e-04
3.770000e+09	2.619243e+11	0.000000e+00	5.524475e-01	2.240270e+13	7.864423e+13	4.398574e+13	5.829259e+03	2.941582e+03	1.729646e+03	0	2.202570e-04
3.780000e+09	2.580231e+11	0.000000e+00	5.524475e-01	2.232706e+13	7.843316e+13	4.388636e+13	5.826484e+03	2.940898e+03	1.729244e+03	0	2.191580e-04
3.790000e+09	2.541463e+11	0.000000e+00	5.524475e-01	2.225187e+13	7.822318e+13	4.378743e+13	5.823718e+03	2.940217e+03	1.728843e+03	0	2.180548e-04
3.800000e+09	2.502938e+11	0.000000e+00	5.524475e-01	2.217712e+13	7.801428e+13	4.368896e+13	5.820961e+03	2.939537e+03	1.728443e+03	0	2.169474e-04
3.810000e+09	2.464653e+11	0.000000e+00	5.524475e-01	2.210282e+13	7.780646e+13	4.359094e+13	5.818214e+03	2.938859e+03	1.728045e+03	0	2.158356e-04
3.820000e+09	2.426606e+11	0.000000e+00	5.524475e-01	2.202895e+13	7.759970e+13	4.349337e+13	5.815475e+03	2.938183e+03	1.727647e+03	0	2.147192e-04
3.830000e+09	2.388796e+11	0.000000e+00	5.524475e-01	2.195552e+13	7.739400e+13	4.339625e+13	5.812746e+03	2.937509e+03	1.727251e+03	0	2.135981e-04
3.840000e+09	2.351221e+11	0.000000e+00	5.524475e-01	2.188252e+13	7.718936e+13	4.329957e+13	5.810026e+03	2.936837e+03	1.726856e+03	0	2.124722e-04
3.850000e+09	2.313877e+11	0.000000e+00	5.524475e-01	2.180995e+13	7.698576e+13	4.320334e+13	5.807316e+03	2.936167e+03	1.726462e+03	0	2.113414e-04
3.860000e+09	2.276764e+11	0.000000e+00	5.524475e-01	2.173780e+13	7.678319e+13	4.310754e+13	5.804614e+03	2.935499e+03	1.726069e+03	0	2.102053e-04
3.870000e+09	2.239879e+11	0.000000e+00	5.524475e-01	2.166607e+13	7.658165e+13	4.301218e+13	5.801921e+03	2.934833e+03	1.725677e+03	0	2.090640e-04
3.880000e+09	2.203221e+11	0.000000e+00	5.524475e-01	2.159476e+13	7.638114e+13	4.291726e+13	5.799236e+03	2.934169e+03	1.725287e+03	0	2.079172e-04
3.890000e+09	2.166788e+11	0.000000e+00	5.524475e-01	2.152387e+13	7.618164e+13	4.282276e+13	5.796561e+03	2.933506e+03	1.724897e+03	0	2.067648e-04
3.900000e+09	2.130577e+11	0.000000e+00	5.524475e-01	2.145338e+13	7.598314e+13	4.272870e+13	5.793895e+03	2.932846e+03	1.724509e+03	0	2.056065e-04
3.910000e+09	2.094587e+11	0.000000e+00	5.524475e-01	2.138330e+13	7.578565e+13	4.263506e+13	5.791237e+03	2.932187e+03	1.724122e+03	0	2.044422e-04
3.920000e+09	2.058815e+11	0.000000e+00	5.524475e-01	2.131362e+13	7.558914e+13	4.254184e+13	5.788588e+03	2.931531e+03	1.723736e+03	0	2.032717e-04
3.930000e+09	2.023261e+11	0.000000e+00	5.524475e-01	2.124434e+13	7.539363e+13	4.244905e+13	5.785947e+03	2.930876e+03	1.723351e+03	0	2.020948e-04
3.940000e+09	1.987923e+11	0.000000e+00	5.524475e-01	2.117546e+13	7.519909e+13	4.235667e+13	5.783315e+03	2.930223e+03	1.722967e+03	0	2.009112e-04
3.950000e+09	1.952798e+11	0.000000e+00	5.524475e-01	2.110698e+13	7.500552e+13	4.226470e+13	5.780692e+03	2.929572e+03	1.722584e+03	0	1.997209e-04
3.960000e+09	1.917884e+11	0.000000e+00	5.524475e-01	2.103888e+13	7.481291e+13	4.217315e+13	5.778077e+03	2.928923e+03	1.722202e+03	0	1.985235e-04
3.970000e+09	1.883181e+11	0.000000e+00	5.524475e-01	2.097117e+13	7.462127e+13	4.208202e+13	5.775470e+03	2.928275e+03	1.721821e+03	0	1.973188e-04
3.980000e+09	1.848686e+11	0.000000e+00	5.524475e-01	2.090385e+13	7.443057e+13	4.199128e+13	5.772872e+03	2.927630e+03	1.721442e+03	0	1.961066e-04
3.990000e+09	1.814398e+11	0.000000e+00	5.524475e-01	2.083690e+13	7.424082e+13	4.190096e+13	5.770282e+03	2.926986e+03	1.721063e+03	0	1.948866e-04
4.000000e+09	1.780314e+11	0.000000e+00	5.524475e-01	2.077034e+13	7.405200e+13	4.181103e+13	5.767701e+03	2.926344e+03	1.720686e+03	0	1.936585e-04
4.010000e+09	1.746434e+11	0.000000e+00	5.524475e-01	2.070415e+13	7.386412e+13	4.172151e+13	5.765127e+03	2.925704e+03	1.720309e+03	0	1.924222e-04
4.020000e+09	1.712755e+11	0.000000e+00	5.524475e-01	2.063833e+13	7.367715e+13	4.163238e+13	5.762562e+03	2.925065e+03	1.719934e+03	0	1.911772e-04
4.030000e+09	1.679276e+11	0.000000e+00	5.524475e-01	2.057288e+13	7.349111e+13	4.154365e+13	5.760005e+03	2.924429e+03	1.719560e+03	0	1.899234e-04
4.040000e+09	1.645995e+11	0.000000e+00	5.524475e-01	2.050779e+13	7.330598e+13	4.145532e+13	5.757456e+03	2.923794e+03	1.719187e+03	0	1.886603e-04
4.050000e+09	1.612911e+11	0.000000e+00	5.524475e-01	2.044307e+13	7.312175e+13	4.136737e+13	5.754916e+03	2.923161e+03	1.718814e+03	0	1.873878e-04
4.060000e+09	1.580022e+11	0.000000e+00	5.524475e-01	2.037871e+13	7.293842e+13	4.127981e+13	5.752383e+03	2.922530e+03	1.718443e+03	0	1.861053e-04
4.070000e+09	1.547327e+11	0.000000e+00	5.524475e-01	2.031470e+13	7.275598e+13	4.119264e+13	5.749858e+03	2.921900e+03	1.718073e+03	0	1.848127e-04
4.080000e+09	1.514823e+11	0.000000e+00	5.524475e-01	2.025106e+13	7.257443e+13	4.110585e+13	5.747341e+03	2.921272e+03	1.717704e+03	0	1.835094e-04
4.090000e+09	1.482510e+11	0.000000e+00	5.524475e-01	2.018776e+13	7.239376e+13	4.101944e+13	5.744832e+03	2.920646e+03	1.717336e+03	0	1.821952e-04
4.100000e+09	1.450386e+11	0.000000e+00	5.524475e-01	2.012481e+13	7.221396e+13	4.093341e+13	5.742331e+03	2.920022e+03	1.716969e+03	0	1.808696e-04
4.110000e+09	1.418449e+11	0.000000e+00	5.524475e-01	2.006221e+13	7.203503e+13	4.084776e+13	5.739838e+03	2.919399e+03	1.716602e+03	0	1.795322e-04
4.120000e+09	1.386697e+11	0.000000e+00	5.524475e-01	1.999995e+13	7.185696e+13	4.076248e+13	5.737352e+03	2.918778e+03	1.716237e+03	0	1.781825e-04
4.130000e+09	1.355131e+11	0.000000e+00	5.524475e-01	1.993803e+13	7.167974e+13	4.067757e+13	5.734874e+03	2.918159e+03	1.715873e+03	0	1.768200e-04
4.140000e+09	1.323747e+11	0.000000e+00	5.524475e-01	1.987645e+13	7.150338e+13	4.059303e+13	5.732404e+03	2.917542e+03	1.715510e+03	0	1.754443e-04
4.150000e+09	1.292544e+11	0.000000e+00	5.524475e-01	1.981521e+13	7.132786e+13	4.050886e+13	5.729941e+03	2.916926e+03	1.715148e+03	0	1.740549e-04
4.160000e+09	1.261522e+11	0.000000e+00	5.524475e-01	1.975429e+13	7.115318e+13	4.042506e+13	5.727486e+03	2.916312e+03	1.714787e+03	0	1.726511e-04
4.170000e+09	1.230678e+11	0.000000e+00	5.524475e-01	1.969371e+13	7.097933e+13	4.034162e+13	5.725038e+03	2.915699e+03	1.714427e+03	0	1.712324e-04
4.180000e+09	1.200011e+11	0.000000e+00	5.524475e-01	1.963346e+13	7.080631e+13	4.025854e+13	5.722598e+03	2.915088e+03	1.714068e+03	0	1.697981e-04
4.190000e+09	1.169520e+11	0.000000e+00	5.524475e-01	1.957353e+13	7.063411e+13	4.017581e+13	5.720166e+03	2.914479e+03	1.713709e+03	0	1.683476e-04
4.200000e+09	1.139204e+11	0.000000e+00	5.524475e-01	1.951393e+13	7.046272e+13	4.009345e+13	5.717740e+03	2.913872e+03	1.713352e+03	0	1.668802e-04
4.210000e+09	1.109060e+11	0.000000e+00	5.524475e-01	1.945464e+13	7.029215e+13	4.001144e+13	5.715323e+03	2.913266e+03	1.712996e+03	0	1.653951e-04
4.220000e+09	1.079088e+11	0.000000e+00	5.524475e-01	1.939568e+13	7.012238e+13	3.992978e+13	5.712912e+03	2.912661e+03	1.712641e+03	0	1.638916e-04
4.230000e+09	1.049287e+11	0.000000e+00	5.524475e-01	1.933702e+13	6.995340e+13	3.984847e+13	5.710509e+03	2.912059e+03	1.712286e+03	0	1.623688e-04
4.240000e+09	1.019654e+11	0.000000e+00	5.524475e-01	1.927869e+13	6.978523e+13	3.976751e+13	5.708113e+03	2.911458e+03	1.711933e+03	0	1.608257e-04
4.250000e+09	9.901895e+10	0.000000e+00	5.524475e-01	1.922066e+13	6.961784e+13	3.968689e+13	5.705724e+03	2.910858e+03	1.711580e+03	0	1.592614e-04
4.260000e+09	9.608911e+10	0.000000e+00	5.524475e-01	1.916294e+13	6.945123e+13	3.960662e+13	5.703343e+03	2.910261e+03	1.711229e+03	0	1.576749e-04
4.270000e+09	9.317579e+10	0.000000e+00	5.524475e-01	1.910553e+13	6.928540e+13	3.952669e+13	5.700969e+03	2.909664e+03	1.710878e+03	0	1.560650e-04
4.280000e+09	9.027885e+10	0.000000e+00	5.524475e-01	1.904842e+13	6.912035e+13	3.944710e+13	5.698601e+03	2.909070e+03	1.710529e+03	0	1.544305e-04
4.290000e+09	8.739817e+10	0.000000e+00	5.524475e-01	1.899161e+13	6.895606e+13	3.936785e+13	5.696241e+03	2.908477e+03	1.710180e+03	0	1.527701e-04
4.300000e+09	8.453362e+10	0.000000e+00	5.524475e-01	1.893510e+13	6.879254e+13	3.928894e+13	5.693888e+03	2.907885e+03	1.709832e+03	0	1.510825e-04
4.310000e+09	8.168508e+10	0.000000e+00	5.524475e-01	1.887889e+13	6.862977e+13	3.921035e+13	5.691542e+03	2.907295e+03	1.709485e+03	0	1.493661e-04
4.320000e+09	7.885243e+10	0.000000e+00	5.524475e-01	1.882297e+13	6.846775e+13	3.913210e+13	5.689203e+03	2.906707e+03	1.709139e+03	0	1.476192e-04
4.330000e+09	7.603554e+10	0.000000e+00	5.524475e-01	1.876735e+13	6.830649e+13	3.905418e+13	5.686870e+03	2.906120e+03	1.708794e+03	0	1.458400e-04
4.340000e+09	7.323431e+10	0.000000e+00	5.524475e-01	1.871201e+13	6.814596e+13	3.897659e+13	5.684545e+03	2.905535e+03	1.708450e+03	0	1.440266e-04
4.350000e+09	7.044859e+10	0.000000e+00	5.524475e-01	1.865697e+13	6.798617e+13	3.889932e+13	5.682226e+03	2.904951e+03	1.708107e+03	0	1.421767e-04
4.360000e+09	6.767829e+10	0.000000e+00	5.524475e-01	1.860221e+13	6.782712e+13	3.882238e+13	5.679915e+03	2.904369e+03	1.707764e+03	0	1.402881e-04
4.370000e+09	6.492328e+10	0.000000e+00	5.524475e-01	1.854773e+13	6.766879e+13	3.874576e+13	5.677610e+03	2.903788e+03	1.707423e+03	0	1.383581e-04
4.380000e+09	6.218345e+10	0.000000e+00	5.524475e-01	1.849354e+13	6.751119e+13	3.866946e+13	5.675312e+03	2.903209e+03	1.707082e+03	0	1.363838e-04
4.390000e+09	5.945868e+10	0.000000e+00	5.524475e-01	1.843962e+13	6.735430e+13	3.859347e+13	5.673020e+03	2.902631e+03	1.706743e+03	0	1.343619e-04
4.400000e+09	5.674886e+10	0.000000e+00	5.524475e-01	1.838598e+13	6.719813e+13	3.851781e+13	5.670735e+03	2.902055e+03	1.706404e+03	0	1.322889e-04
4.410000e+09	5.405388e+10	0.000000e+00	5.524475e-01	1.833262e+13	6.704267e+13	3.844246e+13	5.668457e+03	2.901480e+03	1.706066e+03	0	1.301607e-04
4.420000e+09	5.137363e+10	0.000000e+00	5.524475e-01	1.827954e+13	6.688791e+13	3.836742e+13	5.666185e+03	2.900907e+03	1.705729e+03	0	1.279728e-04
4.430000e+09	4.870799e+10	0.000000e+00	5.524475e-01	1.822672e+13	6.673385e+13	3.829269e+13	5.663920e+03	2.900335e+03	1.705393e+03	0	1.257200e-04
4.440000e+09	4.605686e+10	0.000000e+00	5.524475e-01	1.817417e+13	6.658049e+13	3.821827e+13	5.661662e+03	2.899765e+03	1.705058e+03	0	1.233964e-04
4.450000e+09	4.342013e+10	0.000000e+00	5.524475e-01	1.812189e+13	6.642782e+13	3.814416e+13	5.659410e+03	2.899196e+03	1.704723e+03	0	1.209952e-04
4.460000e+09	4.079770e+10	0.000000e+00	5.524475e-01	1.806988e+13	6.627583e+13	3.807035e+13	5.657165e+03	2.898629e+03	1.704390e+03	0	1.185085e-04
4.470000e+09	3.818945e+10	0.000000e+00	5.524475e-01	1.801813e+13	6.612453e+13	3.799684e+13	5.654925e+03	2.898063e+03	1.704057e+03	0	1.159272e-04
4.480000e+09	3.559528e+10	0.000000e+00	5.524475e-01	1.796665e+13	6.597390e+13	3.792364e+13	5.652693e+03	2.897499e+03	1.703725e+03	0	1.132405e-04
4.490000e+09	3.301509e+10	0.000000e+00	5.524475e-01	1.791542e+13	6.582395e+13	3.785074e+13	5.650467e+03	2.896936e+03	1.703394e+03	0	1.104355e-04
4.500000e+09	3.044878e+10	0.000000e+00	5.524475e-01	1.786445e+13	6.567467e+13	3.777814e+13	5.648247e+03	2.896375e+03	1.703064e+03	0	1.074965e-04
4.510000e+09	2.789624e+10	0.000000e+00	5.524475e-01	1.781374e+13	6.552605e+13	3.770583e+13	5.646033e+03	2.895814e+03	1.702735e+03	0	1.044046e-04
4.520000e+09	2.535737e+10	0.000000e+00	5.524475e-01	1.776328e+13	6.537809e+13	3.763382e+13	5.643826e+03	2.895256e+03	1.702406e+03	0	1.011360e-04
4.530000e+09	2.283207e+10	0.000000e+00	5.524475e-01	1.771308e+13	6.523078e+13	3.756210e+13	5.641625e+03	2.894699e+03	1.702078e+03	0	9.766063e-05
4.540000e+09	2.032025e+10	0.000000e+00	5.524475e-01	1.766312e+13	6.508413e+13	3.749067e+13	5.639430e+03	2.894143e+03	1.701752e+03	0	9.393932e-05
4.550000e+09	1.782181e+10	0.000000e+00	5.524475e-01	1.761342e+13	6.493813e+13	3.741953e+13	5.637241e+03	2.893588e+03	1.701426e+03	0	8.991972e-05
4.560000e+09	1.533664e+10	0.000000e+00	5.524475e-01	1.756396e+13	6.479277e+13	3.734868e+13	5.635058e+03	2.893035e+03	1.701101e+03	0	8.552920e-05
4.570000e+09	1.286465e+10	0.000000e+00	5.524475e-01	1.751475e+13	6.464805e+13	3.727812e+13	5.632882e+03	2.892484e+03	1.700776e+03	0	8.066226e-05
4.580000e+09	1.040575e+10	0.000000e+00	5.524475e-01	1.746578e+13	6.450397e+13	3.720784e+13	5.630712e+03	2.891934e+03	1.700453e+03	0	7.515574e-05
4.590000e+09	7.959839e+09	0.000000e+00	5.524475e-01	1.741705e+13	6.436052e+13	3.713784e+13	5.628547e+03	2.891385e+03	1.700130e+03	0	6.873414e-05
4.600000e+09	5.526828e+09	0.000000e+00	5.524475e-01	1.736857e+13	6.421769e+13	3.706813e+13	5.626389e+03	2.890837e+03	1.699808e+03	0	6.086436e-05
4.610000e+09	3.106621e+09	0.000000e+00	5.524475e-01	1.732032e+13	6.407549e+13	3.699869e+13	5.624237e+03	2.890291e+03	1.699487e+03	0	5.023046e-05
4.620000e+09	6.991278e+08	0.000000e+00	5.524475e-01	1.727231e+13	6.393391e+13	3.692953e+13	5.622091e+03	2.889747e+03	1.699167e+03	0	3.055319e-05
4.630000e+09	-1.695744e+09	0.000000e+00	5.524475e-01	1.722453e+13	6.379294e+13	3.686065e+13	5.619950e+03	2.889203e+03	1.698847e+03	0	nan
