#t		Qconv[W]	Ri[Rp]		R*[Rp]		Qc[W]		Qm[W]		Qr[W]		Tcmb[K]		Tl[K]		Tup[K]		RiFlag		Bs[T]
0.000000e+00	2.801621e+13	0.000000e+00	5.454545e-01	4.690353e+14	1.757774e+15	2.348759e+14	1.065536e+04	4.086268e+03	2.562315e+03	0	1.044839e-03
1.000000e+07	2.709928e+13	0.000000e+00	5.454545e-01	4.552721e+14	1.643354e+15	2.335745e+14	1.061132e+04	4.044551e+03	2.536156e+03	0	1.033314e-03
2.000000e+07	2.624115e+13	0.000000e+00	5.454545e-01	4.423835e+14	1.543757e+15	2.322828e+14	1.056857e+04	4.006677e+03	2.512407e+03	0	1.022289e-03
3.000000e+07	2.543568e+13	0.000000e+00	5.454545e-01	4.302784e+14	1.456362e+15	2.310008e+14	1.052701e+04	3.972120e+03	2.490738e+03	0	1.011721e-03
4.000000e+07	2.467763e+13	0.000000e+00	5.454545e-01	4.188790e+14	1.379119e+15	2.297284e+14	1.048659e+04	3.940446e+03	2.470876e+03	0	1.001569e-03
5.000000e+07	2.396245e+13	0.000000e+00	5.454545e-01	4.081180e+14	1.310399e+15	2.284655e+14	1.044723e+04	3.911294e+03	2.452596e+03	0	9.917983e-04
6.000000e+07	2.328621e+13	0.000000e+00	5.454545e-01	3.979370e+14	1.248898e+15	2.272119e+14	1.040887e+04	3.884362e+03	2.435708e+03	0	9.823794e-04
7.000000e+07	2.264548e+13	0.000000e+00	5.454545e-01	3.882850e+14	1.193560e+15	2.259677e+14	1.037146e+04	3.859395e+03	2.420053e+03	0	9.732853e-04
8.000000e+07	2.203725e+13	0.000000e+00	5.454545e-01	3.791173e+14	1.143518e+15	2.247328e+14	1.033495e+04	3.836177e+03	2.405494e+03	0	9.644923e-04
9.000000e+07	2.145885e+13	0.000000e+00	5.454545e-01	3.703945e+14	1.098059e+15	2.235071e+14	1.029930e+04	3.814521e+03	2.391914e+03	0	9.559792e-04
1.000000e+08	2.090793e+13	0.000000e+00	5.454545e-01	3.620814e+14	1.056589e+15	2.222904e+14	1.026447e+04	3.794267e+03	2.379214e+03	0	9.477270e-04
1.100000e+08	2.038239e+13	0.000000e+00	5.454545e-01	3.541471e+14	1.018611e+15	2.210828e+14	1.023041e+04	3.775276e+03	2.367306e+03	0	9.397189e-04
1.200000e+08	1.988036e+13	0.000000e+00	5.454545e-01	3.465636e+14	9.837044e+14	2.198841e+14	1.019710e+04	3.757428e+03	2.356114e+03	0	9.319394e-04
1.300000e+08	1.940016e+13	0.000000e+00	5.454545e-01	3.393060e+14	9.515132e+14	2.186943e+14	1.016449e+04	3.740616e+03	2.345572e+03	0	9.243747e-04
1.400000e+08	1.894028e+13	0.000000e+00	5.454545e-01	3.323519e+14	9.217327e+14	2.175133e+14	1.013256e+04	3.724747e+03	2.335621e+03	0	9.170121e-04
1.500000e+08	1.849934e+13	0.000000e+00	5.454545e-01	3.256808e+14	8.941016e+14	2.163411e+14	1.010128e+04	3.709739e+03	2.326210e+03	0	9.098401e-04
1.600000e+08	1.807612e+13	0.000000e+00	5.454545e-01	3.192744e+14	8.683942e+14	2.151775e+14	1.007063e+04	3.695518e+03	2.317293e+03	0	9.028482e-04
1.700000e+08	1.766949e+13	0.000000e+00	5.454545e-01	3.131160e+14	8.444149e+14	2.140224e+14	1.004057e+04	3.682021e+03	2.308829e+03	0	8.960268e-04
1.800000e+08	1.727843e+13	0.000000e+00	5.454545e-01	3.071903e+14	8.219930e+14	2.128759e+14	1.001109e+04	3.669188e+03	2.300783e+03	0	8.893670e-04
1.900000e+08	1.690198e+13	0.000000e+00	5.454545e-01	3.014834e+14	8.009796e+14	2.117379e+14	9.982171e+03	3.656968e+03	2.293120e+03	0	8.828607e-04
2.000000e+08	1.653931e+13	0.000000e+00	5.454545e-01	2.959824e+14	7.812435e+14	2.106082e+14	9.953781e+03	3.645315e+03	2.285813e+03	0	8.765003e-04
2.100000e+08	1.618962e+13	0.000000e+00	5.454545e-01	2.906758e+14	7.626693e+14	2.094868e+14	9.925907e+03	3.634185e+03	2.278834e+03	0	8.702789e-04
2.200000e+08	1.585218e+13	0.000000e+00	5.454545e-01	2.855526e+14	7.451548e+14	2.083737e+14	9.898530e+03	3.623542e+03	2.272160e+03	0	8.641900e-04
2.300000e+08	1.552632e+13	0.000000e+00	5.454545e-01	2.806029e+14	7.286092e+14	2.072687e+14	9.871633e+03	3.613351e+03	2.265770e+03	0	8.582277e-04
2.400000e+08	1.521144e+13	0.000000e+00	5.454545e-01	2.758175e+14	7.129520e+14	2.061718e+14	9.845200e+03	3.603581e+03	2.259643e+03	0	8.523862e-04
2.500000e+08	1.490695e+13	0.000000e+00	5.454545e-01	2.711879e+14	6.981107e+14	2.050830e+14	9.819215e+03	3.594202e+03	2.253762e+03	0	8.466604e-04
2.600000e+08	1.461233e+13	0.000000e+00	5.454545e-01	2.667061e+14	6.840209e+14	2.040021e+14	9.793664e+03	3.585190e+03	2.248111e+03	0	8.410453e-04
2.700000e+08	1.432708e+13	0.000000e+00	5.454545e-01	2.623649e+14	6.706245e+14	2.029292e+14	9.768533e+03	3.576520e+03	2.242675e+03	0	8.355366e-04
2.800000e+08	1.405074e+13	0.000000e+00	5.454545e-01	2.581574e+14	6.578691e+14	2.018641e+14	9.743809e+03	3.568171e+03	2.237440e+03	0	8.301298e-04
2.900000e+08	1.378289e+13	0.000000e+00	5.454545e-01	2.540772e+14	6.457076e+14	2.008067e+14	9.719479e+03	3.560123e+03	2.232393e+03	0	8.248209e-04
3.000000e+08	1.352312e+13	0.000000e+00	5.454545e-01	2.501183e+14	6.340972e+14	1.997571e+14	9.695533e+03	3.552358e+03	2.227524e+03	0	8.196062e-04
3.100000e+08	1.327107e+13	0.000000e+00	5.454545e-01	2.462752e+14	6.229993e+14	1.987151e+14	9.671957e+03	3.544858e+03	2.222821e+03	0	8.144821e-04
3.200000e+08	1.302638e+13	0.000000e+00	5.454545e-01	2.425426e+14	6.123785e+14	1.976806e+14	9.648742e+03	3.537609e+03	2.218275e+03	0	8.094453e-04
3.300000e+08	1.278872e+13	0.000000e+00	5.454545e-01	2.389157e+14	6.022029e+14	1.966537e+14	9.625877e+03	3.530595e+03	2.213877e+03	0	8.044925e-04
3.400000e+08	1.255779e+13	0.000000e+00	5.454545e-01	2.353899e+14	5.924431e+14	1.956343e+14	9.603353e+03	3.523804e+03	2.209619e+03	0	7.996208e-04
3.500000e+08	1.233331e+13	0.000000e+00	5.454545e-01	2.319609e+14	5.830723e+14	1.946223e+14	9.581159e+03	3.517223e+03	2.205492e+03	0	7.948273e-04
3.600000e+08	1.211499e+13	0.000000e+00	5.454545e-01	2.286245e+14	5.740661e+14	1.936176e+14	9.559287e+03	3.510841e+03	2.201490e+03	0	7.901094e-04
3.700000e+08	1.190258e+13	0.000000e+00	5.454545e-01	2.253770e+14	5.654019e+14	1.926201e+14	9.537728e+03	3.504647e+03	2.197607e+03	0	7.854646e-04
3.800000e+08	1.169583e+13	0.000000e+00	5.454545e-01	2.222148e+14	5.570591e+14	1.916299e+14	9.516474e+03	3.498632e+03	2.193835e+03	0	7.808903e-04
3.900000e+08	1.149454e+13	0.000000e+00	5.454545e-01	2.191345e+14	5.490186e+14	1.906469e+14	9.495517e+03	3.492786e+03	2.190169e+03	0	7.763843e-04
4.000000e+08	1.129846e+13	0.000000e+00	5.454545e-01	2.161328e+14	5.412628e+14	1.896709e+14	9.474849e+03	3.487101e+03	2.186604e+03	0	7.719445e-04
4.100000e+08	1.110741e+13	0.000000e+00	5.454545e-01	2.132067e+14	5.337755e+14	1.887020e+14	9.454463e+03	3.481568e+03	2.183135e+03	0	7.675686e-04
4.200000e+08	1.092119e+13	0.000000e+00	5.454545e-01	2.103533e+14	5.265417e+14	1.877401e+14	9.434352e+03	3.476181e+03	2.179756e+03	0	7.632549e-04
4.300000e+08	1.073961e+13	0.000000e+00	5.454545e-01	2.075698e+14	5.195475e+14	1.867851e+14	9.414509e+03	3.470932e+03	2.176465e+03	0	7.590013e-04
4.400000e+08	1.056251e+13	0.000000e+00	5.454545e-01	2.048538e+14	5.127800e+14	1.858369e+14	9.394927e+03	3.465814e+03	2.173256e+03	0	7.548060e-04
4.500000e+08	1.038972e+13	0.000000e+00	5.454545e-01	2.022027e+14	5.062272e+14	1.848956e+14	9.375600e+03	3.460822e+03	2.170126e+03	0	7.506673e-04
4.600000e+08	1.022108e+13	0.000000e+00	5.454545e-01	1.996142e+14	4.998781e+14	1.839610e+14	9.356522e+03	3.455950e+03	2.167071e+03	0	7.465837e-04
4.700000e+08	1.005644e+13	0.000000e+00	5.454545e-01	1.970860e+14	4.937222e+14	1.830332e+14	9.337688e+03	3.451192e+03	2.164087e+03	0	7.425534e-04
4.800000e+08	9.895665e+12	0.000000e+00	5.454545e-01	1.946161e+14	4.877498e+14	1.821120e+14	9.319091e+03	3.446544e+03	2.161173e+03	0	7.385750e-04
4.900000e+08	9.738619e+12	0.000000e+00	5.454545e-01	1.922024e+14	4.819520e+14	1.811973e+14	9.300726e+03	3.442000e+03	2.158323e+03	0	7.346471e-04
5.000000e+08	9.585173e+12	0.000000e+00	5.454545e-01	1.898431e+14	4.763203e+14	1.802893e+14	9.282589e+03	3.437557e+03	2.155537e+03	0	7.307681e-04
5.100000e+08	9.435205e+12	0.000000e+00	5.454545e-01	1.875362e+14	4.708468e+14	1.793877e+14	9.264672e+03	3.433209e+03	2.152811e+03	0	7.269369e-04
5.200000e+08	9.288598e+12	0.000000e+00	5.454545e-01	1.852801e+14	4.655242e+14	1.784925e+14	9.246973e+03	3.428953e+03	2.150142e+03	0	7.231521e-04
5.300000e+08	9.145242e+12	0.000000e+00	5.454545e-01	1.830731e+14	4.603455e+14	1.776038e+14	9.229486e+03	3.424785e+03	2.147528e+03	0	7.194126e-04
5.400000e+08	9.005029e+12	0.000000e+00	5.454545e-01	1.809135e+14	4.553043e+14	1.767213e+14	9.212206e+03	3.420701e+03	2.144968e+03	0	7.157170e-04
5.500000e+08	8.867859e+12	0.000000e+00	5.454545e-01	1.787999e+14	4.503944e+14	1.758452e+14	9.195129e+03	3.416699e+03	2.142458e+03	0	7.120643e-04
5.600000e+08	8.733634e+12	0.000000e+00	5.454545e-01	1.767309e+14	4.456101e+14	1.749752e+14	9.178251e+03	3.412774e+03	2.139997e+03	0	7.084534e-04
5.700000e+08	8.602261e+12	0.000000e+00	5.454545e-01	1.747049e+14	4.409460e+14	1.741115e+14	9.161568e+03	3.408924e+03	2.137583e+03	0	7.048832e-04
5.800000e+08	8.473652e+12	0.000000e+00	5.454545e-01	1.727207e+14	4.363971e+14	1.732538e+14	9.145075e+03	3.405147e+03	2.135214e+03	0	7.013527e-04
5.900000e+08	8.347720e+12	0.000000e+00	5.454545e-01	1.707770e+14	4.319586e+14	1.724023e+14	9.128769e+03	3.401438e+03	2.132889e+03	0	6.978610e-04
6.000000e+08	8.224385e+12	0.000000e+00	5.454545e-01	1.688726e+14	4.276258e+14	1.715568e+14	9.112645e+03	3.397797e+03	2.130605e+03	0	6.944070e-04
6.100000e+08	8.103568e+12	0.000000e+00	5.454545e-01	1.670063e+14	4.233947e+14	1.707172e+14	9.096701e+03	3.394219e+03	2.128362e+03	0	6.909899e-04
6.200000e+08	7.985194e+12	0.000000e+00	5.454545e-01	1.651769e+14	4.192610e+14	1.698836e+14	9.080932e+03	3.390704e+03	2.126158e+03	0	6.876088e-04
6.300000e+08	7.869191e+12	0.000000e+00	5.454545e-01	1.633835e+14	4.152212e+14	1.690559e+14	9.065336e+03	3.387249e+03	2.123991e+03	0	6.842629e-04
6.400000e+08	7.755489e+12	0.000000e+00	5.454545e-01	1.616248e+14	4.112714e+14	1.682340e+14	9.049908e+03	3.383851e+03	2.121860e+03	0	6.809512e-04
6.500000e+08	7.644022e+12	0.000000e+00	5.454545e-01	1.599001e+14	4.074083e+14	1.674179e+14	9.034645e+03	3.380508e+03	2.119765e+03	0	6.776731e-04
6.600000e+08	7.534726e+12	0.000000e+00	5.454545e-01	1.582082e+14	4.036288e+14	1.666076e+14	9.019545e+03	3.377220e+03	2.117703e+03	0	6.744278e-04
6.700000e+08	7.427539e+12	0.000000e+00	5.454545e-01	1.565483e+14	3.999296e+14	1.658029e+14	9.004604e+03	3.373983e+03	2.115673e+03	0	6.712144e-04
6.800000e+08	7.322403e+12	0.000000e+00	5.454545e-01	1.549195e+14	3.963079e+14	1.650039e+14	8.989820e+03	3.370797e+03	2.113675e+03	0	6.680323e-04
6.900000e+08	7.219260e+12	0.000000e+00	5.454545e-01	1.533208e+14	3.927609e+14	1.642105e+14	8.975188e+03	3.367659e+03	2.111707e+03	0	6.648809e-04
7.000000e+08	7.118055e+12	0.000000e+00	5.454545e-01	1.517516e+14	3.892860e+14	1.634227e+14	8.960707e+03	3.364568e+03	2.109769e+03	0	6.617593e-04
7.100000e+08	7.018736e+12	0.000000e+00	5.454545e-01	1.502110e+14	3.858807e+14	1.626404e+14	8.946374e+03	3.361523e+03	2.107860e+03	0	6.586670e-04
7.200000e+08	6.921252e+12	0.000000e+00	5.454545e-01	1.486982e+14	3.825425e+14	1.618635e+14	8.932186e+03	3.358522e+03	2.105978e+03	0	6.556034e-04
7.300000e+08	6.825553e+12	0.000000e+00	5.454545e-01	1.472125e+14	3.792693e+14	1.610921e+14	8.918140e+03	3.355563e+03	2.104122e+03	0	6.525677e-04
7.400000e+08	6.731593e+12	0.000000e+00	5.454545e-01	1.457532e+14	3.760589e+14	1.603261e+14	8.904234e+03	3.352646e+03	2.102293e+03	0	6.495594e-04
7.500000e+08	6.639325e+12	0.000000e+00	5.454545e-01	1.443196e+14	3.729092e+14	1.595654e+14	8.890465e+03	3.349769e+03	2.100489e+03	0	6.465780e-04
7.600000e+08	6.548706e+12	0.000000e+00	5.454545e-01	1.429111e+14	3.698182e+14	1.588100e+14	8.876831e+03	3.346930e+03	2.098709e+03	0	6.436228e-04
7.700000e+08	6.459693e+12	0.000000e+00	5.454545e-01	1.415269e+14	3.667841e+14	1.580598e+14	8.863330e+03	3.344130e+03	2.096953e+03	0	6.406934e-04
7.800000e+08	6.372245e+12	0.000000e+00	5.454545e-01	1.401665e+14	3.638050e+14	1.573149e+14	8.849960e+03	3.341366e+03	2.095220e+03	0	6.377891e-04
7.900000e+08	6.286322e+12	0.000000e+00	5.454545e-01	1.388293e+14	3.608793e+14	1.565751e+14	8.836717e+03	3.338638e+03	2.093509e+03	0	6.349095e-04
8.000000e+08	6.201887e+12	0.000000e+00	5.454545e-01	1.375147e+14	3.580053e+14	1.558405e+14	8.823601e+03	3.335944e+03	2.091820e+03	0	6.320541e-04
8.100000e+08	6.118902e+12	0.000000e+00	5.454545e-01	1.362222e+14	3.551815e+14	1.551110e+14	8.810608e+03	3.333284e+03	2.090152e+03	0	6.292223e-04
8.200000e+08	6.037331e+12	0.000000e+00	5.454545e-01	1.349511e+14	3.524063e+14	1.543865e+14	8.797737e+03	3.330657e+03	2.088505e+03	0	6.264137e-04
8.300000e+08	5.957139e+12	0.000000e+00	5.454545e-01	1.337011e+14	3.496784e+14	1.536670e+14	8.784985e+03	3.328061e+03	2.086877e+03	0	6.236279e-04
8.400000e+08	5.878294e+12	0.000000e+00	5.454545e-01	1.324715e+14	3.469962e+14	1.529525e+14	8.772352e+03	3.325496e+03	2.085269e+03	0	6.208643e-04
8.500000e+08	5.800762e+12	0.000000e+00	5.454545e-01	1.312619e+14	3.443586e+14	1.522429e+14	8.759834e+03	3.322962e+03	2.083680e+03	0	6.181226e-04
8.600000e+08	5.724512e+12	0.000000e+00	5.454545e-01	1.300719e+14	3.417642e+14	1.515383e+14	8.747430e+03	3.320456e+03	2.082109e+03	0	6.154023e-04
8.700000e+08	5.649515e+12	0.000000e+00	5.454545e-01	1.289009e+14	3.392119e+14	1.508384e+14	8.735138e+03	3.317980e+03	2.080556e+03	0	6.127030e-04
8.800000e+08	5.575739e+12	0.000000e+00	5.454545e-01	1.277485e+14	3.367004e+14	1.501434e+14	8.722957e+03	3.315531e+03	2.079020e+03	0	6.100243e-04
8.900000e+08	5.503158e+12	0.000000e+00	5.454545e-01	1.266143e+14	3.342287e+14	1.494532e+14	8.710884e+03	3.313109e+03	2.077501e+03	0	6.073657e-04
9.000000e+08	5.431742e+12	0.000000e+00	5.454545e-01	1.254978e+14	3.317957e+14	1.487677e+14	8.698918e+03	3.310713e+03	2.075999e+03	0	6.047270e-04
9.100000e+08	5.361467e+12	0.000000e+00	5.454545e-01	1.243988e+14	3.294003e+14	1.480868e+14	8.687057e+03	3.308344e+03	2.074513e+03	0	6.021077e-04
9.200000e+08	5.292304e+12	0.000000e+00	5.454545e-01	1.233167e+14	3.270415e+14	1.474107e+14	8.675300e+03	3.305999e+03	2.073043e+03	0	5.995074e-04
9.300000e+08	5.224230e+12	0.000000e+00	5.454545e-01	1.222512e+14	3.247184e+14	1.467392e+14	8.663645e+03	3.303679e+03	2.071588e+03	0	5.969258e-04
9.400000e+08	5.157219e+12	0.000000e+00	5.454545e-01	1.212019e+14	3.224301e+14	1.460722e+14	8.652090e+03	3.301383e+03	2.070148e+03	0	5.943626e-04
9.500000e+08	5.091249e+12	0.000000e+00	5.454545e-01	1.201685e+14	3.201757e+14	1.454099e+14	8.640634e+03	3.299110e+03	2.068723e+03	0	5.918174e-04
9.600000e+08	5.026295e+12	0.000000e+00	5.454545e-01	1.191506e+14	3.179543e+14	1.447520e+14	8.629276e+03	3.296860e+03	2.067312e+03	0	5.892898e-04
9.700000e+08	4.962336e+12	0.000000e+00	5.454545e-01	1.181479e+14	3.157651e+14	1.440986e+14	8.618013e+03	3.294632e+03	2.065915e+03	0	5.867796e-04
9.800000e+08	4.899350e+12	0.000000e+00	5.454545e-01	1.171601e+14	3.136073e+14	1.434497e+14	8.606845e+03	3.292426e+03	2.064532e+03	0	5.842864e-04
9.900000e+08	4.837316e+12	0.000000e+00	5.454545e-01	1.161867e+14	3.114802e+14	1.428052e+14	8.595770e+03	3.290241e+03	2.063162e+03	0	5.818099e-04
1.000000e+09	4.776214e+12	0.000000e+00	5.454545e-01	1.152276e+14	3.093829e+14	1.421650e+14	8.584787e+03	3.288077e+03	2.061805e+03	0	5.793498e-04
1.010000e+09	4.716022e+12	0.000000e+00	5.454545e-01	1.142825e+14	3.073149e+14	1.415292e+14	8.573894e+03	3.285934e+03	2.060461e+03	0	5.769058e-04
1.020000e+09	4.656723e+12	0.000000e+00	5.454545e-01	1.133509e+14	3.052753e+14	1.408977e+14	8.563090e+03	3.283810e+03	2.059130e+03	0	5.744776e-04
1.030000e+09	4.598298e+12	0.000000e+00	5.454545e-01	1.124327e+14	3.032636e+14	1.402705e+14	8.552374e+03	3.281706e+03	2.057810e+03	0	5.720649e-04
1.040000e+09	4.540727e+12	0.000000e+00	5.454545e-01	1.115276e+14	3.012791e+14	1.396475e+14	8.541745e+03	3.279621e+03	2.056503e+03	0	5.696675e-04
1.050000e+09	4.483993e+12	0.000000e+00	5.454545e-01	1.106353e+14	2.993211e+14	1.390287e+14	8.531201e+03	3.277554e+03	2.055207e+03	0	5.672850e-04
1.060000e+09	4.428080e+12	0.000000e+00	5.454545e-01	1.097555e+14	2.973891e+14	1.384141e+14	8.520741e+03	3.275506e+03	2.053923e+03	0	5.649172e-04
1.070000e+09	4.372970e+12	0.000000e+00	5.454545e-01	1.088880e+14	2.954826e+14	1.378036e+14	8.510364e+03	3.273476e+03	2.052649e+03	0	5.625638e-04
1.080000e+09	4.318646e+12	0.000000e+00	5.454545e-01	1.080326e+14	2.936008e+14	1.371973e+14	8.500069e+03	3.271463e+03	2.051387e+03	0	5.602246e-04
1.090000e+09	4.265094e+12	0.000000e+00	5.454545e-01	1.071889e+14	2.917434e+14	1.365950e+14	8.489854e+03	3.269468e+03	2.050136e+03	0	5.578993e-04
1.100000e+09	4.212296e+12	0.000000e+00	5.454545e-01	1.063568e+14	2.899097e+14	1.359968e+14	8.479719e+03	3.267489e+03	2.048895e+03	0	5.555877e-04
1.110000e+09	4.160239e+12	0.000000e+00	5.454545e-01	1.055361e+14	2.880992e+14	1.354025e+14	8.469663e+03	3.265526e+03	2.047665e+03	0	5.532895e-04
1.120000e+09	4.108908e+12	0.000000e+00	5.454545e-01	1.047265e+14	2.863115e+14	1.348123e+14	8.459684e+03	3.263580e+03	2.046444e+03	0	5.510044e-04
1.130000e+09	4.058288e+12	0.000000e+00	5.454545e-01	1.039277e+14	2.845461e+14	1.342260e+14	8.449781e+03	3.261650e+03	2.045234e+03	0	5.487324e-04
1.140000e+09	4.008365e+12	0.000000e+00	5.454545e-01	1.031397e+14	2.828026e+14	1.336436e+14	8.439954e+03	3.259735e+03	2.044033e+03	0	5.464730e-04
1.150000e+09	3.959126e+12	0.000000e+00	5.454545e-01	1.023621e+14	2.810803e+14	1.330651e+14	8.430201e+03	3.257836e+03	2.042842e+03	0	5.442261e-04
1.160000e+09	3.910557e+12	0.000000e+00	5.454545e-01	1.015948e+14	2.793790e+14	1.324905e+14	8.420521e+03	3.255951e+03	2.041661e+03	0	5.419915e-04
1.170000e+09	3.862646e+12	0.000000e+00	5.454545e-01	1.008375e+14	2.776983e+14	1.319197e+14	8.410914e+03	3.254082e+03	2.040488e+03	0	5.397690e-04
1.180000e+09	3.815380e+12	0.000000e+00	5.454545e-01	1.000902e+14	2.760376e+14	1.313527e+14	8.401378e+03	3.252226e+03	2.039325e+03	0	5.375583e-04
1.190000e+09	3.768747e+12	0.000000e+00	5.454545e-01	9.935260e+13	2.743966e+14	1.307894e+14	8.391912e+03	3.250385e+03	2.038170e+03	0	5.353592e-04
1.200000e+09	3.722734e+12	0.000000e+00	5.454545e-01	9.862450e+13	2.727749e+14	1.302300e+14	8.382516e+03	3.248558e+03	2.037025e+03	0	5.331715e-04
1.210000e+09	3.677331e+12	0.000000e+00	5.454545e-01	9.790575e+13	2.711722e+14	1.296742e+14	8.373189e+03	3.246745e+03	2.035887e+03	0	5.309951e-04
1.220000e+09	3.632525e+12	0.000000e+00	5.454545e-01	9.719618e+13	2.695880e+14	1.291221e+14	8.363930e+03	3.244944e+03	2.034759e+03	0	5.288297e-04
1.230000e+09	3.588306e+12	0.000000e+00	5.454545e-01	9.649562e+13	2.680220e+14	1.285736e+14	8.354738e+03	3.243158e+03	2.033638e+03	0	5.266751e-04
1.240000e+09	3.544663e+12	0.000000e+00	5.454545e-01	9.580389e+13	2.664739e+14	1.280288e+14	8.345611e+03	3.241384e+03	2.032526e+03	0	5.245311e-04
1.250000e+09	3.501584e+12	0.000000e+00	5.454545e-01	9.512085e+13	2.649434e+14	1.274876e+14	8.336550e+03	3.239622e+03	2.031421e+03	0	5.223976e-04
1.260000e+09	3.459061e+12	0.000000e+00	5.454545e-01	9.444634e+13	2.634301e+14	1.269499e+14	8.327554e+03	3.237874e+03	2.030325e+03	0	5.202743e-04
1.270000e+09	3.417083e+12	0.000000e+00	5.454545e-01	9.378020e+13	2.619336e+14	1.264158e+14	8.318621e+03	3.236138e+03	2.029236e+03	0	5.181611e-04
1.280000e+09	3.375639e+12	0.000000e+00	5.454545e-01	9.312228e+13	2.604537e+14	1.258852e+14	8.309751e+03	3.234413e+03	2.028155e+03	0	5.160578e-04
1.290000e+09	3.334722e+12	0.000000e+00	5.454545e-01	9.247245e+13	2.589901e+14	1.253581e+14	8.300942e+03	3.232701e+03	2.027081e+03	0	5.139641e-04
1.300000e+09	3.294320e+12	0.000000e+00	5.454545e-01	9.183055e+13	2.575425e+14	1.248344e+14	8.292196e+03	3.231001e+03	2.026015e+03	0	5.118800e-04
1.310000e+09	3.254425e+12	0.000000e+00	5.454545e-01	9.119644e+13	2.561106e+14	1.243142e+14	8.283510e+03	3.229312e+03	2.024956e+03	0	5.098053e-04
1.320000e+09	3.215028e+12	0.000000e+00	5.454545e-01	9.057000e+13	2.546942e+14	1.237974e+14	8.274883e+03	3.227634e+03	2.023904e+03	0	5.077398e-04
1.330000e+09	3.176120e+12	0.000000e+00	5.454545e-01	8.995109e+13	2.532929e+14	1.232839e+14	8.266316e+03	3.225968e+03	2.022859e+03	0	5.056833e-04
1.340000e+09	3.137693e+12	0.000000e+00	5.454545e-01	8.933957e+13	2.519065e+14	1.227738e+14	8.257807e+03	3.224313e+03	2.021821e+03	0	5.036356e-04
1.350000e+09	3.099738e+12	0.000000e+00	5.454545e-01	8.873533e+13	2.505347e+14	1.222671e+14	8.249356e+03	3.222668e+03	2.020790e+03	0	5.015966e-04
1.360000e+09	3.062247e+12	0.000000e+00	5.454545e-01	8.813823e+13	2.491773e+14	1.217636e+14	8.240962e+03	3.221034e+03	2.019766e+03	0	4.995662e-04
1.370000e+09	3.025212e+12	0.000000e+00	5.454545e-01	8.754816e+13	2.478340e+14	1.212635e+14	8.232625e+03	3.219411e+03	2.018748e+03	0	4.975441e-04
1.380000e+09	2.988626e+12	0.000000e+00	5.454545e-01	8.696500e+13	2.465047e+14	1.207665e+14	8.224343e+03	3.217798e+03	2.017736e+03	0	4.955302e-04
1.390000e+09	2.952481e+12	0.000000e+00	5.454545e-01	8.638864e+13	2.451890e+14	1.202728e+14	8.216116e+03	3.216196e+03	2.016732e+03	0	4.935244e-04
1.400000e+09	2.916769e+12	0.000000e+00	5.454545e-01	8.581895e+13	2.438868e+14	1.197823e+14	8.207943e+03	3.214603e+03	2.015733e+03	0	4.915265e-04
1.410000e+09	2.881483e+12	0.000000e+00	5.454545e-01	8.525583e+13	2.425978e+14	1.192950e+14	8.199824e+03	3.213020e+03	2.014741e+03	0	4.895364e-04
1.420000e+09	2.846616e+12	0.000000e+00	5.454545e-01	8.469917e+13	2.413219e+14	1.188109e+14	8.191759e+03	3.211448e+03	2.013754e+03	0	4.875538e-04
1.430000e+09	2.812161e+12	0.000000e+00	5.454545e-01	8.414887e+13	2.400587e+14	1.183298e+14	8.183745e+03	3.209884e+03	2.012774e+03	0	4.855787e-04
1.440000e+09	2.778111e+12	0.000000e+00	5.454545e-01	8.360481e+13	2.388081e+14	1.178519e+14	8.175784e+03	3.208331e+03	2.011800e+03	0	4.836110e-04
1.450000e+09	2.744459e+12	0.000000e+00	5.454545e-01	8.306691e+13	2.375699e+14	1.173771e+14	8.167875e+03	3.206786e+03	2.010831e+03	0	4.816504e-04
1.460000e+09	2.711200e+12	0.000000e+00	5.454545e-01	8.253505e+13	2.363439e+14	1.169053e+14	8.160016e+03	3.205251e+03	2.009869e+03	0	4.796968e-04
1.470000e+09	2.678326e+12	0.000000e+00	5.454545e-01	8.200914e+13	2.351300e+14	1.164366e+14	8.152207e+03	3.203725e+03	2.008912e+03	0	4.777501e-04
1.480000e+09	2.645831e+12	0.000000e+00	5.454545e-01	8.148910e+13	2.339278e+14	1.159708e+14	8.144448e+03	3.202208e+03	2.007961e+03	0	4.758101e-04
1.490000e+09	2.613709e+12	0.000000e+00	5.454545e-01	8.097481e+13	2.327373e+14	1.155081e+14	8.136737e+03	3.200700e+03	2.007015e+03	0	4.738767e-04
1.500000e+09	2.581955e+12	0.000000e+00	5.454545e-01	8.046620e+13	2.315582e+14	1.150483e+14	8.129076e+03	3.199201e+03	2.006075e+03	0	4.719498e-04
1.510000e+09	2.550561e+12	0.000000e+00	5.454545e-01	7.996317e+13	2.303905e+14	1.145915e+14	8.121463e+03	3.197710e+03	2.005140e+03	0	4.700292e-04
1.520000e+09	2.519524e+12	0.000000e+00	5.454545e-01	7.946563e+13	2.292338e+14	1.141375e+14	8.113897e+03	3.196228e+03	2.004211e+03	0	4.681149e-04
1.530000e+09	2.488836e+12	0.000000e+00	5.454545e-01	7.897351e+13	2.280881e+14	1.136865e+14	8.106377e+03	3.194755e+03	2.003287e+03	0	4.662065e-04
1.540000e+09	2.458492e+12	0.000000e+00	5.454545e-01	7.848671e+13	2.269532e+14	1.132384e+14	8.098905e+03	3.193289e+03	2.002368e+03	0	4.643042e-04
1.550000e+09	2.428488e+12	0.000000e+00	5.454545e-01	7.800515e+13	2.258289e+14	1.127931e+14	8.091478e+03	3.191832e+03	2.001454e+03	0	4.624076e-04
1.560000e+09	2.398817e+12	0.000000e+00	5.454545e-01	7.752875e+13	2.247151e+14	1.123507e+14	8.084097e+03	3.190383e+03	2.000546e+03	0	4.605166e-04
1.570000e+09	2.369475e+12	0.000000e+00	5.454545e-01	7.705744e+13	2.236116e+14	1.119110e+14	8.076761e+03	3.188942e+03	1.999642e+03	0	4.586313e-04
1.580000e+09	2.340456e+12	0.000000e+00	5.454545e-01	7.659113e+13	2.225183e+14	1.114742e+14	8.069469e+03	3.187509e+03	1.998743e+03	0	4.567513e-04
1.590000e+09	2.311756e+12	0.000000e+00	5.454545e-01	7.612976e+13	2.214349e+14	1.110401e+14	8.062222e+03	3.186083e+03	1.997849e+03	0	4.548766e-04
1.600000e+09	2.283369e+12	0.000000e+00	5.454545e-01	7.567323e+13	2.203615e+14	1.106088e+14	8.055018e+03	3.184666e+03	1.996961e+03	0	4.530071e-04
1.610000e+09	2.255291e+12	0.000000e+00	5.454545e-01	7.522149e+13	2.192978e+14	1.101802e+14	8.047857e+03	3.183256e+03	1.996076e+03	0	4.511426e-04
1.620000e+09	2.227517e+12	0.000000e+00	5.454545e-01	7.477447e+13	2.182437e+14	1.097543e+14	8.040739e+03	3.181853e+03	1.995197e+03	0	4.492830e-04
1.630000e+09	2.200043e+12	0.000000e+00	5.454545e-01	7.433208e+13	2.171990e+14	1.093311e+14	8.033663e+03	3.180458e+03	1.994322e+03	0	4.474282e-04
1.640000e+09	2.172863e+12	0.000000e+00	5.454545e-01	7.389426e+13	2.161637e+14	1.089106e+14	8.026628e+03	3.179071e+03	1.993452e+03	0	4.455780e-04
1.650000e+09	2.145974e+12	0.000000e+00	5.454545e-01	7.346095e+13	2.151376e+14	1.084927e+14	8.019635e+03	3.177690e+03	1.992586e+03	0	4.437324e-04
1.660000e+09	2.119372e+12	0.000000e+00	5.454545e-01	7.303208e+13	2.141206e+14	1.080774e+14	8.012683e+03	3.176317e+03	1.991725e+03	0	4.418912e-04
1.670000e+09	2.093051e+12	0.000000e+00	5.454545e-01	7.260758e+13	2.131125e+14	1.076648e+14	8.005772e+03	3.174951e+03	1.990869e+03	0	4.400543e-04
1.680000e+09	2.067009e+12	0.000000e+00	5.454545e-01	7.218739e+13	2.121133e+14	1.072547e+14	7.998901e+03	3.173592e+03	1.990017e+03	0	4.382215e-04
1.690000e+09	2.041240e+12	0.000000e+00	5.454545e-01	7.177145e+13	2.111228e+14	1.068472e+14	7.992069e+03	3.172240e+03	1.989169e+03	0	4.363929e-04
1.700000e+09	2.015741e+12	0.000000e+00	5.454545e-01	7.135969e+13	2.101408e+14	1.064423e+14	7.985276e+03	3.170894e+03	1.988325e+03	0	4.345681e-04
1.710000e+09	1.990507e+12	0.000000e+00	5.454545e-01	7.095206e+13	2.091674e+14	1.060398e+14	7.978523e+03	3.169556e+03	1.987486e+03	0	4.327472e-04
1.720000e+09	1.965536e+12	0.000000e+00	5.454545e-01	7.054850e+13	2.082023e+14	1.056399e+14	7.971808e+03	3.168224e+03	1.986651e+03	0	4.309299e-04
1.730000e+09	1.940823e+12	0.000000e+00	5.454545e-01	7.014895e+13	2.072454e+14	1.052425e+14	7.965131e+03	3.166899e+03	1.985820e+03	0	4.291162e-04
1.740000e+09	1.916364e+12	0.000000e+00	5.454545e-01	6.975335e+13	2.062967e+14	1.048476e+14	7.958492e+03	3.165581e+03	1.984993e+03	0	4.273060e-04
1.750000e+09	1.892156e+12	0.000000e+00	5.454545e-01	6.936164e+13	2.053561e+14	1.044551e+14	7.951890e+03	3.164269e+03	1.984170e+03	0	4.254991e-04
1.760000e+09	1.868196e+12	0.000000e+00	5.454545e-01	6.897378e+13	2.044234e+14	1.040651e+14	7.945325e+03	3.162963e+03	1.983352e+03	0	4.236954e-04
1.770000e+09	1.844479e+12	0.000000e+00	5.454545e-01	6.858971e+13	2.034985e+14	1.036774e+14	7.938797e+03	3.161664e+03	1.982537e+03	0	4.218948e-04
1.780000e+09	1.821002e+12	0.000000e+00	5.454545e-01	6.820937e+13	2.025814e+14	1.032922e+14	7.932305e+03	3.160371e+03	1.981726e+03	0	4.200972e-04
1.790000e+09	1.797762e+12	0.000000e+00	5.454545e-01	6.783271e+13	2.016719e+14	1.029094e+14	7.925849e+03	3.159084e+03	1.980919e+03	0	4.183024e-04
1.800000e+09	1.774756e+12	0.000000e+00	5.454545e-01	6.745969e+13	2.007699e+14	1.025289e+14	7.919429e+03	3.157804e+03	1.980116e+03	0	4.165104e-04
1.810000e+09	1.751980e+12	0.000000e+00	5.454545e-01	6.709026e+13	1.998754e+14	1.021508e+14	7.913044e+03	3.156529e+03	1.979317e+03	0	4.147210e-04
1.820000e+09	1.729432e+12	0.000000e+00	5.454545e-01	6.672435e+13	1.989883e+14	1.017750e+14	7.906694e+03	3.155261e+03	1.978522e+03	0	4.129341e-04
1.830000e+09	1.707107e+12	0.000000e+00	5.454545e-01	6.636193e+13	1.981084e+14	1.014015e+14	7.900378e+03	3.153998e+03	1.977730e+03	0	4.111496e-04
1.840000e+09	1.685003e+12	0.000000e+00	5.454545e-01	6.600295e+13	1.972356e+14	1.010303e+14	7.894096e+03	3.152742e+03	1.976942e+03	0	4.093673e-04
1.850000e+09	1.663117e+12	0.000000e+00	5.454545e-01	6.564737e+13	1.963700e+14	1.006614e+14	7.887849e+03	3.151491e+03	1.976158e+03	0	4.075872e-04
1.860000e+09	1.641446e+12	0.000000e+00	5.454545e-01	6.529513e+13	1.955113e+14	1.002947e+14	7.881635e+03	3.150246e+03	1.975378e+03	0	4.058091e-04
1.870000e+09	1.619987e+12	0.000000e+00	5.454545e-01	6.494619e+13	1.946596e+14	9.993030e+13	7.875454e+03	3.149007e+03	1.974601e+03	0	4.040329e-04
1.880000e+09	1.598737e+12	0.000000e+00	5.454545e-01	6.460050e+13	1.938147e+14	9.956813e+13	7.869307e+03	3.147774e+03	1.973827e+03	0	4.022585e-04
1.890000e+09	1.577693e+12	0.000000e+00	5.454545e-01	6.425804e+13	1.929765e+14	9.920816e+13	7.863192e+03	3.146546e+03	1.973058e+03	0	4.004858e-04
1.900000e+09	1.556852e+12	0.000000e+00	5.454545e-01	6.391874e+13	1.921450e+14	9.885039e+13	7.857109e+03	3.145324e+03	1.972291e+03	0	3.987145e-04
1.910000e+09	1.536212e+12	0.000000e+00	5.454545e-01	6.358257e+13	1.913201e+14	9.849480e+13	7.851059e+03	3.144108e+03	1.971528e+03	0	3.969447e-04
1.920000e+09	1.515771e+12	0.000000e+00	5.454545e-01	6.324950e+13	1.905016e+14	9.814137e+13	7.845040e+03	3.142897e+03	1.970769e+03	0	3.951762e-04
1.930000e+09	1.495524e+12	0.000000e+00	5.454545e-01	6.291947e+13	1.896897e+14	9.779009e+13	7.839052e+03	3.141691e+03	1.970013e+03	0	3.934088e-04
1.940000e+09	1.475471e+12	0.000000e+00	5.454545e-01	6.259245e+13	1.888840e+14	9.744094e+13	7.833096e+03	3.140491e+03	1.969260e+03	0	3.916425e-04
1.950000e+09	1.455608e+12	0.000000e+00	5.454545e-01	6.226840e+13	1.880847e+14	9.709391e+13	7.827171e+03	3.139296e+03	1.968511e+03	0	3.898771e-04
1.960000e+09	1.435932e+12	0.000000e+00	5.454545e-01	6.194728e+13	1.872915e+14	9.674898e+13	7.821276e+03	3.138106e+03	1.967765e+03	0	3.881125e-04
1.970000e+09	1.416442e+12	0.000000e+00	5.454545e-01	6.162905e+13	1.865045e+14	9.640613e+13	7.815412e+03	3.136921e+03	1.967022e+03	0	3.863485e-04
1.980000e+09	1.397135e+12	0.000000e+00	5.454545e-01	6.131368e+13	1.857235e+14	9.606536e+13	7.809578e+03	3.135742e+03	1.966283e+03	0	3.845851e-04
1.990000e+09	1.378009e+12	0.000000e+00	5.454545e-01	6.100113e+13	1.849486e+14	9.572664e+13	7.803773e+03	3.134568e+03	1.965547e+03	0	3.828220e-04
2.000000e+09	1.359060e+12	0.000000e+00	5.454545e-01	6.069136e+13	1.841795e+14	9.538995e+13	7.797999e+03	3.133399e+03	1.964813e+03	0	3.810593e-04
2.010000e+09	1.340288e+12	0.000000e+00	5.454545e-01	6.038435e+13	1.834164e+14	9.505530e+13	7.792253e+03	3.132235e+03	1.964084e+03	0	3.792966e-04
2.020000e+09	1.321689e+12	0.000000e+00	5.454545e-01	6.008004e+13	1.826590e+14	9.472265e+13	7.786536e+03	3.131076e+03	1.963357e+03	0	3.775340e-04
2.030000e+09	1.303261e+12	0.000000e+00	5.454545e-01	5.977842e+13	1.819073e+14	9.439199e+13	7.780849e+03	3.129922e+03	1.962633e+03	0	3.757712e-04
2.040000e+09	1.285003e+12	0.000000e+00	5.454545e-01	5.947944e+13	1.811613e+14	9.406332e+13	7.775189e+03	3.128773e+03	1.961913e+03	0	3.740081e-04
2.050000e+09	1.266912e+12	0.000000e+00	5.454545e-01	5.918308e+13	1.804209e+14	9.373661e+13	7.769558e+03	3.127629e+03	1.961195e+03	0	3.722446e-04
2.060000e+09	1.248986e+12	0.000000e+00	5.454545e-01	5.888929e+13	1.796860e+14	9.341186e+13	7.763955e+03	3.126489e+03	1.960481e+03	0	3.704806e-04
2.070000e+09	1.231222e+12	0.000000e+00	5.454545e-01	5.859806e+13	1.789566e+14	9.308904e+13	7.758380e+03	3.125355e+03	1.959769e+03	0	3.687158e-04
2.080000e+09	1.213620e+12	0.000000e+00	5.454545e-01	5.830934e+13	1.782327e+14	9.276815e+13	7.752832e+03	3.124225e+03	1.959061e+03	0	3.669503e-04
2.090000e+09	1.196176e+12	0.000000e+00	5.454545e-01	5.802311e+13	1.775141e+14	9.244916e+13	7.747311e+03	3.123100e+03	1.958355e+03	0	3.651837e-04
2.100000e+09	1.178889e+12	0.000000e+00	5.454545e-01	5.773934e+13	1.768007e+14	9.213207e+13	7.741818e+03	3.121979e+03	1.957653e+03	0	3.634159e-04
2.110000e+09	1.161758e+12	0.000000e+00	5.454545e-01	5.745799e+13	1.760927e+14	9.181687e+13	7.736351e+03	3.120864e+03	1.956953e+03	0	3.616469e-04
2.120000e+09	1.144779e+12	0.000000e+00	5.454545e-01	5.717904e+13	1.753898e+14	9.150353e+13	7.730911e+03	3.119752e+03	1.956256e+03	0	3.598765e-04
2.130000e+09	1.127951e+12	0.000000e+00	5.454545e-01	5.690245e+13	1.746920e+14	9.119204e+13	7.725498e+03	3.118646e+03	1.955562e+03	0	3.581044e-04
2.140000e+09	1.111272e+12	0.000000e+00	5.454545e-01	5.662821e+13	1.739993e+14	9.088240e+13	7.720110e+03	3.117543e+03	1.954871e+03	0	3.563306e-04
2.150000e+09	1.094741e+12	0.000000e+00	5.454545e-01	5.635627e+13	1.733116e+14	9.057459e+13	7.714749e+03	3.116446e+03	1.954183e+03	0	3.545548e-04
2.160000e+09	1.078355e+12	0.000000e+00	5.454545e-01	5.608662e+13	1.726289e+14	9.026859e+13	7.709413e+03	3.115353e+03	1.953497e+03	0	3.527770e-04
2.170000e+09	1.062114e+12	0.000000e+00	5.454545e-01	5.581923e+13	1.719511e+14	8.996439e+13	7.704102e+03	3.114264e+03	1.952815e+03	0	3.509969e-04
2.180000e+09	1.046014e+12	0.000000e+00	5.454545e-01	5.555406e+13	1.712782e+14	8.966198e+13	7.698817e+03	3.113179e+03	1.952135e+03	0	3.492144e-04
2.190000e+09	1.030055e+12	0.000000e+00	5.454545e-01	5.529109e+13	1.706101e+14	8.936134e+13	7.693557e+03	3.112099e+03	1.951457e+03	0	3.474293e-04
2.200000e+09	1.014234e+12	0.000000e+00	5.454545e-01	5.503031e+13	1.699467e+14	8.906247e+13	7.688322e+03	3.111023e+03	1.950783e+03	0	3.456414e-04
2.210000e+09	9.985506e+11	0.000000e+00	5.454545e-01	5.477167e+13	1.692881e+14	8.876535e+13	7.683112e+03	3.109952e+03	1.950111e+03	0	3.438505e-04
2.220000e+09	9.830025e+11	0.000000e+00	5.454545e-01	5.451516e+13	1.686341e+14	8.846996e+13	7.677925e+03	3.108885e+03	1.949442e+03	0	3.420565e-04
2.230000e+09	9.675881e+11	0.000000e+00	5.454545e-01	5.426075e+13	1.679847e+14	8.817630e+13	7.672764e+03	3.107822e+03	1.948775e+03	0	3.402591e-04
2.240000e+09	9.523059e+11	0.000000e+00	5.454545e-01	5.400842e+13	1.673399e+14	8.788435e+13	7.667626e+03	3.106763e+03	1.948111e+03	0	3.384583e-04
2.250000e+09	9.371544e+11	0.000000e+00	5.454545e-01	5.375814e+13	1.666996e+14	8.759411e+13	7.662512e+03	3.105708e+03	1.947450e+03	0	3.366537e-04
2.260000e+09	9.221319e+11	0.000000e+00	5.454545e-01	5.350988e+13	1.660638e+14	8.730555e+13	7.657422e+03	3.104657e+03	1.946791e+03	0	3.348451e-04
2.270000e+09	9.072371e+11	0.000000e+00	5.454545e-01	5.326364e+13	1.654324e+14	8.701867e+13	7.652355e+03	3.103611e+03	1.946135e+03	0	3.330324e-04
2.280000e+09	8.924683e+11	0.000000e+00	5.454545e-01	5.301937e+13	1.648054e+14	8.673345e+13	7.647311e+03	3.102568e+03	1.945481e+03	0	3.312154e-04
2.290000e+09	8.778241e+11	0.000000e+00	5.454545e-01	5.277707e+13	1.641827e+14	8.644988e+13	7.642291e+03	3.101530e+03	1.944830e+03	0	3.293938e-04
2.300000e+09	8.633032e+11	0.000000e+00	5.454545e-01	5.253670e+13	1.635644e+14	8.616795e+13	7.637293e+03	3.100496e+03	1.944181e+03	0	3.275674e-04
2.310000e+09	8.489039e+11	0.000000e+00	5.454545e-01	5.229825e+13	1.629502e+14	8.588766e+13	7.632319e+03	3.099465e+03	1.943535e+03	0	3.257360e-04
2.320000e+09	8.346250e+11	0.000000e+00	5.454545e-01	5.206169e+13	1.623403e+14	8.560898e+13	7.627366e+03	3.098438e+03	1.942891e+03	0	3.238994e-04
2.330000e+09	8.204650e+11	0.000000e+00	5.454545e-01	5.182700e+13	1.617346e+14	8.533190e+13	7.622436e+03	3.097416e+03	1.942250e+03	0	3.220572e-04
2.340000e+09	8.064227e+11	0.000000e+00	5.454545e-01	5.159417e+13	1.611330e+14	8.505642e+13	7.617529e+03	3.096397e+03	1.941611e+03	0	3.202092e-04
2.350000e+09	7.924965e+11	0.000000e+00	5.454545e-01	5.136316e+13	1.605355e+14	8.478252e+13	7.612643e+03	3.095382e+03	1.940975e+03	0	3.183553e-04
2.360000e+09	7.786853e+11	0.000000e+00	5.454545e-01	5.113397e+13	1.599420e+14	8.451019e+13	7.607779e+03	3.094371e+03	1.940341e+03	0	3.164951e-04
2.370000e+09	7.649877e+11	0.000000e+00	5.454545e-01	5.090656e+13	1.593525e+14	8.423943e+13	7.602937e+03	3.093364e+03	1.939709e+03	0	3.146283e-04
2.380000e+09	7.514025e+11	0.000000e+00	5.454545e-01	5.068093e+13	1.587670e+14	8.397021e+13	7.598116e+03	3.092360e+03	1.939080e+03	0	3.127547e-04
2.390000e+09	7.379283e+11	0.000000e+00	5.454545e-01	5.045704e+13	1.581855e+14	8.370253e+13	7.593317e+03	3.091360e+03	1.938453e+03	0	3.108740e-04
2.400000e+09	7.245639e+11	0.000000e+00	5.454545e-01	5.023489e+13	1.576078e+14	8.343638e+13	7.588539e+03	3.090364e+03	1.937828e+03	0	3.089858e-04
2.410000e+09	7.113081e+11	0.000000e+00	5.454545e-01	5.001445e+13	1.570340e+14	8.317174e+13	7.583782e+03	3.089372e+03	1.937206e+03	0	3.070899e-04
2.420000e+09	6.981597e+11	0.000000e+00	5.454545e-01	4.979570e+13	1.564639e+14	8.290861e+13	7.579045e+03	3.088383e+03	1.936586e+03	0	3.051860e-04
2.430000e+09	6.851174e+11	0.000000e+00	5.454545e-01	4.957863e+13	1.558977e+14	8.264697e+13	7.574330e+03	3.087398e+03	1.935968e+03	0	3.032736e-04
2.440000e+09	6.721802e+11	0.000000e+00	5.454545e-01	4.936321e+13	1.553352e+14	8.238682e+13	7.569635e+03	3.086416e+03	1.935353e+03	0	3.013525e-04
2.450000e+09	6.593468e+11	0.000000e+00	5.454545e-01	4.914944e+13	1.547765e+14	8.212815e+13	7.564960e+03	3.085439e+03	1.934740e+03	0	2.994224e-04
2.460000e+09	6.466161e+11	0.000000e+00	5.454545e-01	4.893728e+13	1.542214e+14	8.187093e+13	7.560305e+03	3.084464e+03	1.934129e+03	0	2.974827e-04
2.470000e+09	6.339869e+11	0.000000e+00	5.454545e-01	4.872673e+13	1.536699e+14	8.161517e+13	7.555671e+03	3.083493e+03	1.933520e+03	0	2.955333e-04
2.480000e+09	6.214582e+11	0.000000e+00	5.454545e-01	4.851776e+13	1.531221e+14	8.136085e+13	7.551056e+03	3.082526e+03	1.932913e+03	0	2.935736e-04
2.490000e+09	6.090289e+11	0.000000e+00	5.454545e-01	4.831036e+13	1.525778e+14	8.110797e+13	7.546461e+03	3.081562e+03	1.932309e+03	0	2.916032e-04
2.500000e+09	5.966978e+11	0.000000e+00	5.454545e-01	4.810452e+13	1.520370e+14	8.085651e+13	7.541886e+03	3.080602e+03	1.931707e+03	0	2.896217e-04
2.510000e+09	5.844639e+11	0.000000e+00	5.454545e-01	4.790021e+13	1.514998e+14	8.060646e+13	7.537331e+03	3.079645e+03	1.931107e+03	0	2.876287e-04
2.520000e+09	5.723262e+11	0.000000e+00	5.454545e-01	4.769742e+13	1.509660e+14	8.035781e+13	7.532794e+03	3.078692e+03	1.930509e+03	0	2.856237e-04
2.530000e+09	5.602836e+11	0.000000e+00	5.454545e-01	4.749614e+13	1.504357e+14	8.011056e+13	7.528277e+03	3.077741e+03	1.929913e+03	0	2.836061e-04
2.540000e+09	5.483351e+11	0.000000e+00	5.454545e-01	4.729634e+13	1.499088e+14	7.986469e+13	7.523779e+03	3.076795e+03	1.929319e+03	0	2.815756e-04
2.550000e+09	5.364797e+11	0.000000e+00	5.454545e-01	4.709802e+13	1.493853e+14	7.962019e+13	7.519299e+03	3.075851e+03	1.928728e+03	0	2.795315e-04
2.560000e+09	5.247164e+11	0.000000e+00	5.454545e-01	4.690115e+13	1.488651e+14	7.937706e+13	7.514839e+03	3.074911e+03	1.928139e+03	0	2.774733e-04
2.570000e+09	5.130442e+11	0.000000e+00	5.454545e-01	4.670573e+13	1.483482e+14	7.913528e+13	7.510397e+03	3.073975e+03	1.927551e+03	0	2.754004e-04
2.580000e+09	5.014621e+11	0.000000e+00	5.454545e-01	4.651173e+13	1.478346e+14	7.889485e+13	7.505973e+03	3.073041e+03	1.926966e+03	0	2.733122e-04
2.590000e+09	4.899692e+11	0.000000e+00	5.454545e-01	4.631914e+13	1.473243e+14	7.865575e+13	7.501568e+03	3.072111e+03	1.926383e+03	0	2.712080e-04
2.600000e+09	4.785646e+11	0.000000e+00	5.454545e-01	4.612796e+13	1.468172e+14	7.841798e+13	7.497182e+03	3.071184e+03	1.925801e+03	0	2.690873e-04
2.610000e+09	4.672473e+11	0.000000e+00	5.454545e-01	4.593815e+13	1.463133e+14	7.818153e+13	7.492813e+03	3.070261e+03	1.925222e+03	0	2.669492e-04
2.620000e+09	4.560164e+11	0.000000e+00	5.454545e-01	4.574971e+13	1.458125e+14	7.794638e+13	7.488462e+03	3.069340e+03	1.924645e+03	0	2.647930e-04
2.630000e+09	4.448709e+11	0.000000e+00	5.454545e-01	4.556263e+13	1.453149e+14	7.771253e+13	7.484129e+03	3.068423e+03	1.924070e+03	0	2.626179e-04
2.640000e+09	4.338101e+11	0.000000e+00	5.454545e-01	4.537689e+13	1.448205e+14	7.747998e+13	7.479814e+03	3.067509e+03	1.923497e+03	0	2.604231e-04
2.650000e+09	4.228331e+11	0.000000e+00	5.454545e-01	4.519248e+13	1.443291e+14	7.724870e+13	7.475516e+03	3.066598e+03	1.922925e+03	0	2.582077e-04
2.660000e+09	4.119388e+11	0.000000e+00	5.454545e-01	4.500938e+13	1.438407e+14	7.701869e+13	7.471235e+03	3.065690e+03	1.922356e+03	0	2.559709e-04
2.670000e+09	4.011266e+11	0.000000e+00	5.454545e-01	4.482758e+13	1.433554e+14	7.678995e+13	7.466972e+03	3.064785e+03	1.921789e+03	0	2.537115e-04
2.680000e+09	3.903956e+11	0.000000e+00	5.454545e-01	4.464707e+13	1.428731e+14	7.656246e+13	7.462727e+03	3.063884e+03	1.921223e+03	0	2.514285e-04
2.690000e+09	3.797448e+11	0.000000e+00	5.454545e-01	4.446783e+13	1.423938e+14	7.633622e+13	7.458498e+03	3.062985e+03	1.920660e+03	0	2.491209e-04
2.700000e+09	3.691736e+11	0.000000e+00	5.454545e-01	4.428985e+13	1.419174e+14	7.611122e+13	7.454286e+03	3.062090e+03	1.920099e+03	0	2.467875e-04
2.710000e+09	3.586810e+11	0.000000e+00	5.454545e-01	4.411313e+13	1.414440e+14	7.588744e+13	7.450091e+03	3.061197e+03	1.919539e+03	0	2.444270e-04
2.720000e+09	3.482664e+11	0.000000e+00	5.454545e-01	4.393764e+13	1.409734e+14	7.566488e+13	7.445913e+03	3.060308e+03	1.918981e+03	0	2.420380e-04
2.730000e+09	3.379288e+11	0.000000e+00	5.454545e-01	4.376337e+13	1.405057e+14	7.544354e+13	7.441751e+03	3.059421e+03	1.918425e+03	0	2.396191e-04
2.740000e+09	3.276676e+11	0.000000e+00	5.454545e-01	4.359032e+13	1.400409e+14	7.522340e+13	7.437606e+03	3.058538e+03	1.917871e+03	0	2.371687e-04
2.750000e+09	3.174819e+11	0.000000e+00	5.454545e-01	4.341846e+13	1.395789e+14	7.500445e+13	7.433477e+03	3.057657e+03	1.917319e+03	0	2.346853e-04
2.760000e+09	3.073709e+11	0.000000e+00	5.454545e-01	4.324780e+13	1.391197e+14	7.478669e+13	7.429365e+03	3.056779e+03	1.916769e+03	0	2.321670e-04
2.770000e+09	2.973341e+11	0.000000e+00	5.454545e-01	4.307831e+13	1.386633e+14	7.457011e+13	7.425268e+03	3.055905e+03	1.916220e+03	0	2.296120e-04
2.780000e+09	2.873705e+11	0.000000e+00	5.454545e-01	4.290999e+13	1.382096e+14	7.435470e+13	7.421188e+03	3.055033e+03	1.915674e+03	0	2.270180e-04
2.790000e+09	2.774794e+11	0.000000e+00	5.454545e-01	4.274282e+13	1.377587e+14	7.414045e+13	7.417124e+03	3.054164e+03	1.915129e+03	0	2.243830e-04
2.800000e+09	2.676602e+11	0.000000e+00	5.454545e-01	4.257680e+13	1.373105e+14	7.392736e+13	7.413075e+03	3.053298e+03	1.914586e+03	0	2.217044e-04
2.810000e+09	2.579122e+11	0.000000e+00	5.454545e-01	4.241190e+13	1.368649e+14	7.371541e+13	7.409042e+03	3.052435e+03	1.914045e+03	0	2.189796e-04
2.820000e+09	2.482345e+11	0.000000e+00	5.454545e-01	4.224813e+13	1.364220e+14	7.350460e+13	7.405025e+03	3.051575e+03	1.913505e+03	0	2.162056e-04
2.830000e+09	2.386266e+11	0.000000e+00	5.454545e-01	4.208547e+13	1.359818e+14	7.329492e+13	7.401023e+03	3.050717e+03	1.912967e+03	0	2.133794e-04
2.840000e+09	2.290877e+11	0.000000e+00	5.454545e-01	4.192390e+13	1.355441e+14	7.308637e+13	7.397037e+03	3.049863e+03	1.912431e+03	0	2.104975e-04
2.850000e+09	2.196172e+11	0.000000e+00	5.454545e-01	4.176343e+13	1.351091e+14	7.287893e+13	7.393065e+03	3.049011e+03	1.911897e+03	0	2.075559e-04
2.860000e+09	2.102144e+11	0.000000e+00	5.454545e-01	4.160403e+13	1.346766e+14	7.267260e+13	7.389109e+03	3.048162e+03	1.911365e+03	0	2.045505e-04
2.870000e+09	2.008786e+11	0.000000e+00	5.454545e-01	4.144570e+13	1.342467e+14	7.246737e+13	7.385169e+03	3.047315e+03	1.910834e+03	0	2.014764e-04
2.880000e+09	1.916092e+11	0.000000e+00	5.454545e-01	4.128843e+13	1.338194e+14	7.226323e+13	7.381243e+03	3.046472e+03	1.910305e+03	0	1.983285e-04
2.890000e+09	1.824056e+11	0.000000e+00	5.454545e-01	4.113221e+13	1.333945e+14	7.206018e+13	7.377332e+03	3.045631e+03	1.909778e+03	0	1.951008e-04
2.900000e+09	1.732670e+11	0.000000e+00	5.454545e-01	4.097702e+13	1.329721e+14	7.185821e+13	7.373435e+03	3.044793e+03	1.909252e+03	0	1.917866e-04
2.910000e+09	1.641929e+11	0.000000e+00	5.454545e-01	4.082287e+13	1.325522e+14	7.165730e+13	7.369554e+03	3.043957e+03	1.908728e+03	0	1.883784e-04
2.920000e+09	1.551827e+11	0.000000e+00	5.454545e-01	4.066973e+13	1.321347e+14	7.145746e+13	7.365687e+03	3.043124e+03	1.908206e+03	0	1.848675e-04
2.930000e+09	1.462357e+11	0.000000e+00	5.454545e-01	4.051760e+13	1.317197e+14	7.125868e+13	7.361834e+03	3.042294e+03	1.907686e+03	0	1.812442e-04
2.940000e+09	1.373513e+11	0.000000e+00	5.454545e-01	4.036647e+13	1.313070e+14	7.106095e+13	7.357996e+03	3.041467e+03	1.907167e+03	0	1.774968e-04
2.950000e+09	1.285289e+11	0.000000e+00	5.454545e-01	4.021633e+13	1.308968e+14	7.086425e+13	7.354172e+03	3.040642e+03	1.906650e+03	0	1.736121e-04
2.960000e+09	1.197681e+11	0.000000e+00	5.454545e-01	4.006717e+13	1.304889e+14	7.066860e+13	7.350363e+03	3.039820e+03	1.906134e+03	0	1.695743e-04
2.970000e+09	1.110680e+11	0.000000e+00	5.454545e-01	3.991898e+13	1.300834e+14	7.047397e+13	7.346567e+03	3.039000e+03	1.905620e+03	0	1.653646e-04
2.980000e+09	1.024283e+11	0.000000e+00	5.454545e-01	3.977175e+13	1.296802e+14	7.028036e+13	7.342786e+03	3.038183e+03	1.905108e+03	0	1.609606e-04
2.990000e+09	9.384826e+10	0.000000e+00	5.454545e-01	3.962548e+13	1.292793e+14	7.008777e+13	7.339018e+03	3.037368e+03	1.904597e+03	0	1.563346e-04
3.000000e+09	8.532738e+10	0.000000e+00	5.454545e-01	3.948016e+13	1.288807e+14	6.989618e+13	7.335264e+03	3.036557e+03	1.904088e+03	0	1.514523e-04
3.010000e+09	7.686510e+10	0.000000e+00	5.454545e-01	3.933577e+13	1.284844e+14	6.970560e+13	7.331525e+03	3.035747e+03	1.903580e+03	0	1.462703e-04
3.020000e+09	6.846087e+10	0.000000e+00	5.454545e-01	3.919231e+13	1.280903e+14	6.951601e+13	7.327798e+03	3.034940e+03	1.903075e+03	0	1.407323e-04
3.030000e+09	6.011415e+10	0.000000e+00	5.454545e-01	3.904976e+13	1.276985e+14	6.932740e+13	7.324085e+03	3.034136e+03	1.902570e+03	0	1.347634e-04
3.040000e+09	5.182440e+10	0.000000e+00	5.454545e-01	3.890813e+13	1.273089e+14	6.913978e+13	7.320386e+03	3.033334e+03	1.902067e+03	0	1.282599e-04
3.050000e+09	4.359108e+10	0.000000e+00	5.454545e-01	3.876741e+13	1.269215e+14	6.895313e+13	7.316700e+03	3.032535e+03	1.901566e+03	0	1.210725e-04
3.060000e+09	3.541369e+10	0.000000e+00	5.454545e-01	3.862757e+13	1.265363e+14	6.876745e+13	7.313028e+03	3.031738e+03	1.901067e+03	0	1.129718e-04
3.070000e+09	2.729169e+10	0.000000e+00	5.454545e-01	3.848863e+13	1.261532e+14	6.858273e+13	7.309369e+03	3.030944e+03	1.900569e+03	0	1.035754e-04
3.080000e+09	1.922458e+10	0.000000e+00	5.454545e-01	3.835056e+13	1.257723e+14	6.839896e+13	7.305722e+03	3.030152e+03	1.900072e+03	0	9.215776e-05
3.090000e+09	1.121186e+10	0.000000e+00	5.454545e-01	3.821336e+13	1.253936e+14	6.821614e+13	7.302089e+03	3.029363e+03	1.899577e+03	0	7.699671e-05
3.100000e+09	3.253020e+09	0.000000e+00	5.454545e-01	3.807703e+13	1.250169e+14	6.803426e+13	7.298469e+03	3.028576e+03	1.899084e+03	0	5.097320e-05
3.110000e+09	-4.652426e+09	0.000000e+00	5.454545e-01	3.794155e+13	1.246424e+14	6.785332e+13	7.294862e+03	3.027791e+03	1.898592e+03	0	nan
