#R=1.6553554418902015
#interptype='linear'
#name='planet'
#norm={'P': 1000000000000.0, 'R': 1.6553554418902015, 'M': 3.0, 'g': 10.761848803036637, 'rho': 1000.0}
#state=1
#composition
#layer0		Fe08FeS02		0.200000
#layer1		pv_fmw		0.800000
#layer2		ice_VII		0.300000
#Cols=
 #'ur		r		mr		rho		P		g		phi		T		composition'
#-end-
0.000000e+00	0.000000e+00	2.506477e-11	1.481435e+04	7.734181e+11	0.000000e+00	-2.367684e+08	5.000000e+03	0
5.025126e-03	8.318369e-03	5.146774e-06	1.481599e+04	7.737493e+11	-5.564260e-02	-2.367626e+08	5.000000e+03	0
1.005025e-02	1.663674e-02	1.565176e-05	1.481729e+04	7.740125e+11	-6.499489e-02	-2.367448e+08	5.000000e+03	0
1.507538e-02	2.495511e-02	5.153785e-05	1.481700e+04	7.739534e+11	1.449227e-01	-2.367160e+08	5.000000e+03	0
2.010050e-02	3.327348e-02	1.088036e-04	1.481616e+04	7.737843e+11	3.584848e-01	-2.366754e+08	5.000000e+03	0
2.512563e-02	4.159185e-02	2.060154e-04	1.481430e+04	7.734097e+11	5.788565e-01	-2.366231e+08	5.000000e+03	0
3.015075e-02	4.991021e-02	3.512664e-04	1.481163e+04	7.728708e+11	7.995328e-01	-2.365593e+08	5.000000e+03	0
3.517588e-02	5.822858e-02	5.403427e-04	1.480821e+04	7.721820e+11	1.020487e+00	-2.364836e+08	5.000000e+03	0
4.020101e-02	6.654695e-02	8.147066e-04	1.480370e+04	7.712749e+11	1.241374e+00	-2.363967e+08	5.000000e+03	0
4.522613e-02	7.486532e-02	1.126103e-03	1.479872e+04	7.702729e+11	1.462231e+00	-2.362978e+08	5.000000e+03	0
5.025126e-02	8.318369e-02	1.570551e-03	1.479239e+04	7.689987e+11	1.682857e+00	-2.361875e+08	5.000000e+03	0
5.527638e-02	9.150206e-02	2.042992e-03	1.478578e+04	7.676701e+11	1.903431e+00	-2.360651e+08	5.000000e+03	0
6.030151e-02	9.982043e-02	2.689890e-03	1.477768e+04	7.660447e+11	2.123660e+00	-2.359320e+08	5.000000e+03	0
6.532663e-02	1.081388e-01	3.383650e-03	1.476924e+04	7.643512e+11	2.343790e+00	-2.357869e+08	5.000000e+03	0
7.035176e-02	1.164572e-01	4.243385e-03	1.475958e+04	7.624162e+11	2.563574e+00	-2.356303e+08	5.000000e+03	0
7.537688e-02	1.247755e-01	5.198828e-03	1.474930e+04	7.603599e+11	2.783151e+00	-2.354622e+08	5.000000e+03	0
8.040201e-02	1.330939e-01	6.301172e-03	1.473808e+04	7.581172e+11	3.002411e+00	-2.352825e+08	5.000000e+03	0
8.542714e-02	1.414123e-01	7.558300e-03	1.472597e+04	7.557006e+11	3.221331e+00	-2.350913e+08	5.000000e+03	0
9.045226e-02	1.497306e-01	8.932765e-03	1.471319e+04	7.531523e+11	3.439993e+00	-2.348887e+08	5.000000e+03	0
9.547739e-02	1.580490e-01	1.053116e-02	1.469924e+04	7.503785e+11	3.658153e+00	-2.346745e+08	5.000000e+03	0
1.005025e-01	1.663674e-01	1.220696e-02	1.468489e+04	7.475269e+11	3.876139e+00	-2.344489e+08	5.000000e+03	0
1.055276e-01	1.746858e-01	1.418572e-02	1.466911e+04	7.443994e+11	4.093436e+00	-2.342119e+08	5.000000e+03	0
1.105528e-01	1.830041e-01	1.622466e-02	1.465305e+04	7.412198e+11	4.310595e+00	-2.339635e+08	5.000000e+03	0
1.155779e-01	1.913225e-01	1.858942e-02	1.463557e+04	7.377698e+11	4.527004e+00	-2.337037e+08	5.000000e+03	0
1.206030e-01	1.996409e-01	2.105712e-02	1.461767e+04	7.342414e+11	4.743172e+00	-2.334326e+08	5.000000e+03	0
1.256281e-01	2.079592e-01	2.380875e-02	1.459862e+04	7.304969e+11	4.958676e+00	-2.331500e+08	5.000000e+03	0
1.306533e-01	2.162776e-01	2.674292e-02	1.457888e+04	7.266242e+11	5.173750e+00	-2.328563e+08	5.000000e+03	0
1.356784e-01	2.245960e-01	2.990909e-02	1.455825e+04	7.225887e+11	5.388276e+00	-2.325510e+08	5.000000e+03	0
1.407035e-01	2.329143e-01	3.334678e-02	1.453667e+04	7.183766e+11	5.602152e+00	-2.322349e+08	5.000000e+03	0
1.457286e-01	2.412327e-01	3.695469e-02	1.451447e+04	7.140539e+11	5.815622e+00	-2.319072e+08	5.000000e+03	0
1.507538e-01	2.495511e-01	4.093220e-02	1.449103e+04	7.095077e+11	6.028199e+00	-2.315686e+08	5.000000e+03	0
1.557789e-01	2.578694e-01	4.500854e-02	1.446726e+04	7.049017e+11	6.240536e+00	-2.312188e+08	5.000000e+03	0
1.608040e-01	2.661878e-01	4.956133e-02	1.444196e+04	7.000271e+11	6.451709e+00	-2.308577e+08	5.000000e+03	0
1.658291e-01	2.745062e-01	5.420384e-02	1.441639e+04	6.951044e+11	6.662661e+00	-2.304867e+08	5.000000e+03	0
1.708543e-01	2.828245e-01	5.929493e-02	1.438946e+04	6.899453e+11	6.872504e+00	-2.301025e+08	5.000000e+03	0
1.758794e-01	2.911429e-01	6.455604e-02	1.436203e+04	6.847020e+11	7.081922e+00	-2.297085e+08	5.000000e+03	0
1.809045e-01	2.994613e-01	7.019222e-02	1.433351e+04	6.792733e+11	7.290402e+00	-2.293034e+08	5.000000e+03	0
1.859296e-01	3.077797e-01	7.610525e-02	1.430421e+04	6.737161e+11	7.498182e+00	-2.288881e+08	5.000000e+03	0
1.909548e-01	3.160980e-01	8.231081e-02	1.427410e+04	6.680231e+11	7.705221e+00	-2.284627e+08	5.000000e+03	0
1.959799e-01	3.244164e-01	8.890806e-02	1.424294e+04	6.621589e+11	7.911258e+00	-2.280232e+08	5.000000e+03	0
2.010050e-01	3.327348e-01	9.570660e-02	1.421123e+04	6.562068e+11	8.116780e+00	-2.275751e+08	5.000000e+03	0
2.060302e-01	3.410531e-01	1.030193e-01	1.417819e+04	6.500432e+11	8.320970e+00	-2.271151e+08	5.000000e+03	0
2.110553e-01	3.493715e-01	1.104395e-01	1.414487e+04	6.438355e+11	8.524881e+00	-2.266432e+08	5.000000e+03	0
2.160804e-01	3.576899e-01	1.184918e-01	1.410996e+04	6.373826e+11	8.727134e+00	-2.261645e+08	5.000000e+03	0
2.211055e-01	3.660082e-01	1.266650e-01	1.407475e+04	6.308853e+11	8.929064e+00	-2.256733e+08	5.000000e+03	0
2.261307e-01	3.743266e-01	1.353765e-01	1.403823e+04	6.241910e+11	9.129565e+00	-2.251715e+08	5.000000e+03	0
2.311558e-01	3.826450e-01	1.443312e-01	1.400113e+04	6.174126e+11	9.329409e+00	-2.246592e+08	5.000000e+03	0
2.361809e-01	3.909633e-01	1.537223e-01	1.396299e+04	6.104832e+11	9.528078e+00	-2.241365e+08	5.000000e+03	0
2.412060e-01	3.992817e-01	1.634855e-01	1.392399e+04	6.034324e+11	9.725731e+00	-2.236033e+08	5.000000e+03	0
2.462312e-01	4.076001e-01	1.735758e-01	1.388423e+04	5.962747e+11	9.922489e+00	-2.230604e+08	5.000000e+03	0
2.512563e-01	4.159185e-01	1.841732e-01	1.384331e+04	5.889605e+11	1.011784e+01	-2.225062e+08	5.000000e+03	0
2.562814e-01	4.242368e-01	1.949813e-01	1.380192e+04	5.815812e+11	1.031261e+01	-2.219422e+08	5.000000e+03	0
2.613065e-01	4.325552e-01	2.064372e-01	1.375908e+04	5.740132e+11	1.050555e+01	-2.213680e+08	5.000000e+03	0
2.663317e-01	4.408736e-01	2.180221e-01	1.371596e+04	5.664082e+11	1.069813e+01	-2.207838e+08	5.000000e+03	0
2.713568e-01	4.491919e-01	2.303178e-01	1.367128e+04	5.586075e+11	1.088868e+01	-2.201895e+08	5.000000e+03	0
2.763819e-01	4.575103e-01	2.427895e-01	1.362621e+04	5.507611e+11	1.107871e+01	-2.195853e+08	5.000000e+03	0
2.814070e-01	4.658287e-01	2.558528e-01	1.357987e+04	5.427609e+11	1.126703e+01	-2.189711e+08	5.000000e+03	0
2.864322e-01	4.741470e-01	2.692319e-01	1.353286e+04	5.346834e+11	1.145441e+01	-2.183471e+08	5.000000e+03	0
2.914573e-01	4.824654e-01	2.830774e-01	1.348484e+04	5.264916e+11	1.164041e+01	-2.177133e+08	5.000000e+03	0
2.964824e-01	4.907838e-01	2.973827e-01	1.343586e+04	5.181936e+11	1.182502e+01	-2.170698e+08	5.000000e+03	0
3.015075e-01	4.991021e-01	3.120237e-01	1.338617e+04	5.098181e+11	1.200862e+01	-2.164166e+08	5.000000e+03	0
3.065327e-01	5.074205e-01	3.272723e-01	1.333520e+04	5.013107e+11	1.219036e+01	-2.157539e+08	5.000000e+03	0
3.115578e-01	5.157389e-01	3.427210e-01	1.328381e+04	4.927598e+11	1.237148e+01	-2.150816e+08	5.000000e+03	0
3.165829e-01	5.240573e-01	3.589282e-01	1.323084e+04	4.840543e+11	1.255023e+01	-2.144000e+08	5.000000e+03	0
3.216080e-01	5.323756e-01	3.752791e-01	1.317757e+04	4.753205e+11	1.272852e+01	-2.137090e+08	5.000000e+03	0
3.266332e-01	5.406940e-01	3.923747e-01	1.312275e+04	4.664445e+11	1.290442e+01	-2.130087e+08	5.000000e+03	0
3.316583e-01	5.490124e-01	4.097005e-01	1.306745e+04	4.575274e+11	1.307958e+01	-2.122993e+08	5.000000e+03	0
3.366834e-01	5.573307e-01	4.276327e-01	1.301088e+04	4.485020e+11	1.325275e+01	-2.115807e+08	5.000000e+03	0
3.417085e-01	5.656491e-01	4.459441e-01	1.295353e+04	4.394136e+11	1.342465e+01	-2.108537e+08	5.000000e+03	0
3.467337e-01	5.739675e-01	4.647198e-01	1.289521e+04	4.302481e+11	1.359500e+01	-2.101165e+08	5.000000e+03	0
3.517588e-01	5.822858e-01	4.840251e-01	1.283577e+04	4.210009e+11	1.376353e+01	-2.093711e+08	5.000000e+03	0
3.567839e-01	5.906042e-01	5.036499e-01	1.277567e+04	4.117044e+11	1.393096e+01	-2.086170e+08	5.000000e+03	0
3.618090e-01	5.989226e-01	5.239555e-01	1.271413e+04	4.023111e+11	1.409600e+01	-2.078540e+08	5.000000e+03	0
3.668342e-01	6.072409e-01	5.444332e-01	1.265222e+04	3.928933e+11	1.426044e+01	-2.070825e+08	5.000000e+03	0
3.718593e-01	6.155593e-01	5.657429e-01	1.258854e+04	3.833669e+11	1.442186e+01	-2.063024e+08	5.000000e+03	0
3.768844e-01	6.238777e-01	5.857955e-01	1.209421e+04	3.744446e+11	1.454875e+01	-2.055141e+08	5.000000e+03	0
3.819095e-01	6.321960e-01	5.984036e-01	9.097040e+03	3.690516e+11	1.447540e+01	-2.047189e+08	5.000000e+03	0
3.869347e-01	6.405144e-01	6.111784e-01	7.053246e+03	3.636858e+11	1.440531e+01	-2.039233e+08	5.000000e+03	1
3.919598e-01	6.488328e-01	6.243055e-01	7.025153e+03	3.583779e+11	1.434211e+01	-2.031314e+08	5.000000e+03	1
3.969849e-01	6.571512e-01	6.376927e-01	6.997106e+03	3.531085e+11	1.428344e+01	-2.023431e+08	5.000000e+03	1
4.020101e-01	6.654695e-01	6.513447e-01	6.969104e+03	3.478784e+11	1.422938e+01	-2.015584e+08	5.000000e+03	1
4.070352e-01	6.737879e-01	6.653519e-01	6.941141e+03	3.426961e+11	1.418084e+01	-2.007768e+08	5.000000e+03	1
4.120603e-01	6.821063e-01	6.795343e-01	6.913198e+03	3.375373e+11	1.413502e+01	-1.999981e+08	5.000000e+03	1
4.170854e-01	6.904246e-01	6.941686e-01	6.885279e+03	3.324340e+11	1.409548e+01	-1.992222e+08	5.000000e+03	1
4.221106e-01	6.987430e-01	7.088963e-01	6.857364e+03	3.273420e+11	1.405723e+01	-1.984486e+08	5.000000e+03	1
4.271357e-01	7.070614e-01	7.241543e-01	6.829451e+03	3.223096e+11	1.402557e+01	-1.976774e+08	5.000000e+03	1
4.321608e-01	7.153797e-01	7.395172e-01	6.801533e+03	3.172879e+11	1.399508e+01	-1.969082e+08	5.000000e+03	1
4.371859e-01	7.236981e-01	7.553196e-01	6.773595e+03	3.123116e+11	1.396950e+01	-1.961408e+08	5.000000e+03	1
4.422111e-01	7.320165e-01	7.713232e-01	6.745640e+03	3.073544e+11	1.394592e+01	-1.953774e+08	5.000000e+03	1
4.472362e-01	7.403348e-01	7.876739e-01	6.717655e+03	3.024302e+11	1.392582e+01	-1.946106e+08	5.000000e+03	1
4.522613e-01	7.486532e-01	8.043233e-01	6.689631e+03	2.975324e+11	1.390840e+01	-1.938482e+08	5.000000e+03	1
4.572864e-01	7.569716e-01	8.212256e-01	6.661576e+03	2.926569e+11	1.389326e+01	-1.930866e+08	5.000000e+03	1
4.623116e-01	7.652900e-01	8.385249e-01	6.633455e+03	2.878141e+11	1.388132e+01	-1.923261e+08	5.000000e+03	1
4.673367e-01	7.736083e-01	8.559819e-01	6.605308e+03	2.829842e+11	1.387066e+01	-1.915665e+08	5.000000e+03	1
4.723618e-01	7.819267e-01	8.739347e-01	6.577063e+03	2.781926e+11	1.386359e+01	-1.908076e+08	5.000000e+03	1
4.773869e-01	7.902451e-01	8.919847e-01	6.548798e+03	2.734083e+11	1.385720e+01	-1.900494e+08	5.000000e+03	1
4.824121e-01	7.985634e-01	9.105579e-01	6.520411e+03	2.686620e+11	1.385422e+01	-1.892917e+08	5.000000e+03	1
4.874372e-01	8.068818e-01	9.292648e-01	6.491990e+03	2.639249e+11	1.385203e+01	-1.885345e+08	5.000000e+03	1
4.924623e-01	8.152002e-01	9.483986e-01	6.463456e+03	2.592172e+11	1.385233e+01	-1.877776e+08	5.000000e+03	1
4.974874e-01	8.235185e-01	9.677643e-01	6.434855e+03	2.545248e+11	1.385386e+01	-1.870221e+08	5.000000e+03	1
5.025126e-01	8.318369e-01	9.874598e-01	6.406158e+03	2.498540e+11	1.385711e+01	-1.862643e+08	5.000000e+03	1
5.075377e-01	8.401553e-01	1.007485e+00	6.377356e+03	2.452040e+11	1.386192e+01	-1.855080e+08	5.000000e+03	1
5.125628e-01	8.484736e-01	1.027743e+00	6.348479e+03	2.405686e+11	1.386782e+01	-1.847514e+08	5.000000e+03	1
5.175879e-01	8.567920e-01	1.048429e+00	6.319453e+03	2.359593e+11	1.387552e+01	-1.839948e+08	5.000000e+03	1
5.226131e-01	8.651104e-01	1.069248e+00	6.290381e+03	2.313581e+11	1.388379e+01	-1.832381e+08	5.000000e+03	1
5.276382e-01	8.734288e-01	1.090593e+00	6.261111e+03	2.267880e+11	1.389403e+01	-1.824805e+08	5.000000e+03	1
5.326633e-01	8.817471e-01	1.112036e+00	6.231804e+03	2.222236e+11	1.390461e+01	-1.817237e+08	5.000000e+03	1
5.376884e-01	8.900655e-01	1.133978e+00	6.202296e+03	2.176880e+11	1.391686e+01	-1.809656e+08	5.000000e+03	1
5.427136e-01	8.983839e-01	1.156079e+00	6.172720e+03	2.131615e+11	1.392957e+01	-1.802079e+08	5.000000e+03	1
5.477387e-01	9.067022e-01	1.178579e+00	6.142972e+03	2.086577e+11	1.394347e+01	-1.794493e+08	5.000000e+03	1
5.527638e-01	9.150206e-01	1.201335e+00	6.113108e+03	2.041683e+11	1.395802e+01	-1.786903e+08	5.000000e+03	1
5.577889e-01	9.233390e-01	1.224392e+00	6.083106e+03	1.996959e+11	1.397336e+01	-1.779301e+08	5.000000e+03	1
5.628141e-01	9.316573e-01	1.247799e+00	6.052935e+03	1.952432e+11	1.398949e+01	-1.771700e+08	5.000000e+03	1
5.678392e-01	9.399757e-01	1.271409e+00	6.022666e+03	1.908019e+11	1.400608e+01	-1.764090e+08	5.000000e+03	1
5.728643e-01	9.482941e-01	1.295464e+00	5.992169e+03	1.863855e+11	1.402354e+01	-1.756473e+08	5.000000e+03	1
5.778894e-01	9.566124e-01	1.319624e+00	5.961618e+03	1.819752e+11	1.404121e+01	-1.748849e+08	5.000000e+03	1
5.829146e-01	9.649308e-01	1.344320e+00	5.930776e+03	1.775952e+11	1.405977e+01	-1.741217e+08	5.000000e+03	1
5.879397e-01	9.732492e-01	1.369111e+00	5.899881e+03	1.732206e+11	1.407847e+01	-1.733577e+08	5.000000e+03	1
5.929648e-01	9.815675e-01	1.394358e+00	5.868723e+03	1.688723e+11	1.409780e+01	-1.725929e+08	5.000000e+03	1
5.979899e-01	9.898859e-01	1.419782e+00	5.837459e+03	1.645343e+11	1.411733e+01	-1.718272e+08	5.000000e+03	1
6.030151e-01	9.982043e-01	1.445565e+00	5.805977e+03	1.602174e+11	1.413727e+01	-1.710607e+08	5.000000e+03	1
6.080402e-01	1.006523e+00	1.471615e+00	5.774324e+03	1.559164e+11	1.415745e+01	-1.702933e+08	5.000000e+03	1
6.130653e-01	1.014841e+00	1.497927e+00	5.742502e+03	1.516311e+11	1.417786e+01	-1.695250e+08	5.000000e+03	1
6.180905e-01	1.023159e+00	1.524594e+00	5.710440e+03	1.473677e+11	1.419850e+01	-1.687571e+08	5.000000e+03	1
6.231156e-01	1.031478e+00	1.551428e+00	5.678264e+03	1.431147e+11	1.421925e+01	-1.679856e+08	5.000000e+03	1
6.281407e-01	1.039796e+00	1.578701e+00	5.645773e+03	1.388896e+11	1.424019e+01	-1.672146e+08	5.000000e+03	1
6.331658e-01	1.048115e+00	1.606064e+00	5.613216e+03	1.346702e+11	1.426116e+01	-1.664426e+08	5.000000e+03	1
6.381910e-01	1.056433e+00	1.633920e+00	5.580283e+03	1.304834e+11	1.428223e+01	-1.656696e+08	5.000000e+03	1
6.432161e-01	1.064751e+00	1.661875e+00	5.547268e+03	1.263034e+11	1.430330e+01	-1.648957e+08	5.000000e+03	1
6.482412e-01	1.073070e+00	1.690227e+00	5.513932e+03	1.221507e+11	1.432436e+01	-1.641208e+08	5.000000e+03	1
6.532663e-01	1.081388e+00	1.718762e+00	5.480436e+03	1.180113e+11	1.434537e+01	-1.633450e+08	5.000000e+03	1
6.582915e-01	1.089706e+00	1.747601e+00	5.446678e+03	1.138937e+11	1.436632e+01	-1.625682e+08	5.000000e+03	1
6.633166e-01	1.098025e+00	1.776701e+00	5.412676e+03	1.097958e+11	1.438714e+01	-1.617905e+08	5.000000e+03	1
6.683417e-01	1.106343e+00	1.806015e+00	5.378476e+03	1.057142e+11	1.440787e+01	-1.610118e+08	5.000000e+03	1
6.733668e-01	1.114661e+00	1.835665e+00	5.343942e+03	1.016594e+11	1.442836e+01	-1.602322e+08	5.000000e+03	1
6.783920e-01	1.122980e+00	1.865443e+00	5.309280e+03	9.761469e+10	1.444877e+01	-1.594517e+08	5.000000e+03	1
6.834171e-01	1.131298e+00	1.895625e+00	5.274184e+03	9.360426e+10	1.446881e+01	-1.586702e+08	5.000000e+03	1
6.884422e-01	1.139617e+00	1.925885e+00	5.239002e+03	8.960054e+10	1.448878e+01	-1.578878e+08	5.000000e+03	1
6.934673e-01	1.147935e+00	1.956550e+00	5.203350e+03	8.563317e+10	1.450827e+01	-1.571046e+08	5.000000e+03	1
6.984925e-01	1.156253e+00	1.987319e+00	5.167565e+03	8.167583e+10	1.452762e+01	-1.563204e+08	5.000000e+03	1
7.035176e-01	1.164572e+00	2.018405e+00	5.131380e+03	7.774894e+10	1.454653e+01	-1.555353e+08	5.000000e+03	1
7.085427e-01	1.172890e+00	2.049661e+00	5.094958e+03	7.383968e+10	1.456514e+01	-1.547494e+08	5.000000e+03	1
7.135678e-01	1.181208e+00	2.081152e+00	5.058212e+03	6.995457e+10	1.458337e+01	-1.539627e+08	5.000000e+03	1
7.185930e-01	1.189527e+00	2.102441e+00	4.130001e+03	6.736034e+10	1.452989e+01	-1.531753e+08	5.000000e+03	1
7.236181e-01	1.197845e+00	2.116824e+00	2.598338e+03	6.563995e+10	1.442787e+01	-1.523892e+08	5.000000e+03	1
7.286432e-01	1.206164e+00	2.131360e+00	2.236101e+03	6.395136e+10	1.432887e+01	-1.516076e+08	5.000000e+03	2
7.336683e-01	1.214482e+00	2.145941e+00	2.221907e+03	6.227224e+10	1.423078e+01	-1.508314e+08	5.000000e+03	2
7.386935e-01	1.222800e+00	2.160709e+00	2.207869e+03	6.063066e+10	1.413620e+01	-1.500607e+08	5.000000e+03	2
7.437186e-01	1.231119e+00	2.175510e+00	2.193859e+03	5.899583e+10	1.404225e+01	-1.492952e+08	5.000000e+03	2
7.487437e-01	1.239437e+00	2.190483e+00	2.179987e+03	5.739472e+10	1.395140e+01	-1.485348e+08	5.000000e+03	2
7.537688e-01	1.247755e+00	2.205513e+00	2.166159e+03	5.580445e+10	1.386153e+01	-1.477795e+08	5.000000e+03	2
7.587940e-01	1.256074e+00	2.220678e+00	2.152435e+03	5.424026e+10	1.377402e+01	-1.470291e+08	5.000000e+03	2
7.638191e-01	1.264392e+00	2.235933e+00	2.138777e+03	5.269274e+10	1.368799e+01	-1.462836e+08	5.000000e+03	2
7.688442e-01	1.272710e+00	2.251289e+00	2.125194e+03	5.116419e+10	1.360364e+01	-1.455428e+08	5.000000e+03	2
7.738693e-01	1.281029e+00	2.266765e+00	2.111697e+03	4.965774e+10	1.352123e+01	-1.448062e+08	5.000000e+03	2
7.788945e-01	1.289347e+00	2.282309e+00	2.098247e+03	4.816361e+10	1.343988e+01	-1.440751e+08	5.000000e+03	2
7.839196e-01	1.297666e+00	2.298005e+00	2.084900e+03	4.669665e+10	1.336087e+01	-1.433481e+08	5.000000e+03	2
7.889447e-01	1.305984e+00	2.313734e+00	2.071576e+03	4.523580e+10	1.328238e+01	-1.426253e+08	5.000000e+03	2
7.939698e-01	1.314302e+00	2.329645e+00	2.058370e+03	4.380687e+10	1.320657e+01	-1.419069e+08	5.000000e+03	2
7.989950e-01	1.322621e+00	2.345587e+00	2.045183e+03	4.238337e+10	1.313120e+01	-1.411927e+08	5.000000e+03	2
8.040201e-01	1.330939e+00	2.361680e+00	2.032090e+03	4.098591e+10	1.305798e+01	-1.404827e+08	5.000000e+03	2
8.090452e-01	1.339257e+00	2.377833e+00	2.019033e+03	3.959872e+10	1.298559e+01	-1.397767e+08	5.000000e+03	2
8.140704e-01	1.347576e+00	2.394103e+00	2.006045e+03	3.823149e+10	1.291480e+01	-1.390747e+08	5.000000e+03	2
8.190955e-01	1.355894e+00	2.410463e+00	1.993108e+03	3.687933e+10	1.284521e+01	-1.383765e+08	5.000000e+03	2
8.241206e-01	1.364213e+00	2.426907e+00	1.980220e+03	3.554142e+10	1.277674e+01	-1.376824e+08	5.000000e+03	2
8.291457e-01	1.372531e+00	2.443469e+00	1.967395e+03	3.422310e+10	1.270978e+01	-1.369920e+08	5.000000e+03	2
8.341709e-01	1.380849e+00	2.460085e+00	1.954599e+03	3.291365e+10	1.264351e+01	-1.363053e+08	5.000000e+03	2
8.391960e-01	1.389168e+00	2.476846e+00	1.941877e+03	3.162806e+10	1.257904e+01	-1.356222e+08	5.000000e+03	2
8.442211e-01	1.397486e+00	2.493635e+00	1.929171e+03	3.034726e+10	1.251493e+01	-1.349427e+08	5.000000e+03	2
8.492462e-01	1.405804e+00	2.510583e+00	1.916542e+03	2.909236e+10	1.245272e+01	-1.342668e+08	5.000000e+03	2
8.542714e-01	1.414123e+00	2.527565e+00	1.903929e+03	2.784299e+10	1.239092e+01	-1.335943e+08	5.000000e+03	2
8.592965e-01	1.422441e+00	2.544674e+00	1.891375e+03	2.661425e+10	1.233060e+01	-1.329253e+08	5.000000e+03	2
8.643216e-01	1.430759e+00	2.561844e+00	1.878848e+03	2.539534e+10	1.227097e+01	-1.322596e+08	5.000000e+03	2
8.693467e-01	1.439078e+00	2.579110e+00	1.866362e+03	2.419210e+10	1.221244e+01	-1.315972e+08	5.000000e+03	2
8.743719e-01	1.447396e+00	2.596461e+00	1.853912e+03	2.300275e+10	1.215486e+01	-1.309380e+08	5.000000e+03	2
8.793970e-01	1.455715e+00	2.613881e+00	1.841490e+03	2.182434e+10	1.209802e+01	-1.302823e+08	5.000000e+03	2
8.844221e-01	1.464033e+00	2.631409e+00	1.829109e+03	2.066371e+10	1.204238e+01	-1.296292e+08	5.000000e+03	2
8.894472e-01	1.472351e+00	2.648978e+00	1.816744e+03	1.950953e+10	1.198716e+01	-1.289795e+08	5.000000e+03	2
8.944724e-01	1.480670e+00	2.666678e+00	1.804426e+03	1.837682e+10	1.193333e+01	-1.283328e+08	5.000000e+03	2
8.994975e-01	1.488988e+00	2.684402e+00	1.792115e+03	1.724820e+10	1.187976e+01	-1.276891e+08	5.000000e+03	2
9.045226e-01	1.497306e+00	2.702256e+00	1.779847e+03	1.614077e+10	1.182752e+01	-1.270484e+08	5.000000e+03	2
9.095477e-01	1.505625e+00	2.720144e+00	1.767589e+03	1.503915e+10	1.177564e+01	-1.264106e+08	5.000000e+03	2
9.145729e-01	1.513943e+00	2.738134e+00	1.755360e+03	1.395431e+10	1.172479e+01	-1.257757e+08	5.000000e+03	2
9.195980e-01	1.522262e+00	2.756053e+00	1.729927e+03	1.288638e+10	1.167397e+01	-1.251436e+08	5.000000e+03	2
9.246231e-01	1.530580e+00	2.773881e+00	1.687076e+03	1.184076e+10	1.162320e+01	-1.245143e+08	5.000000e+03	2
9.296482e-01	1.538898e+00	2.791418e+00	1.643834e+03	1.082918e+10	1.157171e+01	-1.238879e+08	5.000000e+03	2
9.346734e-01	1.547217e+00	2.808764e+00	1.600338e+03	9.839771e+09	1.151974e+01	-1.232646e+08	5.000000e+03	2
9.396985e-01	1.555535e+00	2.825700e+00	1.556103e+03	8.894418e+09	1.146677e+01	-1.226433e+08	5.000000e+03	2
9.447236e-01	1.563853e+00	2.842520e+00	1.511660e+03	7.961504e+09	1.141352e+01	-1.220261e+08	5.000000e+03	2
9.497487e-01	1.572172e+00	2.858785e+00	1.465895e+03	7.083093e+09	1.135893e+01	-1.214114e+08	5.000000e+03	2
9.547739e-01	1.580490e+00	2.874940e+00	1.419802e+03	6.214790e+09	1.130408e+01	-1.207994e+08	5.000000e+03	2
9.597990e-01	1.588808e+00	2.890531e+00	1.371907e+03	5.397299e+09	1.124789e+01	-1.201919e+08	5.000000e+03	2
9.648241e-01	1.597127e+00	2.905898e+00	1.323034e+03	4.598084e+09	1.119116e+01	-1.195860e+08	5.000000e+03	2
9.698492e-01	1.605445e+00	2.920752e+00	1.271905e+03	3.840960e+09	1.113320e+01	-1.189837e+08	5.000000e+03	2
9.748744e-01	1.613764e+00	2.935194e+00	1.218112e+03	3.114416e+09	1.107423e+01	-1.183846e+08	5.000000e+03	2
9.798995e-01	1.622082e+00	2.949184e+00	1.161397e+03	2.421394e+09	1.101415e+01	-1.177890e+08	5.000000e+03	2
9.849246e-01	1.630400e+00	2.962469e+00	1.096810e+03	1.775122e+09	1.095228e+01	-1.171966e+08	5.000000e+03	2
9.899497e-01	1.638719e+00	2.975377e+00	1.028009e+03	1.153871e+09	1.088943e+01	-1.166074e+08	5.000000e+03	2
9.949749e-01	1.647037e+00	2.987745e+00	1.008773e+03	5.727044e+08	1.082573e+01	-1.160224e+08	5.000000e+03	2
1.000000e+00	1.655355e+00	3.000000e+00	1.000000e+03	3.576279e-07	1.076185e+01	-1.154405e+08	3.000000e+02	2
