#t		Qconv[W]	Ri[Rp]		R*[Rp]		Qc[W]		Qm[W]		Qr[W]		Tcmb[K]		Tl[K]		Tup[K]		RiFlag		Bs[T]
0.000000e+00	3.686062e+15	0.000000e+00	5.352114e-01	3.722415e+16	4.932692e+15	4.588849e+14	3.570287e+04	7.334813e+03	2.867109e+03	0	5.221719e-03
1.000000e+07	3.234714e+15	0.000000e+00	5.352114e-01	3.272544e+16	9.013252e+15	4.563423e+14	3.419041e+04	8.133600e+03	3.179347e+03	0	4.999247e-03
2.000000e+07	2.847684e+15	0.000000e+00	5.352114e-01	2.886698e+16	1.283321e+16	4.538188e+14	3.285338e+04	8.707714e+03	3.403763e+03	0	4.791335e-03
3.000000e+07	2.517905e+15	0.000000e+00	5.352114e-01	2.557833e+16	1.565024e+16	4.513141e+14	3.166821e+04	9.092136e+03	3.554030e+03	0	4.598742e-03
4.000000e+07	2.237882e+15	0.000000e+00	5.352114e-01	2.278485e+16	1.731713e+16	4.488281e+14	3.061348e+04	9.331536e+03	3.647609e+03	0	4.421521e-03
5.000000e+07	2.000027e+15	0.000000e+00	5.352114e-01	2.041106e+16	1.802478e+16	4.463607e+14	2.967028e+04	9.467356e+03	3.700699e+03	0	4.258970e-03
6.000000e+07	1.797336e+15	0.000000e+00	5.352114e-01	1.838729e+16	1.805360e+16	4.439116e+14	2.882241e+04	9.532339e+03	3.726101e+03	0	4.109942e-03
7.000000e+07	1.623754e+15	0.000000e+00	5.352114e-01	1.665333e+16	1.765154e+16	4.414808e+14	2.805621e+04	9.550201e+03	3.733083e+03	0	3.973129e-03
8.000000e+07	1.474246e+15	0.000000e+00	5.352114e-01	1.515911e+16	1.700114e+16	4.390681e+14	2.736031e+04	9.537333e+03	3.728053e+03	0	3.847240e-03
9.000000e+07	1.344701e+15	0.000000e+00	5.352114e-01	1.386373e+16	1.622477e+16	4.366733e+14	2.672524e+04	9.504791e+03	3.715332e+03	0	3.731080e-03
1.000000e+08	1.231787e+15	0.000000e+00	5.352114e-01	1.273406e+16	1.539983e+16	4.342963e+14	2.614310e+04	9.459950e+03	3.697804e+03	0	3.623580e-03
1.100000e+08	1.132806e+15	0.000000e+00	5.352114e-01	1.174326e+16	1.457306e+16	4.319369e+14	2.560727e+04	9.407704e+03	3.677382e+03	0	3.523799e-03
1.200000e+08	1.045568e+15	0.000000e+00	5.352114e-01	1.086953e+16	1.377135e+16	4.295950e+14	2.511218e+04	9.351297e+03	3.655333e+03	0	3.430916e-03
1.300000e+08	9.682877e+14	0.000000e+00	5.352114e-01	1.009511e+16	1.300913e+16	4.272705e+14	2.465312e+04	9.292877e+03	3.632497e+03	0	3.344214e-03
1.400000e+08	8.994996e+14	0.000000e+00	5.352114e-01	9.405401e+15	1.229316e+16	4.249631e+14	2.422608e+04	9.233857e+03	3.609427e+03	0	3.263069e-03
1.500000e+08	8.379959e+14	0.000000e+00	5.352114e-01	8.788389e+15	1.162560e+16	4.226728e+14	2.382762e+04	9.175167e+03	3.586486e+03	0	3.186935e-03
1.600000e+08	7.827742e+14	0.000000e+00	5.352114e-01	8.234087e+15	1.100592e+16	4.203995e+14	2.345479e+04	9.117405e+03	3.563907e+03	0	3.115335e-03
1.700000e+08	7.329981e+14	0.000000e+00	5.352114e-01	7.734161e+15	1.043211e+16	4.181429e+14	2.310503e+04	9.060949e+03	3.541839e+03	0	3.047850e-03
1.800000e+08	6.879651e+14	0.000000e+00	5.352114e-01	7.281615e+15	9.901384e+15	4.159029e+14	2.277612e+04	9.006029e+03	3.520371e+03	0	2.984109e-03
1.900000e+08	6.470828e+14	0.000000e+00	5.352114e-01	6.870542e+15	9.410634e+15	4.136795e+14	2.246612e+04	8.952769e+03	3.499553e+03	0	2.923788e-03
2.000000e+08	6.098481e+14	0.000000e+00	5.352114e-01	6.495930e+15	8.956690e+15	4.114724e+14	2.217331e+04	8.901230e+03	3.479406e+03	0	2.866596e-03
2.100000e+08	5.758324e+14	0.000000e+00	5.352114e-01	6.153504e+15	8.536471e+15	4.092815e+14	2.189620e+04	8.851423e+03	3.459937e+03	0	2.812276e-03
2.200000e+08	5.446682e+14	0.000000e+00	5.352114e-01	5.839600e+15	8.147062e+15	4.071067e+14	2.163347e+04	8.803328e+03	3.441137e+03	0	2.760599e-03
2.300000e+08	5.160393e+14	0.000000e+00	5.352114e-01	5.551063e+15	7.785756e+15	4.049479e+14	2.138393e+04	8.756909e+03	3.422992e+03	0	2.711358e-03
2.400000e+08	4.896725e+14	0.000000e+00	5.352114e-01	5.285168e+15	7.450069e+15	4.028049e+14	2.114653e+04	8.712112e+03	3.405482e+03	0	2.664370e-03
2.500000e+08	4.653306e+14	0.000000e+00	5.352114e-01	5.039546e+15	7.137737e+15	4.006776e+14	2.092033e+04	8.668879e+03	3.388582e+03	0	2.619468e-03
2.600000e+08	4.428067e+14	0.000000e+00	5.352114e-01	4.812135e+15	6.846706e+15	3.985659e+14	2.070450e+04	8.627146e+03	3.372270e+03	0	2.576503e-03
2.700000e+08	4.219202e+14	0.000000e+00	5.352114e-01	4.601129e+15	6.575119e+15	3.964696e+14	2.049827e+04	8.586850e+03	3.356518e+03	0	2.535339e-03
2.800000e+08	4.025124e+14	0.000000e+00	5.352114e-01	4.404943e+15	6.321299e+15	3.943886e+14	2.030095e+04	8.547925e+03	3.341303e+03	0	2.495853e-03
2.900000e+08	3.844436e+14	0.000000e+00	5.352114e-01	4.222183e+15	6.083735e+15	3.923228e+14	2.011194e+04	8.510307e+03	3.326598e+03	0	2.457934e-03
3.000000e+08	3.675902e+14	0.000000e+00	5.352114e-01	4.051613e+15	5.861063e+15	3.902721e+14	1.993067e+04	8.473934e+03	3.312380e+03	0	2.421478e-03
3.100000e+08	3.518430e+14	0.000000e+00	5.352114e-01	3.892142e+15	5.652053e+15	3.882363e+14	1.975663e+04	8.438748e+03	3.298626e+03	0	2.386395e-03
3.200000e+08	3.371047e+14	0.000000e+00	5.352114e-01	3.742796e+15	5.455596e+15	3.862153e+14	1.958935e+04	8.404690e+03	3.285314e+03	0	2.352597e-03
3.300000e+08	3.232886e+14	0.000000e+00	5.352114e-01	3.602711e+15	5.270688e+15	3.842091e+14	1.942842e+04	8.371708e+03	3.272421e+03	0	2.320008e-03
3.400000e+08	3.103173e+14	0.000000e+00	5.352114e-01	3.471110e+15	5.096423e+15	3.822174e+14	1.927344e+04	8.339748e+03	3.259928e+03	0	2.288554e-03
3.500000e+08	2.981213e+14	0.000000e+00	5.352114e-01	3.347300e+15	4.931980e+15	3.802401e+14	1.912405e+04	8.308764e+03	3.247817e+03	0	2.258172e-03
3.600000e+08	2.866385e+14	0.000000e+00	5.352114e-01	3.230657e+15	4.776614e+15	3.782772e+14	1.897993e+04	8.278708e+03	3.236068e+03	0	2.228798e-03
3.700000e+08	2.758127e+14	0.000000e+00	5.352114e-01	3.120620e+15	4.629649e+15	3.763285e+14	1.884078e+04	8.249536e+03	3.224665e+03	0	2.200378e-03
3.800000e+08	2.655933e+14	0.000000e+00	5.352114e-01	3.016682e+15	4.490471e+15	3.743938e+14	1.870632e+04	8.221209e+03	3.213593e+03	0	2.172859e-03
3.900000e+08	2.559344e+14	0.000000e+00	5.352114e-01	2.918384e+15	4.358520e+15	3.724732e+14	1.857628e+04	8.193687e+03	3.202834e+03	0	2.146193e-03
4.000000e+08	2.467947e+14	0.000000e+00	5.352114e-01	2.825312e+15	4.233286e+15	3.705665e+14	1.845044e+04	8.166933e+03	3.192377e+03	0	2.120335e-03
4.100000e+08	2.381365e+14	0.000000e+00	5.352114e-01	2.737088e+15	4.114302e+15	3.686735e+14	1.832858e+04	8.140913e+03	3.182206e+03	0	2.095244e-03
4.200000e+08	2.299255e+14	0.000000e+00	5.352114e-01	2.653369e+15	4.001144e+15	3.667941e+14	1.821048e+04	8.115595e+03	3.172309e+03	0	2.070880e-03
4.300000e+08	2.221306e+14	0.000000e+00	5.352114e-01	2.573841e+15	3.893420e+15	3.649283e+14	1.809595e+04	8.090948e+03	3.162675e+03	0	2.047208e-03
4.400000e+08	2.147231e+14	0.000000e+00	5.352114e-01	2.498220e+15	3.790774e+15	3.630759e+14	1.798483e+04	8.066943e+03	3.153291e+03	0	2.024194e-03
4.500000e+08	2.076772e+14	0.000000e+00	5.352114e-01	2.426243e+15	3.692875e+15	3.612368e+14	1.787694e+04	8.043553e+03	3.144148e+03	0	2.001807e-03
4.600000e+08	2.009688e+14	0.000000e+00	5.352114e-01	2.357672e+15	3.599424e+15	3.594109e+14	1.777213e+04	8.020751e+03	3.135235e+03	0	1.980017e-03
4.700000e+08	1.945761e+14	0.000000e+00	5.352114e-01	2.292286e+15	3.510140e+15	3.575981e+14	1.767025e+04	7.998515e+03	3.126543e+03	0	1.958796e-03
4.800000e+08	1.884790e+14	0.000000e+00	5.352114e-01	2.229884e+15	3.424768e+15	3.557983e+14	1.757118e+04	7.976819e+03	3.118063e+03	0	1.938118e-03
4.900000e+08	1.826589e+14	0.000000e+00	5.352114e-01	2.170279e+15	3.343071e+15	3.540114e+14	1.747478e+04	7.955644e+03	3.109786e+03	0	1.917960e-03
5.000000e+08	1.770988e+14	0.000000e+00	5.352114e-01	2.113300e+15	3.264830e+15	3.522372e+14	1.738093e+04	7.934968e+03	3.101703e+03	0	1.898298e-03
5.100000e+08	1.717828e+14	0.000000e+00	5.352114e-01	2.058789e+15	3.189842e+15	3.504758e+14	1.728953e+04	7.914771e+03	3.093809e+03	0	1.879111e-03
5.200000e+08	1.666966e+14	0.000000e+00	5.352114e-01	2.006599e+15	3.117920e+15	3.487269e+14	1.720046e+04	7.895035e+03	3.086094e+03	0	1.860379e-03
5.300000e+08	1.618265e+14	0.000000e+00	5.352114e-01	1.956596e+15	3.048890e+15	3.469905e+14	1.711363e+04	7.875743e+03	3.078553e+03	0	1.842083e-03
5.400000e+08	1.571601e+14	0.000000e+00	5.352114e-01	1.908653e+15	2.982589e+15	3.452664e+14	1.702895e+04	7.856878e+03	3.071179e+03	0	1.824204e-03
5.500000e+08	1.526859e+14	0.000000e+00	5.352114e-01	1.862654e+15	2.918868e+15	3.435546e+14	1.694633e+04	7.838425e+03	3.063966e+03	0	1.806726e-03
5.600000e+08	1.483930e+14	0.000000e+00	5.352114e-01	1.818492e+15	2.857587e+15	3.418550e+14	1.686568e+04	7.820367e+03	3.056907e+03	0	1.789632e-03
5.700000e+08	1.442714e+14	0.000000e+00	5.352114e-01	1.776065e+15	2.798615e+15	3.401675e+14	1.678693e+04	7.802691e+03	3.049998e+03	0	1.772907e-03
5.800000e+08	1.403120e+14	0.000000e+00	5.352114e-01	1.735280e+15	2.741831e+15	3.384919e+14	1.671000e+04	7.785383e+03	3.043232e+03	0	1.756538e-03
5.900000e+08	1.365059e+14	0.000000e+00	5.352114e-01	1.696050e+15	2.687122e+15	3.368282e+14	1.663483e+04	7.768431e+03	3.036606e+03	0	1.740510e-03
6.000000e+08	1.328452e+14	0.000000e+00	5.352114e-01	1.658293e+15	2.634380e+15	3.351763e+14	1.656134e+04	7.751821e+03	3.030113e+03	0	1.724810e-03
6.100000e+08	1.293222e+14	0.000000e+00	5.352114e-01	1.621933e+15	2.583507e+15	3.335360e+14	1.648948e+04	7.735543e+03	3.023750e+03	0	1.709426e-03
6.200000e+08	1.259299e+14	0.000000e+00	5.352114e-01	1.586899e+15	2.534410e+15	3.319074e+14	1.641918e+04	7.719585e+03	3.017513e+03	0	1.694346e-03
6.300000e+08	1.226617e+14	0.000000e+00	5.352114e-01	1.553124e+15	2.487002e+15	3.302902e+14	1.635039e+04	7.703937e+03	3.011396e+03	0	1.679560e-03
6.400000e+08	1.195114e+14	0.000000e+00	5.352114e-01	1.520547e+15	2.441202e+15	3.286845e+14	1.628306e+04	7.688588e+03	3.005396e+03	0	1.665057e-03
6.500000e+08	1.164732e+14	0.000000e+00	5.352114e-01	1.489108e+15	2.396931e+15	3.270901e+14	1.621712e+04	7.673528e+03	2.999509e+03	0	1.650826e-03
6.600000e+08	1.135416e+14	0.000000e+00	5.352114e-01	1.458754e+15	2.354120e+15	3.255069e+14	1.615254e+04	7.658749e+03	2.993732e+03	0	1.636858e-03
6.700000e+08	1.107116e+14	0.000000e+00	5.352114e-01	1.429431e+15	2.312699e+15	3.239348e+14	1.608927e+04	7.644241e+03	2.988061e+03	0	1.623144e-03
6.800000e+08	1.079784e+14	0.000000e+00	5.352114e-01	1.401092e+15	2.272606e+15	3.223737e+14	1.602726e+04	7.629996e+03	2.982493e+03	0	1.609675e-03
6.900000e+08	1.053375e+14	0.000000e+00	5.352114e-01	1.373692e+15	2.233779e+15	3.208236e+14	1.596647e+04	7.616005e+03	2.977024e+03	0	1.596444e-03
7.000000e+08	1.027845e+14	0.000000e+00	5.352114e-01	1.347188e+15	2.196163e+15	3.192844e+14	1.590687e+04	7.602262e+03	2.971652e+03	0	1.583441e-03
7.100000e+08	1.003155e+14	0.000000e+00	5.352114e-01	1.321538e+15	2.159704e+15	3.177560e+14	1.584840e+04	7.588758e+03	2.966373e+03	0	1.570659e-03
7.200000e+08	9.792679e+13	0.000000e+00	5.352114e-01	1.296705e+15	2.124352e+15	3.162382e+14	1.579105e+04	7.575486e+03	2.961186e+03	0	1.558092e-03
7.300000e+08	9.561471e+13	0.000000e+00	5.352114e-01	1.272654e+15	2.090058e+15	3.147311e+14	1.573476e+04	7.562440e+03	2.956086e+03	0	1.545732e-03
7.400000e+08	9.337594e+13	0.000000e+00	5.352114e-01	1.249349e+15	2.056779e+15	3.132344e+14	1.567951e+04	7.549613e+03	2.951072e+03	0	1.533572e-03
7.500000e+08	9.120731e+13	0.000000e+00	5.352114e-01	1.226760e+15	2.024472e+15	3.117482e+14	1.562527e+04	7.536998e+03	2.946141e+03	0	1.521607e-03
7.600000e+08	8.910581e+13	0.000000e+00	5.352114e-01	1.204855e+15	1.993096e+15	3.102724e+14	1.557200e+04	7.524590e+03	2.941291e+03	0	1.509830e-03
7.700000e+08	8.706860e+13	0.000000e+00	5.352114e-01	1.183606e+15	1.962613e+15	3.088068e+14	1.551967e+04	7.512383e+03	2.936519e+03	0	1.498234e-03
7.800000e+08	8.509299e+13	0.000000e+00	5.352114e-01	1.162986e+15	1.932987e+15	3.073514e+14	1.546827e+04	7.500371e+03	2.931824e+03	0	1.486816e-03
7.900000e+08	8.317645e+13	0.000000e+00	5.352114e-01	1.142969e+15	1.904183e+15	3.059061e+14	1.541775e+04	7.488548e+03	2.927202e+03	0	1.475569e-03
8.000000e+08	8.131655e+13	0.000000e+00	5.352114e-01	1.123531e+15	1.876170e+15	3.044709e+14	1.536810e+04	7.476910e+03	2.922653e+03	0	1.464487e-03
8.100000e+08	7.951102e+13	0.000000e+00	5.352114e-01	1.104648e+15	1.848917e+15	3.030456e+14	1.531929e+04	7.465452e+03	2.918174e+03	0	1.453567e-03
8.200000e+08	7.775767e+13	0.000000e+00	5.352114e-01	1.086298e+15	1.822393e+15	3.016301e+14	1.527130e+04	7.454168e+03	2.913763e+03	0	1.442803e-03
8.300000e+08	7.605444e+13	0.000000e+00	5.352114e-01	1.068461e+15	1.796571e+15	3.002245e+14	1.522409e+04	7.443054e+03	2.909419e+03	0	1.432191e-03
8.400000e+08	7.439938e+13	0.000000e+00	5.352114e-01	1.051117e+15	1.771424e+15	2.988285e+14	1.517766e+04	7.432106e+03	2.905140e+03	0	1.421725e-03
8.500000e+08	7.279062e+13	0.000000e+00	5.352114e-01	1.034247e+15	1.746928e+15	2.974422e+14	1.513198e+04	7.421320e+03	2.900923e+03	0	1.411403e-03
8.600000e+08	7.122640e+13	0.000000e+00	5.352114e-01	1.017832e+15	1.723058e+15	2.960654e+14	1.508703e+04	7.410691e+03	2.896769e+03	0	1.401220e-03
8.700000e+08	6.970502e+13	0.000000e+00	5.352114e-01	1.001857e+15	1.699792e+15	2.946981e+14	1.504278e+04	7.400215e+03	2.892674e+03	0	1.391171e-03
8.800000e+08	6.822488e+13	0.000000e+00	5.352114e-01	9.863033e+14	1.677106e+15	2.933402e+14	1.499923e+04	7.389888e+03	2.888637e+03	0	1.381254e-03
8.900000e+08	6.678446e+13	0.000000e+00	5.352114e-01	9.711572e+14	1.654982e+15	2.919917e+14	1.495635e+04	7.379708e+03	2.884658e+03	0	1.371464e-03
9.000000e+08	6.538228e+13	0.000000e+00	5.352114e-01	9.564032e+14	1.633398e+15	2.906524e+14	1.491412e+04	7.369669e+03	2.880734e+03	0	1.361798e-03
9.100000e+08	6.401697e+13	0.000000e+00	5.352114e-01	9.420273e+14	1.612336e+15	2.893223e+14	1.487254e+04	7.359769e+03	2.876864e+03	0	1.352252e-03
9.200000e+08	6.268720e+13	0.000000e+00	5.352114e-01	9.280161e+14	1.591778e+15	2.880013e+14	1.483157e+04	7.350004e+03	2.873047e+03	0	1.342823e-03
9.300000e+08	6.139171e+13	0.000000e+00	5.352114e-01	9.143567e+14	1.571706e+15	2.866893e+14	1.479121e+04	7.340371e+03	2.869281e+03	0	1.333509e-03
9.400000e+08	6.012927e+13	0.000000e+00	5.352114e-01	9.010368e+14	1.552104e+15	2.853863e+14	1.475145e+04	7.330867e+03	2.865566e+03	0	1.324305e-03
9.500000e+08	5.889875e+13	0.000000e+00	5.352114e-01	8.880447e+14	1.532956e+15	2.840922e+14	1.471226e+04	7.321489e+03	2.861901e+03	0	1.315209e-03
9.600000e+08	5.769903e+13	0.000000e+00	5.352114e-01	8.753691e+14	1.514248e+15	2.828069e+14	1.467363e+04	7.312235e+03	2.858283e+03	0	1.306217e-03
9.700000e+08	5.652906e+13	0.000000e+00	5.352114e-01	8.629994e+14	1.495963e+15	2.815304e+14	1.463555e+04	7.303100e+03	2.854712e+03	0	1.297328e-03
9.800000e+08	5.538784e+13	0.000000e+00	5.352114e-01	8.509253e+14	1.478089e+15	2.802625e+14	1.459800e+04	7.294082e+03	2.851188e+03	0	1.288539e-03
9.900000e+08	5.427438e+13	0.000000e+00	5.352114e-01	8.391369e+14	1.460613e+15	2.790033e+14	1.456098e+04	7.285180e+03	2.847708e+03	0	1.279846e-03
1.000000e+09	5.318778e+13	0.000000e+00	5.352114e-01	8.276248e+14	1.443521e+15	2.777526e+14	1.452447e+04	7.276389e+03	2.844271e+03	0	1.271247e-03
1.010000e+09	5.212714e+13	0.000000e+00	5.352114e-01	8.163801e+14	1.426801e+15	2.765104e+14	1.448846e+04	7.267708e+03	2.840878e+03	0	1.262740e-03
1.020000e+09	5.109161e+13	0.000000e+00	5.352114e-01	8.053940e+14	1.410442e+15	2.752766e+14	1.445293e+04	7.259135e+03	2.837527e+03	0	1.254322e-03
1.030000e+09	5.008039e+13	0.000000e+00	5.352114e-01	7.946583e+14	1.394432e+15	2.740512e+14	1.441788e+04	7.250666e+03	2.834217e+03	0	1.245992e-03
1.040000e+09	4.909268e+13	0.000000e+00	5.352114e-01	7.841651e+14	1.378761e+15	2.728340e+14	1.438330e+04	7.242300e+03	2.830946e+03	0	1.237746e-03
1.050000e+09	4.812775e+13	0.000000e+00	5.352114e-01	7.739067e+14	1.363419e+15	2.716251e+14	1.434917e+04	7.234035e+03	2.827715e+03	0	1.229583e-03
1.060000e+09	4.718486e+13	0.000000e+00	5.352114e-01	7.638757e+14	1.348394e+15	2.704243e+14	1.431549e+04	7.225868e+03	2.824523e+03	0	1.221500e-03
1.070000e+09	4.626334e+13	0.000000e+00	5.352114e-01	7.540652e+14	1.333679e+15	2.692316e+14	1.428224e+04	7.217797e+03	2.821368e+03	0	1.213496e-03
1.080000e+09	4.536252e+13	0.000000e+00	5.352114e-01	7.444684e+14	1.319263e+15	2.680470e+14	1.424941e+04	7.209820e+03	2.818250e+03	0	1.205568e-03
1.090000e+09	4.448177e+13	0.000000e+00	5.352114e-01	7.350789e+14	1.305138e+15	2.668703e+14	1.421700e+04	7.201935e+03	2.815168e+03	0	1.197714e-03
1.100000e+09	4.362046e+13	0.000000e+00	5.352114e-01	7.258903e+14	1.291295e+15	2.657015e+14	1.418500e+04	7.194141e+03	2.812121e+03	0	1.189934e-03
1.110000e+09	4.277802e+13	0.000000e+00	5.352114e-01	7.168967e+14	1.277726e+15	2.645405e+14	1.415339e+04	7.186436e+03	2.809109e+03	0	1.182223e-03
1.120000e+09	4.195388e+13	0.000000e+00	5.352114e-01	7.080922e+14	1.264423e+15	2.633873e+14	1.412218e+04	7.178817e+03	2.806131e+03	0	1.174582e-03
1.130000e+09	4.114750e+13	0.000000e+00	5.352114e-01	6.994714e+14	1.251379e+15	2.622418e+14	1.409135e+04	7.171283e+03	2.803186e+03	0	1.167008e-03
1.140000e+09	4.035834e+13	0.000000e+00	5.352114e-01	6.910290e+14	1.238587e+15	2.611040e+14	1.406089e+04	7.163832e+03	2.800274e+03	0	1.159499e-03
1.150000e+09	3.958591e+13	0.000000e+00	5.352114e-01	6.827596e+14	1.226039e+15	2.599738e+14	1.403080e+04	7.156464e+03	2.797394e+03	0	1.152054e-03
1.160000e+09	3.882973e+13	0.000000e+00	5.352114e-01	6.746585e+14	1.213728e+15	2.588511e+14	1.400106e+04	7.149175e+03	2.794545e+03	0	1.144671e-03
1.170000e+09	3.808931e+13	0.000000e+00	5.352114e-01	6.667208e+14	1.201648e+15	2.577359e+14	1.397168e+04	7.141965e+03	2.791726e+03	0	1.137349e-03
1.180000e+09	3.736423e+13	0.000000e+00	5.352114e-01	6.589419e+14	1.189793e+15	2.566282e+14	1.394264e+04	7.134831e+03	2.788938e+03	0	1.130085e-03
1.190000e+09	3.665403e+13	0.000000e+00	5.352114e-01	6.513174e+14	1.178157e+15	2.555278e+14	1.391394e+04	7.127774e+03	2.786179e+03	0	1.122880e-03
1.200000e+09	3.595830e+13	0.000000e+00	5.352114e-01	6.438430e+14	1.166734e+15	2.544347e+14	1.388557e+04	7.120790e+03	2.783449e+03	0	1.115730e-03
1.210000e+09	3.527665e+13	0.000000e+00	5.352114e-01	6.365145e+14	1.155517e+15	2.533488e+14	1.385753e+04	7.113879e+03	2.780748e+03	0	1.108634e-03
1.220000e+09	3.460867e+13	0.000000e+00	5.352114e-01	6.293281e+14	1.144502e+15	2.522701e+14	1.382980e+04	7.107040e+03	2.778074e+03	0	1.101592e-03
1.230000e+09	3.395399e+13	0.000000e+00	5.352114e-01	6.222797e+14	1.133684e+15	2.511986e+14	1.380238e+04	7.100270e+03	2.775428e+03	0	1.094602e-03
1.240000e+09	3.331226e+13	0.000000e+00	5.352114e-01	6.153658e+14	1.123057e+15	2.501342e+14	1.377528e+04	7.093569e+03	2.772809e+03	0	1.087662e-03
1.250000e+09	3.268311e+13	0.000000e+00	5.352114e-01	6.085828e+14	1.112616e+15	2.490768e+14	1.374847e+04	7.086936e+03	2.770216e+03	0	1.080771e-03
1.260000e+09	3.206622e+13	0.000000e+00	5.352114e-01	6.019271e+14	1.102357e+15	2.480263e+14	1.372195e+04	7.080369e+03	2.767649e+03	0	1.073928e-03
1.270000e+09	3.146126e+13	0.000000e+00	5.352114e-01	5.953955e+14	1.092275e+15	2.469828e+14	1.369572e+04	7.073867e+03	2.765107e+03	0	1.067132e-03
1.280000e+09	3.086791e+13	0.000000e+00	5.352114e-01	5.889847e+14	1.082365e+15	2.459461e+14	1.366978e+04	7.067429e+03	2.762591e+03	0	1.060380e-03
1.290000e+09	3.028586e+13	0.000000e+00	5.352114e-01	5.826915e+14	1.072624e+15	2.449163e+14	1.364412e+04	7.061053e+03	2.760099e+03	0	1.053673e-03
1.300000e+09	2.971482e+13	0.000000e+00	5.352114e-01	5.765130e+14	1.063046e+15	2.438932e+14	1.361873e+04	7.054740e+03	2.757631e+03	0	1.047009e-03
1.310000e+09	2.915451e+13	0.000000e+00	5.352114e-01	5.704462e+14	1.053629e+15	2.428768e+14	1.359360e+04	7.048487e+03	2.755186e+03	0	1.040386e-03
1.320000e+09	2.860466e+13	0.000000e+00	5.352114e-01	5.644884e+14	1.044368e+15	2.418671e+14	1.356874e+04	7.042293e+03	2.752766e+03	0	1.033804e-03
1.330000e+09	2.806498e+13	0.000000e+00	5.352114e-01	5.586367e+14	1.035259e+15	2.408640e+14	1.354414e+04	7.036158e+03	2.750367e+03	0	1.027261e-03
1.340000e+09	2.753524e+13	0.000000e+00	5.352114e-01	5.528885e+14	1.026299e+15	2.398674e+14	1.351980e+04	7.030081e+03	2.747992e+03	0	1.020757e-03
1.350000e+09	2.701517e+13	0.000000e+00	5.352114e-01	5.472413e+14	1.017484e+15	2.388773e+14	1.349570e+04	7.024060e+03	2.745638e+03	0	1.014289e-03
1.360000e+09	2.650453e+13	0.000000e+00	5.352114e-01	5.416925e+14	1.008810e+15	2.378937e+14	1.347185e+04	7.018094e+03	2.743306e+03	0	1.007858e-03
1.370000e+09	2.600310e+13	0.000000e+00	5.352114e-01	5.362399e+14	1.000275e+15	2.369165e+14	1.344824e+04	7.012184e+03	2.740996e+03	0	1.001462e-03
1.380000e+09	2.551064e+13	0.000000e+00	5.352114e-01	5.308809e+14	9.918754e+14	2.359457e+14	1.342486e+04	7.006327e+03	2.738707e+03	0	9.950992e-04
1.390000e+09	2.502694e+13	0.000000e+00	5.352114e-01	5.256135e+14	9.836076e+14	2.349811e+14	1.340172e+04	7.000523e+03	2.736438e+03	0	9.887698e-04
1.400000e+09	2.455177e+13	0.000000e+00	5.352114e-01	5.204353e+14	9.754688e+14	2.340228e+14	1.337881e+04	6.994771e+03	2.734189e+03	0	9.824721e-04
1.410000e+09	2.408495e+13	0.000000e+00	5.352114e-01	5.153443e+14	9.674560e+14	2.330707e+14	1.335612e+04	6.989070e+03	2.731961e+03	0	9.762054e-04
1.420000e+09	2.362626e+13	0.000000e+00	5.352114e-01	5.103385e+14	9.595663e+14	2.321248e+14	1.333365e+04	6.983419e+03	2.729752e+03	0	9.699684e-04
1.430000e+09	2.317551e+13	0.000000e+00	5.352114e-01	5.054157e+14	9.517971e+14	2.311850e+14	1.331141e+04	6.977818e+03	2.727563e+03	0	9.637604e-04
1.440000e+09	2.273252e+13	0.000000e+00	5.352114e-01	5.005741e+14	9.441457e+14	2.302513e+14	1.328937e+04	6.972266e+03	2.725393e+03	0	9.575802e-04
1.450000e+09	2.229710e+13	0.000000e+00	5.352114e-01	4.958119e+14	9.366093e+14	2.293236e+14	1.326755e+04	6.966762e+03	2.723241e+03	0	9.514268e-04
1.460000e+09	2.186907e+13	0.000000e+00	5.352114e-01	4.911271e+14	9.291855e+14	2.284018e+14	1.324593e+04	6.961304e+03	2.721108e+03	0	9.452995e-04
1.470000e+09	2.144827e+13	0.000000e+00	5.352114e-01	4.865181e+14	9.218718e+14	2.274860e+14	1.322452e+04	6.955894e+03	2.718993e+03	0	9.391971e-04
1.480000e+09	2.103453e+13	0.000000e+00	5.352114e-01	4.819831e+14	9.146658e+14	2.265761e+14	1.320330e+04	6.950529e+03	2.716896e+03	0	9.331187e-04
1.490000e+09	2.062768e+13	0.000000e+00	5.352114e-01	4.775204e+14	9.075652e+14	2.256720e+14	1.318229e+04	6.945209e+03	2.714816e+03	0	9.270633e-04
1.500000e+09	2.022757e+13	0.000000e+00	5.352114e-01	4.731284e+14	9.005678e+14	2.247737e+14	1.316146e+04	6.939933e+03	2.712754e+03	0	9.210302e-04
1.510000e+09	1.983405e+13	0.000000e+00	5.352114e-01	4.688056e+14	8.936713e+14	2.238812e+14	1.314083e+04	6.934701e+03	2.710709e+03	0	9.150182e-04
1.520000e+09	1.944696e+13	0.000000e+00	5.352114e-01	4.645504e+14	8.868736e+14	2.229944e+14	1.312039e+04	6.929513e+03	2.708681e+03	0	9.090265e-04
1.530000e+09	1.906617e+13	0.000000e+00	5.352114e-01	4.603613e+14	8.801726e+14	2.221132e+14	1.310013e+04	6.924366e+03	2.706669e+03	0	9.030541e-04
1.540000e+09	1.869154e+13	0.000000e+00	5.352114e-01	4.562369e+14	8.735663e+14	2.212377e+14	1.308005e+04	6.919261e+03	2.704673e+03	0	8.971002e-04
1.550000e+09	1.832292e+13	0.000000e+00	5.352114e-01	4.521758e+14	8.670528e+14	2.203677e+14	1.306016e+04	6.914198e+03	2.702694e+03	0	8.911637e-04
1.560000e+09	1.796019e+13	0.000000e+00	5.352114e-01	4.481767e+14	8.606302e+14	2.195033e+14	1.304043e+04	6.909174e+03	2.700731e+03	0	8.852439e-04
1.570000e+09	1.760322e+13	0.000000e+00	5.352114e-01	4.442382e+14	8.542965e+14	2.186444e+14	1.302089e+04	6.904191e+03	2.698783e+03	0	8.793396e-04
1.580000e+09	1.725188e+13	0.000000e+00	5.352114e-01	4.403589e+14	8.480499e+14	2.177909e+14	1.300151e+04	6.899247e+03	2.696850e+03	0	8.734501e-04
1.590000e+09	1.690606e+13	0.000000e+00	5.352114e-01	4.365377e+14	8.418888e+14	2.169428e+14	1.298231e+04	6.894342e+03	2.694933e+03	0	8.675744e-04
1.600000e+09	1.656563e+13	0.000000e+00	5.352114e-01	4.327734e+14	8.358114e+14	2.161001e+14	1.296326e+04	6.889475e+03	2.693030e+03	0	8.617115e-04
1.610000e+09	1.623048e+13	0.000000e+00	5.352114e-01	4.290647e+14	8.298161e+14	2.152628e+14	1.294439e+04	6.884646e+03	2.691143e+03	0	8.558606e-04
1.620000e+09	1.590050e+13	0.000000e+00	5.352114e-01	4.254106e+14	8.239011e+14	2.144307e+14	1.292567e+04	6.879854e+03	2.689269e+03	0	8.500207e-04
1.630000e+09	1.557557e+13	0.000000e+00	5.352114e-01	4.218098e+14	8.180649e+14	2.136039e+14	1.290712e+04	6.875098e+03	2.687411e+03	0	8.441908e-04
1.640000e+09	1.525560e+13	0.000000e+00	5.352114e-01	4.182612e+14	8.123061e+14	2.127823e+14	1.288872e+04	6.870379e+03	2.685566e+03	0	8.383700e-04
1.650000e+09	1.494049e+13	0.000000e+00	5.352114e-01	4.147639e+14	8.066230e+14	2.119658e+14	1.287047e+04	6.865695e+03	2.683735e+03	0	8.325574e-04
1.660000e+09	1.463012e+13	0.000000e+00	5.352114e-01	4.113168e+14	8.010142e+14	2.111545e+14	1.285238e+04	6.861046e+03	2.681918e+03	0	8.267520e-04
1.670000e+09	1.432440e+13	0.000000e+00	5.352114e-01	4.079188e+14	7.954784e+14	2.103483e+14	1.283443e+04	6.856432e+03	2.680114e+03	0	8.209527e-04
1.680000e+09	1.402325e+13	0.000000e+00	5.352114e-01	4.045690e+14	7.900140e+14	2.095471e+14	1.281664e+04	6.851852e+03	2.678324e+03	0	8.151587e-04
1.690000e+09	1.372656e+13	0.000000e+00	5.352114e-01	4.012664e+14	7.846197e+14	2.087510e+14	1.279899e+04	6.847306e+03	2.676547e+03	0	8.093688e-04
1.700000e+09	1.343424e+13	0.000000e+00	5.352114e-01	3.980101e+14	7.792943e+14	2.079598e+14	1.278148e+04	6.842793e+03	2.674783e+03	0	8.035822e-04
1.710000e+09	1.314621e+13	0.000000e+00	5.352114e-01	3.947992e+14	7.740364e+14	2.071736e+14	1.276411e+04	6.838312e+03	2.673031e+03	0	7.977977e-04
1.720000e+09	1.286238e+13	0.000000e+00	5.352114e-01	3.916327e+14	7.688448e+14	2.063923e+14	1.274689e+04	6.833864e+03	2.671293e+03	0	7.920144e-04
1.730000e+09	1.258267e+13	0.000000e+00	5.352114e-01	3.885099e+14	7.637183e+14	2.056159e+14	1.272980e+04	6.829448e+03	2.669566e+03	0	7.862311e-04
1.740000e+09	1.230700e+13	0.000000e+00	5.352114e-01	3.854298e+14	7.586555e+14	2.048443e+14	1.271285e+04	6.825063e+03	2.667852e+03	0	7.804468e-04
1.750000e+09	1.203528e+13	0.000000e+00	5.352114e-01	3.823917e+14	7.536555e+14	2.040775e+14	1.269603e+04	6.820710e+03	2.666151e+03	0	7.746604e-04
1.760000e+09	1.176745e+13	0.000000e+00	5.352114e-01	3.793947e+14	7.487170e+14	2.033154e+14	1.267935e+04	6.816387e+03	2.664461e+03	0	7.688708e-04
1.770000e+09	1.150341e+13	0.000000e+00	5.352114e-01	3.764381e+14	7.438390e+14	2.025581e+14	1.266279e+04	6.812094e+03	2.662783e+03	0	7.630767e-04
1.780000e+09	1.124311e+13	0.000000e+00	5.352114e-01	3.735211e+14	7.390203e+14	2.018055e+14	1.264637e+04	6.807832e+03	2.661117e+03	0	7.572771e-04
1.790000e+09	1.098647e+13	0.000000e+00	5.352114e-01	3.706429e+14	7.342598e+14	2.010575e+14	1.263007e+04	6.803598e+03	2.659462e+03	0	7.514707e-04
1.800000e+09	1.073342e+13	0.000000e+00	5.352114e-01	3.678029e+14	7.295566e+14	2.003142e+14	1.261389e+04	6.799394e+03	2.657819e+03	0	7.456562e-04
1.810000e+09	1.048389e+13	0.000000e+00	5.352114e-01	3.650003e+14	7.249097e+14	1.995754e+14	1.259784e+04	6.795219e+03	2.656186e+03	0	7.398325e-04
1.820000e+09	1.023781e+13	0.000000e+00	5.352114e-01	3.622344e+14	7.203180e+14	1.988412e+14	1.258192e+04	6.791072e+03	2.654565e+03	0	7.339982e-04
1.830000e+09	9.995125e+12	0.000000e+00	5.352114e-01	3.595045e+14	7.157806e+14	1.981115e+14	1.256611e+04	6.786953e+03	2.652955e+03	0	7.281520e-04
1.840000e+09	9.755764e+12	0.000000e+00	5.352114e-01	3.568100e+14	7.112965e+14	1.973863e+14	1.255042e+04	6.782861e+03	2.651356e+03	0	7.222924e-04
1.850000e+09	9.519666e+12	0.000000e+00	5.352114e-01	3.541503e+14	7.068649e+14	1.966655e+14	1.253485e+04	6.778797e+03	2.649767e+03	0	7.164180e-04
1.860000e+09	9.286771e+12	0.000000e+00	5.352114e-01	3.515246e+14	7.024848e+14	1.959492e+14	1.251939e+04	6.774760e+03	2.648189e+03	0	7.105274e-04
1.870000e+09	9.057021e+12	0.000000e+00	5.352114e-01	3.489325e+14	6.981553e+14	1.952372e+14	1.250405e+04	6.770750e+03	2.646622e+03	0	7.046191e-04
1.880000e+09	8.830357e+12	0.000000e+00	5.352114e-01	3.463732e+14	6.938756e+14	1.945296e+14	1.248882e+04	6.766766e+03	2.645064e+03	0	6.986913e-04
1.890000e+09	8.606723e+12	0.000000e+00	5.352114e-01	3.438463e+14	6.896448e+14	1.938263e+14	1.247370e+04	6.762808e+03	2.643517e+03	0	6.927426e-04
1.900000e+09	8.386065e+12	0.000000e+00	5.352114e-01	3.413510e+14	6.854622e+14	1.931273e+14	1.245869e+04	6.758875e+03	2.641980e+03	0	6.867711e-04
1.910000e+09	8.168328e+12	0.000000e+00	5.352114e-01	3.388870e+14	6.813269e+14	1.924326e+14	1.244380e+04	6.754968e+03	2.640453e+03	0	6.807751e-04
1.920000e+09	7.953459e+12	0.000000e+00	5.352114e-01	3.364535e+14	6.772381e+14	1.917421e+14	1.242900e+04	6.751087e+03	2.638936e+03	0	6.747527e-04
1.930000e+09	7.741409e+12	0.000000e+00	5.352114e-01	3.340502e+14	6.731951e+14	1.910558e+14	1.241432e+04	6.747229e+03	2.637428e+03	0	6.687020e-04
1.940000e+09	7.532125e+12	0.000000e+00	5.352114e-01	3.316764e+14	6.691970e+14	1.903737e+14	1.239974e+04	6.743397e+03	2.635930e+03	0	6.626209e-04
1.950000e+09	7.325560e+12	0.000000e+00	5.352114e-01	3.293316e+14	6.652433e+14	1.896957e+14	1.238526e+04	6.739589e+03	2.634441e+03	0	6.565073e-04
1.960000e+09	7.121665e+12	0.000000e+00	5.352114e-01	3.270154e+14	6.613331e+14	1.890218e+14	1.237088e+04	6.735804e+03	2.632962e+03	0	6.503590e-04
1.970000e+09	6.920394e+12	0.000000e+00	5.352114e-01	3.247273e+14	6.574658e+14	1.883519e+14	1.235661e+04	6.732043e+03	2.631492e+03	0	6.441735e-04
1.980000e+09	6.721701e+12	0.000000e+00	5.352114e-01	3.224667e+14	6.536406e+14	1.876861e+14	1.234243e+04	6.728306e+03	2.630031e+03	0	6.379486e-04
1.990000e+09	6.525540e+12	0.000000e+00	5.352114e-01	3.202333e+14	6.498569e+14	1.870244e+14	1.232836e+04	6.724592e+03	2.628579e+03	0	6.316814e-04
2.000000e+09	6.331869e+12	0.000000e+00	5.352114e-01	3.180265e+14	6.461140e+14	1.863666e+14	1.231438e+04	6.720900e+03	2.627136e+03	0	6.253693e-04
2.010000e+09	6.140644e+12	0.000000e+00	5.352114e-01	3.158459e+14	6.424113e+14	1.857127e+14	1.230050e+04	6.717231e+03	2.625702e+03	0	6.190094e-04
2.020000e+09	5.951823e+12	0.000000e+00	5.352114e-01	3.136911e+14	6.387482e+14	1.850628e+14	1.228671e+04	6.713585e+03	2.624277e+03	0	6.125985e-04
2.030000e+09	5.765365e+12	0.000000e+00	5.352114e-01	3.115616e+14	6.351239e+14	1.844168e+14	1.227301e+04	6.709960e+03	2.622860e+03	0	6.061334e-04
2.040000e+09	5.581231e+12	0.000000e+00	5.352114e-01	3.094570e+14	6.315380e+14	1.837747e+14	1.225941e+04	6.706358e+03	2.621452e+03	0	5.996106e-04
2.050000e+09	5.399381e+12	0.000000e+00	5.352114e-01	3.073770e+14	6.279899e+14	1.831364e+14	1.224590e+04	6.702777e+03	2.620052e+03	0	5.930263e-04
2.060000e+09	5.219777e+12	0.000000e+00	5.352114e-01	3.053210e+14	6.244788e+14	1.825019e+14	1.223248e+04	6.699217e+03	2.618660e+03	0	5.863765e-04
2.070000e+09	5.042381e+12	0.000000e+00	5.352114e-01	3.032888e+14	6.210044e+14	1.818712e+14	1.221915e+04	6.695679e+03	2.617277e+03	0	5.796571e-04
2.080000e+09	4.867156e+12	0.000000e+00	5.352114e-01	3.012798e+14	6.175659e+14	1.812443e+14	1.220591e+04	6.692161e+03	2.615902e+03	0	5.728633e-04
2.090000e+09	4.694066e+12	0.000000e+00	5.352114e-01	2.992939e+14	6.141629e+14	1.806211e+14	1.219276e+04	6.688664e+03	2.614535e+03	0	5.659903e-04
2.100000e+09	4.523076e+12	0.000000e+00	5.352114e-01	2.973305e+14	6.107949e+14	1.800015e+14	1.217969e+04	6.685187e+03	2.613176e+03	0	5.590327e-04
2.110000e+09	4.354152e+12	0.000000e+00	5.352114e-01	2.953893e+14	6.074612e+14	1.793857e+14	1.216671e+04	6.681731e+03	2.611825e+03	0	5.519848e-04
2.120000e+09	4.187260e+12	0.000000e+00	5.352114e-01	2.934700e+14	6.041614e+14	1.787735e+14	1.215381e+04	6.678294e+03	2.610482e+03	0	5.448403e-04
2.130000e+09	4.022366e+12	0.000000e+00	5.352114e-01	2.915722e+14	6.008950e+14	1.781650e+14	1.214100e+04	6.674877e+03	2.609146e+03	0	5.375924e-04
2.140000e+09	3.859439e+12	0.000000e+00	5.352114e-01	2.896956e+14	5.976616e+14	1.775600e+14	1.212826e+04	6.671480e+03	2.607818e+03	0	5.302337e-04
2.150000e+09	3.698446e+12	0.000000e+00	5.352114e-01	2.878399e+14	5.944605e+14	1.769586e+14	1.211562e+04	6.668103e+03	2.606498e+03	0	5.227560e-04
2.160000e+09	3.539357e+12	0.000000e+00	5.352114e-01	2.860046e+14	5.912913e+14	1.763608e+14	1.210305e+04	6.664744e+03	2.605185e+03	0	5.151504e-04
2.170000e+09	3.382141e+12	0.000000e+00	5.352114e-01	2.841896e+14	5.881536e+14	1.757665e+14	1.209056e+04	6.661404e+03	2.603880e+03	0	5.074071e-04
2.180000e+09	3.226768e+12	0.000000e+00	5.352114e-01	2.823944e+14	5.850469e+14	1.751756e+14	1.207815e+04	6.658083e+03	2.602582e+03	0	4.995150e-04
2.190000e+09	3.073209e+12	0.000000e+00	5.352114e-01	2.806188e+14	5.819707e+14	1.745883e+14	1.206582e+04	6.654781e+03	2.601291e+03	0	4.914620e-04
2.200000e+09	2.921435e+12	0.000000e+00	5.352114e-01	2.788625e+14	5.789247e+14	1.740044e+14	1.205356e+04	6.651497e+03	2.600007e+03	0	4.832346e-04
2.210000e+09	2.771419e+12	0.000000e+00	5.352114e-01	2.771251e+14	5.759083e+14	1.734239e+14	1.204139e+04	6.648231e+03	2.598730e+03	0	4.748175e-04
2.220000e+09	2.623133e+12	0.000000e+00	5.352114e-01	2.754065e+14	5.729212e+14	1.728468e+14	1.202929e+04	6.644983e+03	2.597461e+03	0	4.661933e-04
2.230000e+09	2.476549e+12	0.000000e+00	5.352114e-01	2.737062e+14	5.699629e+14	1.722730e+14	1.201726e+04	6.641753e+03	2.596198e+03	0	4.573425e-04
2.240000e+09	2.331642e+12	0.000000e+00	5.352114e-01	2.720241e+14	5.670331e+14	1.717026e+14	1.200531e+04	6.638541e+03	2.594943e+03	0	4.482427e-04
2.250000e+09	2.188385e+12	0.000000e+00	5.352114e-01	2.703599e+14	5.641313e+14	1.711356e+14	1.199343e+04	6.635346e+03	2.593694e+03	0	4.388680e-04
2.260000e+09	2.046754e+12	0.000000e+00	5.352114e-01	2.687132e+14	5.612571e+14	1.705718e+14	1.198162e+04	6.632168e+03	2.592451e+03	0	4.291883e-04
2.270000e+09	1.906723e+12	0.000000e+00	5.352114e-01	2.670839e+14	5.584102e+14	1.700113e+14	1.196989e+04	6.629007e+03	2.591216e+03	0	4.191683e-04
2.280000e+09	1.768268e+12	0.000000e+00	5.352114e-01	2.654716e+14	5.555902e+14	1.694541e+14	1.195822e+04	6.625864e+03	2.589987e+03	0	4.087665e-04
2.290000e+09	1.631365e+12	0.000000e+00	5.352114e-01	2.638762e+14	5.527967e+14	1.689001e+14	1.194663e+04	6.622737e+03	2.588765e+03	0	3.979327e-04
2.300000e+09	1.495990e+12	0.000000e+00	5.352114e-01	2.622973e+14	5.500293e+14	1.683492e+14	1.193510e+04	6.619626e+03	2.587549e+03	0	3.866062e-04
2.310000e+09	1.362120e+12	0.000000e+00	5.352114e-01	2.607347e+14	5.472877e+14	1.678016e+14	1.192365e+04	6.616532e+03	2.586340e+03	0	3.747121e-04
2.320000e+09	1.229734e+12	0.000000e+00	5.352114e-01	2.591883e+14	5.445715e+14	1.672572e+14	1.191226e+04	6.613455e+03	2.585137e+03	0	3.621565e-04
2.330000e+09	1.098808e+12	0.000000e+00	5.352114e-01	2.576577e+14	5.418805e+14	1.667158e+14	1.190094e+04	6.610393e+03	2.583940e+03	0	3.488188e-04
2.340000e+09	9.693212e+11	0.000000e+00	5.352114e-01	2.561427e+14	5.392141e+14	1.661776e+14	1.188969e+04	6.607348e+03	2.582749e+03	0	3.345404e-04
2.350000e+09	8.412520e+11	0.000000e+00	5.352114e-01	2.546431e+14	5.365722e+14	1.656425e+14	1.187850e+04	6.604318e+03	2.581565e+03	0	3.191058e-04
2.360000e+09	7.145796e+11	0.000000e+00	5.352114e-01	2.531587e+14	5.339544e+14	1.651104e+14	1.186738e+04	6.601304e+03	2.580387e+03	0	3.022104e-04
2.370000e+09	5.892833e+11	0.000000e+00	5.352114e-01	2.516893e+14	5.313603e+14	1.645814e+14	1.185632e+04	6.598305e+03	2.579215e+03	0	2.834005e-04
2.380000e+09	4.653431e+11	0.000000e+00	5.352114e-01	2.502346e+14	5.287897e+14	1.640554e+14	1.184533e+04	6.595322e+03	2.578049e+03	0	2.619492e-04
2.390000e+09	3.427393e+11	0.000000e+00	5.352114e-01	2.487945e+14	5.262422e+14	1.635325e+14	1.183440e+04	6.592354e+03	2.576888e+03	0	2.365632e-04
2.400000e+09	2.214522e+11	0.000000e+00	5.352114e-01	2.473686e+14	5.237176e+14	1.630125e+14	1.182353e+04	6.589401e+03	2.575734e+03	0	2.045122e-04
2.410000e+09	1.014631e+11	0.000000e+00	5.352114e-01	2.459570e+14	5.212155e+14	1.624954e+14	1.181273e+04	6.586463e+03	2.574586e+03	0	1.576626e-04
2.420000e+09	-1.724695e+10	0.000000e+00	5.352114e-01	2.445592e+14	5.187356e+14	1.619814e+14	1.180199e+04	6.583539e+03	2.573443e+03	0	nan
