#t		Qconv[W]	Ri[Rp]		R*[Rp]		Qc[W]		Qm[W]		Qr[W]		Tcmb[K]		Tl[K]		Tup[K]		RiFlag		Bs[T]
0.000000e+00	1.895361e+15	0.000000e+00	5.319148e-01	1.828419e+16	3.589780e+15	5.319964e+14	3.136419e+04	6.935765e+03	2.954742e+03	0	4.189720e-03
1.000000e+07	1.769791e+15	0.000000e+00	5.319148e-01	1.711290e+16	4.732600e+15	5.290488e+14	3.071357e+04	7.253116e+03	3.089938e+03	0	4.095073e-03
2.000000e+07	1.653156e+15	0.000000e+00	5.319148e-01	1.602480e+16	5.843045e+15	5.261231e+14	3.010359e+04	7.520113e+03	3.203683e+03	0	4.003062e-03
3.000000e+07	1.545034e+15	0.000000e+00	5.319148e-01	1.501593e+16	6.848572e+15	5.232194e+14	2.953146e+04	7.740117e+03	3.297408e+03	0	3.913816e-03
4.000000e+07	1.445031e+15	0.000000e+00	5.319148e-01	1.408259e+16	7.702946e+15	5.203373e+14	2.899453e+04	7.917713e+03	3.373067e+03	0	3.827484e-03
5.000000e+07	1.352730e+15	0.000000e+00	5.319148e-01	1.322090e+16	8.385735e+15	5.174768e+14	2.849025e+04	8.058133e+03	3.432887e+03	0	3.744191e-03
6.000000e+07	1.267680e+15	0.000000e+00	5.319148e-01	1.242664e+16	8.896853e+15	5.146375e+14	2.801618e+04	8.166734e+03	3.479153e+03	0	3.664018e-03
7.000000e+07	1.189402e+15	0.000000e+00	5.319148e-01	1.169534e+16	9.249594e+15	5.118194e+14	2.757001e+04	8.248626e+03	3.514040e+03	0	3.586994e-03
8.000000e+07	1.117399e+15	0.000000e+00	5.319148e-01	1.102238e+16	9.464365e+15	5.090223e+14	2.714959e+04	8.308438e+03	3.539521e+03	0	3.513099e-03
9.000000e+07	1.051174e+15	0.000000e+00	5.319148e-01	1.040314e+16	9.564038e+15	5.062459e+14	2.675291e+04	8.350216e+03	3.557319e+03	0	3.442277e-03
1.000000e+08	9.902425e+14	0.000000e+00	5.319148e-01	9.833132e+15	9.570966e+15	5.034902e+14	2.637811e+04	8.377403e+03	3.568902e+03	0	3.374439e-03
1.100000e+08	9.341440e+14	0.000000e+00	5.319148e-01	9.308064e+15	9.505361e+15	5.007549e+14	2.602349e+04	8.392876e+03	3.575493e+03	0	3.309474e-03
1.200000e+08	8.824462e+14	0.000000e+00	5.319148e-01	8.823926e+15	9.384603e+15	4.980399e+14	2.568748e+04	8.399002e+03	3.578103e+03	0	3.247260e-03
1.300000e+08	8.347492e+14	0.000000e+00	5.319148e-01	8.377007e+15	9.223117e+15	4.953450e+14	2.536866e+04	8.397714e+03	3.577554e+03	0	3.187667e-03
1.400000e+08	7.906864e+14	0.000000e+00	5.319148e-01	7.963904e+15	9.032580e+15	4.926701e+14	2.506573e+04	8.390576e+03	3.574513e+03	0	3.130563e-03
1.500000e+08	7.499241e+14	0.000000e+00	5.319148e-01	7.581521e+15	8.822257e+15	4.900149e+14	2.477751e+04	8.378852e+03	3.569519e+03	0	3.075814e-03
1.600000e+08	7.121599e+14	0.000000e+00	5.319148e-01	7.227049e+15	8.599381e+15	4.873793e+14	2.450291e+04	8.363557e+03	3.563003e+03	0	3.023293e-03
1.700000e+08	6.771208e+14	0.000000e+00	5.319148e-01	6.897956e+15	8.369520e+15	4.847632e+14	2.424097e+04	8.345504e+03	3.555312e+03	0	2.972873e-03
1.800000e+08	6.445609e+14	0.000000e+00	5.319148e-01	6.591958e+15	8.136907e+15	4.821664e+14	2.399078e+04	8.325346e+03	3.546724e+03	0	2.924437e-03
1.900000e+08	6.142588e+14	0.000000e+00	5.319148e-01	6.306998e+15	7.904709e+15	4.795886e+14	2.375154e+04	8.303607e+03	3.537463e+03	0	2.877872e-03
2.000000e+08	5.860155e+14	0.000000e+00	5.319148e-01	6.041230e+15	7.675263e+15	4.770299e+14	2.352250e+04	8.280703e+03	3.527706e+03	0	2.833070e-03
2.100000e+08	5.596520e+14	0.000000e+00	5.319148e-01	5.792989e+15	7.450258e+15	4.744900e+14	2.330298e+04	8.256971e+03	3.517595e+03	0	2.789932e-03
2.200000e+08	5.350072e+14	0.000000e+00	5.319148e-01	5.560781e+15	7.230883e+15	4.719687e+14	2.309236e+04	8.232677e+03	3.507246e+03	0	2.748364e-03
2.300000e+08	5.119364e+14	0.000000e+00	5.319148e-01	5.343260e+15	7.017941e+15	4.694659e+14	2.289008e+04	8.208035e+03	3.496748e+03	0	2.708277e-03
2.400000e+08	4.903089e+14	0.000000e+00	5.319148e-01	5.139210e+15	6.811946e+15	4.669815e+14	2.269562e+04	8.183215e+03	3.486174e+03	0	2.669588e-03
2.500000e+08	4.700071e+14	0.000000e+00	5.319148e-01	4.947539e+15	6.613190e+15	4.645153e+14	2.250849e+04	8.158352e+03	3.475582e+03	0	2.632222e-03
2.600000e+08	4.509245e+14	0.000000e+00	5.319148e-01	4.767258e+15	6.421797e+15	4.620671e+14	2.232826e+04	8.133555e+03	3.465018e+03	0	2.596105e-03
2.700000e+08	4.329651e+14	0.000000e+00	5.319148e-01	4.597472e+15	6.237771e+15	4.596368e+14	2.215452e+04	8.108907e+03	3.454518e+03	0	2.561171e-03
2.800000e+08	4.160419e+14	0.000000e+00	5.319148e-01	4.437373e+15	6.061024e+15	4.572243e+14	2.198690e+04	8.084476e+03	3.444110e+03	0	2.527358e-03
2.900000e+08	4.000761e+14	0.000000e+00	5.319148e-01	4.286226e+15	5.891404e+15	4.548294e+14	2.182505e+04	8.060312e+03	3.433816e+03	0	2.494605e-03
3.000000e+08	3.849958e+14	0.000000e+00	5.319148e-01	4.143364e+15	5.728712e+15	4.524519e+14	2.166865e+04	8.036456e+03	3.423653e+03	0	2.462860e-03
3.100000e+08	3.707362e+14	0.000000e+00	5.319148e-01	4.008183e+15	5.572721e+15	4.500918e+14	2.151741e+04	8.012938e+03	3.413634e+03	0	2.432070e-03
3.200000e+08	3.572379e+14	0.000000e+00	5.319148e-01	3.880128e+15	5.423183e+15	4.477488e+14	2.137106e+04	7.989780e+03	3.403768e+03	0	2.402187e-03
3.300000e+08	3.444467e+14	0.000000e+00	5.319148e-01	3.758698e+15	5.279838e+15	4.454229e+14	2.122933e+04	7.966997e+03	3.394062e+03	0	2.373167e-03
3.400000e+08	3.323135e+14	0.000000e+00	5.319148e-01	3.643431e+15	5.142422e+15	4.431139e+14	2.109200e+04	7.944602e+03	3.384522e+03	0	2.344968e-03
3.500000e+08	3.207929e+14	0.000000e+00	5.319148e-01	3.533907e+15	5.010673e+15	4.408216e+14	2.095883e+04	7.922600e+03	3.375148e+03	0	2.317551e-03
3.600000e+08	3.098437e+14	0.000000e+00	5.319148e-01	3.429742e+15	4.884330e+15	4.385459e+14	2.082963e+04	7.900995e+03	3.365944e+03	0	2.290878e-03
3.700000e+08	2.994280e+14	0.000000e+00	5.319148e-01	3.330580e+15	4.763139e+15	4.362867e+14	2.070420e+04	7.879788e+03	3.356910e+03	0	2.264914e-03
3.800000e+08	2.895109e+14	0.000000e+00	5.319148e-01	3.236098e+15	4.646854e+15	4.340439e+14	2.058237e+04	7.858976e+03	3.348044e+03	0	2.239628e-03
3.900000e+08	2.800604e+14	0.000000e+00	5.319148e-01	3.145998e+15	4.535236e+15	4.318172e+14	2.046396e+04	7.838558e+03	3.339345e+03	0	2.214989e-03
4.000000e+08	2.710471e+14	0.000000e+00	5.319148e-01	3.060002e+15	4.428059e+15	4.296067e+14	2.034881e+04	7.818528e+03	3.330812e+03	0	2.190967e-03
4.100000e+08	2.624438e+14	0.000000e+00	5.319148e-01	2.977859e+15	4.325104e+15	4.274121e+14	2.023679e+04	7.798880e+03	3.322442e+03	0	2.167537e-03
4.200000e+08	2.542254e+14	0.000000e+00	5.319148e-01	2.899335e+15	4.226163e+15	4.252333e+14	2.012775e+04	7.779609e+03	3.314232e+03	0	2.144671e-03
4.300000e+08	2.463687e+14	0.000000e+00	5.319148e-01	2.824211e+15	4.131039e+15	4.230702e+14	2.002156e+04	7.760708e+03	3.306180e+03	0	2.122346e-03
4.400000e+08	2.388523e+14	0.000000e+00	5.319148e-01	2.752289e+15	4.039544e+15	4.209227e+14	1.991809e+04	7.742168e+03	3.298282e+03	0	2.100539e-03
4.500000e+08	2.316563e+14	0.000000e+00	5.319148e-01	2.683382e+15	3.951499e+15	4.187906e+14	1.981724e+04	7.723983e+03	3.290534e+03	0	2.079229e-03
4.600000e+08	2.247623e+14	0.000000e+00	5.319148e-01	2.617319e+15	3.866736e+15	4.166738e+14	1.971890e+04	7.706143e+03	3.282935e+03	0	2.058395e-03
4.700000e+08	2.181531e+14	0.000000e+00	5.319148e-01	2.553938e+15	3.785096e+15	4.145722e+14	1.962296e+04	7.688642e+03	3.275479e+03	0	2.038019e-03
4.800000e+08	2.118130e+14	0.000000e+00	5.319148e-01	2.493093e+15	3.706427e+15	4.124856e+14	1.952932e+04	7.671471e+03	3.268163e+03	0	2.018081e-03
4.900000e+08	2.057270e+14	0.000000e+00	5.319148e-01	2.434643e+15	3.630587e+15	4.104140e+14	1.943789e+04	7.654621e+03	3.260985e+03	0	1.998564e-03
5.000000e+08	1.998814e+14	0.000000e+00	5.319148e-01	2.378461e+15	3.557441e+15	4.083572e+14	1.934860e+04	7.638085e+03	3.253940e+03	0	1.979453e-03
5.100000e+08	1.942634e+14	0.000000e+00	5.319148e-01	2.324425e+15	3.486860e+15	4.063151e+14	1.926134e+04	7.621854e+03	3.247026e+03	0	1.960731e-03
5.200000e+08	1.888610e+14	0.000000e+00	5.319148e-01	2.272424e+15	3.418726e+15	4.042875e+14	1.917606e+04	7.605920e+03	3.240238e+03	0	1.942384e-03
5.300000e+08	1.836629e+14	0.000000e+00	5.319148e-01	2.222353e+15	3.352923e+15	4.022745e+14	1.909267e+04	7.590276e+03	3.233573e+03	0	1.924398e-03
5.400000e+08	1.786586e+14	0.000000e+00	5.319148e-01	2.174113e+15	3.289344e+15	4.002757e+14	1.901110e+04	7.574915e+03	3.227029e+03	0	1.906758e-03
5.500000e+08	1.738385e+14	0.000000e+00	5.319148e-01	2.127613e+15	3.227887e+15	3.982912e+14	1.893129e+04	7.559827e+03	3.220602e+03	0	1.889454e-03
5.600000e+08	1.691933e+14	0.000000e+00	5.319148e-01	2.082766e+15	3.168457e+15	3.963208e+14	1.885318e+04	7.545007e+03	3.214288e+03	0	1.872472e-03
5.700000e+08	1.647143e+14	0.000000e+00	5.319148e-01	2.039492e+15	3.110962e+15	3.943644e+14	1.877670e+04	7.530447e+03	3.208085e+03	0	1.855801e-03
5.800000e+08	1.603936e+14	0.000000e+00	5.319148e-01	1.997715e+15	3.055316e+15	3.924219e+14	1.870180e+04	7.516140e+03	3.201990e+03	0	1.839430e-03
5.900000e+08	1.562235e+14	0.000000e+00	5.319148e-01	1.957364e+15	3.001437e+15	3.904931e+14	1.862843e+04	7.502079e+03	3.196000e+03	0	1.823349e-03
6.000000e+08	1.521968e+14	0.000000e+00	5.319148e-01	1.918372e+15	2.949250e+15	3.885780e+14	1.855652e+04	7.488258e+03	3.190112e+03	0	1.807547e-03
6.100000e+08	1.483070e+14	0.000000e+00	5.319148e-01	1.880676e+15	2.898680e+15	3.866764e+14	1.848604e+04	7.474670e+03	3.184323e+03	0	1.792015e-03
6.200000e+08	1.445476e+14	0.000000e+00	5.319148e-01	1.844217e+15	2.849659e+15	3.847883e+14	1.841694e+04	7.461309e+03	3.178631e+03	0	1.776743e-03
6.300000e+08	1.409128e+14	0.000000e+00	5.319148e-01	1.808938e+15	2.802121e+15	3.829135e+14	1.834917e+04	7.448169e+03	3.173034e+03	0	1.761724e-03
6.400000e+08	1.373968e+14	0.000000e+00	5.319148e-01	1.774787e+15	2.756004e+15	3.810519e+14	1.828268e+04	7.435245e+03	3.167528e+03	0	1.746948e-03
6.500000e+08	1.339945e+14	0.000000e+00	5.319148e-01	1.741715e+15	2.711249e+15	3.792035e+14	1.821744e+04	7.422530e+03	3.162111e+03	0	1.732407e-03
6.600000e+08	1.307009e+14	0.000000e+00	5.319148e-01	1.709674e+15	2.667800e+15	3.773680e+14	1.815342e+04	7.410019e+03	3.156781e+03	0	1.718095e-03
6.700000e+08	1.275111e+14	0.000000e+00	5.319148e-01	1.678621e+15	2.625605e+15	3.755454e+14	1.809056e+04	7.397707e+03	3.151536e+03	0	1.704003e-03
6.800000e+08	1.244208e+14	0.000000e+00	5.319148e-01	1.648512e+15	2.584612e+15	3.737357e+14	1.802883e+04	7.385588e+03	3.146373e+03	0	1.690124e-03
6.900000e+08	1.214257e+14	0.000000e+00	5.319148e-01	1.619308e+15	2.544775e+15	3.719386e+14	1.796821e+04	7.373659e+03	3.141291e+03	0	1.676452e-03
7.000000e+08	1.185218e+14	0.000000e+00	5.319148e-01	1.590972e+15	2.506047e+15	3.701542e+14	1.790866e+04	7.361913e+03	3.136287e+03	0	1.662980e-03
7.100000e+08	1.157054e+14	0.000000e+00	5.319148e-01	1.563469e+15	2.468385e+15	3.683822e+14	1.785014e+04	7.350346e+03	3.131360e+03	0	1.649702e-03
7.200000e+08	1.129729e+14	0.000000e+00	5.319148e-01	1.536763e+15	2.431748e+15	3.666226e+14	1.779262e+04	7.338954e+03	3.126506e+03	0	1.636612e-03
7.300000e+08	1.103208e+14	0.000000e+00	5.319148e-01	1.510824e+15	2.396098e+15	3.648754e+14	1.773609e+04	7.327733e+03	3.121726e+03	0	1.623704e-03
7.400000e+08	1.077460e+14	0.000000e+00	5.319148e-01	1.485621e+15	2.361395e+15	3.631403e+14	1.768050e+04	7.316677e+03	3.117016e+03	0	1.610972e-03
7.500000e+08	1.052453e+14	0.000000e+00	5.319148e-01	1.461124e+15	2.327607e+15	3.614173e+14	1.762583e+04	7.305784e+03	3.112375e+03	0	1.598411e-03
7.600000e+08	1.028159e+14	0.000000e+00	5.319148e-01	1.437308e+15	2.294697e+15	3.597063e+14	1.757207e+04	7.295048e+03	3.107802e+03	0	1.586017e-03
7.700000e+08	1.004550e+14	0.000000e+00	5.319148e-01	1.414144e+15	2.262634e+15	3.580072e+14	1.751917e+04	7.284467e+03	3.103294e+03	0	1.573783e-03
7.800000e+08	9.815990e+13	0.000000e+00	5.319148e-01	1.391609e+15	2.231388e+15	3.563200e+14	1.746712e+04	7.274036e+03	3.098850e+03	0	1.561705e-03
7.900000e+08	9.592819e+13	0.000000e+00	5.319148e-01	1.369679e+15	2.200929e+15	3.546444e+14	1.741590e+04	7.263751e+03	3.094469e+03	0	1.549779e-03
8.000000e+08	9.375746e+13	0.000000e+00	5.319148e-01	1.348331e+15	2.171228e+15	3.529805e+14	1.736547e+04	7.253611e+03	3.090149e+03	0	1.538000e-03
8.100000e+08	9.164542e+13	0.000000e+00	5.319148e-01	1.327545e+15	2.142260e+15	3.513281e+14	1.731584e+04	7.243610e+03	3.085888e+03	0	1.526363e-03
8.200000e+08	8.958992e+13	0.000000e+00	5.319148e-01	1.307298e+15	2.113998e+15	3.496871e+14	1.726696e+04	7.233745e+03	3.081686e+03	0	1.514865e-03
8.300000e+08	8.758889e+13	0.000000e+00	5.319148e-01	1.287573e+15	2.086418e+15	3.480575e+14	1.721882e+04	7.224015e+03	3.077540e+03	0	1.503502e-03
8.400000e+08	8.564037e+13	0.000000e+00	5.319148e-01	1.268350e+15	2.059496e+15	3.464391e+14	1.717141e+04	7.214414e+03	3.073450e+03	0	1.492269e-03
8.500000e+08	8.374247e+13	0.000000e+00	5.319148e-01	1.249612e+15	2.033212e+15	3.448319e+14	1.712470e+04	7.204941e+03	3.069415e+03	0	1.481163e-03
8.600000e+08	8.189340e+13	0.000000e+00	5.319148e-01	1.231342e+15	2.007542e+15	3.432358e+14	1.707868e+04	7.195593e+03	3.065432e+03	0	1.470180e-03
8.700000e+08	8.009145e+13	0.000000e+00	5.319148e-01	1.213522e+15	1.982466e+15	3.416507e+14	1.703332e+04	7.186366e+03	3.061502e+03	0	1.459317e-03
8.800000e+08	7.833497e+13	0.000000e+00	5.319148e-01	1.196139e+15	1.957965e+15	3.400765e+14	1.698862e+04	7.177259e+03	3.057622e+03	0	1.448570e-03
8.900000e+08	7.662241e+13	0.000000e+00	5.319148e-01	1.179177e+15	1.934021e+15	3.385131e+14	1.694456e+04	7.168267e+03	3.053791e+03	0	1.437936e-03
9.000000e+08	7.495227e+13	0.000000e+00	5.319148e-01	1.162622e+15	1.910614e+15	3.369604e+14	1.690112e+04	7.159390e+03	3.050009e+03	0	1.427412e-03
9.100000e+08	7.332311e+13	0.000000e+00	5.319148e-01	1.146460e+15	1.887728e+15	3.354183e+14	1.685829e+04	7.150623e+03	3.046275e+03	0	1.416994e-03
9.200000e+08	7.173356e+13	0.000000e+00	5.319148e-01	1.130679e+15	1.865347e+15	3.338869e+14	1.681605e+04	7.141966e+03	3.042586e+03	0	1.406679e-03
9.300000e+08	7.018231e+13	0.000000e+00	5.319148e-01	1.115265e+15	1.843453e+15	3.323659e+14	1.677439e+04	7.133415e+03	3.038944e+03	0	1.396466e-03
9.400000e+08	6.866809e+13	0.000000e+00	5.319148e-01	1.100208e+15	1.822033e+15	3.308553e+14	1.673329e+04	7.124969e+03	3.035345e+03	0	1.386349e-03
9.500000e+08	6.718971e+13	0.000000e+00	5.319148e-01	1.085495e+15	1.801071e+15	3.293550e+14	1.669274e+04	7.116624e+03	3.031790e+03	0	1.376328e-03
9.600000e+08	6.574600e+13	0.000000e+00	5.319148e-01	1.071115e+15	1.780554e+15	3.278649e+14	1.665274e+04	7.108379e+03	3.028278e+03	0	1.366399e-03
9.700000e+08	6.433585e+13	0.000000e+00	5.319148e-01	1.057059e+15	1.760467e+15	3.263850e+14	1.661326e+04	7.100232e+03	3.024807e+03	0	1.356559e-03
9.800000e+08	6.295821e+13	0.000000e+00	5.319148e-01	1.043315e+15	1.740799e+15	3.249151e+14	1.657430e+04	7.092181e+03	3.021377e+03	0	1.346806e-03
9.900000e+08	6.161205e+13	0.000000e+00	5.319148e-01	1.029875e+15	1.721535e+15	3.234553e+14	1.653584e+04	7.084224e+03	3.017987e+03	0	1.337138e-03
1.000000e+09	6.029638e+13	0.000000e+00	5.319148e-01	1.016728e+15	1.702665e+15	3.220053e+14	1.649788e+04	7.076359e+03	3.014637e+03	0	1.327552e-03
1.010000e+09	5.901026e+13	0.000000e+00	5.319148e-01	1.003867e+15	1.684177e+15	3.205652e+14	1.646040e+04	7.068584e+03	3.011324e+03	0	1.318045e-03
1.020000e+09	5.775280e+13	0.000000e+00	5.319148e-01	9.912816e+14	1.666060e+15	3.191349e+14	1.642339e+04	7.060897e+03	3.008050e+03	0	1.308615e-03
1.030000e+09	5.652311e+13	0.000000e+00	5.319148e-01	9.789644e+14	1.648303e+15	3.177142e+14	1.638684e+04	7.053296e+03	3.004812e+03	0	1.299261e-03
1.040000e+09	5.532037e+13	0.000000e+00	5.319148e-01	9.669073e+14	1.630895e+15	3.163031e+14	1.635075e+04	7.045780e+03	3.001610e+03	0	1.289979e-03
1.050000e+09	5.414376e+13	0.000000e+00	5.319148e-01	9.551025e+14	1.613827e+15	3.149016e+14	1.631510e+04	7.038347e+03	2.998443e+03	0	1.280768e-03
1.060000e+09	5.299251e+13	0.000000e+00	5.319148e-01	9.435428e+14	1.597089e+15	3.135095e+14	1.627988e+04	7.030996e+03	2.995312e+03	0	1.271625e-03
1.070000e+09	5.186587e+13	0.000000e+00	5.319148e-01	9.322211e+14	1.580673e+15	3.121268e+14	1.624509e+04	7.023725e+03	2.992214e+03	0	1.262549e-03
1.080000e+09	5.076314e+13	0.000000e+00	5.319148e-01	9.211305e+14	1.564568e+15	3.107533e+14	1.621071e+04	7.016532e+03	2.989150e+03	0	1.253537e-03
1.090000e+09	4.968360e+13	0.000000e+00	5.319148e-01	9.102644e+14	1.548768e+15	3.093892e+14	1.617674e+04	7.009416e+03	2.986118e+03	0	1.244587e-03
1.100000e+09	4.862661e+13	0.000000e+00	5.319148e-01	8.996164e+14	1.533262e+15	3.080341e+14	1.614317e+04	7.002375e+03	2.983119e+03	0	1.235698e-03
1.110000e+09	4.759152e+13	0.000000e+00	5.319148e-01	8.891805e+14	1.518044e+15	3.066882e+14	1.610999e+04	6.995408e+03	2.980151e+03	0	1.226867e-03
1.120000e+09	4.657771e+13	0.000000e+00	5.319148e-01	8.789508e+14	1.503105e+15	3.053513e+14	1.607719e+04	6.988514e+03	2.977214e+03	0	1.218093e-03
1.130000e+09	4.558458e+13	0.000000e+00	5.319148e-01	8.689215e+14	1.488439e+15	3.040233e+14	1.604477e+04	6.981691e+03	2.974307e+03	0	1.209373e-03
1.140000e+09	4.461155e+13	0.000000e+00	5.319148e-01	8.590872e+14	1.474037e+15	3.027042e+14	1.601272e+04	6.974938e+03	2.971430e+03	0	1.200706e-03
1.150000e+09	4.365808e+13	0.000000e+00	5.319148e-01	8.494426e+14	1.459894e+15	3.013940e+14	1.598102e+04	6.968254e+03	2.968583e+03	0	1.192090e-03
1.160000e+09	4.272363e+13	0.000000e+00	5.319148e-01	8.399826e+14	1.446002e+15	3.000924e+14	1.594969e+04	6.961638e+03	2.965764e+03	0	1.183524e-03
1.170000e+09	4.180767e+13	0.000000e+00	5.319148e-01	8.307021e+14	1.432355e+15	2.987995e+14	1.591870e+04	6.955087e+03	2.962973e+03	0	1.175005e-03
1.180000e+09	4.090972e+13	0.000000e+00	5.319148e-01	8.215966e+14	1.418947e+15	2.975153e+14	1.588805e+04	6.948601e+03	2.960210e+03	0	1.166532e-03
1.190000e+09	4.002928e+13	0.000000e+00	5.319148e-01	8.126613e+14	1.405771e+15	2.962395e+14	1.585774e+04	6.942180e+03	2.957474e+03	0	1.158102e-03
1.200000e+09	3.916589e+13	0.000000e+00	5.319148e-01	8.038917e+14	1.392822e+15	2.949723e+14	1.582775e+04	6.935821e+03	2.954765e+03	0	1.149715e-03
1.210000e+09	3.831911e+13	0.000000e+00	5.319148e-01	7.952837e+14	1.380094e+15	2.937134e+14	1.579809e+04	6.929524e+03	2.952083e+03	0	1.141369e-03
1.220000e+09	3.748849e+13	0.000000e+00	5.319148e-01	7.868330e+14	1.367582e+15	2.924629e+14	1.576874e+04	6.923287e+03	2.949426e+03	0	1.133062e-03
1.230000e+09	3.667362e+13	0.000000e+00	5.319148e-01	7.785356e+14	1.355280e+15	2.912207e+14	1.573971e+04	6.917110e+03	2.946794e+03	0	1.124792e-03
1.240000e+09	3.587409e+13	0.000000e+00	5.319148e-01	7.703877e+14	1.343183e+15	2.899866e+14	1.571098e+04	6.910991e+03	2.944188e+03	0	1.116558e-03
1.250000e+09	3.508951e+13	0.000000e+00	5.319148e-01	7.623853e+14	1.331286e+15	2.887607e+14	1.568255e+04	6.904930e+03	2.941606e+03	0	1.108358e-03
1.260000e+09	3.431949e+13	0.000000e+00	5.319148e-01	7.545250e+14	1.319585e+15	2.875429e+14	1.565441e+04	6.898926e+03	2.939048e+03	0	1.100191e-03
1.270000e+09	3.356366e+13	0.000000e+00	5.319148e-01	7.468032e+14	1.308075e+15	2.863331e+14	1.562657e+04	6.892977e+03	2.936513e+03	0	1.092054e-03
1.280000e+09	3.282168e+13	0.000000e+00	5.319148e-01	7.392164e+14	1.296750e+15	2.851313e+14	1.559900e+04	6.887083e+03	2.934002e+03	0	1.083947e-03
1.290000e+09	3.209319e+13	0.000000e+00	5.319148e-01	7.317614e+14	1.285608e+15	2.839374e+14	1.557172e+04	6.881242e+03	2.931514e+03	0	1.075867e-03
1.300000e+09	3.137787e+13	0.000000e+00	5.319148e-01	7.244349e+14	1.274643e+15	2.827513e+14	1.554471e+04	6.875455e+03	2.929049e+03	0	1.067814e-03
1.310000e+09	3.067538e+13	0.000000e+00	5.319148e-01	7.172338e+14	1.263852e+15	2.815730e+14	1.551797e+04	6.869719e+03	2.926605e+03	0	1.059785e-03
1.320000e+09	2.998541e+13	0.000000e+00	5.319148e-01	7.101552e+14	1.253230e+15	2.804024e+14	1.549149e+04	6.864035e+03	2.924183e+03	0	1.051779e-03
1.330000e+09	2.930767e+13	0.000000e+00	5.319148e-01	7.031961e+14	1.242773e+15	2.792394e+14	1.546528e+04	6.858401e+03	2.921783e+03	0	1.043794e-03
1.340000e+09	2.864185e+13	0.000000e+00	5.319148e-01	6.963537e+14	1.232479e+15	2.780841e+14	1.543932e+04	6.852816e+03	2.919404e+03	0	1.035829e-03
1.350000e+09	2.798767e+13	0.000000e+00	5.319148e-01	6.896252e+14	1.222343e+15	2.769363e+14	1.541361e+04	6.847280e+03	2.917046e+03	0	1.027882e-03
1.360000e+09	2.734485e+13	0.000000e+00	5.319148e-01	6.830080e+14	1.212361e+15	2.757960e+14	1.538815e+04	6.841793e+03	2.914708e+03	0	1.019951e-03
1.370000e+09	2.671312e+13	0.000000e+00	5.319148e-01	6.764996e+14	1.202530e+15	2.746631e+14	1.536294e+04	6.836352e+03	2.912390e+03	0	1.012036e-03
1.380000e+09	2.609223e+13	0.000000e+00	5.319148e-01	6.700973e+14	1.192848e+15	2.735375e+14	1.533796e+04	6.830958e+03	2.910092e+03	0	1.004133e-03
1.390000e+09	2.548192e+13	0.000000e+00	5.319148e-01	6.637987e+14	1.183310e+15	2.724193e+14	1.531322e+04	6.825610e+03	2.907814e+03	0	9.962424e-04
1.400000e+09	2.488194e+13	0.000000e+00	5.319148e-01	6.576016e+14	1.173913e+15	2.713083e+14	1.528871e+04	6.820306e+03	2.905555e+03	0	9.883614e-04
1.410000e+09	2.429206e+13	0.000000e+00	5.319148e-01	6.515036e+14	1.164655e+15	2.702046e+14	1.526443e+04	6.815048e+03	2.903314e+03	0	9.804884e-04
1.420000e+09	2.371205e+13	0.000000e+00	5.319148e-01	6.455025e+14	1.155532e+15	2.691079e+14	1.524037e+04	6.809832e+03	2.901092e+03	0	9.726219e-04
1.430000e+09	2.314168e+13	0.000000e+00	5.319148e-01	6.395962e+14	1.146542e+15	2.680184e+14	1.521654e+04	6.804660e+03	2.898889e+03	0	9.647600e-04
1.440000e+09	2.258073e+13	0.000000e+00	5.319148e-01	6.337825e+14	1.137682e+15	2.669359e+14	1.519292e+04	6.799531e+03	2.896704e+03	0	9.569010e-04
1.450000e+09	2.202900e+13	0.000000e+00	5.319148e-01	6.280593e+14	1.128948e+15	2.658604e+14	1.516951e+04	6.794443e+03	2.894536e+03	0	9.490431e-04
1.460000e+09	2.148627e+13	0.000000e+00	5.319148e-01	6.224248e+14	1.120339e+15	2.647918e+14	1.514632e+04	6.789396e+03	2.892386e+03	0	9.411843e-04
1.470000e+09	2.095235e+13	0.000000e+00	5.319148e-01	6.168770e+14	1.111852e+15	2.637301e+14	1.512334e+04	6.784389e+03	2.890253e+03	0	9.333229e-04
1.480000e+09	2.042704e+13	0.000000e+00	5.319148e-01	6.114140e+14	1.103484e+15	2.626752e+14	1.510055e+04	6.779423e+03	2.888138e+03	0	9.254568e-04
1.490000e+09	1.991015e+13	0.000000e+00	5.319148e-01	6.060339e+14	1.095233e+15	2.616271e+14	1.507797e+04	6.774496e+03	2.886039e+03	0	9.175841e-04
1.500000e+09	1.940151e+13	0.000000e+00	5.319148e-01	6.007351e+14	1.087096e+15	2.605857e+14	1.505559e+04	6.769608e+03	2.883956e+03	0	9.097027e-04
1.510000e+09	1.890093e+13	0.000000e+00	5.319148e-01	5.955159e+14	1.079071e+15	2.595509e+14	1.503340e+04	6.764758e+03	2.881890e+03	0	9.018106e-04
1.520000e+09	1.840823e+13	0.000000e+00	5.319148e-01	5.903744e+14	1.071156e+15	2.585228e+14	1.501141e+04	6.759945e+03	2.879840e+03	0	8.939056e-04
1.530000e+09	1.792325e+13	0.000000e+00	5.319148e-01	5.853091e+14	1.063349e+15	2.575012e+14	1.498960e+04	6.755170e+03	2.877806e+03	0	8.859855e-04
1.540000e+09	1.744583e+13	0.000000e+00	5.319148e-01	5.803185e+14	1.055647e+15	2.564862e+14	1.496798e+04	6.750432e+03	2.875787e+03	0	8.780480e-04
1.550000e+09	1.697581e+13	0.000000e+00	5.319148e-01	5.754009e+14	1.048048e+15	2.554776e+14	1.494655e+04	6.745729e+03	2.873783e+03	0	8.700906e-04
1.560000e+09	1.651302e+13	0.000000e+00	5.319148e-01	5.705549e+14	1.040551e+15	2.544755e+14	1.492529e+04	6.741062e+03	2.871795e+03	0	8.621111e-04
1.570000e+09	1.605733e+13	0.000000e+00	5.319148e-01	5.657789e+14	1.033154e+15	2.534797e+14	1.490422e+04	6.736431e+03	2.869822e+03	0	8.541066e-04
1.580000e+09	1.560857e+13	0.000000e+00	5.319148e-01	5.610717e+14	1.025854e+15	2.524903e+14	1.488332e+04	6.731833e+03	2.867864e+03	0	8.460748e-04
1.590000e+09	1.516662e+13	0.000000e+00	5.319148e-01	5.564317e+14	1.018649e+15	2.515071e+14	1.486259e+04	6.727271e+03	2.865920e+03	0	8.380126e-04
1.600000e+09	1.473132e+13	0.000000e+00	5.319148e-01	5.518577e+14	1.011539e+15	2.505301e+14	1.484203e+04	6.722741e+03	2.863990e+03	0	8.299174e-04
1.610000e+09	1.430254e+13	0.000000e+00	5.319148e-01	5.473483e+14	1.004520e+15	2.495593e+14	1.482165e+04	6.718245e+03	2.862075e+03	0	8.217860e-04
1.620000e+09	1.388015e+13	0.000000e+00	5.319148e-01	5.429022e+14	9.975914e+14	2.485947e+14	1.480143e+04	6.713782e+03	2.860173e+03	0	8.136153e-04
1.630000e+09	1.346403e+13	0.000000e+00	5.319148e-01	5.385183e+14	9.907515e+14	2.476361e+14	1.478137e+04	6.709351e+03	2.858286e+03	0	8.054019e-04
1.640000e+09	1.305404e+13	0.000000e+00	5.319148e-01	5.341951e+14	9.839985e+14	2.466836e+14	1.476147e+04	6.704952e+03	2.856412e+03	0	7.971425e-04
1.650000e+09	1.265006e+13	0.000000e+00	5.319148e-01	5.299317e+14	9.773307e+14	2.457371e+14	1.474174e+04	6.700584e+03	2.854551e+03	0	7.888332e-04
1.660000e+09	1.225197e+13	0.000000e+00	5.319148e-01	5.257268e+14	9.707467e+14	2.447965e+14	1.472216e+04	6.696248e+03	2.852704e+03	0	7.804702e-04
1.670000e+09	1.185966e+13	0.000000e+00	5.319148e-01	5.215792e+14	9.642448e+14	2.438619e+14	1.470273e+04	6.691942e+03	2.850869e+03	0	7.720494e-04
1.680000e+09	1.147301e+13	0.000000e+00	5.319148e-01	5.174880e+14	9.578236e+14	2.429331e+14	1.468346e+04	6.687667e+03	2.849048e+03	0	7.635664e-04
1.690000e+09	1.109192e+13	0.000000e+00	5.319148e-01	5.134519e+14	9.514816e+14	2.420101e+14	1.466434e+04	6.683421e+03	2.847239e+03	0	7.550166e-04
1.700000e+09	1.071626e+13	0.000000e+00	5.319148e-01	5.094700e+14	9.452174e+14	2.410929e+14	1.464537e+04	6.679205e+03	2.845443e+03	0	7.463951e-04
1.710000e+09	1.034595e+13	0.000000e+00	5.319148e-01	5.055413e+14	9.390296e+14	2.401814e+14	1.462654e+04	6.675018e+03	2.843659e+03	0	7.376966e-04
1.720000e+09	9.980873e+12	0.000000e+00	5.319148e-01	5.016647e+14	9.329167e+14	2.392756e+14	1.460786e+04	6.670859e+03	2.841888e+03	0	7.289155e-04
1.730000e+09	9.620932e+12	0.000000e+00	5.319148e-01	4.978393e+14	9.268776e+14	2.383755e+14	1.458932e+04	6.666729e+03	2.840128e+03	0	7.200457e-04
1.740000e+09	9.266029e+12	0.000000e+00	5.319148e-01	4.940641e+14	9.209109e+14	2.374810e+14	1.457093e+04	6.662628e+03	2.838381e+03	0	7.110807e-04
1.750000e+09	8.916069e+12	0.000000e+00	5.319148e-01	4.903382e+14	9.150152e+14	2.365920e+14	1.455267e+04	6.658553e+03	2.836645e+03	0	7.020135e-04
1.760000e+09	8.570958e+12	0.000000e+00	5.319148e-01	4.866606e+14	9.091895e+14	2.357085e+14	1.453455e+04	6.654506e+03	2.834921e+03	0	6.928366e-04
1.770000e+09	8.230606e+12	0.000000e+00	5.319148e-01	4.830306e+14	9.034324e+14	2.348305e+14	1.451657e+04	6.650487e+03	2.833209e+03	0	6.835416e-04
1.780000e+09	7.894924e+12	0.000000e+00	5.319148e-01	4.794472e+14	8.977428e+14	2.339580e+14	1.449871e+04	6.646493e+03	2.831507e+03	0	6.741196e-04
1.790000e+09	7.563825e+12	0.000000e+00	5.319148e-01	4.759096e+14	8.921195e+14	2.330908e+14	1.448100e+04	6.642526e+03	2.829818e+03	0	6.645610e-04
1.800000e+09	7.237225e+12	0.000000e+00	5.319148e-01	4.724170e+14	8.865614e+14	2.322291e+14	1.446341e+04	6.638585e+03	2.828139e+03	0	6.548548e-04
1.810000e+09	6.915041e+12	0.000000e+00	5.319148e-01	4.689685e+14	8.810674e+14	2.313726e+14	1.444595e+04	6.634670e+03	2.826471e+03	0	6.449894e-04
1.820000e+09	6.597192e+12	0.000000e+00	5.319148e-01	4.655635e+14	8.756364e+14	2.305214e+14	1.442862e+04	6.630780e+03	2.824814e+03	0	6.349517e-04
1.830000e+09	6.283600e+12	0.000000e+00	5.319148e-01	4.622010e+14	8.702673e+14	2.296754e+14	1.441141e+04	6.626916e+03	2.823167e+03	0	6.247274e-04
1.840000e+09	5.974188e+12	0.000000e+00	5.319148e-01	4.588804e+14	8.649591e+14	2.288347e+14	1.439433e+04	6.623076e+03	2.821531e+03	0	6.143002e-04
1.850000e+09	5.668880e+12	0.000000e+00	5.319148e-01	4.556009e+14	8.597109e+14	2.279991e+14	1.437736e+04	6.619260e+03	2.819906e+03	0	6.036522e-04
1.860000e+09	5.367603e+12	0.000000e+00	5.319148e-01	4.523618e+14	8.545216e+14	2.271686e+14	1.436053e+04	6.615469e+03	2.818291e+03	0	5.927631e-04
1.870000e+09	5.070286e+12	0.000000e+00	5.319148e-01	4.491624e+14	8.493902e+14	2.263432e+14	1.434381e+04	6.611702e+03	2.816686e+03	0	5.816099e-04
1.880000e+09	4.776857e+12	0.000000e+00	5.319148e-01	4.460020e+14	8.443158e+14	2.255229e+14	1.432720e+04	6.607958e+03	2.815091e+03	0	5.701666e-04
1.890000e+09	4.487248e+12	0.000000e+00	5.319148e-01	4.428800e+14	8.392975e+14	2.247076e+14	1.431072e+04	6.604238e+03	2.813506e+03	0	5.584029e-04
1.900000e+09	4.201392e+12	0.000000e+00	5.319148e-01	4.397957e+14	8.343344e+14	2.238972e+14	1.429435e+04	6.600541e+03	2.811931e+03	0	5.462843e-04
1.910000e+09	3.919224e+12	0.000000e+00	5.319148e-01	4.367485e+14	8.294255e+14	2.230918e+14	1.427809e+04	6.596866e+03	2.810366e+03	0	5.337703e-04
1.920000e+09	3.640680e+12	0.000000e+00	5.319148e-01	4.337376e+14	8.245701e+14	2.222913e+14	1.426195e+04	6.593214e+03	2.808810e+03	0	5.208130e-04
1.930000e+09	3.365696e+12	0.000000e+00	5.319148e-01	4.307626e+14	8.197672e+14	2.214956e+14	1.424591e+04	6.589585e+03	2.807264e+03	0	5.073558e-04
1.940000e+09	3.094211e+12	0.000000e+00	5.319148e-01	4.278228e+14	8.150160e+14	2.207048e+14	1.422999e+04	6.585977e+03	2.805727e+03	0	4.933301e-04
1.950000e+09	2.826166e+12	0.000000e+00	5.319148e-01	4.249176e+14	8.103158e+14	2.199188e+14	1.421417e+04	6.582392e+03	2.804199e+03	0	4.786524e-04
1.960000e+09	2.561501e+12	0.000000e+00	5.319148e-01	4.220464e+14	8.056656e+14	2.191375e+14	1.419846e+04	6.578828e+03	2.802681e+03	0	4.632185e-04
1.970000e+09	2.300160e+12	0.000000e+00	5.319148e-01	4.192088e+14	8.010648e+14	2.183610e+14	1.418286e+04	6.575285e+03	2.801172e+03	0	4.468966e-04
1.980000e+09	2.042085e+12	0.000000e+00	5.319148e-01	4.164041e+14	7.965126e+14	2.175891e+14	1.416737e+04	6.571763e+03	2.799671e+03	0	4.295156e-04
1.990000e+09	1.787223e+12	0.000000e+00	5.319148e-01	4.136317e+14	7.920082e+14	2.168219e+14	1.415197e+04	6.568263e+03	2.798180e+03	0	4.108474e-04
2.000000e+09	1.535518e+12	0.000000e+00	5.319148e-01	4.108913e+14	7.875509e+14	2.160593e+14	1.413668e+04	6.564782e+03	2.796697e+03	0	3.905764e-04
2.010000e+09	1.286919e+12	0.000000e+00	5.319148e-01	4.081822e+14	7.831400e+14	2.153013e+14	1.412149e+04	6.561323e+03	2.795223e+03	0	3.682461e-04
2.020000e+09	1.041375e+12	0.000000e+00	5.319148e-01	4.055039e+14	7.787747e+14	2.145478e+14	1.410640e+04	6.557883e+03	2.793758e+03	0	3.431547e-04
2.030000e+09	7.988332e+11	0.000000e+00	5.319148e-01	4.028560e+14	7.744544e+14	2.137989e+14	1.409141e+04	6.554464e+03	2.792301e+03	0	3.141278e-04
2.040000e+09	5.592458e+11	0.000000e+00	5.319148e-01	4.002380e+14	7.701783e+14	2.130545e+14	1.407651e+04	6.551064e+03	2.790853e+03	0	2.789257e-04
2.050000e+09	3.225642e+11	0.000000e+00	5.319148e-01	3.976494e+14	7.659459e+14	2.123145e+14	1.406171e+04	6.547683e+03	2.789413e+03	0	2.321808e-04
2.060000e+09	8.874083e+10	0.000000e+00	5.319148e-01	3.950897e+14	7.617565e+14	2.115789e+14	1.404701e+04	6.544322e+03	2.787981e+03	0	1.510065e-04
2.070000e+09	-1.422706e+11	0.000000e+00	5.319148e-01	3.925584e+14	7.576095e+14	2.108477e+14	1.403240e+04	6.540981e+03	2.786557e+03	0	nan
