#R=2.0586338411013694
#interptype='linear'
#name='planet'
#norm={'P': 1000000000000.0, 'R': 2.0586338411013694, 'M': 6.7999999999999998, 'g': 15.772438785507708, 'rho': 1000.0}
#state=1
#composition
#layer0		Fe08FeS02		0.200000
#layer1		pv_fmw		0.800000
#layer2		ice_VII		0.300000
#Cols=
 #'ur		r		mr		rho		P		g		phi		T		composition'
#-end-
0.000000e+00	0.000000e+00	6.660415e-11	1.942181e+04	1.890961e+12	0.000000e+00	-4.395278e+08	5.000000e+03	0
5.025126e-03	1.034489e-02	3.893234e-06	1.942330e+04	1.891434e+12	-7.787907e-02	-4.395158e+08	5.000000e+03	0
1.005025e-02	2.068979e-02	3.108680e-05	1.942299e+04	1.891334e+12	2.618586e-01	-4.394804e+08	5.000000e+03	0
1.507538e-02	3.103468e-02	1.048188e-04	1.942121e+04	1.890775e+12	6.195837e-01	-4.394212e+08	5.000000e+03	0
2.010050e-02	4.137957e-02	2.483132e-04	1.941799e+04	1.889757e+12	9.784994e-01	-4.393388e+08	5.000000e+03	0
2.512563e-02	5.172447e-02	4.847691e-04	1.941332e+04	1.888283e+12	1.337506e+00	-4.392327e+08	5.000000e+03	0
3.015075e-02	6.206936e-02	8.373508e-04	1.940719e+04	1.886353e+12	1.696385e+00	-4.391033e+08	5.000000e+03	0
3.517588e-02	7.241426e-02	1.329177e-03	1.939962e+04	1.883966e+12	2.055048e+00	-4.389502e+08	5.000000e+03	0
4.020101e-02	8.275915e-02	1.983311e-03	1.939060e+04	1.881125e+12	2.413434e+00	-4.387740e+08	5.000000e+03	0
4.522613e-02	9.310404e-02	2.822749e-03	1.938012e+04	1.877830e+12	2.771490e+00	-4.385734e+08	5.000000e+03	0
5.025126e-02	1.034489e-01	3.870412e-03	1.936820e+04	1.874082e+12	3.129167e+00	-4.383499e+08	5.000000e+03	0
5.527638e-02	1.137938e-01	5.149132e-03	1.935483e+04	1.869882e+12	3.486415e+00	-4.381029e+08	5.000000e+03	0
6.030151e-02	1.241387e-01	6.681645e-03	1.934001e+04	1.865233e+12	3.843187e+00	-4.378326e+08	5.000000e+03	0
6.532663e-02	1.344836e-01	8.490579e-03	1.932374e+04	1.860136e+12	4.199434e+00	-4.375388e+08	5.000000e+03	0
7.035176e-02	1.448285e-01	1.059844e-02	1.930602e+04	1.854592e+12	4.555109e+00	-4.372217e+08	5.000000e+03	0
7.537688e-02	1.551734e-01	1.302762e-02	1.928685e+04	1.848604e+12	4.910163e+00	-4.368813e+08	5.000000e+03	0
8.040201e-02	1.655183e-01	1.580035e-02	1.926623e+04	1.842174e+12	5.264548e+00	-4.365170e+08	5.000000e+03	0
8.542714e-02	1.758632e-01	1.893873e-02	1.924417e+04	1.835304e+12	5.618217e+00	-4.361306e+08	5.000000e+03	0
9.045226e-02	1.862081e-01	2.246468e-02	1.922066e+04	1.827997e+12	5.971122e+00	-4.357206e+08	5.000000e+03	0
9.547739e-02	1.965530e-01	2.639998e-02	1.919570e+04	1.820255e+12	6.323215e+00	-4.352876e+08	5.000000e+03	0
1.005025e-01	2.068979e-01	3.076620e-02	1.916929e+04	1.812081e+12	6.674447e+00	-4.348313e+08	5.000000e+03	0
1.055276e-01	2.172428e-01	3.558473e-02	1.914144e+04	1.803478e+12	7.024772e+00	-4.343516e+08	5.000000e+03	0
1.105528e-01	2.275877e-01	4.087677e-02	1.911213e+04	1.794449e+12	7.374142e+00	-4.338498e+08	5.000000e+03	0
1.155779e-01	2.379326e-01	4.666330e-02	1.908138e+04	1.784997e+12	7.722508e+00	-4.333253e+08	5.000000e+03	0
1.206030e-01	2.482774e-01	5.296506e-02	1.904919e+04	1.775126e+12	8.069822e+00	-4.327781e+08	5.000000e+03	0
1.256281e-01	2.586223e-01	5.980258e-02	1.901555e+04	1.764840e+12	8.416037e+00	-4.322104e+08	5.000000e+03	0
1.306533e-01	2.689672e-01	6.719615e-02	1.898046e+04	1.754141e+12	8.761106e+00	-4.316146e+08	5.000000e+03	0
1.356784e-01	2.793121e-01	7.516580e-02	1.894392e+04	1.743034e+12	9.104979e+00	-4.309974e+08	5.000000e+03	0
1.407035e-01	2.896570e-01	8.373128e-02	1.890594e+04	1.731524e+12	9.447610e+00	-4.303587e+08	5.000000e+03	0
1.457286e-01	3.000019e-01	9.291208e-02	1.886651e+04	1.719613e+12	9.788951e+00	-4.297303e+08	5.000000e+03	0
1.507538e-01	3.103468e-01	1.027274e-01	1.882564e+04	1.707307e+12	1.012895e+01	-4.290180e+08	5.000000e+03	0
1.557789e-01	3.206917e-01	1.131962e-01	1.878332e+04	1.694609e+12	1.046757e+01	-4.283105e+08	5.000000e+03	0
1.608040e-01	3.310366e-01	1.243370e-01	1.873955e+04	1.681525e+12	1.080475e+01	-4.275870e+08	5.000000e+03	0
1.658291e-01	3.413815e-01	1.361682e-01	1.869434e+04	1.668059e+12	1.114045e+01	-4.268334e+08	5.000000e+03	0
1.708543e-01	3.517264e-01	1.487077e-01	1.864768e+04	1.654216e+12	1.147462e+01	-4.260618e+08	5.000000e+03	0
1.758794e-01	3.620713e-01	1.619731e-01	1.859958e+04	1.640001e+12	1.180721e+01	-4.252686e+08	5.000000e+03	0
1.809045e-01	3.724162e-01	1.759818e-01	1.855002e+04	1.625419e+12	1.213818e+01	-4.244535e+08	5.000000e+03	0
1.859296e-01	3.827611e-01	1.907506e-01	1.849902e+04	1.610476e+12	1.246748e+01	-4.236168e+08	5.000000e+03	0
1.909548e-01	3.931060e-01	2.062960e-01	1.844658e+04	1.595176e+12	1.279505e+01	-4.227586e+08	5.000000e+03	0
1.959799e-01	4.034509e-01	2.226344e-01	1.839268e+04	1.579526e+12	1.312085e+01	-4.218788e+08	5.000000e+03	0
2.010050e-01	4.137957e-01	2.397814e-01	1.833734e+04	1.563532e+12	1.344484e+01	-4.209782e+08	5.000000e+03	0
2.060302e-01	4.241406e-01	2.577525e-01	1.828055e+04	1.547198e+12	1.376696e+01	-4.200563e+08	5.000000e+03	0
2.110553e-01	4.344855e-01	2.765626e-01	1.822231e+04	1.530531e+12	1.408717e+01	-4.191128e+08	5.000000e+03	0
2.160804e-01	4.448304e-01	2.962264e-01	1.816262e+04	1.513538e+12	1.440542e+01	-4.181489e+08	5.000000e+03	0
2.211055e-01	4.551753e-01	3.167578e-01	1.810148e+04	1.496223e+12	1.472166e+01	-4.171643e+08	5.000000e+03	0
2.261307e-01	4.655202e-01	3.381707e-01	1.803888e+04	1.478594e+12	1.503584e+01	-4.161587e+08	5.000000e+03	0
2.311558e-01	4.758651e-01	3.604782e-01	1.797483e+04	1.460658e+12	1.534792e+01	-4.151329e+08	5.000000e+03	0
2.361809e-01	4.862100e-01	3.836931e-01	1.790933e+04	1.442419e+12	1.565785e+01	-4.140862e+08	5.000000e+03	0
2.412060e-01	4.965549e-01	4.078278e-01	1.784237e+04	1.423887e+12	1.596557e+01	-4.130199e+08	5.000000e+03	0
2.462312e-01	5.068998e-01	4.328940e-01	1.777396e+04	1.405066e+12	1.627104e+01	-4.119333e+08	5.000000e+03	0
2.512563e-01	5.172447e-01	4.589030e-01	1.770408e+04	1.385965e+12	1.657421e+01	-4.108263e+08	5.000000e+03	0
2.562814e-01	5.275896e-01	4.858656e-01	1.763274e+04	1.366589e+12	1.687504e+01	-4.097004e+08	5.000000e+03	0
2.613065e-01	5.379345e-01	5.137922e-01	1.755994e+04	1.346947e+12	1.717347e+01	-4.085544e+08	5.000000e+03	0
2.663317e-01	5.482794e-01	5.426925e-01	1.748568e+04	1.327046e+12	1.746946e+01	-4.073886e+08	5.000000e+03	0
2.713568e-01	5.586243e-01	5.725757e-01	1.740994e+04	1.306893e+12	1.776295e+01	-4.062042e+08	5.000000e+03	0
2.763819e-01	5.689692e-01	6.034505e-01	1.733274e+04	1.286495e+12	1.805390e+01	-4.050002e+08	5.000000e+03	0
2.814070e-01	5.793140e-01	6.353249e-01	1.725406e+04	1.265860e+12	1.834227e+01	-4.037654e+08	5.000000e+03	0
2.864322e-01	5.896589e-01	6.682065e-01	1.717390e+04	1.244996e+12	1.862799e+01	-4.025360e+08	5.000000e+03	0
2.914573e-01	6.000038e-01	7.021023e-01	1.709227e+04	1.223910e+12	1.891102e+01	-4.012758e+08	5.000000e+03	0
2.964824e-01	6.103487e-01	7.370185e-01	1.700915e+04	1.202611e+12	1.919131e+01	-3.999971e+08	5.000000e+03	0
3.015075e-01	6.206936e-01	7.729608e-01	1.692454e+04	1.181107e+12	1.946881e+01	-3.986997e+08	5.000000e+03	0
3.065327e-01	6.310385e-01	8.099345e-01	1.683844e+04	1.159405e+12	1.974348e+01	-3.973850e+08	5.000000e+03	0
3.115578e-01	6.413834e-01	8.479439e-01	1.675084e+04	1.137514e+12	2.001526e+01	-3.960523e+08	5.000000e+03	0
3.165829e-01	6.517283e-01	8.869928e-01	1.666174e+04	1.115442e+12	2.028409e+01	-3.947018e+08	5.000000e+03	0
3.216080e-01	6.620732e-01	9.270845e-01	1.657113e+04	1.093197e+12	2.054994e+01	-3.933338e+08	5.000000e+03	0
3.266332e-01	6.724181e-01	9.682212e-01	1.647900e+04	1.070789e+12	2.081275e+01	-3.919491e+08	5.000000e+03	0
3.316583e-01	6.827630e-01	1.010405e+00	1.638536e+04	1.048224e+12	2.107247e+01	-3.905459e+08	5.000000e+03	0
3.366834e-01	6.931079e-01	1.053637e+00	1.629019e+04	1.025513e+12	2.132904e+01	-3.891268e+08	5.000000e+03	0
3.417085e-01	7.034528e-01	1.097917e+00	1.619348e+04	1.002664e+12	2.158243e+01	-3.876908e+08	5.000000e+03	0
3.467337e-01	7.137977e-01	1.143245e+00	1.609523e+04	9.796851e+11	2.183256e+01	-3.862381e+08	5.000000e+03	0
3.517588e-01	7.241426e-01	1.189619e+00	1.599543e+04	9.565859e+11	2.207940e+01	-3.847696e+08	5.000000e+03	0
3.567839e-01	7.344875e-01	1.237039e+00	1.589407e+04	9.333752e+11	2.232288e+01	-3.832850e+08	5.000000e+03	0
3.618090e-01	7.448323e-01	1.285501e+00	1.579113e+04	9.100620e+11	2.256296e+01	-3.817844e+08	5.000000e+03	0
3.668342e-01	7.551772e-01	1.335002e+00	1.568662e+04	8.866555e+11	2.279958e+01	-3.802683e+08	5.000000e+03	0
3.718593e-01	7.655221e-01	1.364978e+00	9.248892e+03	8.728268e+11	2.268784e+01	-3.787407e+08	5.000000e+03	0
3.768844e-01	7.758670e-01	1.395612e+00	9.199793e+03	8.591364e+11	2.258469e+01	-3.772172e+08	5.000000e+03	1
3.819095e-01	7.862119e-01	1.426907e+00	9.150827e+03	8.455784e+11	2.248961e+01	-3.757000e+08	5.000000e+03	1
3.869347e-01	7.965568e-01	1.458865e+00	9.101977e+03	8.321473e+11	2.240213e+01	-3.741861e+08	5.000000e+03	1
3.919598e-01	8.069017e-01	1.491489e+00	9.053226e+03	8.188379e+11	2.232181e+01	-3.726855e+08	5.000000e+03	1
3.969849e-01	8.172466e-01	1.524780e+00	9.004558e+03	8.056454e+11	2.224820e+01	-3.711867e+08	5.000000e+03	1
4.020101e-01	8.275915e-01	1.558741e+00	8.955957e+03	7.925655e+11	2.218092e+01	-3.696928e+08	5.000000e+03	1
4.070352e-01	8.379364e-01	1.593373e+00	8.907408e+03	7.795939e+11	2.211960e+01	-3.682042e+08	5.000000e+03	1
4.120603e-01	8.482813e-01	1.628678e+00	8.858898e+03	7.667269e+11	2.206389e+01	-3.667195e+08	5.000000e+03	1
4.170854e-01	8.586262e-01	1.664657e+00	8.810413e+03	7.539609e+11	2.201344e+01	-3.652388e+08	5.000000e+03	1
4.221106e-01	8.689711e-01	1.701312e+00	8.761940e+03	7.412925e+11	2.196796e+01	-3.637616e+08	5.000000e+03	1
4.271357e-01	8.793160e-01	1.738643e+00	8.713467e+03	7.287188e+11	2.192714e+01	-3.622877e+08	5.000000e+03	1
4.321608e-01	8.896609e-01	1.776650e+00	8.664983e+03	7.162368e+11	2.189071e+01	-3.608167e+08	5.000000e+03	1
4.371859e-01	9.000057e-01	1.815334e+00	8.616475e+03	7.038439e+11	2.185841e+01	-3.593484e+08	5.000000e+03	1
4.422111e-01	9.103506e-01	1.854696e+00	8.567933e+03	6.915377e+11	2.182998e+01	-3.578824e+08	5.000000e+03	1
4.472362e-01	9.206955e-01	1.894735e+00	8.519347e+03	6.793160e+11	2.180520e+01	-3.564185e+08	5.000000e+03	1
4.522613e-01	9.310404e-01	1.935451e+00	8.470707e+03	6.671766e+11	2.178384e+01	-3.549565e+08	5.000000e+03	1
4.572864e-01	9.413853e-01	1.976843e+00	8.422002e+03	6.551177e+11	2.176568e+01	-3.534961e+08	5.000000e+03	1
4.623116e-01	9.517302e-01	2.018911e+00	8.373224e+03	6.431376e+11	2.175053e+01	-3.520372e+08	5.000000e+03	1
4.673367e-01	9.620751e-01	2.061653e+00	8.324364e+03	6.312347e+11	2.173820e+01	-3.505795e+08	5.000000e+03	1
4.723618e-01	9.724200e-01	2.105069e+00	8.275413e+03	6.194074e+11	2.172850e+01	-3.491228e+08	5.000000e+03	1
4.773869e-01	9.827649e-01	2.149156e+00	8.226362e+03	6.076546e+11	2.172127e+01	-3.476671e+08	5.000000e+03	1
4.824121e-01	9.931098e-01	2.193914e+00	8.177203e+03	5.959749e+11	2.171633e+01	-3.462119e+08	5.000000e+03	1
4.874372e-01	1.003455e+00	2.239339e+00	8.127929e+03	5.843674e+11	2.171354e+01	-3.447573e+08	5.000000e+03	1
4.924623e-01	1.013800e+00	2.285430e+00	8.078530e+03	5.728311e+11	2.171275e+01	-3.433032e+08	5.000000e+03	1
4.974874e-01	1.024144e+00	2.332185e+00	8.029001e+03	5.613651e+11	2.171380e+01	-3.418493e+08	5.000000e+03	1
5.025126e-01	1.034489e+00	2.379599e+00	7.979333e+03	5.499688e+11	2.171658e+01	-3.403956e+08	5.000000e+03	1
5.075377e-01	1.044834e+00	2.427671e+00	7.929518e+03	5.386414e+11	2.172094e+01	-3.389419e+08	5.000000e+03	1
5.125628e-01	1.055179e+00	2.476397e+00	7.879551e+03	5.273824e+11	2.172677e+01	-3.374881e+08	5.000000e+03	1
5.175879e-01	1.065524e+00	2.525773e+00	7.829423e+03	5.161913e+11	2.173394e+01	-3.360341e+08	5.000000e+03	1
5.226131e-01	1.075869e+00	2.575795e+00	7.779127e+03	5.050678e+11	2.174235e+01	-3.345799e+08	5.000000e+03	1
5.276382e-01	1.086214e+00	2.626459e+00	7.728658e+03	4.940115e+11	2.175188e+01	-3.331254e+08	5.000000e+03	1
5.326633e-01	1.096559e+00	2.677761e+00	7.678008e+03	4.830222e+11	2.176243e+01	-3.316704e+08	5.000000e+03	1
5.376884e-01	1.106904e+00	2.729695e+00	7.627169e+03	4.720998e+11	2.177390e+01	-3.302149e+08	5.000000e+03	1
5.427136e-01	1.117249e+00	2.782257e+00	7.576137e+03	4.612442e+11	2.178620e+01	-3.287589e+08	5.000000e+03	1
5.477387e-01	1.127593e+00	2.835442e+00	7.524902e+03	4.504553e+11	2.179922e+01	-3.273022e+08	5.000000e+03	1
5.527638e-01	1.137938e+00	2.889243e+00	7.473460e+03	4.397332e+11	2.181289e+01	-3.258450e+08	5.000000e+03	1
5.577889e-01	1.148283e+00	2.943654e+00	7.421803e+03	4.290780e+11	2.182712e+01	-3.243870e+08	5.000000e+03	1
5.628141e-01	1.158628e+00	2.998670e+00	7.369925e+03	4.184898e+11	2.184182e+01	-3.229283e+08	5.000000e+03	1
5.678392e-01	1.168973e+00	3.054283e+00	7.317818e+03	4.079689e+11	2.185692e+01	-3.214687e+08	5.000000e+03	1
5.728643e-01	1.179318e+00	3.110486e+00	7.265475e+03	3.975155e+11	2.187234e+01	-3.200085e+08	5.000000e+03	1
5.778894e-01	1.189663e+00	3.167273e+00	7.212891e+03	3.871300e+11	2.188800e+01	-3.185474e+08	5.000000e+03	1
5.829146e-01	1.200008e+00	3.224635e+00	7.160057e+03	3.768126e+11	2.190384e+01	-3.170855e+08	5.000000e+03	1
5.879397e-01	1.210353e+00	3.282565e+00	7.106966e+03	3.665639e+11	2.191978e+01	-3.156227e+08	5.000000e+03	1
5.929648e-01	1.220697e+00	3.341054e+00	7.053611e+03	3.563842e+11	2.193576e+01	-3.141591e+08	5.000000e+03	1
5.979899e-01	1.231042e+00	3.400093e+00	6.999985e+03	3.462740e+11	2.195171e+01	-3.126946e+08	5.000000e+03	1
6.030151e-01	1.241387e+00	3.459673e+00	6.946079e+03	3.362339e+11	2.196757e+01	-3.112293e+08	5.000000e+03	1
6.080402e-01	1.251732e+00	3.519785e+00	6.891887e+03	3.262645e+11	2.198328e+01	-3.097631e+08	5.000000e+03	1
6.130653e-01	1.262077e+00	3.580419e+00	6.837399e+03	3.163664e+11	2.199877e+01	-3.082960e+08	5.000000e+03	1
6.180905e-01	1.272422e+00	3.641565e+00	6.782607e+03	3.065402e+11	2.201400e+01	-3.068282e+08	5.000000e+03	1
6.231156e-01	1.282767e+00	3.703211e+00	6.727503e+03	2.967865e+11	2.202890e+01	-3.053595e+08	5.000000e+03	1
6.281407e-01	1.293112e+00	3.765347e+00	6.672078e+03	2.871063e+11	2.204342e+01	-3.038898e+08	5.000000e+03	1
6.331658e-01	1.303457e+00	3.827962e+00	6.616322e+03	2.775001e+11	2.205750e+01	-3.024198e+08	5.000000e+03	1
6.381910e-01	1.313801e+00	3.891043e+00	6.560225e+03	2.679688e+11	2.207109e+01	-3.009488e+08	5.000000e+03	1
6.432161e-01	1.324146e+00	3.954577e+00	6.503778e+03	2.585131e+11	2.208415e+01	-2.994771e+08	5.000000e+03	1
6.482412e-01	1.334491e+00	4.018553e+00	6.446970e+03	2.491341e+11	2.209661e+01	-2.980048e+08	5.000000e+03	1
6.532663e-01	1.344836e+00	4.082957e+00	6.389790e+03	2.398324e+11	2.210843e+01	-2.965318e+08	5.000000e+03	1
6.582915e-01	1.355181e+00	4.147774e+00	6.332226e+03	2.306092e+11	2.211956e+01	-2.950582e+08	5.000000e+03	1
6.633166e-01	1.365526e+00	4.212991e+00	6.274266e+03	2.214652e+11	2.212996e+01	-2.935841e+08	5.000000e+03	1
6.683417e-01	1.375871e+00	4.278592e+00	6.215897e+03	2.124015e+11	2.213957e+01	-2.921095e+08	5.000000e+03	1
6.733668e-01	1.386216e+00	4.344563e+00	6.157105e+03	2.034191e+11	2.214834e+01	-2.906342e+08	5.000000e+03	1
6.783920e-01	1.396561e+00	4.410887e+00	6.097877e+03	1.945190e+11	2.215624e+01	-2.891590e+08	5.000000e+03	1
6.834171e-01	1.406906e+00	4.477548e+00	6.038197e+03	1.857023e+11	2.216321e+01	-2.876832e+08	5.000000e+03	1
6.884422e-01	1.417250e+00	4.544528e+00	5.978048e+03	1.769701e+11	2.216921e+01	-2.862073e+08	5.000000e+03	1
6.934673e-01	1.427595e+00	4.611810e+00	5.917415e+03	1.683236e+11	2.217420e+01	-2.847308e+08	5.000000e+03	1
6.984925e-01	1.437940e+00	4.679376e+00	5.856278e+03	1.597638e+11	2.217812e+01	-2.832544e+08	5.000000e+03	1
7.035176e-01	1.448285e+00	4.747206e+00	5.794617e+03	1.512920e+11	2.218093e+01	-2.817779e+08	5.000000e+03	1
7.085427e-01	1.458630e+00	4.776834e+00	2.503351e+03	1.476584e+11	2.200496e+01	-2.803034e+08	5.000000e+03	1
7.135678e-01	1.468975e+00	4.806763e+00	2.493213e+03	1.440679e+11	2.183311e+01	-2.788386e+08	5.000000e+03	2
7.185930e-01	1.479320e+00	4.836994e+00	2.483156e+03	1.405198e+11	2.166528e+01	-2.773854e+08	5.000000e+03	2
7.236181e-01	1.489665e+00	4.867528e+00	2.473179e+03	1.370128e+11	2.150133e+01	-2.759433e+08	5.000000e+03	2
7.286432e-01	1.500010e+00	4.898364e+00	2.463279e+03	1.335461e+11	2.134117e+01	-2.745121e+08	5.000000e+03	2
7.336683e-01	1.510354e+00	4.929504e+00	2.453454e+03	1.301188e+11	2.118469e+01	-2.730917e+08	5.000000e+03	2
7.386935e-01	1.520699e+00	4.960947e+00	2.443702e+03	1.267300e+11	2.103178e+01	-2.716817e+08	5.000000e+03	2
7.437186e-01	1.531044e+00	4.992695e+00	2.434023e+03	1.233788e+11	2.088234e+01	-2.702819e+08	5.000000e+03	2
7.487437e-01	1.541389e+00	5.024748e+00	2.424412e+03	1.200644e+11	2.073628e+01	-2.688922e+08	5.000000e+03	2
7.537688e-01	1.551734e+00	5.057105e+00	2.414871e+03	1.167859e+11	2.059351e+01	-2.675121e+08	5.000000e+03	2
7.587940e-01	1.562079e+00	5.089768e+00	2.405395e+03	1.135427e+11	2.045393e+01	-2.661417e+08	5.000000e+03	2
7.638191e-01	1.572424e+00	5.122737e+00	2.395985e+03	1.103339e+11	2.031746e+01	-2.647806e+08	5.000000e+03	2
7.688442e-01	1.582769e+00	5.156012e+00	2.386637e+03	1.071588e+11	2.018401e+01	-2.634286e+08	5.000000e+03	2
7.738693e-01	1.593114e+00	5.189593e+00	2.377352e+03	1.040166e+11	2.005350e+01	-2.620855e+08	5.000000e+03	2
7.788945e-01	1.603459e+00	5.223481e+00	2.368126e+03	1.009068e+11	1.992585e+01	-2.607512e+08	5.000000e+03	2
7.839196e-01	1.613803e+00	5.257676e+00	2.358960e+03	9.782855e+10	1.980099e+01	-2.594254e+08	5.000000e+03	2
7.889447e-01	1.624148e+00	5.292179e+00	2.349850e+03	9.478129e+10	1.967885e+01	-2.581080e+08	5.000000e+03	2
7.939698e-01	1.634493e+00	5.326989e+00	2.340797e+03	9.176436e+10	1.955934e+01	-2.567988e+08	5.000000e+03	2
7.989950e-01	1.644838e+00	5.362107e+00	2.331798e+03	8.877714e+10	1.944240e+01	-2.554974e+08	5.000000e+03	2
8.040201e-01	1.655183e+00	5.397532e+00	2.322853e+03	8.581905e+10	1.932797e+01	-2.542041e+08	5.000000e+03	2
8.090452e-01	1.665528e+00	5.433266e+00	2.313960e+03	8.288951e+10	1.921598e+01	-2.529183e+08	5.000000e+03	2
8.140704e-01	1.675873e+00	5.469309e+00	2.305117e+03	7.998795e+10	1.910636e+01	-2.516400e+08	5.000000e+03	2
8.190955e-01	1.686218e+00	5.505659e+00	2.296324e+03	7.711383e+10	1.899905e+01	-2.503691e+08	5.000000e+03	2
8.241206e-01	1.696563e+00	5.542318e+00	2.287580e+03	7.426662e+10	1.889400e+01	-2.491054e+08	5.000000e+03	2
8.291457e-01	1.706907e+00	5.579286e+00	2.278882e+03	7.144581e+10	1.879115e+01	-2.478487e+08	5.000000e+03	2
8.341709e-01	1.717252e+00	5.616562e+00	2.270231e+03	6.865089e+10	1.869043e+01	-2.465989e+08	5.000000e+03	2
8.391960e-01	1.727597e+00	5.654027e+00	2.247160e+03	6.589024e+10	1.859141e+01	-2.453559e+08	5.000000e+03	2
8.442211e-01	1.737942e+00	5.691557e+00	2.224201e+03	6.317214e+10	1.849364e+01	-2.441194e+08	5.000000e+03	2
8.492462e-01	1.748287e+00	5.729147e+00	2.201349e+03	6.049599e+10	1.839707e+01	-2.428898e+08	5.000000e+03	2
8.542714e-01	1.758632e+00	5.766792e+00	2.178601e+03	5.786120e+10	1.830168e+01	-2.416665e+08	5.000000e+03	2
8.592965e-01	1.768977e+00	5.804489e+00	2.155952e+03	5.526718e+10	1.820743e+01	-2.404500e+08	5.000000e+03	2
8.643216e-01	1.779322e+00	5.842231e+00	2.133398e+03	5.271339e+10	1.811428e+01	-2.392391e+08	5.000000e+03	2
8.693467e-01	1.789667e+00	5.880013e+00	2.110934e+03	5.019930e+10	1.802220e+01	-2.380347e+08	5.000000e+03	2
8.743719e-01	1.800011e+00	5.917832e+00	2.088556e+03	4.772437e+10	1.793115e+01	-2.368370e+08	5.000000e+03	2
8.793970e-01	1.810356e+00	5.955680e+00	2.066261e+03	4.528810e+10	1.784110e+01	-2.356452e+08	5.000000e+03	2
8.844221e-01	1.820701e+00	5.993554e+00	2.044042e+03	4.289000e+10	1.775201e+01	-2.344656e+08	5.000000e+03	2
8.894472e-01	1.831046e+00	6.031446e+00	2.021896e+03	4.052960e+10	1.766386e+01	-2.332812e+08	5.000000e+03	2
8.944724e-01	1.841391e+00	6.069353e+00	1.999818e+03	3.820643e+10	1.757662e+01	-2.321056e+08	5.000000e+03	2
8.994975e-01	1.851736e+00	6.107267e+00	1.977804e+03	3.592005e+10	1.749026e+01	-2.309376e+08	5.000000e+03	2
9.045226e-01	1.862081e+00	6.145184e+00	1.955848e+03	3.367003e+10	1.740473e+01	-2.297755e+08	5.000000e+03	2
9.095477e-01	1.872426e+00	6.183097e+00	1.933945e+03	3.145595e+10	1.732003e+01	-2.286190e+08	5.000000e+03	2
9.145729e-01	1.882771e+00	6.221000e+00	1.912091e+03	2.927740e+10	1.723611e+01	-2.274683e+08	5.000000e+03	2
9.195980e-01	1.893116e+00	6.258886e+00	1.890280e+03	2.713400e+10	1.715295e+01	-2.263233e+08	5.000000e+03	2
9.246231e-01	1.903460e+00	6.296750e+00	1.868506e+03	2.502537e+10	1.707053e+01	-2.251838e+08	5.000000e+03	2
9.296482e-01	1.913805e+00	6.334585e+00	1.846764e+03	2.295115e+10	1.698881e+01	-2.240499e+08	5.000000e+03	2
9.346734e-01	1.924150e+00	6.372383e+00	1.825049e+03	2.091098e+10	1.690777e+01	-2.229215e+08	5.000000e+03	2
9.396985e-01	1.934495e+00	6.410139e+00	1.803353e+03	1.890454e+10	1.682739e+01	-2.217986e+08	5.000000e+03	2
9.447236e-01	1.944840e+00	6.447844e+00	1.781670e+03	1.693149e+10	1.674763e+01	-2.206811e+08	5.000000e+03	2
9.497487e-01	1.955185e+00	6.485491e+00	1.759994e+03	1.499154e+10	1.666848e+01	-2.195690e+08	5.000000e+03	2
9.547739e-01	1.965530e+00	6.523074e+00	1.738317e+03	1.308437e+10	1.658990e+01	-2.184622e+08	5.000000e+03	2
9.597990e-01	1.975875e+00	6.559992e+00	1.662116e+03	1.123921e+10	1.651039e+01	-2.173607e+08	5.000000e+03	2
9.648241e-01	1.986220e+00	6.595613e+00	1.584521e+03	9.486056e+09	1.642840e+01	-2.162647e+08	5.000000e+03	2
9.698492e-01	1.996564e+00	6.629865e+00	1.504983e+03	7.826114e+09	1.634386e+01	-2.151743e+08	5.000000e+03	2
9.748744e-01	2.006909e+00	6.662664e+00	1.422701e+03	6.261257e+09	1.625665e+01	-2.140897e+08	5.000000e+03	2
9.798995e-01	2.017254e+00	6.693898e+00	1.336430e+03	4.794347e+09	1.616659e+01	-2.130111e+08	5.000000e+03	2
9.849246e-01	2.027599e+00	6.723416e+00	1.244032e+03	3.429889e+09	1.607342e+01	-2.119386e+08	5.000000e+03	2
9.899497e-01	2.037944e+00	6.750994e+00	1.141197e+03	2.175467e+09	1.597672e+01	-2.108726e+08	5.000000e+03	2
9.949749e-01	2.048289e+00	6.776235e+00	1.016022e+03	1.045922e+09	1.587568e+01	-2.098132e+08	5.000000e+03	2
1.000000e+00	2.058634e+00	6.800000e+00	1.000000e+03	-2.384186e-07	1.577244e+01	-2.087608e+08	3.000000e+02	2
