#t		Qconv[W]	Ri[Rp]		R*[Rp]		Qc[W]		Qm[W]		Qr[W]		Tcmb[K]		Tl[K]		Tup[K]		RiFlag		Bs[T]
0.000000e+00	1.205583e+14	0.000000e+00	6.228072e-01	1.513211e+15	4.056396e+13	2.312964e+14	1.642045e+04	4.158069e+03	2.828556e+03	0	1.594006e-03
1.000000e+07	1.189183e+14	0.000000e+00	6.228072e-01	1.494083e+15	4.585429e+13	2.300148e+14	1.633793e+04	4.227217e+03	2.875594e+03	0	1.586745e-03
2.000000e+07	1.172880e+14	0.000000e+00	6.228072e-01	1.475074e+15	5.157407e+13	2.287428e+14	1.625645e+04	4.295311e+03	2.921916e+03	0	1.579460e-03
3.000000e+07	1.156677e+14	0.000000e+00	6.228072e-01	1.456185e+15	5.773075e+13	2.274804e+14	1.617600e+04	4.362340e+03	2.967512e+03	0	1.572153e-03
4.000000e+07	1.140574e+14	0.000000e+00	6.228072e-01	1.437420e+15	6.432961e+13	2.262274e+14	1.609657e+04	4.428290e+03	3.012375e+03	0	1.564823e-03
5.000000e+07	1.124574e+14	0.000000e+00	6.228072e-01	1.418780e+15	7.137369e+13	2.249837e+14	1.601815e+04	4.493148e+03	3.056496e+03	0	1.557471e-03
6.000000e+07	1.108679e+14	0.000000e+00	6.228072e-01	1.400267e+15	7.886375e+13	2.237492e+14	1.594074e+04	4.556904e+03	3.099866e+03	0	1.550099e-03
7.000000e+07	1.092891e+14	0.000000e+00	6.228072e-01	1.381885e+15	8.679820e+13	2.225240e+14	1.586434e+04	4.619543e+03	3.142476e+03	0	1.542706e-03
8.000000e+07	1.077213e+14	0.000000e+00	6.228072e-01	1.363635e+15	9.517305e+13	2.213079e+14	1.578893e+04	4.681053e+03	3.184319e+03	0	1.535293e-03
9.000000e+07	1.061648e+14	0.000000e+00	6.228072e-01	1.345520e+15	1.039820e+14	2.201008e+14	1.571451e+04	4.741423e+03	3.225386e+03	0	1.527862e-03
1.000000e+08	1.046197e+14	0.000000e+00	6.228072e-01	1.327543e+15	1.132165e+14	2.189027e+14	1.564107e+04	4.800640e+03	3.265669e+03	0	1.520414e-03
1.100000e+08	1.030863e+14	0.000000e+00	6.228072e-01	1.309707e+15	1.228654e+14	2.177135e+14	1.556860e+04	4.858695e+03	3.305161e+03	0	1.512949e-03
1.200000e+08	1.015649e+14	0.000000e+00	6.228072e-01	1.292015e+15	1.329157e+14	2.165331e+14	1.549710e+04	4.915575e+03	3.343855e+03	0	1.505470e-03
1.300000e+08	1.000558e+14	0.000000e+00	6.228072e-01	1.274469e+15	1.433520e+14	2.153614e+14	1.542655e+04	4.971272e+03	3.381743e+03	0	1.497976e-03
1.400000e+08	9.855929e+13	0.000000e+00	6.228072e-01	1.257073e+15	1.541570e+14	2.141984e+14	1.535696e+04	5.025776e+03	3.418819e+03	0	1.490470e-03
1.500000e+08	9.707562e+13	0.000000e+00	6.228072e-01	1.239831e+15	1.653113e+14	2.130440e+14	1.528832e+04	5.079079e+03	3.455079e+03	0	1.482953e-03
1.600000e+08	9.560510e+13	0.000000e+00	6.228072e-01	1.222744e+15	1.767939e+14	2.118982e+14	1.522060e+04	5.131174e+03	3.490517e+03	0	1.475427e-03
1.700000e+08	9.414803e+13	0.000000e+00	6.228072e-01	1.205817e+15	1.885819e+14	2.107608e+14	1.515381e+04	5.182054e+03	3.525129e+03	0	1.467893e-03
1.800000e+08	9.270470e+13	0.000000e+00	6.228072e-01	1.189052e+15	2.006513e+14	2.096317e+14	1.508795e+04	5.231716e+03	3.558912e+03	0	1.460354e-03
1.900000e+08	9.127543e+13	0.000000e+00	6.228072e-01	1.172454e+15	2.129765e+14	2.085110e+14	1.502299e+04	5.280154e+03	3.591862e+03	0	1.452810e-03
2.000000e+08	8.986049e+13	0.000000e+00	6.228072e-01	1.156025e+15	2.255308e+14	2.073986e+14	1.495893e+04	5.327366e+03	3.623978e+03	0	1.445263e-03
2.100000e+08	8.846018e+13	0.000000e+00	6.228072e-01	1.139767e+15	2.382867e+14	2.062943e+14	1.489576e+04	5.373350e+03	3.655259e+03	0	1.437717e-03
2.200000e+08	8.707478e+13	0.000000e+00	6.228072e-01	1.123686e+15	2.512158e+14	2.051981e+14	1.483348e+04	5.418107e+03	3.685705e+03	0	1.430172e-03
2.300000e+08	8.570458e+13	0.000000e+00	6.228072e-01	1.107782e+15	2.642892e+14	2.041100e+14	1.477207e+04	5.461636e+03	3.715316e+03	0	1.422631e-03
2.400000e+08	8.434984e+13	0.000000e+00	6.228072e-01	1.092060e+15	2.774777e+14	2.030298e+14	1.471152e+04	5.503941e+03	3.744095e+03	0	1.415095e-03
2.500000e+08	8.301082e+13	0.000000e+00	6.228072e-01	1.076521e+15	2.907518e+14	2.019576e+14	1.465183e+04	5.545024e+03	3.772042e+03	0	1.407567e-03
2.600000e+08	8.168777e+13	0.000000e+00	6.228072e-01	1.061170e+15	3.040821e+14	2.008932e+14	1.459298e+04	5.584892e+03	3.799162e+03	0	1.400049e-03
2.700000e+08	8.038090e+13	0.000000e+00	6.228072e-01	1.046007e+15	3.174395e+14	1.998366e+14	1.453496e+04	5.623550e+03	3.825459e+03	0	1.392542e-03
2.800000e+08	7.909045e+13	0.000000e+00	6.228072e-01	1.031036e+15	3.307951e+14	1.987877e+14	1.447777e+04	5.661005e+03	3.850939e+03	0	1.385050e-03
2.900000e+08	7.781661e+13	0.000000e+00	6.228072e-01	1.016258e+15	3.441204e+14	1.977464e+14	1.442139e+04	5.697266e+03	3.875606e+03	0	1.377574e-03
3.000000e+08	7.655956e+13	0.000000e+00	6.228072e-01	1.001676e+15	3.573879e+14	1.967128e+14	1.436582e+04	5.732344e+03	3.899468e+03	0	1.370116e-03
3.100000e+08	7.531948e+13	0.000000e+00	6.228072e-01	9.872910e+14	3.705707e+14	1.956867e+14	1.431103e+04	5.766250e+03	3.922532e+03	0	1.362678e-03
3.200000e+08	7.409649e+13	0.000000e+00	6.228072e-01	9.731046e+14	3.836429e+14	1.946680e+14	1.425703e+04	5.798995e+03	3.944807e+03	0	1.355262e-03
3.300000e+08	7.289074e+13	0.000000e+00	6.228072e-01	9.591182e+14	3.965796e+14	1.936568e+14	1.420380e+04	5.830593e+03	3.966302e+03	0	1.347871e-03
3.400000e+08	7.170233e+13	0.000000e+00	6.228072e-01	9.453330e+14	4.093571e+14	1.926529e+14	1.415134e+04	5.861058e+03	3.987026e+03	0	1.340505e-03
3.500000e+08	7.053135e+13	0.000000e+00	6.228072e-01	9.317496e+14	4.219530e+14	1.916562e+14	1.409962e+04	5.890407e+03	4.006991e+03	0	1.333168e-03
3.600000e+08	6.937787e+13	0.000000e+00	6.228072e-01	9.183689e+14	4.343462e+14	1.906668e+14	1.404864e+04	5.918655e+03	4.026207e+03	0	1.325860e-03
3.700000e+08	6.824193e+13	0.000000e+00	6.228072e-01	9.051913e+14	4.465167e+14	1.896846e+14	1.399839e+04	5.945819e+03	4.044686e+03	0	1.318584e-03
3.800000e+08	6.712356e+13	0.000000e+00	6.228072e-01	8.922168e+14	4.584464e+14	1.887095e+14	1.394885e+04	5.971918e+03	4.062440e+03	0	1.311341e-03
3.900000e+08	6.602277e+13	0.000000e+00	6.228072e-01	8.794456e+14	4.701182e+14	1.877414e+14	1.390003e+04	5.996970e+03	4.079481e+03	0	1.304133e-03
4.000000e+08	6.493956e+13	0.000000e+00	6.228072e-01	8.668773e+14	4.815165e+14	1.867803e+14	1.385189e+04	6.020995e+03	4.095824e+03	0	1.296962e-03
4.100000e+08	6.387388e+13	0.000000e+00	6.228072e-01	8.545116e+14	4.926276e+14	1.858262e+14	1.380444e+04	6.044012e+03	4.111482e+03	0	1.289828e-03
4.200000e+08	6.282570e+13	0.000000e+00	6.228072e-01	8.423478e+14	5.034386e+14	1.848789e+14	1.375767e+04	6.066041e+03	4.126467e+03	0	1.282734e-03
4.300000e+08	6.179495e+13	0.000000e+00	6.228072e-01	8.303850e+14	5.139387e+14	1.839385e+14	1.371156e+04	6.087105e+03	4.140796e+03	0	1.275680e-03
4.400000e+08	6.078154e+13	0.000000e+00	6.228072e-01	8.186223e+14	5.241180e+14	1.830048e+14	1.366609e+04	6.107223e+03	4.154482e+03	0	1.268668e-03
4.500000e+08	5.978539e+13	0.000000e+00	6.228072e-01	8.070584e+14	5.339683e+14	1.820778e+14	1.362127e+04	6.126419e+03	4.167540e+03	0	1.261699e-03
4.600000e+08	5.880637e+13	0.000000e+00	6.228072e-01	7.956920e+14	5.434826e+14	1.811575e+14	1.357708e+04	6.144713e+03	4.179984e+03	0	1.254774e-03
4.700000e+08	5.784436e+13	0.000000e+00	6.228072e-01	7.845215e+14	5.526554e+14	1.802438e+14	1.353351e+04	6.162127e+03	4.191831e+03	0	1.247894e-03
4.800000e+08	5.689921e+13	0.000000e+00	6.228072e-01	7.735453e+14	5.614820e+14	1.793366e+14	1.349055e+04	6.178685e+03	4.203094e+03	0	1.241060e-03
4.900000e+08	5.597078e+13	0.000000e+00	6.228072e-01	7.627615e+14	5.699595e+14	1.784359e+14	1.344818e+04	6.194407e+03	4.213789e+03	0	1.234273e-03
5.000000e+08	5.505890e+13	0.000000e+00	6.228072e-01	7.521682e+14	5.780858e+14	1.775417e+14	1.340640e+04	6.209317e+03	4.223932e+03	0	1.227533e-03
5.100000e+08	5.416340e+13	0.000000e+00	6.228072e-01	7.417633e+14	5.858599e+14	1.766538e+14	1.336520e+04	6.223437e+03	4.233537e+03	0	1.220842e-03
5.200000e+08	5.328407e+13	0.000000e+00	6.228072e-01	7.315447e+14	5.932816e+14	1.757723e+14	1.332457e+04	6.236789e+03	4.242620e+03	0	1.214199e-03
5.300000e+08	5.242074e+13	0.000000e+00	6.228072e-01	7.215100e+14	6.003522e+14	1.748971e+14	1.328449e+04	6.249396e+03	4.251196e+03	0	1.207606e-03
5.400000e+08	5.157320e+13	0.000000e+00	6.228072e-01	7.116568e+14	6.070737e+14	1.740281e+14	1.324497e+04	6.261278e+03	4.259279e+03	0	1.201062e-03
5.500000e+08	5.074124e+13	0.000000e+00	6.228072e-01	7.019828e+14	6.134483e+14	1.731653e+14	1.320597e+04	6.272458e+03	4.266884e+03	0	1.194569e-03
5.600000e+08	4.992463e+13	0.000000e+00	6.228072e-01	6.924855e+14	6.194795e+14	1.723086e+14	1.316751e+04	6.282958e+03	4.274027e+03	0	1.188126e-03
5.700000e+08	4.912316e+13	0.000000e+00	6.228072e-01	6.831621e+14	6.251717e+14	1.714580e+14	1.312956e+04	6.292799e+03	4.280721e+03	0	1.181733e-03
5.800000e+08	4.833660e+13	0.000000e+00	6.228072e-01	6.740101e+14	6.305296e+14	1.706135e+14	1.309213e+04	6.302001e+03	4.286981e+03	0	1.175392e-03
5.900000e+08	4.756471e+13	0.000000e+00	6.228072e-01	6.650269e+14	6.355583e+14	1.697749e+14	1.305519e+04	6.310586e+03	4.292821e+03	0	1.169102e-03
6.000000e+08	4.680727e+13	0.000000e+00	6.228072e-01	6.562096e+14	6.402637e+14	1.689423e+14	1.301874e+04	6.318574e+03	4.298255e+03	0	1.162863e-03
6.100000e+08	4.606402e+13	0.000000e+00	6.228072e-01	6.475555e+14	6.446520e+14	1.681155e+14	1.298277e+04	6.325985e+03	4.303296e+03	0	1.156675e-03
6.200000e+08	4.533474e+13	0.000000e+00	6.228072e-01	6.390619e+14	6.487298e+14	1.672946e+14	1.294728e+04	6.332839e+03	4.307958e+03	0	1.150538e-03
6.300000e+08	4.461918e+13	0.000000e+00	6.228072e-01	6.307259e+14	6.525043e+14	1.664795e+14	1.291224e+04	6.339154e+03	4.312254e+03	0	1.144453e-03
6.400000e+08	4.391709e+13	0.000000e+00	6.228072e-01	6.225448e+14	6.559824e+14	1.656701e+14	1.287767e+04	6.344950e+03	4.316197e+03	0	1.138419e-03
6.500000e+08	4.322823e+13	0.000000e+00	6.228072e-01	6.145158e+14	6.591718e+14	1.648665e+14	1.284354e+04	6.350244e+03	4.319799e+03	0	1.132435e-03
6.600000e+08	4.255236e+13	0.000000e+00	6.228072e-01	6.066360e+14	6.620801e+14	1.640685e+14	1.280984e+04	6.355056e+03	4.323072e+03	0	1.126502e-03
6.700000e+08	4.188923e+13	0.000000e+00	6.228072e-01	5.989027e+14	6.647152e+14	1.632761e+14	1.277658e+04	6.359403e+03	4.326029e+03	0	1.120620e-03
6.800000e+08	4.123860e+13	0.000000e+00	6.228072e-01	5.913130e+14	6.670854e+14	1.624893e+14	1.274374e+04	6.363301e+03	4.328681e+03	0	1.114787e-03
6.900000e+08	4.060023e+13	0.000000e+00	6.228072e-01	5.838641e+14	6.691982e+14	1.617080e+14	1.271132e+04	6.366768e+03	4.331039e+03	0	1.109005e-03
7.000000e+08	3.997387e+13	0.000000e+00	6.228072e-01	5.765534e+14	6.710618e+14	1.609321e+14	1.267930e+04	6.369819e+03	4.333115e+03	0	1.103273e-03
7.100000e+08	3.935930e+13	0.000000e+00	6.228072e-01	5.693781e+14	6.726846e+14	1.601617e+14	1.264768e+04	6.372471e+03	4.334918e+03	0	1.097589e-03
7.200000e+08	3.875627e+13	0.000000e+00	6.228072e-01	5.623355e+14	6.740746e+14	1.593967e+14	1.261645e+04	6.374739e+03	4.336461e+03	0	1.091955e-03
7.300000e+08	3.816455e+13	0.000000e+00	6.228072e-01	5.554229e+14	6.752399e+14	1.586371e+14	1.258561e+04	6.376637e+03	4.337752e+03	0	1.086369e-03
7.400000e+08	3.758390e+13	0.000000e+00	6.228072e-01	5.486376e+14	6.761884e+14	1.578827e+14	1.255514e+04	6.378181e+03	4.338802e+03	0	1.080832e-03
7.500000e+08	3.701411e+13	0.000000e+00	6.228072e-01	5.419770e+14	6.769283e+14	1.571336e+14	1.252505e+04	6.379383e+03	4.339621e+03	0	1.075342e-03
7.600000e+08	3.645493e+13	0.000000e+00	6.228072e-01	5.354386e+14	6.774673e+14	1.563897e+14	1.249532e+04	6.380259e+03	4.340216e+03	0	1.069899e-03
7.700000e+08	3.590616e+13	0.000000e+00	6.228072e-01	5.290197e+14	6.778132e+14	1.556510e+14	1.246594e+04	6.380821e+03	4.340598e+03	0	1.064504e-03
7.800000e+08	3.536757e+13	0.000000e+00	6.228072e-01	5.227180e+14	6.779737e+14	1.549174e+14	1.243692e+04	6.381081e+03	4.340776e+03	0	1.059154e-03
7.900000e+08	3.483895e+13	0.000000e+00	6.228072e-01	5.165308e+14	6.779564e+14	1.541889e+14	1.240824e+04	6.381053e+03	4.340756e+03	0	1.053851e-03
8.000000e+08	3.432007e+13	0.000000e+00	6.228072e-01	5.104558e+14	6.777684e+14	1.534655e+14	1.237990e+04	6.380748e+03	4.340549e+03	0	1.048593e-03
8.100000e+08	3.381075e+13	0.000000e+00	6.228072e-01	5.044907e+14	6.774170e+14	1.527471e+14	1.235189e+04	6.380177e+03	4.340161e+03	0	1.043380e-03
8.200000e+08	3.331076e+13	0.000000e+00	6.228072e-01	4.986329e+14	6.769093e+14	1.520337e+14	1.232421e+04	6.379353e+03	4.339600e+03	0	1.038211e-03
8.300000e+08	3.281991e+13	0.000000e+00	6.228072e-01	4.928803e+14	6.762526e+14	1.513252e+14	1.229685e+04	6.378285e+03	4.338873e+03	0	1.033086e-03
8.400000e+08	3.233800e+13	0.000000e+00	6.228072e-01	4.872306e+14	6.754528e+14	1.506215e+14	1.226980e+04	6.376984e+03	4.337988e+03	0	1.028005e-03
8.500000e+08	3.186484e+13	0.000000e+00	6.228072e-01	4.816816e+14	6.745171e+14	1.499228e+14	1.224306e+04	6.375460e+03	4.336952e+03	0	1.022966e-03
8.600000e+08	3.140024e+13	0.000000e+00	6.228072e-01	4.762310e+14	6.734517e+14	1.492288e+14	1.221663e+04	6.373723e+03	4.335770e+03	0	1.017970e-03
8.700000e+08	3.094400e+13	0.000000e+00	6.228072e-01	4.708768e+14	6.722624e+14	1.485397e+14	1.219049e+04	6.371782e+03	4.334449e+03	0	1.013016e-03
8.800000e+08	3.049596e+13	0.000000e+00	6.228072e-01	4.656169e+14	6.709557e+14	1.478552e+14	1.216464e+04	6.369646e+03	4.332996e+03	0	1.008103e-03
8.900000e+08	3.005593e+13	0.000000e+00	6.228072e-01	4.604492e+14	6.695371e+14	1.471755e+14	1.213909e+04	6.367323e+03	4.331417e+03	0	1.003231e-03
9.000000e+08	2.962373e+13	0.000000e+00	6.228072e-01	4.553718e+14	6.680125e+14	1.465004e+14	1.211381e+04	6.364824e+03	4.329716e+03	0	9.983987e-04
9.100000e+08	2.919919e+13	0.000000e+00	6.228072e-01	4.503826e+14	6.663873e+14	1.458300e+14	1.208881e+04	6.362154e+03	4.327900e+03	0	9.936064e-04
9.200000e+08	2.878215e+13	0.000000e+00	6.228072e-01	4.454797e+14	6.646665e+14	1.451642e+14	1.206409e+04	6.359322e+03	4.325974e+03	0	9.888533e-04
9.300000e+08	2.837244e+13	0.000000e+00	6.228072e-01	4.406614e+14	6.628553e+14	1.445029e+14	1.203963e+04	6.356336e+03	4.323942e+03	0	9.841388e-04
9.400000e+08	2.796991e+13	0.000000e+00	6.228072e-01	4.359257e+14	6.609586e+14	1.438461e+14	1.201544e+04	6.353203e+03	4.321811e+03	0	9.794625e-04
9.500000e+08	2.757439e+13	0.000000e+00	6.228072e-01	4.312709e+14	6.589813e+14	1.431938e+14	1.199151e+04	6.349929e+03	4.319584e+03	0	9.748238e-04
9.600000e+08	2.718574e+13	0.000000e+00	6.228072e-01	4.266952e+14	6.569277e+14	1.425460e+14	1.196783e+04	6.346521e+03	4.317266e+03	0	9.702221e-04
9.700000e+08	2.680380e+13	0.000000e+00	6.228072e-01	4.221969e+14	6.548025e+14	1.419026e+14	1.194440e+04	6.342986e+03	4.314861e+03	0	9.656570e-04
9.800000e+08	2.642843e+13	0.000000e+00	6.228072e-01	4.177743e+14	6.526098e+14	1.412635e+14	1.192122e+04	6.339330e+03	4.312374e+03	0	9.611280e-04
9.900000e+08	2.605949e+13	0.000000e+00	6.228072e-01	4.134258e+14	6.503536e+14	1.406288e+14	1.189828e+04	6.335559e+03	4.309809e+03	0	9.566346e-04
1.000000e+09	2.569683e+13	0.000000e+00	6.228072e-01	4.091499e+14	6.480378e+14	1.399984e+14	1.187557e+04	6.331678e+03	4.307168e+03	0	9.521761e-04
1.010000e+09	2.534032e+13	0.000000e+00	6.228072e-01	4.049449e+14	6.456661e+14	1.393723e+14	1.185311e+04	6.327693e+03	4.304458e+03	0	9.477522e-04
1.020000e+09	2.498983e+13	0.000000e+00	6.228072e-01	4.008093e+14	6.432423e+14	1.387504e+14	1.183087e+04	6.323609e+03	4.301680e+03	0	9.433624e-04
1.030000e+09	2.464523e+13	0.000000e+00	6.228072e-01	3.967418e+14	6.407699e+14	1.381328e+14	1.180886e+04	6.319431e+03	4.298838e+03	0	9.390061e-04
1.040000e+09	2.430639e+13	0.000000e+00	6.228072e-01	3.927407e+14	6.382519e+14	1.375193e+14	1.178707e+04	6.315164e+03	4.295935e+03	0	9.346828e-04
1.050000e+09	2.397319e+13	0.000000e+00	6.228072e-01	3.888047e+14	6.356918e+14	1.369099e+14	1.176550e+04	6.310813e+03	4.292975e+03	0	9.303922e-04
1.060000e+09	2.364551e+13	0.000000e+00	6.228072e-01	3.849324e+14	6.330922e+14	1.363047e+14	1.174414e+04	6.306383e+03	4.289961e+03	0	9.261336e-04
1.070000e+09	2.332322e+13	0.000000e+00	6.228072e-01	3.811225e+14	6.304568e+14	1.357035e+14	1.172300e+04	6.301876e+03	4.286896e+03	0	9.219067e-04
1.080000e+09	2.300622e+13	0.000000e+00	6.228072e-01	3.773736e+14	6.277874e+14	1.351064e+14	1.170206e+04	6.297299e+03	4.283782e+03	0	9.177109e-04
1.090000e+09	2.269440e+13	0.000000e+00	6.228072e-01	3.736845e+14	6.250874e+14	1.345133e+14	1.168133e+04	6.292653e+03	4.280622e+03	0	9.135458e-04
1.100000e+09	2.238764e+13	0.000000e+00	6.228072e-01	3.700540e+14	6.223591e+14	1.339242e+14	1.166081e+04	6.287945e+03	4.277419e+03	0	9.094110e-04
1.110000e+09	2.208584e+13	0.000000e+00	6.228072e-01	3.664807e+14	6.196049e+14	1.333390e+14	1.164048e+04	6.283176e+03	4.274175e+03	0	9.053060e-04
1.120000e+09	2.178889e+13	0.000000e+00	6.228072e-01	3.629635e+14	6.168274e+14	1.327578e+14	1.162034e+04	6.278350e+03	4.270892e+03	0	9.012303e-04
1.130000e+09	2.149669e+13	0.000000e+00	6.228072e-01	3.595013e+14	6.140283e+14	1.321804e+14	1.160040e+04	6.273472e+03	4.267573e+03	0	8.971836e-04
1.140000e+09	2.120915e+13	0.000000e+00	6.228072e-01	3.560929e+14	6.112103e+14	1.316069e+14	1.158065e+04	6.268543e+03	4.264221e+03	0	8.931653e-04
1.150000e+09	2.092616e+13	0.000000e+00	6.228072e-01	3.527372e+14	6.083750e+14	1.310372e+14	1.156109e+04	6.263568e+03	4.260836e+03	0	8.891751e-04
1.160000e+09	2.064763e+13	0.000000e+00	6.228072e-01	3.494331e+14	6.055246e+14	1.304713e+14	1.154171e+04	6.258548e+03	4.257422e+03	0	8.852125e-04
1.170000e+09	2.037347e+13	0.000000e+00	6.228072e-01	3.461795e+14	6.026608e+14	1.299092e+14	1.152251e+04	6.253488e+03	4.253979e+03	0	8.812771e-04
1.180000e+09	2.010359e+13	0.000000e+00	6.228072e-01	3.429755e+14	5.997854e+14	1.293509e+14	1.150349e+04	6.248389e+03	4.250511e+03	0	8.773685e-04
1.190000e+09	1.983791e+13	0.000000e+00	6.228072e-01	3.398201e+14	5.968998e+14	1.287962e+14	1.148464e+04	6.243254e+03	4.247018e+03	0	8.734863e-04
1.200000e+09	1.957633e+13	0.000000e+00	6.228072e-01	3.367121e+14	5.940061e+14	1.282453e+14	1.146597e+04	6.238086e+03	4.243502e+03	0	8.696301e-04
1.210000e+09	1.931877e+13	0.000000e+00	6.228072e-01	3.336508e+14	5.911055e+14	1.276979e+14	1.144747e+04	6.232887e+03	4.239966e+03	0	8.657994e-04
1.220000e+09	1.906516e+13	0.000000e+00	6.228072e-01	3.306351e+14	5.881994e+14	1.271543e+14	1.142913e+04	6.227660e+03	4.236410e+03	0	8.619940e-04
1.230000e+09	1.881541e+13	0.000000e+00	6.228072e-01	3.276642e+14	5.852893e+14	1.266142e+14	1.141096e+04	6.222406e+03	4.232836e+03	0	8.582135e-04
1.240000e+09	1.856944e+13	0.000000e+00	6.228072e-01	3.247371e+14	5.823765e+14	1.260776e+14	1.139296e+04	6.217128e+03	4.229245e+03	0	8.544573e-04
1.250000e+09	1.832718e+13	0.000000e+00	6.228072e-01	3.218530e+14	5.794620e+14	1.255447e+14	1.137511e+04	6.211827e+03	4.225639e+03	0	8.507253e-04
1.260000e+09	1.808856e+13	0.000000e+00	6.228072e-01	3.190110e+14	5.765472e+14	1.250152e+14	1.135742e+04	6.206506e+03	4.222020e+03	0	8.470169e-04
1.270000e+09	1.785349e+13	0.000000e+00	6.228072e-01	3.162104e+14	5.736332e+14	1.244892e+14	1.133989e+04	6.201167e+03	4.218388e+03	0	8.433319e-04
1.280000e+09	1.762192e+13	0.000000e+00	6.228072e-01	3.134502e+14	5.707209e+14	1.239667e+14	1.132251e+04	6.195811e+03	4.214744e+03	0	8.396698e-04
1.290000e+09	1.739378e+13	0.000000e+00	6.228072e-01	3.107298e+14	5.678115e+14	1.234476e+14	1.130528e+04	6.190440e+03	4.211090e+03	0	8.360304e-04
1.300000e+09	1.716899e+13	0.000000e+00	6.228072e-01	3.080483e+14	5.649058e+14	1.229319e+14	1.128820e+04	6.185055e+03	4.207428e+03	0	8.324133e-04
1.310000e+09	1.694749e+13	0.000000e+00	6.228072e-01	3.054050e+14	5.620045e+14	1.224196e+14	1.127127e+04	6.179659e+03	4.203757e+03	0	8.288181e-04
1.320000e+09	1.672922e+13	0.000000e+00	6.228072e-01	3.027991e+14	5.591089e+14	1.219107e+14	1.125448e+04	6.174252e+03	4.200079e+03	0	8.252445e-04
1.330000e+09	1.651411e+13	0.000000e+00	6.228072e-01	3.002300e+14	5.562194e+14	1.214051e+14	1.123784e+04	6.168836e+03	4.196394e+03	0	8.216922e-04
1.340000e+09	1.630210e+13	0.000000e+00	6.228072e-01	2.976969e+14	5.533370e+14	1.209028e+14	1.122133e+04	6.163413e+03	4.192705e+03	0	8.181607e-04
1.350000e+09	1.609314e+13	0.000000e+00	6.228072e-01	2.951992e+14	5.504622e+14	1.204037e+14	1.120497e+04	6.157983e+03	4.189012e+03	0	8.146499e-04
1.360000e+09	1.588716e+13	0.000000e+00	6.228072e-01	2.927361e+14	5.475959e+14	1.199080e+14	1.118874e+04	6.152548e+03	4.185315e+03	0	8.111594e-04
1.370000e+09	1.568411e+13	0.000000e+00	6.228072e-01	2.903071e+14	5.447384e+14	1.194154e+14	1.117265e+04	6.147110e+03	4.181615e+03	0	8.076889e-04
1.380000e+09	1.548394e+13	0.000000e+00	6.228072e-01	2.879114e+14	5.418907e+14	1.189261e+14	1.115669e+04	6.141668e+03	4.177913e+03	0	8.042380e-04
1.390000e+09	1.528658e+13	0.000000e+00	6.228072e-01	2.855486e+14	5.390531e+14	1.184399e+14	1.114086e+04	6.136225e+03	4.174211e+03	0	8.008065e-04
1.400000e+09	1.509199e+13	0.000000e+00	6.228072e-01	2.832178e+14	5.362260e+14	1.179569e+14	1.112516e+04	6.130782e+03	4.170508e+03	0	7.973940e-04
1.410000e+09	1.490011e+13	0.000000e+00	6.228072e-01	2.809187e+14	5.334102e+14	1.174770e+14	1.110959e+04	6.125338e+03	4.166805e+03	0	7.940002e-04
1.420000e+09	1.471090e+13	0.000000e+00	6.228072e-01	2.786505e+14	5.306060e+14	1.170002e+14	1.109415e+04	6.119896e+03	4.163103e+03	0	7.906249e-04
1.430000e+09	1.452430e+13	0.000000e+00	6.228072e-01	2.764128e+14	5.278140e+14	1.165265e+14	1.107882e+04	6.114457e+03	4.159402e+03	0	7.872678e-04
1.440000e+09	1.434026e+13	0.000000e+00	6.228072e-01	2.742049e+14	5.250341e+14	1.160559e+14	1.106363e+04	6.109020e+03	4.155704e+03	0	7.839285e-04
1.450000e+09	1.415875e+13	0.000000e+00	6.228072e-01	2.720263e+14	5.222673e+14	1.155883e+14	1.104855e+04	6.103587e+03	4.152008e+03	0	7.806069e-04
1.460000e+09	1.397970e+13	0.000000e+00	6.228072e-01	2.698765e+14	5.195136e+14	1.151237e+14	1.103359e+04	6.098159e+03	4.148316e+03	0	7.773025e-04
1.470000e+09	1.380308e+13	0.000000e+00	6.228072e-01	2.677549e+14	5.167734e+14	1.146621e+14	1.101875e+04	6.092737e+03	4.144627e+03	0	7.740152e-04
1.480000e+09	1.362885e+13	0.000000e+00	6.228072e-01	2.656611e+14	5.140468e+14	1.142034e+14	1.100403e+04	6.087320e+03	4.140943e+03	0	7.707446e-04
1.490000e+09	1.345695e+13	0.000000e+00	6.228072e-01	2.635946e+14	5.113346e+14	1.137477e+14	1.098942e+04	6.081911e+03	4.137263e+03	0	7.674905e-04
1.500000e+09	1.328736e+13	0.000000e+00	6.228072e-01	2.615548e+14	5.086364e+14	1.132950e+14	1.097493e+04	6.076509e+03	4.133588e+03	0	7.642527e-04
1.510000e+09	1.312001e+13	0.000000e+00	6.228072e-01	2.595414e+14	5.059531e+14	1.128451e+14	1.096054e+04	6.071115e+03	4.129919e+03	0	7.610308e-04
1.520000e+09	1.295489e+13	0.000000e+00	6.228072e-01	2.575538e+14	5.032843e+14	1.123981e+14	1.094627e+04	6.065729e+03	4.126255e+03	0	7.578246e-04
1.530000e+09	1.279194e+13	0.000000e+00	6.228072e-01	2.555915e+14	5.006306e+14	1.119540e+14	1.093211e+04	6.060353e+03	4.122598e+03	0	7.546338e-04
1.540000e+09	1.263113e+13	0.000000e+00	6.228072e-01	2.536542e+14	4.979922e+14	1.115126e+14	1.091805e+04	6.054987e+03	4.118948e+03	0	7.514582e-04
1.550000e+09	1.247242e+13	0.000000e+00	6.228072e-01	2.517414e+14	4.953689e+14	1.110742e+14	1.090410e+04	6.049631e+03	4.115304e+03	0	7.482976e-04
1.560000e+09	1.231577e+13	0.000000e+00	6.228072e-01	2.498527e+14	4.927612e+14	1.106384e+14	1.089026e+04	6.044286e+03	4.111668e+03	0	7.451517e-04
1.570000e+09	1.216115e+13	0.000000e+00	6.228072e-01	2.479876e+14	4.901693e+14	1.102055e+14	1.087651e+04	6.038952e+03	4.108040e+03	0	7.420202e-04
1.580000e+09	1.200853e+13	0.000000e+00	6.228072e-01	2.461459e+14	4.875929e+14	1.097753e+14	1.086288e+04	6.033630e+03	4.104420e+03	0	7.389029e-04
1.590000e+09	1.185786e+13	0.000000e+00	6.228072e-01	2.443269e+14	4.850325e+14	1.093479e+14	1.084934e+04	6.028320e+03	4.100807e+03	0	7.357995e-04
1.600000e+09	1.170911e+13	0.000000e+00	6.228072e-01	2.425304e+14	4.824881e+14	1.089231e+14	1.083590e+04	6.023023e+03	4.097204e+03	0	7.327100e-04
1.610000e+09	1.156226e+13	0.000000e+00	6.228072e-01	2.407561e+14	4.799595e+14	1.085011e+14	1.082256e+04	6.017738e+03	4.093609e+03	0	7.296339e-04
1.620000e+09	1.141726e+13	0.000000e+00	6.228072e-01	2.390034e+14	4.774472e+14	1.080817e+14	1.080932e+04	6.012467e+03	4.090023e+03	0	7.265710e-04
1.630000e+09	1.127409e+13	0.000000e+00	6.228072e-01	2.372721e+14	4.749511e+14	1.076649e+14	1.079617e+04	6.007209e+03	4.086446e+03	0	7.235212e-04
1.640000e+09	1.113272e+13	0.000000e+00	6.228072e-01	2.355618e+14	4.724712e+14	1.072508e+14	1.078312e+04	6.001965e+03	4.082879e+03	0	7.204842e-04
1.650000e+09	1.099311e+13	0.000000e+00	6.228072e-01	2.338721e+14	4.700073e+14	1.068393e+14	1.077016e+04	5.996735e+03	4.079321e+03	0	7.174598e-04
1.660000e+09	1.085523e+13	0.000000e+00	6.228072e-01	2.322027e+14	4.675601e+14	1.064303e+14	1.075730e+04	5.991520e+03	4.075773e+03	0	7.144478e-04
1.670000e+09	1.071907e+13	0.000000e+00	6.228072e-01	2.305533e+14	4.651290e+14	1.060240e+14	1.074453e+04	5.986319e+03	4.072236e+03	0	7.114479e-04
1.680000e+09	1.058458e+13	0.000000e+00	6.228072e-01	2.289235e+14	4.627143e+14	1.056202e+14	1.073184e+04	5.981133e+03	4.068708e+03	0	7.084600e-04
1.690000e+09	1.045174e+13	0.000000e+00	6.228072e-01	2.273130e+14	4.603160e+14	1.052189e+14	1.071925e+04	5.975963e+03	4.065191e+03	0	7.054837e-04
1.700000e+09	1.032052e+13	0.000000e+00	6.228072e-01	2.257215e+14	4.579340e+14	1.048201e+14	1.070675e+04	5.970808e+03	4.061684e+03	0	7.025189e-04
1.710000e+09	1.019091e+13	0.000000e+00	6.228072e-01	2.241488e+14	4.555683e+14	1.044238e+14	1.069433e+04	5.965668e+03	4.058188e+03	0	6.995655e-04
1.720000e+09	1.006286e+13	0.000000e+00	6.228072e-01	2.225944e+14	4.532189e+14	1.040300e+14	1.068200e+04	5.960545e+03	4.054703e+03	0	6.966231e-04
1.730000e+09	9.936350e+12	0.000000e+00	6.228072e-01	2.210580e+14	4.508859e+14	1.036386e+14	1.066975e+04	5.955437e+03	4.051228e+03	0	6.936916e-04
1.740000e+09	9.811364e+12	0.000000e+00	6.228072e-01	2.195395e+14	4.485691e+14	1.032497e+14	1.065759e+04	5.950346e+03	4.047765e+03	0	6.907707e-04
1.750000e+09	9.687872e+12	0.000000e+00	6.228072e-01	2.180385e+14	4.462685e+14	1.028632e+14	1.064551e+04	5.945271e+03	4.044313e+03	0	6.878603e-04
1.760000e+09	9.565851e+12	0.000000e+00	6.228072e-01	2.165548e+14	4.439842e+14	1.024791e+14	1.063352e+04	5.940213e+03	4.040872e+03	0	6.849602e-04
1.770000e+09	9.445276e+12	0.000000e+00	6.228072e-01	2.150880e+14	4.417160e+14	1.020974e+14	1.062160e+04	5.935171e+03	4.037442e+03	0	6.820701e-04
1.780000e+09	9.326125e+12	0.000000e+00	6.228072e-01	2.136379e+14	4.394639e+14	1.017180e+14	1.060977e+04	5.930146e+03	4.034024e+03	0	6.791899e-04
1.790000e+09	9.208375e+12	0.000000e+00	6.228072e-01	2.122042e+14	4.372280e+14	1.013410e+14	1.059801e+04	5.925138e+03	4.030617e+03	0	6.763193e-04
1.800000e+09	9.092003e+12	0.000000e+00	6.228072e-01	2.107867e+14	4.350079e+14	1.009664e+14	1.058634e+04	5.920147e+03	4.027222e+03	0	6.734582e-04
1.810000e+09	8.976988e+12	0.000000e+00	6.228072e-01	2.093852e+14	4.328039e+14	1.005940e+14	1.057474e+04	5.915173e+03	4.023838e+03	0	6.706064e-04
1.820000e+09	8.863309e+12	0.000000e+00	6.228072e-01	2.079993e+14	4.306157e+14	1.002239e+14	1.056322e+04	5.910216e+03	4.020466e+03	0	6.677636e-04
1.830000e+09	8.750944e+12	0.000000e+00	6.228072e-01	2.066288e+14	4.284433e+14	9.985612e+13	1.055178e+04	5.905276e+03	4.017106e+03	0	6.649297e-04
1.840000e+09	8.639872e+12	0.000000e+00	6.228072e-01	2.052736e+14	4.262867e+14	9.949058e+13	1.054041e+04	5.900354e+03	4.013758e+03	0	6.621045e-04
1.850000e+09	8.530075e+12	0.000000e+00	6.228072e-01	2.039333e+14	4.241458e+14	9.912729e+13	1.052911e+04	5.895450e+03	4.010421e+03	0	6.592878e-04
1.860000e+09	8.421531e+12	0.000000e+00	6.228072e-01	2.026077e+14	4.220205e+14	9.876623e+13	1.051789e+04	5.890563e+03	4.007097e+03	0	6.564795e-04
1.870000e+09	8.314223e+12	0.000000e+00	6.228072e-01	2.012966e+14	4.199107e+14	9.840737e+13	1.050674e+04	5.885693e+03	4.003784e+03	0	6.536792e-04
1.880000e+09	8.208130e+12	0.000000e+00	6.228072e-01	1.999999e+14	4.178162e+14	9.805072e+13	1.049566e+04	5.880841e+03	4.000484e+03	0	6.508869e-04
1.890000e+09	8.103234e+12	0.000000e+00	6.228072e-01	1.987172e+14	4.157371e+14	9.769624e+13	1.048466e+04	5.876007e+03	3.997195e+03	0	6.481023e-04
1.900000e+09	7.999516e+12	0.000000e+00	6.228072e-01	1.974484e+14	4.136734e+14	9.734392e+13	1.047372e+04	5.871190e+03	3.993919e+03	0	6.453253e-04
1.910000e+09	7.896960e+12	0.000000e+00	6.228072e-01	1.961932e+14	4.116247e+14	9.699375e+13	1.046286e+04	5.866391e+03	3.990654e+03	0	6.425557e-04
1.920000e+09	7.795547e+12	0.000000e+00	6.228072e-01	1.949515e+14	4.095912e+14	9.664571e+13	1.045206e+04	5.861610e+03	3.987402e+03	0	6.397932e-04
1.930000e+09	7.695260e+12	0.000000e+00	6.228072e-01	1.937230e+14	4.075728e+14	9.629978e+13	1.044133e+04	5.856847e+03	3.984161e+03	0	6.370378e-04
1.940000e+09	7.596082e+12	0.000000e+00	6.228072e-01	1.925076e+14	4.055690e+14	9.595595e+13	1.043067e+04	5.852101e+03	3.980933e+03	0	6.342892e-04
1.950000e+09	7.497996e+12	0.000000e+00	6.228072e-01	1.913051e+14	4.035802e+14	9.561421e+13	1.042008e+04	5.847374e+03	3.977717e+03	0	6.315473e-04
1.960000e+09	7.400987e+12	0.000000e+00	6.228072e-01	1.901152e+14	4.016062e+14	9.527453e+13	1.040955e+04	5.842664e+03	3.974513e+03	0	6.288118e-04
1.970000e+09	7.305038e+12	0.000000e+00	6.228072e-01	1.889378e+14	3.996467e+14	9.493691e+13	1.039909e+04	5.837972e+03	3.971321e+03	0	6.260826e-04
1.980000e+09	7.210134e+12	0.000000e+00	6.228072e-01	1.877728e+14	3.977017e+14	9.460133e+13	1.038869e+04	5.833297e+03	3.968142e+03	0	6.233595e-04
1.990000e+09	7.116259e+12	0.000000e+00	6.228072e-01	1.866199e+14	3.957711e+14	9.426777e+13	1.037836e+04	5.828641e+03	3.964974e+03	0	6.206423e-04
2.000000e+09	7.023398e+12	0.000000e+00	6.228072e-01	1.854789e+14	3.938549e+14	9.393622e+13	1.036809e+04	5.824002e+03	3.961819e+03	0	6.179308e-04
2.010000e+09	6.931536e+12	0.000000e+00	6.228072e-01	1.843497e+14	3.919529e+14	9.360666e+13	1.035788e+04	5.819381e+03	3.958675e+03	0	6.152249e-04
2.020000e+09	6.840659e+12	0.000000e+00	6.228072e-01	1.832321e+14	3.900649e+14	9.327908e+13	1.034773e+04	5.814778e+03	3.955544e+03	0	6.125244e-04
2.030000e+09	6.750752e+12	0.000000e+00	6.228072e-01	1.821260e+14	3.881911e+14	9.295347e+13	1.033765e+04	5.810193e+03	3.952425e+03	0	6.098291e-04
2.040000e+09	6.661802e+12	0.000000e+00	6.228072e-01	1.810311e+14	3.863311e+14	9.262980e+13	1.032762e+04	5.805625e+03	3.949318e+03	0	6.071388e-04
2.050000e+09	6.573795e+12	0.000000e+00	6.228072e-01	1.799474e+14	3.844849e+14	9.230808e+13	1.031766e+04	5.801075e+03	3.946223e+03	0	6.044534e-04
2.060000e+09	6.486716e+12	0.000000e+00	6.228072e-01	1.788746e+14	3.826525e+14	9.198827e+13	1.030776e+04	5.796543e+03	3.943139e+03	0	6.017726e-04
2.070000e+09	6.400554e+12	0.000000e+00	6.228072e-01	1.778127e+14	3.808336e+14	9.167037e+13	1.029791e+04	5.792029e+03	3.940068e+03	0	5.990963e-04
2.080000e+09	6.315294e+12	0.000000e+00	6.228072e-01	1.767614e+14	3.790283e+14	9.135437e+13	1.028812e+04	5.787532e+03	3.937009e+03	0	5.964243e-04
2.090000e+09	6.230924e+12	0.000000e+00	6.228072e-01	1.757207e+14	3.772363e+14	9.104025e+13	1.027839e+04	5.783052e+03	3.933962e+03	0	5.937563e-04
2.100000e+09	6.147432e+12	0.000000e+00	6.228072e-01	1.746903e+14	3.754576e+14	9.072799e+13	1.026872e+04	5.778590e+03	3.930927e+03	0	5.910924e-04
2.110000e+09	6.064804e+12	0.000000e+00	6.228072e-01	1.736701e+14	3.736922e+14	9.041759e+13	1.025911e+04	5.774146e+03	3.927904e+03	0	5.884321e-04
2.120000e+09	5.983030e+12	0.000000e+00	6.228072e-01	1.726600e+14	3.719398e+14	9.010902e+13	1.024955e+04	5.769719e+03	3.924892e+03	0	5.857755e-04
2.130000e+09	5.902096e+12	0.000000e+00	6.228072e-01	1.716599e+14	3.702004e+14	8.980228e+13	1.024004e+04	5.765310e+03	3.921893e+03	0	5.831222e-04
2.140000e+09	5.821992e+12	0.000000e+00	6.228072e-01	1.706695e+14	3.684739e+14	8.949736e+13	1.023059e+04	5.760918e+03	3.918905e+03	0	5.804721e-04
2.150000e+09	5.742706e+12	0.000000e+00	6.228072e-01	1.696889e+14	3.667601e+14	8.919424e+13	1.022120e+04	5.756543e+03	3.915929e+03	0	5.778250e-04
2.160000e+09	5.664226e+12	0.000000e+00	6.228072e-01	1.687178e+14	3.650590e+14	8.889290e+13	1.021186e+04	5.752185e+03	3.912965e+03	0	5.751807e-04
2.170000e+09	5.586542e+12	0.000000e+00	6.228072e-01	1.677561e+14	3.633706e+14	8.859334e+13	1.020257e+04	5.747845e+03	3.910012e+03	0	5.725391e-04
2.180000e+09	5.509642e+12	0.000000e+00	6.228072e-01	1.668037e+14	3.616944e+14	8.829553e+13	1.019334e+04	5.743522e+03	3.907071e+03	0	5.698999e-04
2.190000e+09	5.433515e+12	0.000000e+00	6.228072e-01	1.658604e+14	3.600308e+14	8.799948e+13	1.018415e+04	5.739216e+03	3.904142e+03	0	5.672629e-04
2.200000e+09	5.358152e+12	0.000000e+00	6.228072e-01	1.649262e+14	3.583793e+14	8.770516e+13	1.017502e+04	5.734927e+03	3.901224e+03	0	5.646281e-04
2.210000e+09	5.283542e+12	0.000000e+00	6.228072e-01	1.640009e+14	3.567401e+14	8.741257e+13	1.016594e+04	5.730654e+03	3.898318e+03	0	5.619951e-04
2.220000e+09	5.209674e+12	0.000000e+00	6.228072e-01	1.630845e+14	3.551129e+14	8.712169e+13	1.015692e+04	5.726399e+03	3.895424e+03	0	5.593637e-04
2.230000e+09	5.136539e+12	0.000000e+00	6.228072e-01	1.621767e+14	3.534976e+14	8.683250e+13	1.014794e+04	5.722161e+03	3.892540e+03	0	5.567339e-04
2.240000e+09	5.064127e+12	0.000000e+00	6.228072e-01	1.612774e+14	3.518942e+14	8.654500e+13	1.013901e+04	5.717939e+03	3.889669e+03	0	5.541053e-04
2.250000e+09	4.992428e+12	0.000000e+00	6.228072e-01	1.603867e+14	3.503026e+14	8.625918e+13	1.013013e+04	5.713735e+03	3.886808e+03	0	5.514778e-04
2.260000e+09	4.921433e+12	0.000000e+00	6.228072e-01	1.595042e+14	3.487226e+14	8.597502e+13	1.012130e+04	5.709547e+03	3.883959e+03	0	5.488512e-04
2.270000e+09	4.851132e+12	0.000000e+00	6.228072e-01	1.586301e+14	3.471542e+14	8.569251e+13	1.011252e+04	5.705375e+03	3.881122e+03	0	5.462253e-04
2.280000e+09	4.781516e+12	0.000000e+00	6.228072e-01	1.577640e+14	3.455972e+14	8.541164e+13	1.010379e+04	5.701220e+03	3.878295e+03	0	5.435998e-04
2.290000e+09	4.712576e+12	0.000000e+00	6.228072e-01	1.569060e+14	3.440516e+14	8.513239e+13	1.009510e+04	5.697082e+03	3.875480e+03	0	5.409746e-04
2.300000e+09	4.644303e+12	0.000000e+00	6.228072e-01	1.560559e+14	3.425171e+14	8.485476e+13	1.008646e+04	5.692960e+03	3.872676e+03	0	5.383495e-04
2.310000e+09	4.576689e+12	0.000000e+00	6.228072e-01	1.552136e+14	3.409940e+14	8.457874e+13	1.007787e+04	5.688854e+03	3.869883e+03	0	5.357242e-04
2.320000e+09	4.509724e+12	0.000000e+00	6.228072e-01	1.543790e+14	3.394818e+14	8.430430e+13	1.006933e+04	5.684764e+03	3.867101e+03	0	5.330985e-04
2.330000e+09	4.443401e+12	0.000000e+00	6.228072e-01	1.535521e+14	3.379806e+14	8.403145e+13	1.006083e+04	5.680691e+03	3.864330e+03	0	5.304722e-04
2.340000e+09	4.377711e+12	0.000000e+00	6.228072e-01	1.527326e+14	3.364903e+14	8.376017e+13	1.005237e+04	5.676634e+03	3.861570e+03	0	5.278451e-04
2.350000e+09	4.312645e+12	0.000000e+00	6.228072e-01	1.519206e+14	3.350107e+14	8.349044e+13	1.004396e+04	5.672593e+03	3.858821e+03	0	5.252169e-04
2.360000e+09	4.248197e+12	0.000000e+00	6.228072e-01	1.511160e+14	3.335420e+14	8.322227e+13	1.003560e+04	5.668568e+03	3.856083e+03	0	5.225875e-04
2.370000e+09	4.184357e+12	0.000000e+00	6.228072e-01	1.503186e+14	3.320837e+14	8.295562e+13	1.002728e+04	5.664559e+03	3.853356e+03	0	5.199565e-04
2.380000e+09	4.121119e+12	0.000000e+00	6.228072e-01	1.495283e+14	3.306360e+14	8.269051e+13	1.001900e+04	5.660565e+03	3.850640e+03	0	5.173238e-04
2.390000e+09	4.058474e+12	0.000000e+00	6.228072e-01	1.487451e+14	3.291987e+14	8.242691e+13	1.001077e+04	5.656588e+03	3.847934e+03	0	5.146892e-04
2.400000e+09	3.996415e+12	0.000000e+00	6.228072e-01	1.479689e+14	3.277716e+14	8.216481e+13	1.000258e+04	5.652626e+03	3.845239e+03	0	5.120523e-04
2.410000e+09	3.934934e+12	0.000000e+00	6.228072e-01	1.471995e+14	3.263548e+14	8.190421e+13	9.994433e+03	5.648680e+03	3.842554e+03	0	5.094129e-04
2.420000e+09	3.874025e+12	0.000000e+00	6.228072e-01	1.464370e+14	3.249482e+14	8.164509e+13	9.986328e+03	5.644749e+03	3.839880e+03	0	5.067708e-04
2.430000e+09	3.813679e+12	0.000000e+00	6.228072e-01	1.456812e+14	3.235516e+14	8.138744e+13	9.978265e+03	5.640834e+03	3.837217e+03	0	5.041257e-04
2.440000e+09	3.753891e+12	0.000000e+00	6.228072e-01	1.449320e+14	3.221649e+14	8.113125e+13	9.970244e+03	5.636934e+03	3.834564e+03	0	5.014774e-04
2.450000e+09	3.694653e+12	0.000000e+00	6.228072e-01	1.441893e+14	3.207882e+14	8.087652e+13	9.962263e+03	5.633050e+03	3.831922e+03	0	4.988255e-04
2.460000e+09	3.635957e+12	0.000000e+00	6.228072e-01	1.434532e+14	3.194211e+14	8.062323e+13	9.954324e+03	5.629180e+03	3.829290e+03	0	4.961698e-04
2.470000e+09	3.577798e+12	0.000000e+00	6.228072e-01	1.427234e+14	3.180638e+14	8.037136e+13	9.946425e+03	5.625326e+03	3.826668e+03	0	4.935101e-04
2.480000e+09	3.520169e+12	0.000000e+00	6.228072e-01	1.420000e+14	3.167161e+14	8.012092e+13	9.938566e+03	5.621488e+03	3.824057e+03	0	4.908460e-04
2.490000e+09	3.463063e+12	0.000000e+00	6.228072e-01	1.412828e+14	3.153780e+14	7.987189e+13	9.930747e+03	5.617664e+03	3.821455e+03	0	4.881773e-04
2.500000e+09	3.406474e+12	0.000000e+00	6.228072e-01	1.405717e+14	3.140493e+14	7.962426e+13	9.922967e+03	5.613855e+03	3.818864e+03	0	4.855036e-04
2.510000e+09	3.350396e+12	0.000000e+00	6.228072e-01	1.398668e+14	3.127299e+14	7.937802e+13	9.915226e+03	5.610061e+03	3.816283e+03	0	4.828247e-04
2.520000e+09	3.294821e+12	0.000000e+00	6.228072e-01	1.391679e+14	3.114198e+14	7.913317e+13	9.907524e+03	5.606281e+03	3.813713e+03	0	4.801402e-04
2.530000e+09	3.239745e+12	0.000000e+00	6.228072e-01	1.384749e+14	3.101189e+14	7.888968e+13	9.899861e+03	5.602517e+03	3.811152e+03	0	4.774498e-04
2.540000e+09	3.185161e+12	0.000000e+00	6.228072e-01	1.377878e+14	3.088271e+14	7.864756e+13	9.892236e+03	5.598767e+03	3.808601e+03	0	4.747532e-04
2.550000e+09	3.131063e+12	0.000000e+00	6.228072e-01	1.371065e+14	3.075443e+14	7.840679e+13	9.884648e+03	5.595032e+03	3.806060e+03	0	4.720501e-04
2.560000e+09	3.077445e+12	0.000000e+00	6.228072e-01	1.364310e+14	3.062705e+14	7.816736e+13	9.877098e+03	5.591311e+03	3.803529e+03	0	4.693400e-04
2.570000e+09	3.024302e+12	0.000000e+00	6.228072e-01	1.357611e+14	3.050055e+14	7.792927e+13	9.869585e+03	5.587605e+03	3.801008e+03	0	4.666227e-04
2.580000e+09	2.971628e+12	0.000000e+00	6.228072e-01	1.350968e+14	3.037494e+14	7.769250e+13	9.862108e+03	5.583913e+03	3.798496e+03	0	4.638977e-04
2.590000e+09	2.919417e+12	0.000000e+00	6.228072e-01	1.344381e+14	3.025019e+14	7.745705e+13	9.854669e+03	5.580235e+03	3.795994e+03	0	4.611648e-04
2.600000e+09	2.867663e+12	0.000000e+00	6.228072e-01	1.337848e+14	3.012631e+14	7.722290e+13	9.847265e+03	5.576572e+03	3.793502e+03	0	4.584234e-04
2.610000e+09	2.816362e+12	0.000000e+00	6.228072e-01	1.331370e+14	3.000329e+14	7.699005e+13	9.839898e+03	5.572922e+03	3.791020e+03	0	4.556733e-04
2.620000e+09	2.765508e+12	0.000000e+00	6.228072e-01	1.324945e+14	2.988111e+14	7.675848e+13	9.832566e+03	5.569287e+03	3.788547e+03	0	4.529140e-04
2.630000e+09	2.715095e+12	0.000000e+00	6.228072e-01	1.318573e+14	2.975977e+14	7.652820e+13	9.825269e+03	5.565666e+03	3.786084e+03	0	4.501450e-04
2.640000e+09	2.665119e+12	0.000000e+00	6.228072e-01	1.312253e+14	2.963928e+14	7.629919e+13	9.818008e+03	5.562059e+03	3.783630e+03	0	4.473660e-04
2.650000e+09	2.615575e+12	0.000000e+00	6.228072e-01	1.305985e+14	2.951960e+14	7.607144e+13	9.810781e+03	5.558465e+03	3.781185e+03	0	4.445765e-04
2.660000e+09	2.566456e+12	0.000000e+00	6.228072e-01	1.299767e+14	2.940074e+14	7.584494e+13	9.803588e+03	5.554885e+03	3.778750e+03	0	4.417759e-04
2.670000e+09	2.517759e+12	0.000000e+00	6.228072e-01	1.293601e+14	2.928270e+14	7.561968e+13	9.796430e+03	5.551319e+03	3.776324e+03	0	4.389639e-04
2.680000e+09	2.469479e+12	0.000000e+00	6.228072e-01	1.287484e+14	2.916545e+14	7.539566e+13	9.789306e+03	5.547767e+03	3.773908e+03	0	4.361400e-04
2.690000e+09	2.421610e+12	0.000000e+00	6.228072e-01	1.281417e+14	2.904901e+14	7.517286e+13	9.782215e+03	5.544228e+03	3.771500e+03	0	4.333035e-04
2.700000e+09	2.374148e+12	0.000000e+00	6.228072e-01	1.275398e+14	2.893335e+14	7.495129e+13	9.775158e+03	5.540703e+03	3.769102e+03	0	4.304540e-04
2.710000e+09	2.327089e+12	0.000000e+00	6.228072e-01	1.269428e+14	2.881849e+14	7.473092e+13	9.768134e+03	5.537191e+03	3.766713e+03	0	4.275909e-04
2.720000e+09	2.280427e+12	0.000000e+00	6.228072e-01	1.263505e+14	2.870438e+14	7.451176e+13	9.761142e+03	5.533692e+03	3.764333e+03	0	4.247136e-04
2.730000e+09	2.234158e+12	0.000000e+00	6.228072e-01	1.257630e+14	2.859106e+14	7.429379e+13	9.754183e+03	5.530207e+03	3.761962e+03	0	4.218216e-04
2.740000e+09	2.188278e+12	0.000000e+00	6.228072e-01	1.251801e+14	2.847849e+14	7.407700e+13	9.747257e+03	5.526735e+03	3.759600e+03	0	4.189141e-04
2.750000e+09	2.142782e+12	0.000000e+00	6.228072e-01	1.246018e+14	2.836669e+14	7.386139e+13	9.740363e+03	5.523276e+03	3.757247e+03	0	4.159906e-04
2.760000e+09	2.097666e+12	0.000000e+00	6.228072e-01	1.240281e+14	2.825563e+14	7.364695e+13	9.733500e+03	5.519830e+03	3.754903e+03	0	4.130503e-04
2.770000e+09	2.052926e+12	0.000000e+00	6.228072e-01	1.234589e+14	2.814532e+14	7.343367e+13	9.726669e+03	5.516397e+03	3.752568e+03	0	4.100926e-04
2.780000e+09	2.008557e+12	0.000000e+00	6.228072e-01	1.228942e+14	2.803574e+14	7.322154e+13	9.719869e+03	5.512977e+03	3.750241e+03	0	4.071166e-04
2.790000e+09	1.964555e+12	0.000000e+00	6.228072e-01	1.223339e+14	2.792689e+14	7.301056e+13	9.713100e+03	5.509569e+03	3.747924e+03	0	4.041217e-04
2.800000e+09	1.920917e+12	0.000000e+00	6.228072e-01	1.217779e+14	2.781876e+14	7.280071e+13	9.706362e+03	5.506175e+03	3.745614e+03	0	4.011070e-04
2.810000e+09	1.877637e+12	0.000000e+00	6.228072e-01	1.212263e+14	2.771135e+14	7.259199e+13	9.699655e+03	5.502793e+03	3.743314e+03	0	3.980717e-04
2.820000e+09	1.834712e+12	0.000000e+00	6.228072e-01	1.206789e+14	2.760466e+14	7.238440e+13	9.692978e+03	5.499424e+03	3.741022e+03	0	3.950149e-04
2.830000e+09	1.792139e+12	0.000000e+00	6.228072e-01	1.201358e+14	2.749866e+14	7.217791e+13	9.686331e+03	5.496068e+03	3.738739e+03	0	3.919356e-04
2.840000e+09	1.749913e+12	0.000000e+00	6.228072e-01	1.195968e+14	2.739336e+14	7.197254e+13	9.679714e+03	5.492723e+03	3.736464e+03	0	3.888328e-04
2.850000e+09	1.708030e+12	0.000000e+00	6.228072e-01	1.190620e+14	2.728876e+14	7.176826e+13	9.673126e+03	5.489392e+03	3.734198e+03	0	3.857056e-04
2.860000e+09	1.666487e+12	0.000000e+00	6.228072e-01	1.185313e+14	2.718484e+14	7.156507e+13	9.666568e+03	5.486073e+03	3.731940e+03	0	3.825528e-04
2.870000e+09	1.625280e+12	0.000000e+00	6.228072e-01	1.180046e+14	2.708160e+14	7.136297e+13	9.660040e+03	5.482766e+03	3.729690e+03	0	3.793733e-04
2.880000e+09	1.584405e+12	0.000000e+00	6.228072e-01	1.174819e+14	2.697905e+14	7.116195e+13	9.653540e+03	5.479471e+03	3.727449e+03	0	3.761659e-04
2.890000e+09	1.543858e+12	0.000000e+00	6.228072e-01	1.169632e+14	2.687715e+14	7.096199e+13	9.647069e+03	5.476188e+03	3.725216e+03	0	3.729294e-04
2.900000e+09	1.503637e+12	0.000000e+00	6.228072e-01	1.164483e+14	2.677592e+14	7.076309e+13	9.640626e+03	5.472918e+03	3.722991e+03	0	3.696623e-04
2.910000e+09	1.463738e+12	0.000000e+00	6.228072e-01	1.159374e+14	2.667535e+14	7.056525e+13	9.634212e+03	5.469659e+03	3.720774e+03	0	3.663632e-04
2.920000e+09	1.424156e+12	0.000000e+00	6.228072e-01	1.154303e+14	2.657542e+14	7.036846e+13	9.627826e+03	5.466413e+03	3.718566e+03	0	3.630307e-04
2.930000e+09	1.384889e+12	0.000000e+00	6.228072e-01	1.149270e+14	2.647615e+14	7.017270e+13	9.621467e+03	5.463178e+03	3.716365e+03	0	3.596630e-04
2.940000e+09	1.345934e+12	0.000000e+00	6.228072e-01	1.144274e+14	2.637751e+14	6.997798e+13	9.615137e+03	5.459955e+03	3.714173e+03	0	3.562586e-04
2.950000e+09	1.307286e+12	0.000000e+00	6.228072e-01	1.139316e+14	2.627951e+14	6.978429e+13	9.608834e+03	5.456744e+03	3.711989e+03	0	3.528155e-04
2.960000e+09	1.268943e+12	0.000000e+00	6.228072e-01	1.134394e+14	2.618214e+14	6.959161e+13	9.602558e+03	5.453545e+03	3.709812e+03	0	3.493318e-04
2.970000e+09	1.230902e+12	0.000000e+00	6.228072e-01	1.129509e+14	2.608539e+14	6.939995e+13	9.596309e+03	5.450357e+03	3.707644e+03	0	3.458055e-04
2.980000e+09	1.193158e+12	0.000000e+00	6.228072e-01	1.124660e+14	2.598925e+14	6.920929e+13	9.590087e+03	5.447181e+03	3.705483e+03	0	3.422343e-04
2.990000e+09	1.155710e+12	0.000000e+00	6.228072e-01	1.119846e+14	2.589374e+14	6.901964e+13	9.583892e+03	5.444017e+03	3.703331e+03	0	3.386157e-04
3.000000e+09	1.118554e+12	0.000000e+00	6.228072e-01	1.115068e+14	2.579883e+14	6.883097e+13	9.577723e+03	5.440863e+03	3.701186e+03	0	3.349473e-04
3.010000e+09	1.081687e+12	0.000000e+00	6.228072e-01	1.110325e+14	2.570452e+14	6.864329e+13	9.571581e+03	5.437722e+03	3.699049e+03	0	3.312262e-04
3.020000e+09	1.045106e+12	0.000000e+00	6.228072e-01	1.105616e+14	2.561081e+14	6.845659e+13	9.565464e+03	5.434591e+03	3.696919e+03	0	3.274494e-04
3.030000e+09	1.008807e+12	0.000000e+00	6.228072e-01	1.100941e+14	2.551770e+14	6.827086e+13	9.559374e+03	5.431472e+03	3.694797e+03	0	3.236136e-04
3.040000e+09	9.727886e+11	0.000000e+00	6.228072e-01	1.096300e+14	2.542517e+14	6.808609e+13	9.553309e+03	5.428364e+03	3.692683e+03	0	3.197154e-04
3.050000e+09	9.370471e+11	0.000000e+00	6.228072e-01	1.091693e+14	2.533322e+14	6.790229e+13	9.547270e+03	5.425267e+03	3.690576e+03	0	3.157509e-04
3.060000e+09	9.015798e+11	0.000000e+00	6.228072e-01	1.087119e+14	2.524185e+14	6.771944e+13	9.541256e+03	5.422182e+03	3.688477e+03	0	3.117158e-04
3.070000e+09	8.663838e+11	0.000000e+00	6.228072e-01	1.082578e+14	2.515106e+14	6.753753e+13	9.535267e+03	5.419107e+03	3.686386e+03	0	3.076056e-04
3.080000e+09	8.314563e+11	0.000000e+00	6.228072e-01	1.078069e+14	2.506083e+14	6.735656e+13	9.529303e+03	5.416043e+03	3.684302e+03	0	3.034151e-04
3.090000e+09	7.967946e+11	0.000000e+00	6.228072e-01	1.073592e+14	2.497116e+14	6.717653e+13	9.523364e+03	5.412990e+03	3.682225e+03	0	2.991389e-04
3.100000e+09	7.623959e+11	0.000000e+00	6.228072e-01	1.069148e+14	2.488206e+14	6.699743e+13	9.517450e+03	5.409948e+03	3.680155e+03	0	2.947707e-04
3.110000e+09	7.282575e+11	0.000000e+00	6.228072e-01	1.064735e+14	2.479351e+14	6.681924e+13	9.511560e+03	5.406917e+03	3.678093e+03	0	2.903036e-04
3.120000e+09	6.943769e+11	0.000000e+00	6.228072e-01	1.060353e+14	2.470550e+14	6.664198e+13	9.505695e+03	5.403896e+03	3.676039e+03	0	2.857300e-04
3.130000e+09	6.607513e+11	0.000000e+00	6.228072e-01	1.056002e+14	2.461804e+14	6.646562e+13	9.499853e+03	5.400887e+03	3.673991e+03	0	2.810413e-04
3.140000e+09	6.273783e+11	0.000000e+00	6.228072e-01	1.051681e+14	2.453112e+14	6.629016e+13	9.494036e+03	5.397887e+03	3.671951e+03	0	2.762277e-04
3.150000e+09	5.942551e+11	0.000000e+00	6.228072e-01	1.047391e+14	2.444474e+14	6.611560e+13	9.488242e+03	5.394899e+03	3.669918e+03	0	2.712783e-04
3.160000e+09	5.613794e+11	0.000000e+00	6.228072e-01	1.043131e+14	2.435889e+14	6.594193e+13	9.482472e+03	5.391920e+03	3.667892e+03	0	2.661805e-04
3.170000e+09	5.287486e+11	0.000000e+00	6.228072e-01	1.038900e+14	2.427356e+14	6.576915e+13	9.476725e+03	5.388953e+03	3.665873e+03	0	2.609199e-04
3.180000e+09	4.963602e+11	0.000000e+00	6.228072e-01	1.034700e+14	2.418876e+14	6.559725e+13	9.471001e+03	5.385995e+03	3.663861e+03	0	2.554797e-04
3.190000e+09	4.642119e+11	0.000000e+00	6.228072e-01	1.030528e+14	2.410447e+14	6.542622e+13	9.465301e+03	5.383048e+03	3.661857e+03	0	2.498405e-04
3.200000e+09	4.323013e+11	0.000000e+00	6.228072e-01	1.026385e+14	2.402070e+14	6.525606e+13	9.459624e+03	5.380111e+03	3.659859e+03	0	2.439793e-04
3.210000e+09	4.006259e+11	0.000000e+00	6.228072e-01	1.022270e+14	2.393743e+14	6.508676e+13	9.453969e+03	5.377185e+03	3.657868e+03	0	2.378686e-04
3.220000e+09	3.691835e+11	0.000000e+00	6.228072e-01	1.018184e+14	2.385468e+14	6.491831e+13	9.448337e+03	5.374268e+03	3.655884e+03	0	2.314754e-04
3.230000e+09	3.379717e+11	0.000000e+00	6.228072e-01	1.014126e+14	2.377242e+14	6.475072e+13	9.442727e+03	5.371362e+03	3.653907e+03	0	2.247592e-04
3.240000e+09	3.069883e+11	0.000000e+00	6.228072e-01	1.010096e+14	2.369066e+14	6.458397e+13	9.437140e+03	5.368466e+03	3.651937e+03	0	2.176697e-04
3.250000e+09	2.762310e+11	0.000000e+00	6.228072e-01	1.006093e+14	2.360939e+14	6.441807e+13	9.431575e+03	5.365580e+03	3.649973e+03	0	2.101430e-04
3.260000e+09	2.456976e+11	0.000000e+00	6.228072e-01	1.002117e+14	2.352861e+14	6.425299e+13	9.426032e+03	5.362703e+03	3.648017e+03	0	2.020960e-04
3.270000e+09	2.153858e+11	0.000000e+00	6.228072e-01	9.981688e+13	2.344831e+14	6.408875e+13	9.420511e+03	5.359837e+03	3.646067e+03	0	1.934178e-04
3.280000e+09	1.852937e+11	0.000000e+00	6.228072e-01	9.942468e+13	2.336850e+14	6.392532e+13	9.415012e+03	5.356980e+03	3.644124e+03	0	1.839547e-04
3.290000e+09	1.554189e+11	0.000000e+00	6.228072e-01	9.903514e+13	2.328916e+14	6.376272e+13	9.409534e+03	5.354133e+03	3.642187e+03	0	1.734837e-04
3.300000e+09	1.257594e+11	0.000000e+00	6.228072e-01	9.864821e+13	2.321030e+14	6.360092e+13	9.404078e+03	5.351296e+03	3.640257e+03	0	1.616606e-04
3.310000e+09	9.631309e+10	0.000000e+00	6.228072e-01	9.826388e+13	2.313190e+14	6.343994e+13	9.398642e+03	5.348469e+03	3.638334e+03	0	1.479060e-04
3.320000e+09	6.707793e+10	0.000000e+00	6.228072e-01	9.788212e+13	2.305397e+14	6.327975e+13	9.393229e+03	5.345651e+03	3.636417e+03	0	1.311044e-04
3.330000e+09	3.805187e+10	0.000000e+00	6.228072e-01	9.750291e+13	2.297650e+14	6.312037e+13	9.387836e+03	5.342843e+03	3.634506e+03	0	1.085299e-04
3.340000e+09	9.232903e+09	0.000000e+00	6.228072e-01	9.712622e+13	2.289950e+14	6.296177e+13	9.382464e+03	5.340044e+03	3.632603e+03	0	6.769193e-05
3.350000e+09	-1.938096e+10	0.000000e+00	6.228072e-01	9.675203e+13	2.282294e+14	6.280396e+13	9.377112e+03	5.337255e+03	3.630705e+03	0	nan
