#t		Qconv[W]	Ri[Rp]		R*[Rp]		Qc[W]		Qm[W]		Qr[W]		Tcmb[K]		Tl[K]		Tup[K]		RiFlag		Bs[T]
0.000000e+00	1.293487e+13	0.000000e+00	4.206897e-01	3.643664e+14	7.060358e+13	2.175036e+14	9.790519e+03	3.906282e+03	2.463046e+03	0	9.573996e-04
1.000000e+07	1.233968e+13	0.000000e+00	4.206897e-01	3.481169e+14	7.344269e+13	2.162985e+14	9.693202e+03	3.929318e+03	2.477571e+03	0	9.424837e-04
2.000000e+07	1.178745e+13	0.000000e+00	4.206897e-01	3.330362e+14	7.624972e+13	2.151024e+14	9.600153e+03	3.951437e+03	2.491518e+03	0	9.282091e-04
3.000000e+07	1.127391e+13	0.000000e+00	4.206897e-01	3.190085e+14	7.902343e+13	2.139152e+14	9.511069e+03	3.972694e+03	2.504921e+03	0	9.145289e-04
4.000000e+07	1.079535e+13	0.000000e+00	4.206897e-01	3.059326e+14	8.176276e+13	2.127369e+14	9.425680e+03	3.993138e+03	2.517812e+03	0	9.014011e-04
5.000000e+07	1.034847e+13	0.000000e+00	4.206897e-01	2.937194e+14	8.446669e+13	2.115674e+14	9.343736e+03	4.012814e+03	2.530218e+03	0	8.887875e-04
6.000000e+07	9.930403e+12	0.000000e+00	4.206897e-01	2.822903e+14	8.713436e+13	2.104065e+14	9.265016e+03	4.031763e+03	2.542167e+03	0	8.766539e-04
7.000000e+07	9.538579e+12	0.000000e+00	4.206897e-01	2.715760e+14	8.976496e+13	2.092544e+14	9.189315e+03	4.050024e+03	2.553681e+03	0	8.649688e-04
8.000000e+07	9.170731e+12	0.000000e+00	4.206897e-01	2.615147e+14	9.235776e+13	2.081108e+14	9.116446e+03	4.067629e+03	2.564782e+03	0	8.537038e-04
9.000000e+07	8.824837e+12	0.000000e+00	4.206897e-01	2.520513e+14	9.491214e+13	2.069757e+14	9.046241e+03	4.084612e+03	2.575490e+03	0	8.428328e-04
1.000000e+08	8.499090e+12	0.000000e+00	4.206897e-01	2.431369e+14	9.742750e+13	2.058490e+14	8.978542e+03	4.101001e+03	2.585823e+03	0	8.323322e-04
1.100000e+08	8.191872e+12	0.000000e+00	4.206897e-01	2.347274e+14	9.990339e+13	2.047307e+14	8.913207e+03	4.116822e+03	2.595799e+03	0	8.221800e-04
1.200000e+08	7.901729e+12	0.000000e+00	4.206897e-01	2.267832e+14	1.023393e+14	2.036207e+14	8.850103e+03	4.132102e+03	2.605434e+03	0	8.123564e-04
1.300000e+08	7.627354e+12	0.000000e+00	4.206897e-01	2.192688e+14	1.047349e+14	2.025189e+14	8.789108e+03	4.146863e+03	2.614741e+03	0	8.028428e-04
1.400000e+08	7.367563e+12	0.000000e+00	4.206897e-01	2.121520e+14	1.070898e+14	2.014253e+14	8.730110e+03	4.161127e+03	2.623735e+03	0	7.936222e-04
1.500000e+08	7.121289e+12	0.000000e+00	4.206897e-01	2.054037e+14	1.094037e+14	2.003397e+14	8.673004e+03	4.174915e+03	2.632429e+03	0	7.846791e-04
1.600000e+08	6.887563e+12	0.000000e+00	4.206897e-01	1.989977e+14	1.116764e+14	1.992622e+14	8.617694e+03	4.188244e+03	2.640833e+03	0	7.759988e-04
1.700000e+08	6.665503e+12	0.000000e+00	4.206897e-01	1.929099e+14	1.139078e+14	1.981926e+14	8.564089e+03	4.201133e+03	2.648960e+03	0	7.675680e-04
1.800000e+08	6.454307e+12	0.000000e+00	4.206897e-01	1.871184e+14	1.160976e+14	1.971309e+14	8.512107e+03	4.213599e+03	2.656820e+03	0	7.593740e-04
1.900000e+08	6.253243e+12	0.000000e+00	4.206897e-01	1.816034e+14	1.182458e+14	1.960770e+14	8.461668e+03	4.225656e+03	2.664423e+03	0	7.514054e-04
2.000000e+08	6.061644e+12	0.000000e+00	4.206897e-01	1.763467e+14	1.203522e+14	1.950309e+14	8.412700e+03	4.237321e+03	2.671778e+03	0	7.436513e-04
2.100000e+08	5.878895e+12	0.000000e+00	4.206897e-01	1.713316e+14	1.224169e+14	1.939925e+14	8.365135e+03	4.248606e+03	2.678893e+03	0	7.361016e-04
2.200000e+08	5.704435e+12	0.000000e+00	4.206897e-01	1.665427e+14	1.244399e+14	1.929616e+14	8.318909e+03	4.259525e+03	2.685778e+03	0	7.287469e-04
2.300000e+08	5.537747e+12	0.000000e+00	4.206897e-01	1.619660e+14	1.264212e+14	1.919384e+14	8.273962e+03	4.270090e+03	2.692440e+03	0	7.215785e-04
2.400000e+08	5.378357e+12	0.000000e+00	4.206897e-01	1.575886e+14	1.283609e+14	1.909227e+14	8.230238e+03	4.280313e+03	2.698886e+03	0	7.145880e-04
2.500000e+08	5.225825e+12	0.000000e+00	4.206897e-01	1.533985e+14	1.302591e+14	1.899144e+14	8.187685e+03	4.290206e+03	2.705124e+03	0	7.077678e-04
2.600000e+08	5.079748e+12	0.000000e+00	4.206897e-01	1.493848e+14	1.321159e+14	1.889134e+14	8.146253e+03	4.299779e+03	2.711160e+03	0	7.011107e-04
2.700000e+08	4.939751e+12	0.000000e+00	4.206897e-01	1.455371e+14	1.339315e+14	1.879198e+14	8.105895e+03	4.309042e+03	2.717001e+03	0	6.946098e-04
2.800000e+08	4.805488e+12	0.000000e+00	4.206897e-01	1.418461e+14	1.357060e+14	1.869335e+14	8.066567e+03	4.318006e+03	2.722652e+03	0	6.882587e-04
2.900000e+08	4.676637e+12	0.000000e+00	4.206897e-01	1.383031e+14	1.374397e+14	1.859543e+14	8.028227e+03	4.326678e+03	2.728121e+03	0	6.820514e-04
3.000000e+08	4.552901e+12	0.000000e+00	4.206897e-01	1.348998e+14	1.391329e+14	1.849823e+14	7.990837e+03	4.335068e+03	2.733411e+03	0	6.759822e-04
3.100000e+08	4.434003e+12	0.000000e+00	4.206897e-01	1.316288e+14	1.407857e+14	1.840174e+14	7.954359e+03	4.343185e+03	2.738529e+03	0	6.700459e-04
3.200000e+08	4.319684e+12	0.000000e+00	4.206897e-01	1.284830e+14	1.423984e+14	1.830595e+14	7.918759e+03	4.351037e+03	2.743480e+03	0	6.642372e-04
3.300000e+08	4.209705e+12	0.000000e+00	4.206897e-01	1.254559e+14	1.439714e+14	1.821085e+14	7.884002e+03	4.358631e+03	2.748268e+03	0	6.585515e-04
3.400000e+08	4.103840e+12	0.000000e+00	4.206897e-01	1.225413e+14	1.455049e+14	1.811645e+14	7.850057e+03	4.365975e+03	2.752899e+03	0	6.529842e-04
3.500000e+08	4.001881e+12	0.000000e+00	4.206897e-01	1.197336e+14	1.469993e+14	1.802273e+14	7.816895e+03	4.373077e+03	2.757377e+03	0	6.475311e-04
3.600000e+08	3.903632e+12	0.000000e+00	4.206897e-01	1.170274e+14	1.484550e+14	1.792969e+14	7.784486e+03	4.379942e+03	2.761705e+03	0	6.421880e-04
3.700000e+08	3.808910e+12	0.000000e+00	4.206897e-01	1.144177e+14	1.498723e+14	1.783733e+14	7.752805e+03	4.386578e+03	2.765890e+03	0	6.369511e-04
3.800000e+08	3.717543e+12	0.000000e+00	4.206897e-01	1.118997e+14	1.512516e+14	1.774563e+14	7.721824e+03	4.392991e+03	2.769933e+03	0	6.318168e-04
3.900000e+08	3.629370e+12	0.000000e+00	4.206897e-01	1.094693e+14	1.525932e+14	1.765460e+14	7.691520e+03	4.399187e+03	2.773840e+03	0	6.267816e-04
4.000000e+08	3.544239e+12	0.000000e+00	4.206897e-01	1.071221e+14	1.538977e+14	1.756422e+14	7.661870e+03	4.405173e+03	2.777614e+03	0	6.218422e-04
4.100000e+08	3.462010e+12	0.000000e+00	4.206897e-01	1.048543e+14	1.551654e+14	1.747449e+14	7.632850e+03	4.410953e+03	2.781259e+03	0	6.169955e-04
4.200000e+08	3.382548e+12	0.000000e+00	4.206897e-01	1.026624e+14	1.563967e+14	1.738541e+14	7.604441e+03	4.416534e+03	2.784778e+03	0	6.122383e-04
4.300000e+08	3.305727e+12	0.000000e+00	4.206897e-01	1.005427e+14	1.575920e+14	1.729698e+14	7.576621e+03	4.421920e+03	2.788174e+03	0	6.075680e-04
4.400000e+08	3.231430e+12	0.000000e+00	4.206897e-01	9.849224e+13	1.587519e+14	1.720918e+14	7.549372e+03	4.427118e+03	2.791451e+03	0	6.029817e-04
4.500000e+08	3.159545e+12	0.000000e+00	4.206897e-01	9.650781e+13	1.598768e+14	1.712201e+14	7.522675e+03	4.432131e+03	2.794613e+03	0	5.984769e-04
4.600000e+08	3.089965e+12	0.000000e+00	4.206897e-01	9.458658e+13	1.609671e+14	1.703546e+14	7.496512e+03	4.436966e+03	2.797661e+03	0	5.940510e-04
4.700000e+08	3.022593e+12	0.000000e+00	4.206897e-01	9.272582e+13	1.620233e+14	1.694954e+14	7.470866e+03	4.441626e+03	2.800599e+03	0	5.897018e-04
4.800000e+08	2.957333e+12	0.000000e+00	4.206897e-01	9.092297e+13	1.630459e+14	1.686423e+14	7.445721e+03	4.446116e+03	2.803430e+03	0	5.854268e-04
4.900000e+08	2.894097e+12	0.000000e+00	4.206897e-01	8.917561e+13	1.640354e+14	1.677954e+14	7.421062e+03	4.450440e+03	2.806157e+03	0	5.812241e-04
5.000000e+08	2.832801e+12	0.000000e+00	4.206897e-01	8.748142e+13	1.649922e+14	1.669544e+14	7.396875e+03	4.454603e+03	2.808782e+03	0	5.770913e-04
5.100000e+08	2.773365e+12	0.000000e+00	4.206897e-01	8.583823e+13	1.659168e+14	1.661195e+14	7.373143e+03	4.458610e+03	2.811308e+03	0	5.730267e-04
5.200000e+08	2.715713e+12	0.000000e+00	4.206897e-01	8.424397e+13	1.668097e+14	1.652906e+14	7.349855e+03	4.462463e+03	2.813738e+03	0	5.690282e-04
5.300000e+08	2.659773e+12	0.000000e+00	4.206897e-01	8.269669e+13	1.676715e+14	1.644676e+14	7.326996e+03	4.466167e+03	2.816073e+03	0	5.650940e-04
5.400000e+08	2.605478e+12	0.000000e+00	4.206897e-01	8.119453e+13	1.685025e+14	1.636504e+14	7.304555e+03	4.469725e+03	2.818317e+03	0	5.612224e-04
5.500000e+08	2.552763e+12	0.000000e+00	4.206897e-01	7.973572e+13	1.693034e+14	1.628390e+14	7.282519e+03	4.473142e+03	2.820471e+03	0	5.574117e-04
5.600000e+08	2.501567e+12	0.000000e+00	4.206897e-01	7.831859e+13	1.700746e+14	1.620334e+14	7.260877e+03	4.476421e+03	2.822539e+03	0	5.536601e-04
5.700000e+08	2.451831e+12	0.000000e+00	4.206897e-01	7.694153e+13	1.708165e+14	1.612336e+14	7.239617e+03	4.479565e+03	2.824521e+03	0	5.499663e-04
5.800000e+08	2.403500e+12	0.000000e+00	4.206897e-01	7.560303e+13	1.715297e+14	1.604394e+14	7.218729e+03	4.482578e+03	2.826421e+03	0	5.463286e-04
5.900000e+08	2.356521e+12	0.000000e+00	4.206897e-01	7.430164e+13	1.722148e+14	1.596508e+14	7.198202e+03	4.485463e+03	2.828240e+03	0	5.427456e-04
6.000000e+08	2.310843e+12	0.000000e+00	4.206897e-01	7.303598e+13	1.728721e+14	1.588678e+14	7.178026e+03	4.488223e+03	2.829980e+03	0	5.392159e-04
6.100000e+08	2.266418e+12	0.000000e+00	4.206897e-01	7.180475e+13	1.735022e+14	1.580904e+14	7.158192e+03	4.490861e+03	2.831644e+03	0	5.357381e-04
6.200000e+08	2.223202e+12	0.000000e+00	4.206897e-01	7.060669e+13	1.741055e+14	1.573184e+14	7.138690e+03	4.493381e+03	2.833233e+03	0	5.323111e-04
6.300000e+08	2.181149e+12	0.000000e+00	4.206897e-01	6.944061e+13	1.746826e+14	1.565519e+14	7.119513e+03	4.495785e+03	2.834748e+03	0	5.289334e-04
6.400000e+08	2.140219e+12	0.000000e+00	4.206897e-01	6.830536e+13	1.752340e+14	1.557908e+14	7.100650e+03	4.498076e+03	2.836193e+03	0	5.256039e-04
6.500000e+08	2.100371e+12	0.000000e+00	4.206897e-01	6.719985e+13	1.757601e+14	1.550351e+14	7.082094e+03	4.500258e+03	2.837569e+03	0	5.223215e-04
6.600000e+08	2.061568e+12	0.000000e+00	4.206897e-01	6.612306e+13	1.762613e+14	1.542847e+14	7.063836e+03	4.502332e+03	2.838876e+03	0	5.190850e-04
6.700000e+08	2.023774e+12	0.000000e+00	4.206897e-01	6.507397e+13	1.767383e+14	1.535396e+14	7.045870e+03	4.504301e+03	2.840118e+03	0	5.158933e-04
6.800000e+08	1.986953e+12	0.000000e+00	4.206897e-01	6.405165e+13	1.771915e+14	1.527997e+14	7.028187e+03	4.506168e+03	2.841295e+03	0	5.127453e-04
6.900000e+08	1.951072e+12	0.000000e+00	4.206897e-01	6.305517e+13	1.776212e+14	1.520649e+14	7.010781e+03	4.507936e+03	2.842410e+03	0	5.096401e-04
7.000000e+08	1.916099e+12	0.000000e+00	4.206897e-01	6.208367e+13	1.780281e+14	1.513354e+14	6.993644e+03	4.509606e+03	2.843463e+03	0	5.065767e-04
7.100000e+08	1.882005e+12	0.000000e+00	4.206897e-01	6.113632e+13	1.784126e+14	1.506109e+14	6.976770e+03	4.511182e+03	2.844457e+03	0	5.035541e-04
7.200000e+08	1.848759e+12	0.000000e+00	4.206897e-01	6.021231e+13	1.787751e+14	1.498915e+14	6.960152e+03	4.512665e+03	2.845392e+03	0	5.005713e-04
7.300000e+08	1.816334e+12	0.000000e+00	4.206897e-01	5.931087e+13	1.791160e+14	1.491772e+14	6.943783e+03	4.514059e+03	2.846271e+03	0	4.976275e-04
7.400000e+08	1.784702e+12	0.000000e+00	4.206897e-01	5.843128e+13	1.794358e+14	1.484678e+14	6.927659e+03	4.515364e+03	2.847094e+03	0	4.947219e-04
7.500000e+08	1.753839e+12	0.000000e+00	4.206897e-01	5.757282e+13	1.797351e+14	1.477633e+14	6.911773e+03	4.516583e+03	2.847863e+03	0	4.918536e-04
7.600000e+08	1.723720e+12	0.000000e+00	4.206897e-01	5.673483e+13	1.800141e+14	1.470638e+14	6.896119e+03	4.517719e+03	2.848579e+03	0	4.890217e-04
7.700000e+08	1.694320e+12	0.000000e+00	4.206897e-01	5.591664e+13	1.802734e+14	1.463692e+14	6.880692e+03	4.518774e+03	2.849244e+03	0	4.862255e-04
7.800000e+08	1.665617e+12	0.000000e+00	4.206897e-01	5.511764e+13	1.805133e+14	1.456793e+14	6.865486e+03	4.519748e+03	2.849858e+03	0	4.834642e-04
7.900000e+08	1.637590e+12	0.000000e+00	4.206897e-01	5.433723e+13	1.807344e+14	1.449943e+14	6.850496e+03	4.520645e+03	2.850424e+03	0	4.807370e-04
8.000000e+08	1.610216e+12	0.000000e+00	4.206897e-01	5.357482e+13	1.809369e+14	1.443140e+14	6.835718e+03	4.521467e+03	2.850942e+03	0	4.780434e-04
8.100000e+08	1.583477e+12	0.000000e+00	4.206897e-01	5.282988e+13	1.811214e+14	1.436384e+14	6.821146e+03	4.522214e+03	2.851413e+03	0	4.753824e-04
8.200000e+08	1.557352e+12	0.000000e+00	4.206897e-01	5.210186e+13	1.812882e+14	1.429675e+14	6.806776e+03	4.522889e+03	2.851838e+03	0	4.727535e-04
8.300000e+08	1.531823e+12	0.000000e+00	4.206897e-01	5.139025e+13	1.814377e+14	1.423013e+14	6.792603e+03	4.523494e+03	2.852220e+03	0	4.701560e-04
8.400000e+08	1.506871e+12	0.000000e+00	4.206897e-01	5.069457e+13	1.815704e+14	1.416396e+14	6.778623e+03	4.524030e+03	2.852558e+03	0	4.675893e-04
8.500000e+08	1.482480e+12	0.000000e+00	4.206897e-01	5.001432e+13	1.816865e+14	1.409825e+14	6.764831e+03	4.524500e+03	2.852854e+03	0	4.650527e-04
8.600000e+08	1.458633e+12	0.000000e+00	4.206897e-01	4.934907e+13	1.817865e+14	1.403300e+14	6.751223e+03	4.524904e+03	2.853109e+03	0	4.625456e-04
8.700000e+08	1.435314e+12	0.000000e+00	4.206897e-01	4.869836e+13	1.818708e+14	1.396819e+14	6.737796e+03	4.525244e+03	2.853323e+03	0	4.600675e-04
8.800000e+08	1.412507e+12	0.000000e+00	4.206897e-01	4.806178e+13	1.819398e+14	1.390383e+14	6.724545e+03	4.525522e+03	2.853499e+03	0	4.576177e-04
8.900000e+08	1.390198e+12	0.000000e+00	4.206897e-01	4.743891e+13	1.819937e+14	1.383991e+14	6.711466e+03	4.525740e+03	2.853636e+03	0	4.551957e-04
9.000000e+08	1.368372e+12	0.000000e+00	4.206897e-01	4.682936e+13	1.820330e+14	1.377643e+14	6.698556e+03	4.525899e+03	2.853736e+03	0	4.528009e-04
9.100000e+08	1.347015e+12	0.000000e+00	4.206897e-01	4.623276e+13	1.820580e+14	1.371338e+14	6.685812e+03	4.526000e+03	2.853800e+03	0	4.504328e-04
9.200000e+08	1.326114e+12	0.000000e+00	4.206897e-01	4.564872e+13	1.820691e+14	1.365077e+14	6.673229e+03	4.526044e+03	2.853828e+03	0	4.480909e-04
9.300000e+08	1.305656e+12	0.000000e+00	4.206897e-01	4.507691e+13	1.820666e+14	1.358858e+14	6.660804e+03	4.526034e+03	2.853822e+03	0	4.457747e-04
9.400000e+08	1.285628e+12	0.000000e+00	4.206897e-01	4.451698e+13	1.820509e+14	1.352682e+14	6.648534e+03	4.525971e+03	2.853782e+03	0	4.434837e-04
9.500000e+08	1.266019e+12	0.000000e+00	4.206897e-01	4.396859e+13	1.820222e+14	1.346548e+14	6.636416e+03	4.525855e+03	2.853709e+03	0	4.412174e-04
9.600000e+08	1.246818e+12	0.000000e+00	4.206897e-01	4.343144e+13	1.819809e+14	1.340456e+14	6.624447e+03	4.525688e+03	2.853604e+03	0	4.389754e-04
9.700000e+08	1.228011e+12	0.000000e+00	4.206897e-01	4.290521e+13	1.819273e+14	1.334406e+14	6.612623e+03	4.525472e+03	2.853467e+03	0	4.367571e-04
9.800000e+08	1.209590e+12	0.000000e+00	4.206897e-01	4.238961e+13	1.818618e+14	1.328397e+14	6.600943e+03	4.525207e+03	2.853300e+03	0	4.345622e-04
9.900000e+08	1.191544e+12	0.000000e+00	4.206897e-01	4.188434e+13	1.817845e+14	1.322428e+14	6.589401e+03	4.524896e+03	2.853104e+03	0	4.323902e-04
1.000000e+09	1.173861e+12	0.000000e+00	4.206897e-01	4.138914e+13	1.816959e+14	1.316500e+14	6.577997e+03	4.524538e+03	2.852878e+03	0	4.302407e-04
1.010000e+09	1.156534e+12	0.000000e+00	4.206897e-01	4.090374e+13	1.815963e+14	1.310612e+14	6.566728e+03	4.524135e+03	2.852624e+03	0	4.281132e-04
1.020000e+09	1.139551e+12	0.000000e+00	4.206897e-01	4.042786e+13	1.814859e+14	1.304764e+14	6.555590e+03	4.523689e+03	2.852343e+03	0	4.260074e-04
1.030000e+09	1.122905e+12	0.000000e+00	4.206897e-01	3.996127e+13	1.813649e+14	1.298956e+14	6.544581e+03	4.523200e+03	2.852034e+03	0	4.239229e-04
1.040000e+09	1.106586e+12	0.000000e+00	4.206897e-01	3.950373e+13	1.812338e+14	1.293187e+14	6.533698e+03	4.522669e+03	2.851700e+03	0	4.218593e-04
1.050000e+09	1.090585e+12	0.000000e+00	4.206897e-01	3.905499e+13	1.810927e+14	1.287457e+14	6.522940e+03	4.522098e+03	2.851339e+03	0	4.198161e-04
1.060000e+09	1.074896e+12	0.000000e+00	4.206897e-01	3.861482e+13	1.809420e+14	1.281765e+14	6.512303e+03	4.521487e+03	2.850954e+03	0	4.177931e-04
1.070000e+09	1.059508e+12	0.000000e+00	4.206897e-01	3.818302e+13	1.807818e+14	1.276112e+14	6.501786e+03	4.520838e+03	2.850545e+03	0	4.157899e-04
1.080000e+09	1.044415e+12	0.000000e+00	4.206897e-01	3.775936e+13	1.806125e+14	1.270497e+14	6.491386e+03	4.520151e+03	2.850112e+03	0	4.138061e-04
1.090000e+09	1.029609e+12	0.000000e+00	4.206897e-01	3.734364e+13	1.804343e+14	1.264920e+14	6.481101e+03	4.519427e+03	2.849656e+03	0	4.118414e-04
1.100000e+09	1.015084e+12	0.000000e+00	4.206897e-01	3.693566e+13	1.802474e+14	1.259380e+14	6.470929e+03	4.518668e+03	2.849177e+03	0	4.098955e-04
1.110000e+09	1.000830e+12	0.000000e+00	4.206897e-01	3.653523e+13	1.800522e+14	1.253877e+14	6.460868e+03	4.517874e+03	2.848676e+03	0	4.079680e-04
1.120000e+09	9.868435e+11	0.000000e+00	4.206897e-01	3.614215e+13	1.798487e+14	1.248411e+14	6.450915e+03	4.517046e+03	2.848154e+03	0	4.060585e-04
1.130000e+09	9.731159e+11	0.000000e+00	4.206897e-01	3.575625e+13	1.796373e+14	1.242982e+14	6.441069e+03	4.516185e+03	2.847612e+03	0	4.041669e-04
1.140000e+09	9.596412e+11	0.000000e+00	4.206897e-01	3.537735e+13	1.794183e+14	1.237589e+14	6.431328e+03	4.515292e+03	2.847048e+03	0	4.022927e-04
1.150000e+09	9.464134e+11	0.000000e+00	4.206897e-01	3.500528e+13	1.791917e+14	1.232232e+14	6.421689e+03	4.514368e+03	2.846465e+03	0	4.004357e-04
1.160000e+09	9.334262e+11	0.000000e+00	4.206897e-01	3.463986e+13	1.789578e+14	1.226910e+14	6.412152e+03	4.513413e+03	2.845863e+03	0	3.985956e-04
1.170000e+09	9.206740e+11	0.000000e+00	4.206897e-01	3.428096e+13	1.787170e+14	1.221624e+14	6.402714e+03	4.512428e+03	2.845242e+03	0	3.967721e-04
1.180000e+09	9.081509e+11	0.000000e+00	4.206897e-01	3.392839e+13	1.784692e+14	1.216374e+14	6.393373e+03	4.511414e+03	2.844603e+03	0	3.949649e-04
1.190000e+09	8.958515e+11	0.000000e+00	4.206897e-01	3.358202e+13	1.782148e+14	1.211158e+14	6.384128e+03	4.510372e+03	2.843946e+03	0	3.931738e-04
1.200000e+09	8.837705e+11	0.000000e+00	4.206897e-01	3.324170e+13	1.779540e+14	1.205977e+14	6.374977e+03	4.509302e+03	2.843271e+03	0	3.913984e-04
1.210000e+09	8.719027e+11	0.000000e+00	4.206897e-01	3.290728e+13	1.776870e+14	1.200830e+14	6.365918e+03	4.508206e+03	2.842580e+03	0	3.896385e-04
1.220000e+09	8.602430e+11	0.000000e+00	4.206897e-01	3.257863e+13	1.774139e+14	1.195717e+14	6.356951e+03	4.507083e+03	2.841872e+03	0	3.878939e-04
1.230000e+09	8.487866e+11	0.000000e+00	4.206897e-01	3.225560e+13	1.771349e+14	1.190639e+14	6.348072e+03	4.505935e+03	2.841148e+03	0	3.861642e-04
1.240000e+09	8.375287e+11	0.000000e+00	4.206897e-01	3.193808e+13	1.768503e+14	1.185593e+14	6.339281e+03	4.504762e+03	2.840409e+03	0	3.844493e-04
1.250000e+09	8.264646e+11	0.000000e+00	4.206897e-01	3.162593e+13	1.765601e+14	1.180581e+14	6.330577e+03	4.503565e+03	2.839654e+03	0	3.827489e-04
1.260000e+09	8.155900e+11	0.000000e+00	4.206897e-01	3.131903e+13	1.762646e+14	1.175602e+14	6.321957e+03	4.502345e+03	2.838885e+03	0	3.810628e-04
1.270000e+09	8.049004e+11	0.000000e+00	4.206897e-01	3.101726e+13	1.759640e+14	1.170656e+14	6.313421e+03	4.501102e+03	2.838101e+03	0	3.793906e-04
1.280000e+09	7.943917e+11	0.000000e+00	4.206897e-01	3.072051e+13	1.756584e+14	1.165743e+14	6.304967e+03	4.499836e+03	2.837303e+03	0	3.777323e-04
1.290000e+09	7.840598e+11	0.000000e+00	4.206897e-01	3.042865e+13	1.753480e+14	1.160861e+14	6.296593e+03	4.498549e+03	2.836491e+03	0	3.760875e-04
1.300000e+09	7.739005e+11	0.000000e+00	4.206897e-01	3.014159e+13	1.750329e+14	1.156012e+14	6.288298e+03	4.497241e+03	2.835667e+03	0	3.744561e-04
1.310000e+09	7.639101e+11	0.000000e+00	4.206897e-01	2.985921e+13	1.747133e+14	1.151195e+14	6.280082e+03	4.495913e+03	2.834829e+03	0	3.728378e-04
1.320000e+09	7.540848e+11	0.000000e+00	4.206897e-01	2.958141e+13	1.743893e+14	1.146409e+14	6.271942e+03	4.494564e+03	2.833979e+03	0	3.712325e-04
1.330000e+09	7.444209e+11	0.000000e+00	4.206897e-01	2.930809e+13	1.740612e+14	1.141654e+14	6.263878e+03	4.493196e+03	2.833116e+03	0	3.696398e-04
1.340000e+09	7.349149e+11	0.000000e+00	4.206897e-01	2.903915e+13	1.737290e+14	1.136931e+14	6.255888e+03	4.491809e+03	2.832242e+03	0	3.680597e-04
1.350000e+09	7.255632e+11	0.000000e+00	4.206897e-01	2.877449e+13	1.733929e+14	1.132238e+14	6.247971e+03	4.490404e+03	2.831356e+03	0	3.664918e-04
1.360000e+09	7.163625e+11	0.000000e+00	4.206897e-01	2.851402e+13	1.730530e+14	1.127576e+14	6.240126e+03	4.488981e+03	2.830458e+03	0	3.649361e-04
1.370000e+09	7.073095e+11	0.000000e+00	4.206897e-01	2.825766e+13	1.727095e+14	1.122944e+14	6.232352e+03	4.487541e+03	2.829550e+03	0	3.633923e-04
1.380000e+09	6.984010e+11	0.000000e+00	4.206897e-01	2.800531e+13	1.723624e+14	1.118342e+14	6.224648e+03	4.486083e+03	2.828631e+03	0	3.618602e-04
1.390000e+09	6.896338e+11	0.000000e+00	4.206897e-01	2.775688e+13	1.720120e+14	1.113770e+14	6.217012e+03	4.484610e+03	2.827702e+03	0	3.603397e-04
1.400000e+09	6.810051e+11	0.000000e+00	4.206897e-01	2.751230e+13	1.716584e+14	1.109228e+14	6.209444e+03	4.483120e+03	2.826763e+03	0	3.588305e-04
1.410000e+09	6.725117e+11	0.000000e+00	4.206897e-01	2.727148e+13	1.713016e+14	1.104716e+14	6.201942e+03	4.481615e+03	2.825814e+03	0	3.573325e-04
1.420000e+09	6.641509e+11	0.000000e+00	4.206897e-01	2.703434e+13	1.709419e+14	1.100232e+14	6.194505e+03	4.480095e+03	2.824855e+03	0	3.558455e-04
1.430000e+09	6.559199e+11	0.000000e+00	4.206897e-01	2.680080e+13	1.705792e+14	1.095778e+14	6.187134e+03	4.478560e+03	2.823888e+03	0	3.543693e-04
1.440000e+09	6.478158e+11	0.000000e+00	4.206897e-01	2.657080e+13	1.702138e+14	1.091352e+14	6.179825e+03	4.477012e+03	2.822911e+03	0	3.529038e-04
1.450000e+09	6.398361e+11	0.000000e+00	4.206897e-01	2.634425e+13	1.698457e+14	1.086955e+14	6.172579e+03	4.475449e+03	2.821926e+03	0	3.514488e-04
1.460000e+09	6.319782e+11	0.000000e+00	4.206897e-01	2.612109e+13	1.694751e+14	1.082586e+14	6.165395e+03	4.473873e+03	2.820932e+03	0	3.500042e-04
1.470000e+09	6.242395e+11	0.000000e+00	4.206897e-01	2.590125e+13	1.691020e+14	1.078245e+14	6.158271e+03	4.472284e+03	2.819930e+03	0	3.485697e-04
1.480000e+09	6.166176e+11	0.000000e+00	4.206897e-01	2.568465e+13	1.687266e+14	1.073932e+14	6.151208e+03	4.470683e+03	2.818920e+03	0	3.471452e-04
1.490000e+09	6.091101e+11	0.000000e+00	4.206897e-01	2.547123e+13	1.683490e+14	1.069647e+14	6.144203e+03	4.469069e+03	2.817903e+03	0	3.457306e-04
1.500000e+09	6.017147e+11	0.000000e+00	4.206897e-01	2.526094e+13	1.679693e+14	1.065389e+14	6.137256e+03	4.467443e+03	2.816878e+03	0	3.443257e-04
1.510000e+09	5.944292e+11	0.000000e+00	4.206897e-01	2.505370e+13	1.675875e+14	1.061159e+14	6.130366e+03	4.465806e+03	2.815846e+03	0	3.429303e-04
1.520000e+09	5.872511e+11	0.000000e+00	4.206897e-01	2.484945e+13	1.672037e+14	1.056955e+14	6.123533e+03	4.464158e+03	2.814806e+03	0	3.415444e-04
1.530000e+09	5.801786e+11	0.000000e+00	4.206897e-01	2.464814e+13	1.668181e+14	1.052779e+14	6.116755e+03	4.462499e+03	2.813760e+03	0	3.401677e-04
1.540000e+09	5.732093e+11	0.000000e+00	4.206897e-01	2.444970e+13	1.664308e+14	1.048629e+14	6.110032e+03	4.460829e+03	2.812708e+03	0	3.388002e-04
1.550000e+09	5.663413e+11	0.000000e+00	4.206897e-01	2.425408e+13	1.660417e+14	1.044505e+14	6.103363e+03	4.459150e+03	2.811649e+03	0	3.374416e-04
1.560000e+09	5.595726e+11	0.000000e+00	4.206897e-01	2.406123e+13	1.656511e+14	1.040408e+14	6.096747e+03	4.457460e+03	2.810583e+03	0	3.360919e-04
1.570000e+09	5.529011e+11	0.000000e+00	4.206897e-01	2.387108e+13	1.652590e+14	1.036337e+14	6.090183e+03	4.455761e+03	2.809512e+03	0	3.347509e-04
1.580000e+09	5.463251e+11	0.000000e+00	4.206897e-01	2.368360e+13	1.648655e+14	1.032292e+14	6.083672e+03	4.454053e+03	2.808435e+03	0	3.334184e-04
1.590000e+09	5.398426e+11	0.000000e+00	4.206897e-01	2.349872e+13	1.644706e+14	1.028272e+14	6.077211e+03	4.452336e+03	2.807353e+03	0	3.320944e-04
1.600000e+09	5.334519e+11	0.000000e+00	4.206897e-01	2.331639e+13	1.640745e+14	1.024278e+14	6.070801e+03	4.450611e+03	2.806265e+03	0	3.307788e-04
1.610000e+09	5.271510e+11	0.000000e+00	4.206897e-01	2.313657e+13	1.636772e+14	1.020309e+14	6.064440e+03	4.448877e+03	2.805171e+03	0	3.294713e-04
1.620000e+09	5.209384e+11	0.000000e+00	4.206897e-01	2.295921e+13	1.632787e+14	1.016365e+14	6.058128e+03	4.447135e+03	2.804073e+03	0	3.281719e-04
1.630000e+09	5.148124e+11	0.000000e+00	4.206897e-01	2.278427e+13	1.628793e+14	1.012446e+14	6.051864e+03	4.445385e+03	2.802970e+03	0	3.268804e-04
1.640000e+09	5.087712e+11	0.000000e+00	4.206897e-01	2.261169e+13	1.624788e+14	1.008552e+14	6.045648e+03	4.443628e+03	2.801862e+03	0	3.255967e-04
1.650000e+09	5.028133e+11	0.000000e+00	4.206897e-01	2.244143e+13	1.620774e+14	1.004682e+14	6.039479e+03	4.441864e+03	2.800749e+03	0	3.243208e-04
1.660000e+09	4.969371e+11	0.000000e+00	4.206897e-01	2.227345e+13	1.616752e+14	1.000836e+14	6.033356e+03	4.440092e+03	2.799632e+03	0	3.230524e-04
1.670000e+09	4.911410e+11	0.000000e+00	4.206897e-01	2.210771e+13	1.612722e+14	9.970151e+13	6.027279e+03	4.438314e+03	2.798511e+03	0	3.217915e-04
1.680000e+09	4.854237e+11	0.000000e+00	4.206897e-01	2.194416e+13	1.608685e+14	9.932177e+13	6.021247e+03	4.436530e+03	2.797386e+03	0	3.205380e-04
1.690000e+09	4.797835e+11	0.000000e+00	4.206897e-01	2.178277e+13	1.604642e+14	9.894442e+13	6.015260e+03	4.434739e+03	2.796257e+03	0	3.192917e-04
1.700000e+09	4.742192e+11	0.000000e+00	4.206897e-01	2.162349e+13	1.600592e+14	9.856942e+13	6.009316e+03	4.432942e+03	2.795124e+03	0	3.180526e-04
1.710000e+09	4.687292e+11	0.000000e+00	4.206897e-01	2.146629e+13	1.596537e+14	9.819677e+13	6.003416e+03	4.431139e+03	2.793987e+03	0	3.168204e-04
1.720000e+09	4.633122e+11	0.000000e+00	4.206897e-01	2.131113e+13	1.592478e+14	9.782644e+13	5.997559e+03	4.429331e+03	2.792847e+03	0	3.155952e-04
1.730000e+09	4.579669e+11	0.000000e+00	4.206897e-01	2.115797e+13	1.588414e+14	9.745843e+13	5.991744e+03	4.427518e+03	2.791703e+03	0	3.143769e-04
1.740000e+09	4.526920e+11	0.000000e+00	4.206897e-01	2.100677e+13	1.584346e+14	9.709270e+13	5.985970e+03	4.425699e+03	2.790557e+03	0	3.131652e-04
1.750000e+09	4.474861e+11	0.000000e+00	4.206897e-01	2.085750e+13	1.580276e+14	9.672924e+13	5.980238e+03	4.423875e+03	2.789407e+03	0	3.119601e-04
1.760000e+09	4.423482e+11	0.000000e+00	4.206897e-01	2.071013e+13	1.576202e+14	9.636805e+13	5.974546e+03	4.422047e+03	2.788254e+03	0	3.107616e-04
1.770000e+09	4.372769e+11	0.000000e+00	4.206897e-01	2.056463e+13	1.572127e+14	9.600909e+13	5.968895e+03	4.420214e+03	2.787098e+03	0	3.095694e-04
1.780000e+09	4.322710e+11	0.000000e+00	4.206897e-01	2.042095e+13	1.568049e+14	9.565236e+13	5.963283e+03	4.418377e+03	2.785940e+03	0	3.083836e-04
1.790000e+09	4.273294e+11	0.000000e+00	4.206897e-01	2.027907e+13	1.563971e+14	9.529783e+13	5.957710e+03	4.416536e+03	2.784779e+03	0	3.072040e-04
1.800000e+09	4.224510e+11	0.000000e+00	4.206897e-01	2.013895e+13	1.559892e+14	9.494549e+13	5.952175e+03	4.414690e+03	2.783615e+03	0	3.060305e-04
1.810000e+09	4.176346e+11	0.000000e+00	4.206897e-01	2.000057e+13	1.555812e+14	9.459533e+13	5.946679e+03	4.412841e+03	2.782450e+03	0	3.048630e-04
1.820000e+09	4.128792e+11	0.000000e+00	4.206897e-01	1.986389e+13	1.551732e+14	9.424732e+13	5.941221e+03	4.410989e+03	2.781281e+03	0	3.037015e-04
1.830000e+09	4.081837e+11	0.000000e+00	4.206897e-01	1.972889e+13	1.547653e+14	9.390146e+13	5.935800e+03	4.409133e+03	2.780111e+03	0	3.025458e-04
1.840000e+09	4.035470e+11	0.000000e+00	4.206897e-01	1.959554e+13	1.543575e+14	9.355772e+13	5.930415e+03	4.407273e+03	2.778939e+03	0	3.013958e-04
1.850000e+09	3.989681e+11	0.000000e+00	4.206897e-01	1.946380e+13	1.539498e+14	9.321610e+13	5.925067e+03	4.405411e+03	2.777764e+03	0	3.002516e-04
1.860000e+09	3.944461e+11	0.000000e+00	4.206897e-01	1.933365e+13	1.535423e+14	9.287656e+13	5.919755e+03	4.403546e+03	2.776588e+03	0	2.991129e-04
1.870000e+09	3.899799e+11	0.000000e+00	4.206897e-01	1.920507e+13	1.531349e+14	9.253911e+13	5.914478e+03	4.401677e+03	2.775410e+03	0	2.979796e-04
1.880000e+09	3.855686e+11	0.000000e+00	4.206897e-01	1.907802e+13	1.527279e+14	9.220372e+13	5.909236e+03	4.399807e+03	2.774231e+03	0	2.968518e-04
1.890000e+09	3.812113e+11	0.000000e+00	4.206897e-01	1.895249e+13	1.523210e+14	9.187038e+13	5.904028e+03	4.397934e+03	2.773050e+03	0	2.957294e-04
1.900000e+09	3.769070e+11	0.000000e+00	4.206897e-01	1.882844e+13	1.519146e+14	9.153907e+13	5.898855e+03	4.396058e+03	2.771867e+03	0	2.946121e-04
1.910000e+09	3.726549e+11	0.000000e+00	4.206897e-01	1.870585e+13	1.515084e+14	9.120978e+13	5.893716e+03	4.394180e+03	2.770683e+03	0	2.935000e-04
1.920000e+09	3.684541e+11	0.000000e+00	4.206897e-01	1.858470e+13	1.511027e+14	9.088249e+13	5.888610e+03	4.392301e+03	2.769498e+03	0	2.923930e-04
1.930000e+09	3.643038e+11	0.000000e+00	4.206897e-01	1.846496e+13	1.506973e+14	9.055720e+13	5.883537e+03	4.390419e+03	2.768312e+03	0	2.912910e-04
1.940000e+09	3.602030e+11	0.000000e+00	4.206897e-01	1.834661e+13	1.502924e+14	9.023387e+13	5.878497e+03	4.388536e+03	2.767124e+03	0	2.901939e-04
1.950000e+09	3.561509e+11	0.000000e+00	4.206897e-01	1.822963e+13	1.498879e+14	8.991251e+13	5.873489e+03	4.386651e+03	2.765935e+03	0	2.891017e-04
1.960000e+09	3.521469e+11	0.000000e+00	4.206897e-01	1.811399e+13	1.494839e+14	8.959309e+13	5.868512e+03	4.384764e+03	2.764746e+03	0	2.880141e-04
1.970000e+09	3.481900e+11	0.000000e+00	4.206897e-01	1.799968e+13	1.490805e+14	8.927560e+13	5.863567e+03	4.382876e+03	2.763556e+03	0	2.869313e-04
1.980000e+09	3.442795e+11	0.000000e+00	4.206897e-01	1.788667e+13	1.486776e+14	8.896003e+13	5.858654e+03	4.380987e+03	2.762364e+03	0	2.858531e-04
1.990000e+09	3.404147e+11	0.000000e+00	4.206897e-01	1.777493e+13	1.482753e+14	8.864636e+13	5.853771e+03	4.379097e+03	2.761173e+03	0	2.847794e-04
2.000000e+09	3.365948e+11	0.000000e+00	4.206897e-01	1.766446e+13	1.478735e+14	8.833458e+13	5.848918e+03	4.377206e+03	2.759980e+03	0	2.837102e-04
2.010000e+09	3.328191e+11	0.000000e+00	4.206897e-01	1.755523e+13	1.474724e+14	8.802467e+13	5.844096e+03	4.375314e+03	2.758787e+03	0	2.826454e-04
2.020000e+09	3.290868e+11	0.000000e+00	4.206897e-01	1.744721e+13	1.470720e+14	8.771663e+13	5.839303e+03	4.373421e+03	2.757593e+03	0	2.815849e-04
2.030000e+09	3.253973e+11	0.000000e+00	4.206897e-01	1.734040e+13	1.466722e+14	8.741043e+13	5.834540e+03	4.371527e+03	2.756399e+03	0	2.805286e-04
2.040000e+09	3.217499e+11	0.000000e+00	4.206897e-01	1.723477e+13	1.462731e+14	8.710607e+13	5.829806e+03	4.369633e+03	2.755205e+03	0	2.794765e-04
2.050000e+09	3.181440e+11	0.000000e+00	4.206897e-01	1.713030e+13	1.458748e+14	8.680353e+13	5.825101e+03	4.367738e+03	2.754010e+03	0	2.784286e-04
2.060000e+09	3.145788e+11	0.000000e+00	4.206897e-01	1.702698e+13	1.454771e+14	8.650279e+13	5.820424e+03	4.365843e+03	2.752816e+03	0	2.773846e-04
2.070000e+09	3.110537e+11	0.000000e+00	4.206897e-01	1.692478e+13	1.450803e+14	8.620385e+13	5.815775e+03	4.363948e+03	2.751621e+03	0	2.763446e-04
2.080000e+09	3.075682e+11	0.000000e+00	4.206897e-01	1.682370e+13	1.446842e+14	8.590669e+13	5.811154e+03	4.362052e+03	2.750425e+03	0	2.753085e-04
2.090000e+09	3.041215e+11	0.000000e+00	4.206897e-01	1.672370e+13	1.442889e+14	8.561130e+13	5.806561e+03	4.360157e+03	2.749230e+03	0	2.742763e-04
2.100000e+09	3.007131e+11	0.000000e+00	4.206897e-01	1.662479e+13	1.438944e+14	8.531766e+13	5.801995e+03	4.358261e+03	2.748035e+03	0	2.732478e-04
2.110000e+09	2.973424e+11	0.000000e+00	4.206897e-01	1.652693e+13	1.435008e+14	8.502577e+13	5.797456e+03	4.356366e+03	2.746840e+03	0	2.722230e-04
2.120000e+09	2.940088e+11	0.000000e+00	4.206897e-01	1.643011e+13	1.431080e+14	8.473561e+13	5.792943e+03	4.354471e+03	2.745645e+03	0	2.712018e-04
2.130000e+09	2.907117e+11	0.000000e+00	4.206897e-01	1.633433e+13	1.427160e+14	8.444716e+13	5.788457e+03	4.352576e+03	2.744450e+03	0	2.701843e-04
2.140000e+09	2.874506e+11	0.000000e+00	4.206897e-01	1.623955e+13	1.423250e+14	8.416042e+13	5.783997e+03	4.350681e+03	2.743255e+03	0	2.691702e-04
2.150000e+09	2.842250e+11	0.000000e+00	4.206897e-01	1.614577e+13	1.419348e+14	8.387537e+13	5.779563e+03	4.348787e+03	2.742061e+03	0	2.681596e-04
2.160000e+09	2.810342e+11	0.000000e+00	4.206897e-01	1.605297e+13	1.415455e+14	8.359201e+13	5.775154e+03	4.346893e+03	2.740867e+03	0	2.671523e-04
2.170000e+09	2.778778e+11	0.000000e+00	4.206897e-01	1.596114e+13	1.411572e+14	8.331031e+13	5.770771e+03	4.345000e+03	2.739674e+03	0	2.661484e-04
2.180000e+09	2.747552e+11	0.000000e+00	4.206897e-01	1.587026e+13	1.407698e+14	8.303026e+13	5.766412e+03	4.343108e+03	2.738480e+03	0	2.651477e-04
2.190000e+09	2.716660e+11	0.000000e+00	4.206897e-01	1.578032e+13	1.403834e+14	8.275186e+13	5.762079e+03	4.341217e+03	2.737288e+03	0	2.641502e-04
2.200000e+09	2.686096e+11	0.000000e+00	4.206897e-01	1.569131e+13	1.399979e+14	8.247510e+13	5.757769e+03	4.339326e+03	2.736096e+03	0	2.631559e-04
2.210000e+09	2.655856e+11	0.000000e+00	4.206897e-01	1.560320e+13	1.396135e+14	8.219995e+13	5.753485e+03	4.337436e+03	2.734904e+03	0	2.621646e-04
2.220000e+09	2.625934e+11	0.000000e+00	4.206897e-01	1.551600e+13	1.392300e+14	8.192641e+13	5.749224e+03	4.335547e+03	2.733713e+03	0	2.611763e-04
2.230000e+09	2.596327e+11	0.000000e+00	4.206897e-01	1.542967e+13	1.388475e+14	8.165447e+13	5.744987e+03	4.333659e+03	2.732523e+03	0	2.601910e-04
2.240000e+09	2.567029e+11	0.000000e+00	4.206897e-01	1.534422e+13	1.384660e+14	8.138412e+13	5.740773e+03	4.331773e+03	2.731333e+03	0	2.592086e-04
2.250000e+09	2.538036e+11	0.000000e+00	4.206897e-01	1.525963e+13	1.380855e+14	8.111534e+13	5.736583e+03	4.329887e+03	2.730144e+03	0	2.582291e-04
2.260000e+09	2.509343e+11	0.000000e+00	4.206897e-01	1.517589e+13	1.377061e+14	8.084813e+13	5.732416e+03	4.328003e+03	2.728956e+03	0	2.572523e-04
2.270000e+09	2.480946e+11	0.000000e+00	4.206897e-01	1.509298e+13	1.373277e+14	8.058246e+13	5.728271e+03	4.326120e+03	2.727769e+03	0	2.562782e-04
2.280000e+09	2.452842e+11	0.000000e+00	4.206897e-01	1.501089e+13	1.369504e+14	8.031834e+13	5.724149e+03	4.324238e+03	2.726582e+03	0	2.553068e-04
2.290000e+09	2.425024e+11	0.000000e+00	4.206897e-01	1.492962e+13	1.365741e+14	8.005575e+13	5.720050e+03	4.322358e+03	2.725397e+03	0	2.543380e-04
2.300000e+09	2.397491e+11	0.000000e+00	4.206897e-01	1.484914e+13	1.361989e+14	7.979467e+13	5.715973e+03	4.320480e+03	2.724212e+03	0	2.533717e-04
2.310000e+09	2.370236e+11	0.000000e+00	4.206897e-01	1.476945e+13	1.358248e+14	7.953511e+13	5.711917e+03	4.318602e+03	2.723029e+03	0	2.524080e-04
2.320000e+09	2.343258e+11	0.000000e+00	4.206897e-01	1.469054e+13	1.354518e+14	7.927704e+13	5.707883e+03	4.316727e+03	2.721846e+03	0	2.514467e-04
2.330000e+09	2.316550e+11	0.000000e+00	4.206897e-01	1.461240e+13	1.350798e+14	7.902046e+13	5.703871e+03	4.314853e+03	2.720664e+03	0	2.504877e-04
2.340000e+09	2.290111e+11	0.000000e+00	4.206897e-01	1.453501e+13	1.347090e+14	7.876535e+13	5.699880e+03	4.312981e+03	2.719484e+03	0	2.495311e-04
2.350000e+09	2.263935e+11	0.000000e+00	4.206897e-01	1.445837e+13	1.343393e+14	7.851171e+13	5.695911e+03	4.311110e+03	2.718304e+03	0	2.485768e-04
2.360000e+09	2.238020e+11	0.000000e+00	4.206897e-01	1.438246e+13	1.339707e+14	7.825953e+13	5.691962e+03	4.309241e+03	2.717126e+03	0	2.476246e-04
2.370000e+09	2.212361e+11	0.000000e+00	4.206897e-01	1.430727e+13	1.336032e+14	7.800878e+13	5.688034e+03	4.307374e+03	2.715949e+03	0	2.466747e-04
2.380000e+09	2.186955e+11	0.000000e+00	4.206897e-01	1.423280e+13	1.332368e+14	7.775948e+13	5.684126e+03	4.305509e+03	2.714773e+03	0	2.457268e-04
2.390000e+09	2.161799e+11	0.000000e+00	4.206897e-01	1.415904e+13	1.328716e+14	7.751160e+13	5.680239e+03	4.303646e+03	2.713598e+03	0	2.447810e-04
2.400000e+09	2.136889e+11	0.000000e+00	4.206897e-01	1.408597e+13	1.325075e+14	7.726513e+13	5.676371e+03	4.301785e+03	2.712425e+03	0	2.438372e-04
2.410000e+09	2.112222e+11	0.000000e+00	4.206897e-01	1.401359e+13	1.321446e+14	7.702007e+13	5.672524e+03	4.299926e+03	2.711253e+03	0	2.428953e-04
2.420000e+09	2.087794e+11	0.000000e+00	4.206897e-01	1.394188e+13	1.317828e+14	7.677640e+13	5.668696e+03	4.298069e+03	2.710082e+03	0	2.419553e-04
2.430000e+09	2.063602e+11	0.000000e+00	4.206897e-01	1.387084e+13	1.314221e+14	7.653412e+13	5.664888e+03	4.296214e+03	2.708912e+03	0	2.410171e-04
2.440000e+09	2.039643e+11	0.000000e+00	4.206897e-01	1.380046e+13	1.310627e+14	7.629321e+13	5.661099e+03	4.294362e+03	2.707744e+03	0	2.400807e-04
2.450000e+09	2.015914e+11	0.000000e+00	4.206897e-01	1.373073e+13	1.307043e+14	7.605366e+13	5.657330e+03	4.292511e+03	2.706577e+03	0	2.391461e-04
2.460000e+09	1.992412e+11	0.000000e+00	4.206897e-01	1.366165e+13	1.303472e+14	7.581547e+13	5.653579e+03	4.290663e+03	2.705412e+03	0	2.382131e-04
2.470000e+09	1.969133e+11	0.000000e+00	4.206897e-01	1.359319e+13	1.299912e+14	7.557863e+13	5.649848e+03	4.288817e+03	2.704248e+03	0	2.372817e-04
2.480000e+09	1.946075e+11	0.000000e+00	4.206897e-01	1.352536e+13	1.296364e+14	7.534312e+13	5.646135e+03	4.286973e+03	2.703085e+03	0	2.363519e-04
2.490000e+09	1.923234e+11	0.000000e+00	4.206897e-01	1.345814e+13	1.292828e+14	7.510894e+13	5.642440e+03	4.285131e+03	2.701924e+03	0	2.354236e-04
2.500000e+09	1.900608e+11	0.000000e+00	4.206897e-01	1.339153e+13	1.289303e+14	7.487608e+13	5.638764e+03	4.283292e+03	2.700764e+03	0	2.344967e-04
2.510000e+09	1.878194e+11	0.000000e+00	4.206897e-01	1.332553e+13	1.285790e+14	7.464452e+13	5.635106e+03	4.281456e+03	2.699606e+03	0	2.335712e-04
2.520000e+09	1.855990e+11	0.000000e+00	4.206897e-01	1.326011e+13	1.282289e+14	7.441427e+13	5.631466e+03	4.279621e+03	2.698450e+03	0	2.326471e-04
2.530000e+09	1.833991e+11	0.000000e+00	4.206897e-01	1.319528e+13	1.278800e+14	7.418530e+13	5.627843e+03	4.277789e+03	2.697295e+03	0	2.317243e-04
2.540000e+09	1.812197e+11	0.000000e+00	4.206897e-01	1.313103e+13	1.275323e+14	7.395762e+13	5.624239e+03	4.275960e+03	2.696141e+03	0	2.308028e-04
2.550000e+09	1.790603e+11	0.000000e+00	4.206897e-01	1.306734e+13	1.271858e+14	7.373121e+13	5.620652e+03	4.274133e+03	2.694989e+03	0	2.298824e-04
2.560000e+09	1.769208e+11	0.000000e+00	4.206897e-01	1.300422e+13	1.268404e+14	7.350606e+13	5.617082e+03	4.272309e+03	2.693839e+03	0	2.289631e-04
2.570000e+09	1.748009e+11	0.000000e+00	4.206897e-01	1.294166e+13	1.264963e+14	7.328216e+13	5.613530e+03	4.270488e+03	2.692691e+03	0	2.280449e-04
2.580000e+09	1.727003e+11	0.000000e+00	4.206897e-01	1.287964e+13	1.261533e+14	7.305951e+13	5.609994e+03	4.268669e+03	2.691544e+03	0	2.271278e-04
2.590000e+09	1.706188e+11	0.000000e+00	4.206897e-01	1.281816e+13	1.258116e+14	7.283810e+13	5.606476e+03	4.266852e+03	2.690398e+03	0	2.262116e-04
2.600000e+09	1.685561e+11	0.000000e+00	4.206897e-01	1.275722e+13	1.254710e+14	7.261791e+13	5.602974e+03	4.265038e+03	2.689255e+03	0	2.252963e-04
2.610000e+09	1.665120e+11	0.000000e+00	4.206897e-01	1.269680e+13	1.251316e+14	7.239895e+13	5.599489e+03	4.263227e+03	2.688113e+03	0	2.243819e-04
2.620000e+09	1.644863e+11	0.000000e+00	4.206897e-01	1.263691e+13	1.247935e+14	7.218120e+13	5.596020e+03	4.261419e+03	2.686973e+03	0	2.234682e-04
2.630000e+09	1.624787e+11	0.000000e+00	4.206897e-01	1.257753e+13	1.244565e+14	7.196464e+13	5.592568e+03	4.259613e+03	2.685834e+03	0	2.225554e-04
2.640000e+09	1.604891e+11	0.000000e+00	4.206897e-01	1.251866e+13	1.241207e+14	7.174929e+13	5.589132e+03	4.257811e+03	2.684697e+03	0	2.216432e-04
2.650000e+09	1.585171e+11	0.000000e+00	4.206897e-01	1.246029e+13	1.237862e+14	7.153512e+13	5.585711e+03	4.256011e+03	2.683562e+03	0	2.207316e-04
2.660000e+09	1.565625e+11	0.000000e+00	4.206897e-01	1.240242e+13	1.234528e+14	7.132212e+13	5.582307e+03	4.254213e+03	2.682429e+03	0	2.198206e-04
2.670000e+09	1.546252e+11	0.000000e+00	4.206897e-01	1.234503e+13	1.231206e+14	7.111030e+13	5.578919e+03	4.252419e+03	2.681298e+03	0	2.189102e-04
2.680000e+09	1.527049e+11	0.000000e+00	4.206897e-01	1.228813e+13	1.227896e+14	7.089964e+13	5.575546e+03	4.250627e+03	2.680168e+03	0	2.180002e-04
2.690000e+09	1.508014e+11	0.000000e+00	4.206897e-01	1.223171e+13	1.224598e+14	7.069013e+13	5.572189e+03	4.248839e+03	2.679040e+03	0	2.170906e-04
2.700000e+09	1.489146e+11	0.000000e+00	4.206897e-01	1.217576e+13	1.221313e+14	7.048177e+13	5.568847e+03	4.247053e+03	2.677914e+03	0	2.161814e-04
2.710000e+09	1.470441e+11	0.000000e+00	4.206897e-01	1.212027e+13	1.218039e+14	7.027454e+13	5.565520e+03	4.245270e+03	2.676790e+03	0	2.152724e-04
2.720000e+09	1.451898e+11	0.000000e+00	4.206897e-01	1.206525e+13	1.214777e+14	7.006845e+13	5.562209e+03	4.243490e+03	2.675668e+03	0	2.143637e-04
2.730000e+09	1.433515e+11	0.000000e+00	4.206897e-01	1.201068e+13	1.211527e+14	6.986347e+13	5.558913e+03	4.241713e+03	2.674547e+03	0	2.134552e-04
2.740000e+09	1.415291e+11	0.000000e+00	4.206897e-01	1.195656e+13	1.208289e+14	6.965961e+13	5.555631e+03	4.239939e+03	2.673429e+03	0	2.125467e-04
2.750000e+09	7.415103e+12	5.387393e-02	4.206897e-01	1.190288e+13	1.205063e+14	6.945686e+13	5.552364e+03	4.238168e+03	2.672312e+03	0	7.603461e-04
2.850000e+09	7.000924e+12	8.519172e-02	4.206897e-01	1.189684e+13	1.201849e+14	6.748855e+13	5.551729e+03	4.236400e+03	2.671197e+03	1	7.255615e-04
2.950000e+09	7.218535e+12	1.066784e-01	4.206897e-01	1.181027e+13	1.169249e+14	6.562289e+13	5.543901e+03	4.218262e+03	2.659761e+03	1	7.189467e-04
3.050000e+09	7.368419e+12	1.217352e-01	4.206897e-01	1.173793e+13	1.138322e+14	6.385311e+13	5.537056e+03	4.200700e+03	2.648687e+03	1	7.140511e-04
3.150000e+09	7.316597e+12	1.331522e-01	4.206897e-01	1.167484e+13	1.108956e+14	6.217297e+13	5.530916e+03	4.183688e+03	2.637961e+03	1	7.049921e-04
3.250000e+09	7.460857e+12	1.435429e-01	4.206897e-01	1.160771e+13	1.081047e+14	6.057666e+13	5.524715e+03	4.167202e+03	2.627565e+03	1	7.028881e-04
3.350000e+09	7.320303e+12	1.519877e-01	4.206897e-01	1.154966e+13	1.054487e+14	5.905881e+13	5.519193e+03	4.151213e+03	2.617484e+03	1	6.930715e-04
3.450000e+09	7.385172e+12	1.602465e-01	4.206897e-01	1.148203e+13	1.029193e+14	5.761442e+13	5.513258e+03	4.135700e+03	2.607702e+03	1	6.898803e-04
3.550000e+09	7.413731e+12	1.676644e-01	4.206897e-01	1.141885e+13	1.005073e+14	5.623888e+13	5.507711e+03	4.120636e+03	2.598204e+03	1	6.860979e-04
3.650000e+09	7.417286e+12	1.744016e-01	4.206897e-01	1.135770e+13	9.820519e+13	5.492787e+13	5.502405e+03	4.106003e+03	2.588977e+03	1	6.819952e-04
3.750000e+09	7.409644e+12	1.805820e-01	4.206897e-01	1.129704e+13	9.600617e+13	5.367740e+13	5.497238e+03	4.091780e+03	2.580009e+03	1	6.779242e-04
3.850000e+09	7.388259e+12	1.862948e-01	4.206897e-01	1.123631e+13	9.390376e+13	5.248377e+13	5.492169e+03	4.077950e+03	2.571289e+03	1	6.737513e-04
3.950000e+09	7.489953e+12	1.917198e-01	4.206897e-01	1.117477e+13	9.189199e+13	5.134351e+13	5.487142e+03	4.064495e+03	2.562805e+03	1	6.734914e-04
4.050000e+09	7.442597e+12	1.963496e-01	4.206897e-01	1.112062e+13	8.996530e+13	5.025342e+13	5.482653e+03	4.051398e+03	2.554547e+03	1	6.692435e-04
4.150000e+09	7.402108e+12	2.011163e-01	4.206897e-01	1.106389e+13	8.811912e+13	4.921050e+13	5.478087e+03	4.038647e+03	2.546507e+03	1	6.651400e-04
4.250000e+09	7.468584e+12	2.056918e-01	4.206897e-01	1.100529e+13	8.634854e+13	4.821196e+13	5.473477e+03	4.026228e+03	2.538676e+03	1	6.643607e-04
4.350000e+09	7.405734e+12	2.096379e-01	4.206897e-01	1.095202e+13	8.464909e+13	4.725522e+13	5.469267e+03	4.014124e+03	2.531044e+03	1	6.601267e-04
4.450000e+09	7.455658e+12	2.137301e-01	4.206897e-01	1.089544e+13	8.301706e+13	4.633783e+13	5.464912e+03	4.002325e+03	2.523605e+03	1	6.591607e-04
4.550000e+09	7.400494e+12	2.173811e-01	4.206897e-01	1.084323e+13	8.144850e+13	4.545755e+13	5.460890e+03	3.990819e+03	2.516350e+03	1	6.553647e-04
4.650000e+09	7.347394e+12	2.211406e-01	4.206897e-01	1.078833e+13	7.994013e+13	4.461227e+13	5.456749e+03	3.979594e+03	2.509272e+03	1	6.515786e-04
4.750000e+09	7.381683e+12	2.247867e-01	4.206897e-01	1.073111e+13	7.848856e+13	4.380001e+13	5.452506e+03	3.968639e+03	2.502365e+03	1	6.504494e-04
4.850000e+09	7.327341e+12	2.282572e-01	4.206897e-01	1.067752e+13	7.709061e+13	4.301893e+13	5.448539e+03	3.957942e+03	2.495620e+03	1	6.468258e-04
4.950000e+09	7.353565e+12	2.316328e-01	4.206897e-01	1.062160e+13	7.574365e+13	4.226732e+13	5.444459e+03	3.947495e+03	2.489033e+03	1	6.456348e-04
5.050000e+09	7.299868e+12	2.348554e-01	4.206897e-01	1.056886e+13	7.444491e+13	4.154355e+13	5.440620e+03	3.937288e+03	2.482597e+03	1	6.421994e-04
5.150000e+09	7.319691e+12	2.379974e-01	4.206897e-01	1.051390e+13	7.319209e+13	4.084613e+13	5.436668e+03	3.927312e+03	2.476306e+03	1	6.409727e-04
5.250000e+09	7.337277e+12	2.410510e-01	4.206897e-01	1.046179e+13	7.198274e+13	4.017364e+13	5.432931e+03	3.917558e+03	2.470156e+03	1	6.397349e-04
5.350000e+09	7.281063e+12	2.437875e-01	4.206897e-01	1.041228e+13	7.081485e+13	3.952477e+13	5.429394e+03	3.908020e+03	2.464142e+03	1	6.365383e-04
5.450000e+09	7.293952e+12	2.466497e-01	4.206897e-01	1.036034e+13	6.968650e+13	3.889826e+13	5.425720e+03	3.898690e+03	2.458259e+03	1	6.352886e-04
5.550000e+09	7.239648e+12	2.493947e-01	4.206897e-01	1.031080e+13	6.859561e+13	3.829297e+13	5.422227e+03	3.889560e+03	2.452502e+03	1	6.321596e-04
5.650000e+09	7.248582e+12	2.520837e-01	4.206897e-01	1.025902e+13	6.754051e+13	3.770780e+13	5.418603e+03	3.880623e+03	2.446868e+03	1	6.309075e-04
5.750000e+09	7.256229e+12	2.547060e-01	4.206897e-01	1.020946e+13	6.651937e+13	3.714174e+13	5.415146e+03	3.871873e+03	2.441350e+03	1	6.296599e-04
5.850000e+09	7.203797e+12	2.570804e-01	4.206897e-01	1.016194e+13	6.553071e+13	3.659380e+13	5.411845e+03	3.863302e+03	2.435946e+03	1	6.268169e-04
5.950000e+09	7.208478e+12	2.595576e-01	4.206897e-01	1.011232e+13	6.457310e+13	3.606311e+13	5.408412e+03	3.854906e+03	2.430652e+03	1	6.255771e-04
6.050000e+09	7.212221e+12	2.619771e-01	4.206897e-01	1.006462e+13	6.364502e+13	3.554880e+13	5.405124e+03	3.846678e+03	2.425464e+03	1	6.243463e-04
6.150000e+09	7.159553e+12	2.641697e-01	4.206897e-01	1.001873e+13	6.274520e+13	3.505009e+13	5.401973e+03	3.838613e+03	2.420379e+03	1	6.216161e-04
6.250000e+09	7.160899e+12	2.664628e-01	4.206897e-01	9.970687e+12	6.187245e+13	3.456621e+13	5.398681e+03	3.830705e+03	2.415393e+03	1	6.203972e-04
6.350000e+09	7.161562e+12	2.687053e-01	4.206897e-01	9.924361e+12	6.102546e+13	3.409648e+13	5.395517e+03	3.822949e+03	2.410502e+03	1	6.191901e-04
6.450000e+09	7.112522e+12	2.707500e-01	4.206897e-01	9.879647e+12	6.020318e+13	3.364021e+13	5.392473e+03	3.815340e+03	2.405704e+03	1	6.166615e-04
6.550000e+09	7.111329e+12	2.728824e-01	4.206897e-01	9.833035e+12	5.940458e+13	3.319678e+13	5.389300e+03	3.807874e+03	2.400997e+03	1	6.154708e-04
6.650000e+09	7.109637e+12	2.749701e-01	4.206897e-01	9.787968e+12	5.862856e+13	3.276561e+13	5.386242e+03	3.800546e+03	2.396376e+03	1	6.142936e-04
6.750000e+09	7.057924e+12	2.768681e-01	4.206897e-01	9.744358e+12	5.787423e+13	3.234613e+13	5.383292e+03	3.793350e+03	2.391839e+03	1	6.117801e-04
6.850000e+09	7.054639e+12	2.788573e-01	4.206897e-01	9.698660e+12	5.714071e+13	3.193782e+13	5.380193e+03	3.786284e+03	2.387384e+03	1	6.106189e-04
6.950000e+09	7.050995e+12	2.808066e-01	4.206897e-01	9.654379e+12	5.642705e+13	3.154019e+13	5.377199e+03	3.779343e+03	2.383007e+03	1	6.094720e-04
7.050000e+09	7.047030e+12	2.827174e-01	4.206897e-01	9.611441e+12	5.573248e+13	3.115277e+13	5.374302e+03	3.772522e+03	2.378706e+03	1	6.083397e-04
7.150000e+09	7.003017e+12	2.844724e-01	4.206897e-01	9.569777e+12	5.505628e+13	3.077512e+13	5.371500e+03	3.765819e+03	2.374480e+03	1	6.061400e-04
7.250000e+09	6.997905e+12	2.862997e-01	4.206897e-01	9.526486e+12	5.439773e+13	3.040681e+13	5.368578e+03	3.759230e+03	2.370325e+03	1	6.050263e-04
7.350000e+09	6.992567e+12	2.880923e-01	4.206897e-01	9.484434e+12	5.375608e+13	3.004746e+13	5.365745e+03	3.752751e+03	2.366240e+03	1	6.039274e-04
7.450000e+09	6.950171e+12	2.898296e-01	4.206897e-01	9.443562e+12	5.313068e+13	2.969668e+13	5.362999e+03	3.746379e+03	2.362222e+03	1	6.017928e-04
7.550000e+09	6.943875e+12	2.915465e-01	4.206897e-01	9.401170e+12	5.252095e+13	2.935414e+13	5.360138e+03	3.740112e+03	2.358270e+03	1	6.007127e-04
7.650000e+09	6.937430e+12	2.932319e-01	4.206897e-01	9.359931e+12	5.192620e+13	2.901948e+13	5.357359e+03	3.733944e+03	2.354381e+03	1	5.996474e-04
7.750000e+09	6.930854e+12	2.948869e-01	4.206897e-01	9.319790e+12	5.134589e+13	2.869241e+13	5.354660e+03	3.727873e+03	2.350554e+03	1	5.985968e-04
7.850000e+09	6.924164e+12	2.965125e-01	4.206897e-01	9.280699e+12	5.077953e+13	2.837261e+13	5.352037e+03	3.721898e+03	2.346786e+03	1	5.975607e-04
7.950000e+09	6.884997e+12	2.980135e-01	4.206897e-01	9.242611e+12	5.022660e+13	2.805980e+13	5.349487e+03	3.716015e+03	2.343076e+03	1	5.956564e-04
8.050000e+09	6.877585e+12	2.995755e-01	4.206897e-01	9.203096e+12	4.968667e+13	2.775372e+13	5.346824e+03	3.710222e+03	2.339423e+03	1	5.946377e-04
8.150000e+09	6.870109e+12	3.011105e-01	4.206897e-01	9.164569e+12	4.915915e+13	2.745410e+13	5.344232e+03	3.704515e+03	2.335825e+03	1	5.936332e-04
8.250000e+09	6.862579e+12	3.026195e-01	4.206897e-01	9.126988e+12	4.864365e+13	2.716070e+13	5.341709e+03	3.698893e+03	2.332280e+03	1	5.926429e-04
8.350000e+09	6.825638e+12	3.040856e-01	4.206897e-01	9.090314e+12	4.813975e+13	2.687330e+13	5.339251e+03	3.693353e+03	2.328787e+03	1	5.908291e-04
8.450000e+09	6.817518e+12	3.055378e-01	4.206897e-01	9.052313e+12	4.764707e+13	2.659168e+13	5.336685e+03	3.687893e+03	2.325344e+03	1	5.898554e-04
8.550000e+09	6.809381e+12	3.069658e-01	4.206897e-01	9.015209e+12	4.716514e+13	2.631563e+13	5.334184e+03	3.682510e+03	2.321950e+03	1	5.888954e-04
8.650000e+09	6.801235e+12	3.083705e-01	4.206897e-01	8.978966e+12	4.669362e+13	2.604494e+13	5.331744e+03	3.677202e+03	2.318604e+03	1	5.879489e-04
8.750000e+09	6.793086e+12	3.097526e-01	4.206897e-01	8.943550e+12	4.623216e+13	2.577944e+13	5.329364e+03	3.671968e+03	2.315303e+03	1	5.870156e-04
8.850000e+09	6.758610e+12	3.110348e-01	4.206897e-01	8.908929e+12	4.578046e+13	2.551894e+13	5.327041e+03	3.666805e+03	2.312048e+03	1	5.853754e-04
8.950000e+09	6.749995e+12	3.123681e-01	4.206897e-01	8.873068e+12	4.533819e+13	2.526327e+13	5.324615e+03	3.661712e+03	2.308837e+03	1	5.844570e-04
9.050000e+09	6.741404e+12	3.136802e-01	4.206897e-01	8.837999e+12	4.490498e+13	2.501228e+13	5.322245e+03	3.656686e+03	2.305668e+03	1	5.835516e-04
9.150000e+09	6.732839e+12	3.149719e-01	4.206897e-01	8.803690e+12	4.448055e+13	2.476580e+13	5.319929e+03	3.651726e+03	2.302540e+03	1	5.826588e-04
9.250000e+09	6.724305e+12	3.162437e-01	4.206897e-01	8.770115e+12	4.406462e+13	2.452370e+13	5.317666e+03	3.646830e+03	2.299453e+03	1	5.817784e-04
9.350000e+09	6.692678e+12	3.174821e-01	4.206897e-01	8.737245e+12	4.365696e+13	2.428583e+13	5.315455e+03	3.641996e+03	2.296405e+03	1	5.802495e-04
9.450000e+09	6.683777e+12	3.187110e-01	4.206897e-01	8.703256e+12	4.325728e+13	2.405205e+13	5.313146e+03	3.637224e+03	2.293396e+03	1	5.793831e-04
9.550000e+09	6.674925e+12	3.199211e-01	4.206897e-01	8.669971e+12	4.286531e+13	2.382224e+13	5.310888e+03	3.632510e+03	2.290424e+03	1	5.785287e-04
9.650000e+09	6.666123e+12	3.211131e-01	4.206897e-01	8.637367e+12	4.248080e+13	2.359629e+13	5.308679e+03	3.627854e+03	2.287488e+03	1	5.776861e-04
9.750000e+09	6.657376e+12	3.222873e-01	4.206897e-01	8.605418e+12	4.210354e+13	2.337406e+13	5.306517e+03	3.623254e+03	2.284587e+03	1	5.768552e-04
9.850000e+09	6.648682e+12	3.234444e-01	4.206897e-01	8.574103e+12	4.173333e+13	2.315545e+13	5.304400e+03	3.618708e+03	2.281721e+03	1	5.760357e-04
9.950000e+09	6.620318e+12	3.245725e-01	4.206897e-01	8.543399e+12	4.136995e+13	2.294036e+13	5.302328e+03	3.614217e+03	2.278889e+03	1	5.746629e-04
