#R=1.7836660723044246
#interptype='linear'
#name='planet'
#norm={'P': 1000000000000.0, 'R': 1.7836660723044246, 'M': 3.7999999999999998, 'g': 11.740988070306376, 'rho': 1000.0}
#state=1
#composition
#layer0		Fe08FeS02		0.100000
#layer1		pv_fmw		0.900000
#layer2		ice_VII		0.300000
#Cols=
 #'ur		r		mr		rho		P		g		phi		T		composition'
#-end-
0.000000e+00	0.000000e+00	2.932984e-11	1.523845e+04	8.328713e+11	0.000000e+00	-2.695203e+08	5.000000e+03	0
5.025126e-03	8.963146e-03	3.544131e-06	1.523977e+04	8.331519e+11	-4.485872e-02	-2.695133e+08	5.000000e+03	0
1.005025e-02	1.792629e-02	2.116969e-05	1.523999e+04	8.331986e+11	9.400582e-02	-2.694926e+08	5.000000e+03	0
1.507538e-02	2.688944e-02	5.982109e-05	1.523921e+04	8.330337e+11	3.295938e-01	-2.694579e+08	5.000000e+03	0
2.010050e-02	3.585258e-02	1.268684e-04	1.523753e+04	8.326785e+11	5.732103e-01	-2.694094e+08	5.000000e+03	0
2.512563e-02	4.481573e-02	2.568962e-04	1.523453e+04	8.320428e+11	8.175661e-01	-2.693470e+08	5.000000e+03	0
3.015075e-02	5.377888e-02	4.429050e-04	1.523064e+04	8.312198e+11	1.061925e+00	-2.692705e+08	5.000000e+03	0
3.517588e-02	6.274202e-02	6.918047e-04	1.522587e+04	8.302097e+11	1.306231e+00	-2.691804e+08	5.000000e+03	0
4.020101e-02	7.170517e-02	1.012203e-03	1.522019e+04	8.290089e+11	1.550425e+00	-2.690764e+08	5.000000e+03	0
4.522613e-02	8.066831e-02	1.457327e-03	1.521319e+04	8.275313e+11	1.794381e+00	-2.689584e+08	5.000000e+03	0
5.025126e-02	8.963146e-02	2.000036e-03	1.520531e+04	8.258677e+11	2.038139e+00	-2.688267e+08	5.000000e+03	0
5.527638e-02	9.859461e-02	2.647159e-03	1.519654e+04	8.240185e+11	2.281680e+00	-2.686811e+08	5.000000e+03	0
6.030151e-02	1.075578e-01	3.409332e-03	1.518686e+04	8.219784e+11	2.524978e+00	-2.685218e+08	5.000000e+03	0
6.532663e-02	1.165209e-01	4.356428e-03	1.517587e+04	8.196663e+11	2.767878e+00	-2.683483e+08	5.000000e+03	0
7.035176e-02	1.254840e-01	5.442150e-03	1.516399e+04	8.171706e+11	3.010475e+00	-2.681618e+08	5.000000e+03	0
7.537688e-02	1.344472e-01	6.673210e-03	1.515123e+04	8.144917e+11	3.252751e+00	-2.679611e+08	5.000000e+03	0
8.040201e-02	1.434103e-01	8.063027e-03	1.513754e+04	8.116227e+11	3.494676e+00	-2.677476e+08	5.000000e+03	0
8.542714e-02	1.523735e-01	9.696040e-03	1.512255e+04	8.084879e+11	3.736055e+00	-2.675187e+08	5.000000e+03	0
9.045226e-02	1.613366e-01	1.150790e-02	1.510667e+04	8.051727e+11	3.977030e+00	-2.672769e+08	5.000000e+03	0
9.547739e-02	1.702998e-01	1.350515e-02	1.508990e+04	8.016776e+11	4.217583e+00	-2.670214e+08	5.000000e+03	0
1.005025e-01	1.792629e-01	1.570472e-02	1.507219e+04	7.979945e+11	4.457673e+00	-2.667542e+08	5.000000e+03	0
1.055276e-01	1.882261e-01	1.820347e-02	1.505319e+04	7.940528e+11	4.697073e+00	-2.664697e+08	5.000000e+03	0
1.105528e-01	1.971892e-01	2.092020e-02	1.503330e+04	7.899348e+11	4.935966e+00	-2.661736e+08	5.000000e+03	0
1.155779e-01	2.061524e-01	2.386123e-02	1.501252e+04	7.856413e+11	5.174335e+00	-2.658638e+08	5.000000e+03	0
1.206030e-01	2.151155e-01	2.704771e-02	1.499080e+04	7.811626e+11	5.412129e+00	-2.655408e+08	5.000000e+03	0
1.256281e-01	2.240787e-01	3.058670e-02	1.496778e+04	7.764341e+11	5.649090e+00	-2.652039e+08	5.000000e+03	0
1.306533e-01	2.330418e-01	3.438144e-02	1.494387e+04	7.715343e+11	5.885442e+00	-2.648538e+08	5.000000e+03	0
1.356784e-01	2.420049e-01	3.843800e-02	1.491907e+04	7.664641e+11	6.121168e+00	-2.644902e+08	5.000000e+03	0
1.407035e-01	2.509681e-01	4.278235e-02	1.489331e+04	7.612127e+11	6.356203e+00	-2.641134e+08	5.000000e+03	0
1.457286e-01	2.599312e-01	4.752954e-02	1.486626e+04	7.557213e+11	6.590264e+00	-2.637233e+08	5.000000e+03	0
1.507538e-01	2.688944e-01	5.256863e-02	1.483832e+04	7.500646e+11	6.823612e+00	-2.633202e+08	5.000000e+03	0
1.557789e-01	2.778575e-01	5.790540e-02	1.480948e+04	7.442436e+11	7.056233e+00	-2.629032e+08	5.000000e+03	0
1.608040e-01	2.868207e-01	6.357117e-02	1.477967e+04	7.382463e+11	7.288044e+00	-2.624737e+08	5.000000e+03	0
1.658291e-01	2.957838e-01	6.968678e-02	1.474857e+04	7.320201e+11	7.518740e+00	-2.620309e+08	5.000000e+03	0
1.708543e-01	3.047470e-01	7.612854e-02	1.471658e+04	7.256353e+11	7.748622e+00	-2.615775e+08	5.000000e+03	0
1.758794e-01	3.137101e-01	8.290189e-02	1.468368e+04	7.190931e+11	7.977671e+00	-2.611059e+08	5.000000e+03	0
1.809045e-01	3.226733e-01	9.004400e-02	1.464980e+04	7.123808e+11	8.205792e+00	-2.606237e+08	5.000000e+03	0
1.859296e-01	3.316364e-01	9.767927e-02	1.461464e+04	7.054516e+11	8.432657e+00	-2.601289e+08	5.000000e+03	0
1.909548e-01	3.405996e-01	1.056728e-01	1.457857e+04	6.983715e+11	8.658605e+00	-2.596213e+08	5.000000e+03	0
1.959799e-01	3.495627e-01	1.140296e-01	1.454160e+04	6.911417e+11	8.883616e+00	-2.591008e+08	5.000000e+03	0
2.010050e-01	3.585258e-01	1.227930e-01	1.450362e+04	6.837490e+11	9.107575e+00	-2.585676e+08	5.000000e+03	0
2.060302e-01	3.674890e-01	1.320889e-01	1.446437e+04	6.761525e+11	9.330141e+00	-2.580219e+08	5.000000e+03	0
2.110553e-01	3.764521e-01	1.417727e-01	1.442420e+04	6.684134e+11	9.551684e+00	-2.574635e+08	5.000000e+03	0
2.160804e-01	3.854153e-01	1.518490e-01	1.438311e+04	6.605334e+11	9.772186e+00	-2.568926e+08	5.000000e+03	0
2.211055e-01	3.943784e-01	1.623676e-01	1.434101e+04	6.524986e+11	9.991508e+00	-2.563093e+08	5.000000e+03	0
2.261307e-01	4.033416e-01	1.734537e-01	1.429763e+04	6.442741e+11	1.020930e+01	-2.557135e+08	5.000000e+03	0
2.311558e-01	4.123047e-01	1.849545e-01	1.425333e+04	6.359163e+11	1.042596e+01	-2.551055e+08	5.000000e+03	0
2.361809e-01	4.212679e-01	1.968743e-01	1.420810e+04	6.274269e+11	1.064148e+01	-2.544850e+08	5.000000e+03	0
2.412060e-01	4.302310e-01	2.092694e-01	1.416183e+04	6.187921e+11	1.085569e+01	-2.538527e+08	5.000000e+03	0
2.462312e-01	4.391942e-01	2.222623e-01	1.411428e+04	6.099826e+11	1.106822e+01	-2.532081e+08	5.000000e+03	0
2.512563e-01	4.481573e-01	2.356938e-01	1.406580e+04	6.010498e+11	1.127953e+01	-2.525515e+08	5.000000e+03	0
2.562814e-01	4.571205e-01	2.495675e-01	1.401638e+04	5.919954e+11	1.148958e+01	-2.518831e+08	5.000000e+03	0
2.613065e-01	4.660836e-01	2.639467e-01	1.396590e+04	5.828061e+11	1.169818e+01	-2.512013e+08	5.000000e+03	0
2.663317e-01	4.750467e-01	2.789489e-01	1.391413e+04	5.734579e+11	1.190498e+01	-2.505106e+08	5.000000e+03	0
2.713568e-01	4.840099e-01	2.944102e-01	1.386142e+04	5.639971e+11	1.211044e+01	-2.498068e+08	5.000000e+03	0
2.763819e-01	4.929730e-01	3.103337e-01	1.380776e+04	5.544257e+11	1.231453e+01	-2.490914e+08	5.000000e+03	0
2.814070e-01	5.019362e-01	3.267891e-01	1.375301e+04	5.447308e+11	1.251704e+01	-2.483646e+08	5.000000e+03	0
2.864322e-01	5.108993e-01	3.438876e-01	1.369696e+04	5.348935e+11	1.271761e+01	-2.476262e+08	5.000000e+03	0
2.914573e-01	5.198625e-01	3.614620e-01	1.363995e+04	5.249553e+11	1.291672e+01	-2.468891e+08	5.000000e+03	0
2.964824e-01	5.288256e-01	3.776563e-01	1.257205e+04	5.159503e+11	1.305140e+01	-2.461159e+08	5.000000e+03	0
3.015075e-01	5.377888e-01	3.883517e-01	8.213601e+03	5.101968e+11	1.297931e+01	-2.453475e+08	5.000000e+03	0
3.065327e-01	5.467519e-01	3.994393e-01	7.751492e+03	5.045015e+11	1.291720e+01	-2.445808e+08	5.000000e+03	1
3.115578e-01	5.557151e-01	4.108204e-01	7.725596e+03	4.988454e+11	1.286191e+01	-2.438181e+08	5.000000e+03	1
3.165829e-01	5.646782e-01	4.224972e-01	7.699756e+03	4.932265e+11	1.281312e+01	-2.430587e+08	5.000000e+03	1
3.216080e-01	5.736413e-01	4.345207e-01	7.673969e+03	4.876478e+11	1.277145e+01	-2.423025e+08	5.000000e+03	1
3.266332e-01	5.826045e-01	4.469508e-01	7.648223e+03	4.821108e+11	1.273728e+01	-2.415488e+08	5.000000e+03	1
3.316583e-01	5.915676e-01	4.596868e-01	7.622494e+03	4.766020e+11	1.270828e+01	-2.407974e+08	5.000000e+03	1
3.366834e-01	6.005308e-01	4.727307e-01	7.596775e+03	4.711200e+11	1.268424e+01	-2.400479e+08	5.000000e+03	1
3.417085e-01	6.094939e-01	4.861385e-01	7.571058e+03	4.656672e+11	1.266566e+01	-2.393000e+08	5.000000e+03	1
3.467337e-01	6.184571e-01	4.999654e-01	7.545327e+03	4.602440e+11	1.265276e+01	-2.385534e+08	5.000000e+03	1
3.517588e-01	6.274202e-01	5.141096e-01	7.519575e+03	4.548411e+11	1.264383e+01	-2.378078e+08	5.000000e+03	1
3.567839e-01	6.363834e-01	5.285729e-01	7.493796e+03	4.494573e+11	1.263870e+01	-2.370630e+08	5.000000e+03	1
3.618090e-01	6.453465e-01	5.434162e-01	7.467978e+03	4.440946e+11	1.263779e+01	-2.363187e+08	5.000000e+03	1
3.668342e-01	6.543097e-01	5.586893e-01	7.442103e+03	4.387528e+11	1.264122e+01	-2.355746e+08	5.000000e+03	1
3.718593e-01	6.632728e-01	5.742900e-01	7.416176e+03	4.334254e+11	1.264770e+01	-2.348306e+08	5.000000e+03	1
3.768844e-01	6.722360e-01	5.902197e-01	7.390193e+03	4.281118e+11	1.265710e+01	-2.340864e+08	5.000000e+03	1
3.819095e-01	6.811991e-01	6.065443e-01	7.364137e+03	4.228131e+11	1.266978e+01	-2.333418e+08	5.000000e+03	1
3.869347e-01	6.901622e-01	6.233078e-01	7.337988e+03	4.175292e+11	1.268578e+01	-2.325968e+08	5.000000e+03	1
3.919598e-01	6.991254e-01	6.404078e-01	7.311764e+03	4.122555e+11	1.270412e+01	-2.318511e+08	5.000000e+03	1
3.969849e-01	7.080885e-01	6.578456e-01	7.285459e+03	4.069916e+11	1.272472e+01	-2.311046e+08	5.000000e+03	1
4.020101e-01	7.170517e-01	6.756919e-01	7.259052e+03	4.017384e+11	1.274785e+01	-2.303569e+08	5.000000e+03	1
4.070352e-01	7.260148e-01	6.939841e-01	7.232526e+03	3.964957e+11	1.277351e+01	-2.296082e+08	5.000000e+03	1
4.120603e-01	7.349780e-01	7.126206e-01	7.205902e+03	3.912603e+11	1.280098e+01	-2.288582e+08	5.000000e+03	1
4.170854e-01	7.439411e-01	7.316024e-01	7.179178e+03	3.860318e+11	1.283017e+01	-2.281069e+08	5.000000e+03	1
4.221106e-01	7.529043e-01	7.510047e-01	7.152328e+03	3.808112e+11	1.286132e+01	-2.273542e+08	5.000000e+03	1
4.271357e-01	7.618674e-01	7.708582e-01	7.125335e+03	3.755981e+11	1.289437e+01	-2.265996e+08	5.000000e+03	1
4.321608e-01	7.708306e-01	7.910623e-01	7.098227e+03	3.703904e+11	1.292880e+01	-2.258435e+08	5.000000e+03	1
4.371859e-01	7.797937e-01	8.116178e-01	7.071002e+03	3.651879e+11	1.296453e+01	-2.250856e+08	5.000000e+03	1
4.422111e-01	7.887569e-01	8.326043e-01	7.043630e+03	3.599913e+11	1.300176e+01	-2.243259e+08	5.000000e+03	1
4.472362e-01	7.977200e-01	8.540454e-01	7.016095e+03	3.548005e+11	1.304040e+01	-2.235640e+08	5.000000e+03	1
4.522613e-01	8.066831e-01	8.758418e-01	6.988431e+03	3.496139e+11	1.308006e+01	-2.228002e+08	5.000000e+03	1
4.572864e-01	8.156463e-01	8.979944e-01	6.960634e+03	3.444315e+11	1.312070e+01	-2.220345e+08	5.000000e+03	1
4.623116e-01	8.246094e-01	9.205868e-01	6.932671e+03	3.392540e+11	1.316245e+01	-2.212664e+08	5.000000e+03	1
4.673367e-01	8.335726e-01	9.436349e-01	6.904529e+03	3.340814e+11	1.320522e+01	-2.204961e+08	5.000000e+03	1
4.723618e-01	8.425357e-01	9.670418e-01	6.876244e+03	3.289126e+11	1.324873e+01	-2.197236e+08	5.000000e+03	1
4.773869e-01	8.514989e-01	9.908079e-01	6.847814e+03	3.237474e+11	1.329294e+01	-2.189486e+08	5.000000e+03	1
4.824121e-01	8.604620e-01	1.015021e+00	6.819199e+03	3.185869e+11	1.333793e+01	-2.181714e+08	5.000000e+03	1
4.874372e-01	8.694252e-01	1.039689e+00	6.790391e+03	3.134311e+11	1.338364e+01	-2.173918e+08	5.000000e+03	1
4.924623e-01	8.783883e-01	1.064717e+00	6.761428e+03	3.082790e+11	1.342985e+01	-2.166096e+08	5.000000e+03	1
4.974874e-01	8.873515e-01	1.090106e+00	6.732308e+03	3.031308e+11	1.347653e+01	-2.158251e+08	5.000000e+03	1
5.025126e-01	8.963146e-01	1.115947e+00	6.702986e+03	2.979874e+11	1.352373e+01	-2.150379e+08	5.000000e+03	1
5.075377e-01	9.052778e-01	1.142240e+00	6.673459e+03	2.928491e+11	1.357138e+01	-2.142483e+08	5.000000e+03	1
5.125628e-01	9.142409e-01	1.168893e+00	6.643765e+03	2.877149e+11	1.361934e+01	-2.134564e+08	5.000000e+03	1
5.175879e-01	9.232040e-01	1.195907e+00	6.613902e+03	2.825851e+11	1.366758e+01	-2.126612e+08	5.000000e+03	1
5.226131e-01	9.321672e-01	1.223376e+00	6.583822e+03	2.774609e+11	1.371611e+01	-2.118638e+08	5.000000e+03	1
5.276382e-01	9.411303e-01	1.251291e+00	6.553524e+03	2.723427e+11	1.376487e+01	-2.110637e+08	5.000000e+03	1
5.326633e-01	9.500935e-01	1.279565e+00	6.523048e+03	2.672294e+11	1.381377e+01	-2.102610e+08	5.000000e+03	1
5.376884e-01	9.590566e-01	1.308198e+00	6.492392e+03	2.621213e+11	1.386279e+01	-2.094557e+08	5.000000e+03	1
5.427136e-01	9.680198e-01	1.337285e+00	6.461503e+03	2.570200e+11	1.391192e+01	-2.086476e+08	5.000000e+03	1
5.477387e-01	9.769829e-01	1.366812e+00	6.430385e+03	2.519258e+11	1.396108e+01	-2.078369e+08	5.000000e+03	1
5.527638e-01	9.859461e-01	1.396694e+00	6.399077e+03	2.468377e+11	1.401024e+01	-2.070236e+08	5.000000e+03	1
5.577889e-01	9.949092e-01	1.426931e+00	6.367578e+03	2.417559e+11	1.405938e+01	-2.062076e+08	5.000000e+03	1
5.628141e-01	1.003872e+00	1.457621e+00	6.335830e+03	2.366825e+11	1.410845e+01	-2.053888e+08	5.000000e+03	1
5.678392e-01	1.012836e+00	1.488740e+00	6.303840e+03	2.316178e+11	1.415740e+01	-2.045675e+08	5.000000e+03	1
5.728643e-01	1.021799e+00	1.520208e+00	6.271650e+03	2.265604e+11	1.420622e+01	-2.037435e+08	5.000000e+03	1
5.778894e-01	1.030762e+00	1.552026e+00	6.239257e+03	2.215107e+11	1.425490e+01	-2.029168e+08	5.000000e+03	1
5.829146e-01	1.039725e+00	1.584291e+00	6.206598e+03	2.164714e+11	1.430336e+01	-2.020872e+08	5.000000e+03	1
5.879397e-01	1.048688e+00	1.616973e+00	6.173684e+03	2.114424e+11	1.435156e+01	-2.012555e+08	5.000000e+03	1
5.929648e-01	1.057651e+00	1.649998e+00	6.140557e+03	2.064224e+11	1.439953e+01	-2.004209e+08	5.000000e+03	1
5.979899e-01	1.066614e+00	1.683362e+00	6.107216e+03	2.014117e+11	1.444725e+01	-1.995837e+08	5.000000e+03	1
6.030151e-01	1.075578e+00	1.717168e+00	6.073590e+03	1.964136e+11	1.449460e+01	-1.987438e+08	5.000000e+03	1
6.080402e-01	1.084541e+00	1.751375e+00	6.039695e+03	1.914278e+11	1.454158e+01	-1.979015e+08	5.000000e+03	1
6.130653e-01	1.093504e+00	1.785914e+00	6.005575e+03	1.864527e+11	1.458822e+01	-1.970565e+08	5.000000e+03	1
6.180905e-01	1.102467e+00	1.820783e+00	5.971226e+03	1.814887e+11	1.463451e+01	-1.962090e+08	5.000000e+03	1
6.231156e-01	1.111430e+00	1.856081e+00	5.936571e+03	1.765397e+11	1.468032e+01	-1.953591e+08	5.000000e+03	1
6.281407e-01	1.120393e+00	1.891764e+00	5.901633e+03	1.716053e+11	1.472564e+01	-1.945066e+08	5.000000e+03	1
6.331658e-01	1.129356e+00	1.927766e+00	5.866454e+03	1.666836e+11	1.477054e+01	-1.936516e+08	5.000000e+03	1
6.381910e-01	1.138320e+00	1.964085e+00	5.831030e+03	1.617747e+11	1.481500e+01	-1.927943e+08	5.000000e+03	1
6.432161e-01	1.147283e+00	2.000818e+00	5.795278e+03	1.568838e+11	1.485884e+01	-1.919347e+08	5.000000e+03	1
6.482412e-01	1.156246e+00	2.037915e+00	5.759225e+03	1.520097e+11	1.490211e+01	-1.910723e+08	5.000000e+03	1
6.532663e-01	1.165209e+00	2.075317e+00	5.722913e+03	1.471504e+11	1.494487e+01	-1.902078e+08	5.000000e+03	1
6.582915e-01	1.174172e+00	2.113020e+00	5.686339e+03	1.423061e+11	1.498711e+01	-1.893407e+08	5.000000e+03	1
6.633166e-01	1.183135e+00	2.151119e+00	5.649409e+03	1.374827e+11	1.502863e+01	-1.884717e+08	5.000000e+03	1
6.683417e-01	1.192098e+00	2.189557e+00	5.612157e+03	1.326786e+11	1.506948e+01	-1.876005e+08	5.000000e+03	1
6.733668e-01	1.201062e+00	2.228282e+00	5.574626e+03	1.278914e+11	1.510974e+01	-1.867267e+08	5.000000e+03	1
6.783920e-01	1.210025e+00	2.267290e+00	5.536812e+03	1.231215e+11	1.514940e+01	-1.858511e+08	5.000000e+03	1
6.834171e-01	1.218988e+00	2.306670e+00	5.498609e+03	1.183759e+11	1.518822e+01	-1.849731e+08	5.000000e+03	1
6.884422e-01	1.227951e+00	2.346364e+00	5.460059e+03	1.136521e+11	1.522629e+01	-1.840931e+08	5.000000e+03	1
6.934673e-01	1.236914e+00	2.386322e+00	5.421205e+03	1.089476e+11	1.526370e+01	-1.832111e+08	5.000000e+03	1
6.984925e-01	1.245877e+00	2.426541e+00	5.382042e+03	1.042628e+11	1.530043e+01	-1.823269e+08	5.000000e+03	1
7.035176e-01	1.254840e+00	2.467104e+00	5.342450e+03	9.960576e+10	1.533621e+01	-1.814409e+08	5.000000e+03	1
7.085427e-01	1.263804e+00	2.507949e+00	5.302481e+03	9.497323e+10	1.537116e+01	-1.805530e+08	5.000000e+03	1
7.135678e-01	1.272767e+00	2.549035e+00	5.262177e+03	9.036256e+10	1.540537e+01	-1.796631e+08	5.000000e+03	1
7.185930e-01	1.281730e+00	2.590356e+00	5.221533e+03	8.577420e+10	1.543883e+01	-1.787714e+08	5.000000e+03	1
7.236181e-01	1.290693e+00	2.631986e+00	5.180409e+03	8.121728e+10	1.547123e+01	-1.778780e+08	5.000000e+03	1
7.286432e-01	1.299656e+00	2.656400e+00	3.549542e+03	7.857848e+10	1.540188e+01	-1.769832e+08	5.000000e+03	1
7.336683e-01	1.308619e+00	2.675448e+00	2.313334e+03	7.656118e+10	1.530155e+01	-1.760910e+08	5.000000e+03	2
7.386935e-01	1.317582e+00	2.694684e+00	2.307241e+03	7.456021e+10	1.520346e+01	-1.752044e+08	5.000000e+03	2
7.437186e-01	1.326546e+00	2.714178e+00	2.301194e+03	7.258106e+10	1.510835e+01	-1.743236e+08	5.000000e+03	2
7.487437e-01	1.335509e+00	2.733887e+00	2.295184e+03	7.061933e+10	1.501560e+01	-1.734484e+08	5.000000e+03	2
7.537688e-01	1.344472e+00	2.753787e+00	2.289207e+03	6.867270e+10	1.492489e+01	-1.725786e+08	5.000000e+03	2
7.587940e-01	1.353435e+00	2.773871e+00	2.282462e+03	6.674140e+10	1.483616e+01	-1.717140e+08	5.000000e+03	2
7.638191e-01	1.362398e+00	2.794166e+00	2.266637e+03	6.483526e+10	1.474983e+01	-1.708548e+08	5.000000e+03	2
7.688442e-01	1.371361e+00	2.814586e+00	2.250899e+03	6.295311e+10	1.466513e+01	-1.700005e+08	5.000000e+03	2
7.738693e-01	1.380324e+00	2.835116e+00	2.235237e+03	6.109203e+10	1.458186e+01	-1.691513e+08	5.000000e+03	2
7.788945e-01	1.389288e+00	2.855756e+00	2.219649e+03	5.925179e+10	1.449999e+01	-1.683069e+08	5.000000e+03	2
7.839196e-01	1.398251e+00	2.876548e+00	2.204160e+03	5.743999e+10	1.442000e+01	-1.674673e+08	5.000000e+03	2
7.889447e-01	1.407214e+00	2.897458e+00	2.188749e+03	5.565033e+10	1.434145e+01	-1.666325e+08	5.000000e+03	2
7.939698e-01	1.416177e+00	2.918475e+00	2.173404e+03	5.388034e+10	1.426416e+01	-1.658023e+08	5.000000e+03	2
7.989950e-01	1.425140e+00	2.939597e+00	2.158125e+03	5.212980e+10	1.418812e+01	-1.649767e+08	5.000000e+03	2
8.040201e-01	1.434103e+00	2.960865e+00	2.142935e+03	5.040602e+10	1.411376e+01	-1.641554e+08	5.000000e+03	2
8.090452e-01	1.443067e+00	2.982246e+00	2.127811e+03	4.870278e+10	1.404066e+01	-1.633386e+08	5.000000e+03	2
8.140704e-01	1.452030e+00	3.003728e+00	2.112746e+03	4.701796e+10	1.396870e+01	-1.625260e+08	5.000000e+03	2
8.190955e-01	1.460993e+00	3.025310e+00	2.097739e+03	4.535137e+10	1.389783e+01	-1.617177e+08	5.000000e+03	2
8.241206e-01	1.469956e+00	3.047032e+00	2.082810e+03	4.371007e+10	1.382848e+01	-1.609136e+08	5.000000e+03	2
8.291457e-01	1.478919e+00	3.068860e+00	2.067939e+03	4.208788e+10	1.376024e+01	-1.601136e+08	5.000000e+03	2
8.341709e-01	1.487882e+00	3.090783e+00	2.053119e+03	4.048301e+10	1.369300e+01	-1.593175e+08	5.000000e+03	2
8.391960e-01	1.496845e+00	3.112802e+00	2.038349e+03	3.889529e+10	1.362675e+01	-1.585255e+08	5.000000e+03	2
8.442211e-01	1.505809e+00	3.134953e+00	2.023647e+03	3.733156e+10	1.356184e+01	-1.577373e+08	5.000000e+03	2
8.492462e-01	1.514772e+00	3.157202e+00	2.008994e+03	3.578570e+10	1.349792e+01	-1.569527e+08	5.000000e+03	2
8.542714e-01	1.523735e+00	3.179542e+00	1.994385e+03	3.425618e+10	1.343488e+01	-1.561726e+08	5.000000e+03	2
8.592965e-01	1.532698e+00	3.201970e+00	1.979818e+03	3.274286e+10	1.337272e+01	-1.553955e+08	5.000000e+03	2
8.643216e-01	1.541661e+00	3.224523e+00	1.965309e+03	3.125238e+10	1.331177e+01	-1.546223e+08	5.000000e+03	2
8.693467e-01	1.550624e+00	3.247167e+00	1.950841e+03	2.977865e+10	1.325168e+01	-1.538527e+08	5.000000e+03	2
8.743719e-01	1.559587e+00	3.269894e+00	1.936410e+03	2.832042e+10	1.319238e+01	-1.530866e+08	5.000000e+03	2
8.793970e-01	1.568551e+00	3.292704e+00	1.922013e+03	2.687754e+10	1.313385e+01	-1.523241e+08	5.000000e+03	2
8.844221e-01	1.577514e+00	3.315630e+00	1.907665e+03	2.545650e+10	1.307641e+01	-1.515649e+08	5.000000e+03	2
8.894472e-01	1.586477e+00	3.338638e+00	1.893349e+03	2.405122e+10	1.301972e+01	-1.508092e+08	5.000000e+03	2
8.944724e-01	1.595440e+00	3.361723e+00	1.879063e+03	2.266068e+10	1.296373e+01	-1.500568e+08	5.000000e+03	2
8.994975e-01	1.604403e+00	3.384883e+00	1.864804e+03	2.128475e+10	1.290843e+01	-1.493078e+08	5.000000e+03	2
9.045226e-01	1.613366e+00	3.408149e+00	1.850583e+03	1.992977e+10	1.285410e+01	-1.485619e+08	5.000000e+03	2
9.095477e-01	1.622329e+00	3.431489e+00	1.836387e+03	1.858969e+10	1.280042e+01	-1.478193e+08	5.000000e+03	2
9.145729e-01	1.631293e+00	3.454899e+00	1.822212e+03	1.726368e+10	1.274737e+01	-1.470799e+08	5.000000e+03	2
9.195980e-01	1.640256e+00	3.478375e+00	1.808057e+03	1.595163e+10	1.269492e+01	-1.463436e+08	5.000000e+03	2
9.246231e-01	1.649219e+00	3.501947e+00	1.793930e+03	1.465975e+10	1.264333e+01	-1.456103e+08	5.000000e+03	2
9.296482e-01	1.658182e+00	3.525366e+00	1.755373e+03	1.339365e+10	1.259155e+01	-1.448802e+08	5.000000e+03	2
9.346734e-01	1.667145e+00	3.548519e+00	1.705714e+03	1.215834e+10	1.253917e+01	-1.441531e+08	5.000000e+03	2
9.396985e-01	1.676108e+00	3.571301e+00	1.655694e+03	1.095901e+10	1.248585e+01	-1.434291e+08	5.000000e+03	2
9.447236e-01	1.685071e+00	3.593503e+00	1.604949e+03	9.812995e+09	1.243109e+01	-1.427085e+08	5.000000e+03	2
9.497487e-01	1.694035e+00	3.615272e+00	1.553516e+03	8.704522e+09	1.237529e+01	-1.419910e+08	5.000000e+03	2
9.547739e-01	1.702998e+00	3.636605e+00	1.501288e+03	7.632731e+09	1.231844e+01	-1.412768e+08	5.000000e+03	2
9.597990e-01	1.711961e+00	3.657486e+00	1.448142e+03	6.597857e+09	1.226052e+01	-1.405661e+08	5.000000e+03	2
9.648241e-01	1.720924e+00	3.677641e+00	1.393121e+03	5.618833e+09	1.220092e+01	-1.398588e+08	5.000000e+03	2
9.698492e-01	1.729887e+00	3.697250e+00	1.336261e+03	4.679286e+09	1.214006e+01	-1.391551e+08	5.000000e+03	2
9.748744e-01	1.738850e+00	3.716291e+00	1.277124e+03	3.779307e+09	1.207789e+01	-1.384550e+08	5.000000e+03	2
9.798995e-01	1.747813e+00	3.734734e+00	1.215247e+03	2.919743e+09	1.201436e+01	-1.377589e+08	5.000000e+03	2
9.849246e-01	1.756777e+00	3.752148e+00	1.146610e+03	2.124752e+09	1.194845e+01	-1.370666e+08	5.000000e+03	2
9.899497e-01	1.765740e+00	3.768715e+00	1.068661e+03	1.378785e+09	1.188053e+01	-1.363773e+08	5.000000e+03	2
9.949749e-01	1.774703e+00	3.784611e+00	1.010360e+03	6.731978e+08	1.181119e+01	-1.356924e+08	5.000000e+03	2
1.000000e+00	1.783666e+00	3.800000e+00	1.000000e+03	0.000000e+00	1.174099e+01	-1.350122e+08	3.000000e+02	2
