#R=2.0204029119848199
#interptype='linear'
#name='planet'
#norm={'P': 1000000000000.0, 'R': 2.0204029119848199, 'M': 6.0, 'g': 14.448522282469021, 'rho': 1000.0}
#state=1
#composition
#layer0		Fe08FeS02		0.100000
#layer1		pv_fmw		0.900000
#layer2		ice_VII		0.300000
#Cols=
 #'ur		r		mr		rho		P		g		phi		T		composition'
#-end-
0.000000e+00	0.000000e+00	3.603306e-11	1.750983e+04	1.338682e+12	0.000000e+00	-3.807985e+08	5.000000e+03	0
5.025126e-03	1.015278e-02	5.918750e-06	1.751157e+04	1.339147e+12	-5.123859e-02	-3.807883e+08	5.000000e+03	0
1.005025e-02	2.030556e-02	3.535367e-05	1.751182e+04	1.339215e+12	1.319033e-01	-3.807575e+08	5.000000e+03	0
1.507538e-02	3.045834e-02	9.990137e-05	1.751074e+04	1.338925e+12	4.385357e-01	-3.807063e+08	5.000000e+03	0
2.010050e-02	4.061111e-02	2.118692e-04	1.750845e+04	1.338313e+12	7.556099e-01	-3.806346e+08	5.000000e+03	0
2.512563e-02	5.076389e-02	4.290054e-04	1.750439e+04	1.337225e+12	1.073623e+00	-3.805425e+08	5.000000e+03	0
3.015075e-02	6.091667e-02	7.396118e-04	1.749913e+04	1.335821e+12	1.391619e+00	-3.804305e+08	5.000000e+03	0
3.517588e-02	7.106945e-02	1.155218e-03	1.749269e+04	1.334099e+12	1.709518e+00	-3.802971e+08	5.000000e+03	0
4.020101e-02	8.122223e-02	1.690185e-03	1.748504e+04	1.332055e+12	2.027242e+00	-3.801436e+08	5.000000e+03	0
4.522613e-02	9.137501e-02	2.433338e-03	1.747562e+04	1.329542e+12	2.344600e+00	-3.799700e+08	5.000000e+03	0
5.025126e-02	1.015278e-01	3.339335e-03	1.746502e+04	1.326714e+12	2.661654e+00	-3.797758e+08	5.000000e+03	0
5.527638e-02	1.116806e-01	4.419553e-03	1.745323e+04	1.323573e+12	2.978379e+00	-3.795598e+08	5.000000e+03	0
6.030151e-02	1.218333e-01	5.691709e-03	1.744021e+04	1.320110e+12	3.294734e+00	-3.793263e+08	5.000000e+03	0
6.532663e-02	1.319861e-01	7.272284e-03	1.742545e+04	1.316186e+12	3.610484e+00	-3.790714e+08	5.000000e+03	0
7.035176e-02	1.421389e-01	9.083983e-03	1.740949e+04	1.311953e+12	3.925772e+00	-3.787959e+08	5.000000e+03	0
7.537688e-02	1.522917e-01	1.113795e-02	1.739235e+04	1.307411e+12	4.240574e+00	-3.785002e+08	5.000000e+03	0
8.040201e-02	1.624445e-01	1.345650e-02	1.737397e+04	1.302548e+12	4.554840e+00	-3.781843e+08	5.000000e+03	0
8.542714e-02	1.725972e-01	1.618019e-02	1.735385e+04	1.297238e+12	4.868278e+00	-3.778482e+08	5.000000e+03	0
9.045226e-02	1.827500e-01	1.920169e-02	1.733254e+04	1.291624e+12	5.181101e+00	-3.774921e+08	5.000000e+03	0
9.547739e-02	1.929028e-01	2.253180e-02	1.731004e+04	1.285708e+12	5.493284e+00	-3.771159e+08	5.000000e+03	0
1.005025e-01	2.030556e-01	2.619864e-02	1.728630e+04	1.279475e+12	5.804763e+00	-3.767204e+08	5.000000e+03	0
1.055276e-01	2.132083e-01	3.036311e-02	1.726082e+04	1.272809e+12	6.115195e+00	-3.763032e+08	5.000000e+03	0
1.105528e-01	2.233611e-01	3.488994e-02	1.723416e+04	1.265847e+12	6.424858e+00	-3.758672e+08	5.000000e+03	0
1.155779e-01	2.335139e-01	3.978954e-02	1.720630e+04	1.258591e+12	6.733726e+00	-3.754112e+08	5.000000e+03	0
1.206030e-01	2.436667e-01	4.509689e-02	1.717718e+04	1.251026e+12	7.041721e+00	-3.749354e+08	5.000000e+03	0
1.256281e-01	2.538195e-01	5.098946e-02	1.714635e+04	1.243043e+12	7.348452e+00	-3.744389e+08	5.000000e+03	0
1.306533e-01	2.639722e-01	5.730630e-02	1.711432e+04	1.234775e+12	7.654260e+00	-3.739246e+08	5.000000e+03	0
1.356784e-01	2.741250e-01	6.405736e-02	1.708110e+04	1.226223e+12	7.959118e+00	-3.733896e+08	5.000000e+03	0
1.407035e-01	2.842778e-01	7.128544e-02	1.704661e+04	1.217369e+12	8.262930e+00	-3.728353e+08	5.000000e+03	0
1.457286e-01	2.944306e-01	7.918073e-02	1.701041e+04	1.208117e+12	8.565264e+00	-3.722608e+08	5.000000e+03	0
1.507538e-01	3.045834e-01	8.755907e-02	1.697301e+04	1.198591e+12	8.866520e+00	-3.716682e+08	5.000000e+03	0
1.557789e-01	3.147361e-01	9.642982e-02	1.693442e+04	1.188793e+12	9.166672e+00	-3.710556e+08	5.000000e+03	0
1.608040e-01	3.248889e-01	1.058445e-01	1.689454e+04	1.178704e+12	9.465599e+00	-3.704239e+08	5.000000e+03	0
1.658291e-01	3.350417e-01	1.160021e-01	1.685295e+04	1.168238e+12	9.762839e+00	-3.697729e+08	5.000000e+03	0
1.708543e-01	3.451945e-01	1.266979e-01	1.681018e+04	1.157511e+12	1.005885e+01	-3.691030e+08	5.000000e+03	0
1.758794e-01	3.553472e-01	1.379405e-01	1.676620e+04	1.146525e+12	1.035359e+01	-3.684140e+08	5.000000e+03	0
1.809045e-01	3.655000e-01	1.497909e-01	1.672092e+04	1.135261e+12	1.064693e+01	-3.677062e+08	5.000000e+03	0
1.859296e-01	3.756528e-01	1.624531e-01	1.667394e+04	1.123643e+12	1.093838e+01	-3.669796e+08	5.000000e+03	0
1.909548e-01	3.858056e-01	1.757043e-01	1.662576e+04	1.111778e+12	1.122844e+01	-3.662344e+08	5.000000e+03	0
1.959799e-01	3.959584e-01	1.895526e-01	1.657639e+04	1.099671e+12	1.151708e+01	-3.654704e+08	5.000000e+03	0
2.010050e-01	4.061111e-01	2.040686e-01	1.652568e+04	1.087299e+12	1.180413e+01	-3.646884e+08	5.000000e+03	0
2.060302e-01	4.162639e-01	2.194578e-01	1.647329e+04	1.074598e+12	1.208907e+01	-3.638960e+08	5.000000e+03	0
2.110553e-01	4.264167e-01	2.354823e-01	1.641969e+04	1.061667e+12	1.237248e+01	-3.630918e+08	5.000000e+03	0
2.160804e-01	4.365695e-01	2.521491e-01	1.636489e+04	1.048510e+12	1.265431e+01	-3.622285e+08	5.000000e+03	0
2.211055e-01	4.467223e-01	2.695392e-01	1.630874e+04	1.035105e+12	1.293436e+01	-3.613747e+08	5.000000e+03	0
2.261307e-01	4.568750e-01	2.878558e-01	1.625090e+04	1.021398e+12	1.321210e+01	-3.605034e+08	5.000000e+03	0
2.311558e-01	4.670278e-01	3.068485e-01	1.619185e+04	1.007479e+12	1.348814e+01	-3.596128e+08	5.000000e+03	0
2.361809e-01	4.771806e-01	3.265235e-01	1.613158e+04	9.933520e+11	1.376245e+01	-3.587044e+08	5.000000e+03	0
2.412060e-01	4.873334e-01	3.469721e-01	1.606995e+04	9.789954e+11	1.403479e+01	-3.577785e+08	5.000000e+03	0
2.462312e-01	4.974861e-01	3.683916e-01	1.600663e+04	9.643648e+11	1.430461e+01	-3.568350e+08	5.000000e+03	0
2.512563e-01	5.076389e-01	3.905224e-01	1.594209e+04	9.495420e+11	1.457258e+01	-3.558746e+08	5.000000e+03	0
2.562814e-01	5.177917e-01	4.133695e-01	1.587632e+04	9.345303e+11	1.483865e+01	-3.548969e+08	5.000000e+03	0
2.613065e-01	5.279445e-01	4.370344e-01	1.580915e+04	9.193097e+11	1.510255e+01	-3.539024e+08	5.000000e+03	0
2.663317e-01	5.380973e-01	4.617054e-01	1.574030e+04	9.038450e+11	1.536374e+01	-3.528906e+08	5.000000e+03	0
2.713568e-01	5.482500e-01	4.871162e-01	1.567020e+04	8.882087e+11	1.562291e+01	-3.518625e+08	5.000000e+03	0
2.763819e-01	5.584028e-01	5.132710e-01	1.559887e+04	8.724045e+11	1.588002e+01	-3.508177e+08	5.000000e+03	0
2.814070e-01	5.685556e-01	5.402808e-01	1.552611e+04	8.564137e+11	1.613476e+01	-3.497571e+08	5.000000e+03	0
2.864322e-01	5.787084e-01	5.683217e-01	1.545165e+04	8.402101e+11	1.638657e+01	-3.486725e+08	5.000000e+03	0
2.914573e-01	5.888612e-01	5.902778e-01	1.269854e+04	8.277753e+11	1.644714e+01	-3.475872e+08	5.000000e+03	0
2.964824e-01	5.990139e-01	6.077387e-01	9.040903e+03	8.182204e+11	1.636720e+01	-3.464867e+08	5.000000e+03	1
3.015075e-01	6.091667e-01	6.257436e-01	9.005944e+03	8.087484e+11	1.629790e+01	-3.453915e+08	5.000000e+03	1
3.065327e-01	6.193195e-01	6.443968e-01	8.971093e+03	7.993639e+11	1.623993e+01	-3.443012e+08	5.000000e+03	1
3.115578e-01	6.294723e-01	6.635346e-01	8.936302e+03	7.900386e+11	1.618967e+01	-3.432151e+08	5.000000e+03	1
3.165829e-01	6.396250e-01	6.831603e-01	8.901560e+03	7.807694e+11	1.614679e+01	-3.421326e+08	5.000000e+03	1
3.216080e-01	6.497778e-01	7.033573e-01	8.866860e+03	7.715610e+11	1.611193e+01	-3.410532e+08	5.000000e+03	1
3.266332e-01	6.599306e-01	7.242233e-01	8.832181e+03	7.624157e+11	1.608552e+01	-3.399765e+08	5.000000e+03	1
3.316583e-01	6.700834e-01	7.455923e-01	8.797503e+03	7.533136e+11	1.606492e+01	-3.389019e+08	5.000000e+03	1
3.366834e-01	6.802362e-01	7.674669e-01	8.762817e+03	7.442524e+11	1.604987e+01	-3.378290e+08	5.000000e+03	1
3.417085e-01	6.903889e-01	7.899384e-01	8.728110e+03	7.352360e+11	1.604093e+01	-3.367573e+08	5.000000e+03	1
3.467337e-01	7.005417e-01	8.130963e-01	8.693357e+03	7.262654e+11	1.603833e+01	-3.356866e+08	5.000000e+03	1
3.517588e-01	7.106945e-01	8.367732e-01	8.658559e+03	7.173264e+11	1.604012e+01	-3.346164e+08	5.000000e+03	1
3.567839e-01	7.208473e-01	8.609715e-01	8.623709e+03	7.084175e+11	1.604613e+01	-3.335465e+08	5.000000e+03	1
3.618090e-01	7.310000e-01	8.857899e-01	8.588786e+03	6.995419e+11	1.605680e+01	-3.324764e+08	5.000000e+03	1
3.668342e-01	7.411528e-01	9.113087e-01	8.553767e+03	6.906999e+11	1.607223e+01	-3.314065e+08	5.000000e+03	1
3.718593e-01	7.513056e-01	9.373604e-01	8.518665e+03	6.818815e+11	1.609099e+01	-3.303350e+08	5.000000e+03	1
3.768844e-01	7.614584e-01	9.639469e-01	8.483475e+03	6.730855e+11	1.611295e+01	-3.292629e+08	5.000000e+03	1
3.819095e-01	7.716112e-01	9.911743e-01	8.448172e+03	6.643147e+11	1.613845e+01	-3.281898e+08	5.000000e+03	1
3.869347e-01	7.817639e-01	1.019113e+00	8.412731e+03	6.555692e+11	1.616753e+01	-3.271153e+08	5.000000e+03	1
3.919598e-01	7.919167e-01	1.047595e+00	8.377178e+03	6.468417e+11	1.619912e+01	-3.260393e+08	5.000000e+03	1
3.969849e-01	8.020695e-01	1.076624e+00	8.341508e+03	6.381315e+11	1.623311e+01	-3.249615e+08	5.000000e+03	1
4.020101e-01	8.122223e-01	1.106311e+00	8.305690e+03	6.294411e+11	1.626979e+01	-3.238818e+08	5.000000e+03	1
4.070352e-01	8.223751e-01	1.136716e+00	8.269702e+03	6.207704e+11	1.630912e+01	-3.228001e+08	5.000000e+03	1
4.120603e-01	8.325278e-01	1.167675e+00	8.233577e+03	6.121142e+11	1.635032e+01	-3.217159e+08	5.000000e+03	1
4.170854e-01	8.426806e-01	1.199188e+00	8.197311e+03	6.034721e+11	1.639331e+01	-3.206294e+08	5.000000e+03	1
4.221106e-01	8.528334e-01	1.231374e+00	8.160869e+03	5.948463e+11	1.643830e+01	-3.195404e+08	5.000000e+03	1
4.271357e-01	8.629862e-01	1.264283e+00	8.124230e+03	5.862370e+11	1.648521e+01	-3.184487e+08	5.000000e+03	1
4.321608e-01	8.731389e-01	1.297750e+00	8.087433e+03	5.776402e+11	1.653348e+01	-3.173543e+08	5.000000e+03	1
4.371859e-01	8.832917e-01	1.331778e+00	8.050475e+03	5.690557e+11	1.658305e+01	-3.162570e+08	5.000000e+03	1
4.422111e-01	8.934445e-01	1.366491e+00	8.013315e+03	5.604857e+11	1.663407e+01	-3.151568e+08	5.000000e+03	1
4.472362e-01	9.035973e-01	1.401926e+00	7.975936e+03	5.519308e+11	1.668644e+01	-3.140535e+08	5.000000e+03	1
4.522613e-01	9.137501e-01	1.437924e+00	7.938382e+03	5.433874e+11	1.673976e+01	-3.129470e+08	5.000000e+03	1
4.572864e-01	9.239028e-01	1.474484e+00	7.900649e+03	5.348557e+11	1.679398e+01	-3.118374e+08	5.000000e+03	1
4.623116e-01	9.340556e-01	1.511739e+00	7.862693e+03	5.263382e+11	1.684919e+01	-3.107245e+08	5.000000e+03	1
4.673367e-01	9.442084e-01	1.549711e+00	7.824498e+03	5.178356e+11	1.690529e+01	-3.096082e+08	5.000000e+03	1
4.723618e-01	9.543612e-01	1.588246e+00	7.786111e+03	5.093447e+11	1.696200e+01	-3.084886e+08	5.000000e+03	1
4.773869e-01	9.645140e-01	1.627345e+00	7.747532e+03	5.008657e+11	1.701929e+01	-3.073655e+08	5.000000e+03	1
4.824121e-01	9.746667e-01	1.667142e+00	7.708707e+03	4.924016e+11	1.707719e+01	-3.062390e+08	5.000000e+03	1
4.874372e-01	9.848195e-01	1.707648e+00	7.669628e+03	4.839533e+11	1.713560e+01	-3.051089e+08	5.000000e+03	1
4.924623e-01	9.949723e-01	1.748715e+00	7.630343e+03	4.755176e+11	1.719435e+01	-3.039753e+08	5.000000e+03	1
4.974874e-01	1.005125e+00	1.790342e+00	7.590850e+03	4.670949e+11	1.725340e+01	-3.028381e+08	5.000000e+03	1
5.025126e-01	1.015278e+00	1.832669e+00	7.551093e+03	4.586889e+11	1.731274e+01	-3.016973e+08	5.000000e+03	1
5.075377e-01	1.025431e+00	1.875693e+00	7.511066e+03	4.503002e+11	1.737228e+01	-3.005528e+08	5.000000e+03	1
5.125628e-01	1.035583e+00	1.919272e+00	7.470820e+03	4.419258e+11	1.743193e+01	-2.994048e+08	5.000000e+03	1
5.175879e-01	1.045736e+00	1.963404e+00	7.430353e+03	4.335660e+11	1.749164e+01	-2.982531e+08	5.000000e+03	1
5.226131e-01	1.055889e+00	2.008233e+00	7.389602e+03	4.252252e+11	1.755138e+01	-2.970977e+08	5.000000e+03	1
5.276382e-01	1.066042e+00	2.053742e+00	7.348567e+03	4.169042e+11	1.761105e+01	-2.959387e+08	5.000000e+03	1
5.326633e-01	1.076195e+00	2.099797e+00	7.307299e+03	4.085996e+11	1.767063e+01	-2.947762e+08	5.000000e+03	1
5.376884e-01	1.086347e+00	2.146396e+00	7.265797e+03	4.003118e+11	1.773008e+01	-2.936098e+08	5.000000e+03	1
5.427136e-01	1.096500e+00	2.193682e+00	7.223992e+03	3.920462e+11	1.778931e+01	-2.924398e+08	5.000000e+03	1
5.477387e-01	1.106653e+00	2.241629e+00	7.181888e+03	3.838031e+11	1.784826e+01	-2.912663e+08	5.000000e+03	1
5.527638e-01	1.116806e+00	2.290109e+00	7.139539e+03	3.755791e+11	1.790694e+01	-2.900893e+08	5.000000e+03	1
5.577889e-01	1.126958e+00	2.339119e+00	7.096941e+03	3.673744e+11	1.796532e+01	-2.889083e+08	5.000000e+03	1
5.628141e-01	1.137111e+00	2.388803e+00	7.054019e+03	3.591956e+11	1.802327e+01	-2.877240e+08	5.000000e+03	1
5.678392e-01	1.147264e+00	2.439124e+00	7.010784e+03	3.510427e+11	1.808075e+01	-2.865361e+08	5.000000e+03	1
5.728643e-01	1.157417e+00	2.489960e+00	6.967289e+03	3.429117e+11	1.813780e+01	-2.853448e+08	5.000000e+03	1
5.778894e-01	1.167570e+00	2.541309e+00	6.923530e+03	3.348031e+11	1.819441e+01	-2.841498e+08	5.000000e+03	1
5.829146e-01	1.177722e+00	2.593314e+00	6.879426e+03	3.267246e+11	1.825039e+01	-2.829514e+08	5.000000e+03	1
5.879397e-01	1.187875e+00	2.645925e+00	6.834992e+03	3.186756e+11	1.830574e+01	-2.817496e+08	5.000000e+03	1
5.929648e-01	1.198028e+00	2.699031e+00	6.790281e+03	3.106517e+11	1.836052e+01	-2.805444e+08	5.000000e+03	1
5.979899e-01	1.208181e+00	2.752629e+00	6.745291e+03	3.026536e+11	1.841473e+01	-2.793358e+08	5.000000e+03	1
6.030151e-01	1.218333e+00	2.806857e+00	6.699931e+03	2.946901e+11	1.846814e+01	-2.781240e+08	5.000000e+03	1
6.080402e-01	1.228486e+00	2.861658e+00	6.654222e+03	2.867602e+11	1.852076e+01	-2.769089e+08	5.000000e+03	1
6.130653e-01	1.238639e+00	2.916928e+00	6.608218e+03	2.788588e+11	1.857269e+01	-2.756905e+08	5.000000e+03	1
6.180905e-01	1.248792e+00	2.972664e+00	6.561916e+03	2.709868e+11	1.862393e+01	-2.744691e+08	5.000000e+03	1
6.231156e-01	1.258945e+00	3.028999e+00	6.515216e+03	2.631546e+11	1.867420e+01	-2.732445e+08	5.000000e+03	1
6.281407e-01	1.269097e+00	3.085867e+00	6.468145e+03	2.553599e+11	1.872355e+01	-2.720168e+08	5.000000e+03	1
6.331658e-01	1.279250e+00	3.143175e+00	6.420758e+03	2.475978e+11	1.877210e+01	-2.707861e+08	5.000000e+03	1
6.381910e-01	1.289403e+00	3.200917e+00	6.373051e+03	2.398687e+11	1.881984e+01	-2.695525e+08	5.000000e+03	1
6.432161e-01	1.299556e+00	3.259221e+00	6.324911e+03	2.321848e+11	1.886646e+01	-2.683157e+08	5.000000e+03	1
6.482412e-01	1.309708e+00	3.318012e+00	6.276376e+03	2.245430e+11	1.891204e+01	-2.670766e+08	5.000000e+03	1
6.532663e-01	1.319861e+00	3.377208e+00	6.227498e+03	2.169376e+11	1.895671e+01	-2.658345e+08	5.000000e+03	1
6.582915e-01	1.330014e+00	3.436801e+00	6.178274e+03	2.093693e+11	1.900046e+01	-2.645898e+08	5.000000e+03	1
6.633166e-01	1.340167e+00	3.496911e+00	6.128577e+03	2.018521e+11	1.904293e+01	-2.633423e+08	5.000000e+03	1
6.683417e-01	1.350320e+00	3.557457e+00	6.078451e+03	1.943815e+11	1.908425e+01	-2.620922e+08	5.000000e+03	1
6.733668e-01	1.360472e+00	3.618366e+00	6.027952e+03	1.869515e+11	1.912456e+01	-2.608396e+08	5.000000e+03	1
6.783920e-01	1.370625e+00	3.679630e+00	5.977073e+03	1.795629e+11	1.916384e+01	-2.595848e+08	5.000000e+03	1
6.834171e-01	1.380778e+00	3.741355e+00	5.925671e+03	1.722316e+11	1.920170e+01	-2.583275e+08	5.000000e+03	1
6.884422e-01	1.390931e+00	3.803460e+00	5.873801e+03	1.649516e+11	1.923829e+01	-2.570679e+08	5.000000e+03	1
6.934673e-01	1.401083e+00	3.865879e+00	5.821517e+03	1.577167e+11	1.927376e+01	-2.558062e+08	5.000000e+03	1
6.984925e-01	1.411236e+00	3.928606e+00	5.768812e+03	1.505277e+11	1.930810e+01	-2.545424e+08	5.000000e+03	1
7.035176e-01	1.421389e+00	3.991727e+00	5.715520e+03	1.434026e+11	1.934087e+01	-2.532765e+08	5.000000e+03	1
7.085427e-01	1.431542e+00	4.055163e+00	5.661707e+03	1.363337e+11	1.937226e+01	-2.520087e+08	5.000000e+03	1
7.135678e-01	1.441695e+00	4.118859e+00	5.607430e+03	1.293146e+11	1.940242e+01	-2.507389e+08	5.000000e+03	1
7.185930e-01	1.451847e+00	4.179432e+00	5.337902e+03	1.227098e+11	1.941589e+01	-2.494676e+08	5.000000e+03	1
7.236181e-01	1.462000e+00	4.207796e+00	2.996637e+03	1.196827e+11	1.927854e+01	-2.481962e+08	5.000000e+03	1
7.286432e-01	1.472153e+00	4.236458e+00	2.424389e+03	1.166880e+11	1.914449e+01	-2.469315e+08	5.000000e+03	2
7.336683e-01	1.482306e+00	4.265381e+00	2.415756e+03	1.137209e+11	1.901327e+01	-2.456754e+08	5.000000e+03	2
7.386935e-01	1.492458e+00	4.294565e+00	2.407176e+03	1.107812e+11	1.888482e+01	-2.444281e+08	5.000000e+03	2
7.437186e-01	1.502611e+00	4.324110e+00	2.398667e+03	1.078781e+11	1.876005e+01	-2.431893e+08	5.000000e+03	2
7.487437e-01	1.512764e+00	4.353951e+00	2.390215e+03	1.050042e+11	1.863821e+01	-2.419588e+08	5.000000e+03	2
7.537688e-01	1.522917e+00	4.384056e+00	2.381812e+03	1.021556e+11	1.851889e+01	-2.407363e+08	5.000000e+03	2
7.587940e-01	1.533070e+00	4.414425e+00	2.373457e+03	9.933198e+10	1.840205e+01	-2.395218e+08	5.000000e+03	2
7.638191e-01	1.543222e+00	4.445158e+00	2.365166e+03	9.654207e+10	1.828853e+01	-2.383149e+08	5.000000e+03	2
7.688442e-01	1.553375e+00	4.476189e+00	2.356926e+03	9.377869e+10	1.817760e+01	-2.371156e+08	5.000000e+03	2
7.738693e-01	1.563528e+00	4.507484e+00	2.348730e+03	9.103854e+10	1.806893e+01	-2.359193e+08	5.000000e+03	2
7.788945e-01	1.573681e+00	4.539045e+00	2.340578e+03	8.832131e+10	1.796248e+01	-2.347389e+08	5.000000e+03	2
7.839196e-01	1.583833e+00	4.570976e+00	2.332485e+03	8.563523e+10	1.785903e+01	-2.335612e+08	5.000000e+03	2
7.889447e-01	1.593986e+00	4.603203e+00	2.324437e+03	8.297329e+10	1.775787e+01	-2.323904e+08	5.000000e+03	2
7.939698e-01	1.604139e+00	4.635697e+00	2.316429e+03	8.033273e+10	1.765875e+01	-2.312263e+08	5.000000e+03	2
7.989950e-01	1.614292e+00	4.668458e+00	2.308460e+03	7.771326e+10	1.756162e+01	-2.300687e+08	5.000000e+03	2
8.040201e-01	1.624445e+00	4.701593e+00	2.300545e+03	7.512267e+10	1.746720e+01	-2.289176e+08	5.000000e+03	2
8.090452e-01	1.634597e+00	4.735024e+00	2.292670e+03	7.255413e+10	1.737483e+01	-2.277728e+08	5.000000e+03	2
8.140704e-01	1.644750e+00	4.768722e+00	2.284832e+03	7.000532e+10	1.728428e+01	-2.266341e+08	5.000000e+03	2
8.190955e-01	1.654903e+00	4.802680e+00	2.276242e+03	6.747654e+10	1.719550e+01	-2.255015e+08	5.000000e+03	2
8.241206e-01	1.665056e+00	4.836894e+00	2.255456e+03	6.498367e+10	1.710873e+01	-2.243743e+08	5.000000e+03	2
8.291457e-01	1.675208e+00	4.871206e+00	2.234763e+03	6.252485e+10	1.702313e+01	-2.232537e+08	5.000000e+03	2
8.341709e-01	1.685361e+00	4.905606e+00	2.214153e+03	6.009688e+10	1.693857e+01	-2.221385e+08	5.000000e+03	2
8.391960e-01	1.695514e+00	4.940091e+00	2.193625e+03	5.769949e+10	1.685502e+01	-2.210288e+08	5.000000e+03	2
8.442211e-01	1.705667e+00	4.974692e+00	2.173207e+03	5.534489e+10	1.677287e+01	-2.199248e+08	5.000000e+03	2
8.492462e-01	1.715820e+00	5.009376e+00	2.152868e+03	5.302219e+10	1.669174e+01	-2.188265e+08	5.000000e+03	2
8.542714e-01	1.725972e+00	5.044133e+00	2.132601e+03	5.072869e+10	1.661152e+01	-2.177331e+08	5.000000e+03	2
8.592965e-01	1.736125e+00	5.078962e+00	2.112403e+03	4.846414e+10	1.653220e+01	-2.166453e+08	5.000000e+03	2
8.643216e-01	1.746278e+00	5.113887e+00	2.092299e+03	4.624045e+10	1.645412e+01	-2.155628e+08	5.000000e+03	2
8.693467e-01	1.756431e+00	5.148878e+00	2.072260e+03	4.404674e+10	1.637692e+01	-2.144855e+08	5.000000e+03	2
8.743719e-01	1.766583e+00	5.183928e+00	2.052281e+03	4.188077e+10	1.630052e+01	-2.134134e+08	5.000000e+03	2
8.793970e-01	1.776736e+00	5.219035e+00	2.032359e+03	3.974231e+10	1.622491e+01	-2.123464e+08	5.000000e+03	2
8.844221e-01	1.786889e+00	5.254216e+00	2.012514e+03	3.764300e+10	1.615039e+01	-2.112844e+08	5.000000e+03	2
8.894472e-01	1.797042e+00	5.289446e+00	1.992720e+03	3.557198e+10	1.607664e+01	-2.102274e+08	5.000000e+03	2
8.944724e-01	1.807195e+00	5.324718e+00	1.972973e+03	3.352741e+10	1.600359e+01	-2.091753e+08	5.000000e+03	2
8.994975e-01	1.817347e+00	5.360031e+00	1.953270e+03	3.150908e+10	1.593123e+01	-2.081281e+08	5.000000e+03	2
9.045226e-01	1.827500e+00	5.395394e+00	1.933626e+03	2.952840e+10	1.585983e+01	-2.070858e+08	5.000000e+03	2
9.095477e-01	1.837653e+00	5.430788e+00	1.914019e+03	2.757452e+10	1.578908e+01	-2.060481e+08	5.000000e+03	2
9.145729e-01	1.847806e+00	5.466207e+00	1.894445e+03	2.564595e+10	1.571895e+01	-2.050153e+08	5.000000e+03	2
9.195980e-01	1.857958e+00	5.501648e+00	1.874901e+03	2.374251e+10	1.564941e+01	-2.039871e+08	5.000000e+03	2
9.246231e-01	1.868111e+00	5.537114e+00	1.855395e+03	2.187542e+10	1.558071e+01	-2.029637e+08	5.000000e+03	2
9.296482e-01	1.878264e+00	5.572589e+00	1.835911e+03	2.003381e+10	1.551257e+01	-2.019446e+08	5.000000e+03	2
9.346734e-01	1.888417e+00	5.608071e+00	1.816444e+03	1.821652e+10	1.544495e+01	-2.009302e+08	5.000000e+03	2
9.396985e-01	1.898570e+00	5.643555e+00	1.796992e+03	1.642339e+10	1.537785e+01	-1.999204e+08	5.000000e+03	2
9.447236e-01	1.908722e+00	5.679034e+00	1.777554e+03	1.466550e+10	1.531147e+01	-1.989149e+08	5.000000e+03	2
9.497487e-01	1.918875e+00	5.714052e+00	1.724645e+03	1.295378e+10	1.524436e+01	-1.979140e+08	5.000000e+03	2
9.547739e-01	1.929028e+00	5.748371e+00	1.655827e+03	1.129819e+10	1.517593e+01	-1.969176e+08	5.000000e+03	2
9.597990e-01	1.939181e+00	5.781765e+00	1.586077e+03	9.708992e+09	1.510560e+01	-1.959262e+08	5.000000e+03	2
9.648241e-01	1.949333e+00	5.813692e+00	1.514280e+03	8.219816e+09	1.503233e+01	-1.949389e+08	5.000000e+03	2
9.698492e-01	1.959486e+00	5.844526e+00	1.440343e+03	6.801069e+09	1.495693e+01	-1.939568e+08	5.000000e+03	2
9.748744e-01	1.969639e+00	5.874232e+00	1.363662e+03	5.452800e+09	1.487935e+01	-1.929799e+08	5.000000e+03	2
9.798995e-01	1.979792e+00	5.902753e+00	1.283604e+03	4.176420e+09	1.479949e+01	-1.920085e+08	5.000000e+03	2
9.849246e-01	1.989945e+00	5.929257e+00	1.194648e+03	3.014886e+09	1.471578e+01	-1.910422e+08	5.000000e+03	2
9.899497e-01	2.000097e+00	5.954092e+00	1.091893e+03	1.941450e+09	1.462884e+01	-1.900814e+08	5.000000e+03	2
9.949749e-01	2.010250e+00	5.977574e+00	1.014322e+03	9.411030e+08	1.453949e+01	-1.891268e+08	5.000000e+03	2
1.000000e+00	2.020403e+00	6.000000e+00	1.000000e+03	0.000000e+00	1.444852e+01	-1.881764e+08	3.000000e+02	2
