#R=1.2423363634072118
#a=1.0
#interptype='linear'
#name='planet'
#norm={'P': 1000000000000.0, 'R': 1.2423363634072118, 'M': 2.0, 'g': 12.737956291383798, 'rho': 4000.0}
#state=1
#composition
#layer0		Fe08FeS02		0.200000
#layer1		pv_fmw		0.800000
#Cols=
 #'ur		r		mr		rho		P		g		phi		T		composition'
#-end-
0.000000e+00	0.000000e+00	1.853178e-11	1.395947e+04	5.882104e+11	0.000000e+00	-1.776772e+08	5.000000e+03	0
5.025126e-03	6.242896e-03	6.155045e-07	1.395929e+04	5.881802e+11	1.320006e-01	-1.776741e+08	5.000000e+03	0
1.005025e-02	1.248579e-02	4.920134e-06	1.395860e+04	5.880639e+11	2.871631e-01	-1.776649e+08	5.000000e+03	0
1.507538e-02	1.872869e-02	1.660055e-05	1.395739e+04	5.878615e+11	4.423096e-01	-1.776495e+08	5.000000e+03	0
2.010050e-02	2.497159e-02	3.934184e-05	1.395567e+04	5.875731e+11	5.974270e-01	-1.776279e+08	5.000000e+03	0
2.512563e-02	3.121448e-02	7.682669e-05	1.395343e+04	5.871988e+11	7.525046e-01	-1.776001e+08	5.000000e+03	0
3.015075e-02	3.745738e-02	1.327346e-04	1.395068e+04	5.867385e+11	9.075322e-01	-1.775662e+08	5.000000e+03	0
3.517588e-02	4.370027e-02	2.107411e-04	1.394742e+04	5.861923e+11	1.062499e+00	-1.775261e+08	5.000000e+03	0
4.020101e-02	4.994317e-02	3.145167e-04	1.394364e+04	5.855604e+11	1.217396e+00	-1.774799e+08	5.000000e+03	0
4.522613e-02	5.618607e-02	4.477266e-04	1.393935e+04	5.848429e+11	1.372212e+00	-1.774275e+08	5.000000e+03	0
5.025126e-02	6.242896e-02	6.140293e-04	1.393454e+04	5.840399e+11	1.526936e+00	-1.773690e+08	5.000000e+03	0
5.527638e-02	6.867186e-02	8.170760e-04	1.392922e+04	5.831515e+11	1.681559e+00	-1.773043e+08	5.000000e+03	0
6.030151e-02	7.491476e-02	1.060510e-03	1.392338e+04	5.821780e+11	1.836070e+00	-1.772335e+08	5.000000e+03	0
6.532663e-02	8.115765e-02	1.347965e-03	1.391703e+04	5.811194e+11	1.990459e+00	-1.771565e+08	5.000000e+03	0
7.035176e-02	8.740055e-02	1.683067e-03	1.391016e+04	5.799759e+11	2.144715e+00	-1.770734e+08	5.000000e+03	0
7.537688e-02	9.364344e-02	2.069428e-03	1.390278e+04	5.787479e+11	2.298829e+00	-1.769842e+08	5.000000e+03	0
8.040201e-02	9.988634e-02	2.510652e-03	1.389488e+04	5.774354e+11	2.452790e+00	-1.768888e+08	5.000000e+03	0
8.542714e-02	1.061292e-01	3.010329e-03	1.388646e+04	5.760387e+11	2.606587e+00	-1.767873e+08	5.000000e+03	0
9.045226e-02	1.123721e-01	3.572036e-03	1.387753e+04	5.745581e+11	2.760210e+00	-1.766798e+08	5.000000e+03	0
9.547739e-02	1.186150e-01	4.199337e-03	1.386808e+04	5.729938e+11	2.913649e+00	-1.765661e+08	5.000000e+03	0
1.005025e-01	1.248579e-01	4.895781e-03	1.385811e+04	5.713461e+11	3.066894e+00	-1.764463e+08	5.000000e+03	0
1.055276e-01	1.311008e-01	5.664901e-03	1.384762e+04	5.696153e+11	3.219934e+00	-1.763204e+08	5.000000e+03	0
1.105528e-01	1.373437e-01	6.510213e-03	1.383662e+04	5.678017e+11	3.372758e+00	-1.761885e+08	5.000000e+03	0
1.155779e-01	1.435866e-01	7.435252e-03	1.382509e+04	5.659056e+11	3.525357e+00	-1.760505e+08	5.000000e+03	0
1.206030e-01	1.498295e-01	8.443472e-03	1.381305e+04	5.639273e+11	3.677720e+00	-1.759064e+08	5.000000e+03	0
1.256281e-01	1.560724e-01	9.538333e-03	1.380048e+04	5.618673e+11	3.829836e+00	-1.757563e+08	5.000000e+03	0
1.306533e-01	1.623153e-01	1.072328e-02	1.378739e+04	5.597258e+11	3.981695e+00	-1.756001e+08	5.000000e+03	0
1.356784e-01	1.685582e-01	1.200173e-02	1.377379e+04	5.575033e+11	4.133287e+00	-1.754379e+08	5.000000e+03	0
1.407035e-01	1.748011e-01	1.337709e-02	1.375966e+04	5.552002e+11	4.284601e+00	-1.752697e+08	5.000000e+03	0
1.457286e-01	1.810440e-01	1.485273e-02	1.374500e+04	5.528169e+11	4.435627e+00	-1.750955e+08	5.000000e+03	0
1.507538e-01	1.872869e-01	1.643202e-02	1.372983e+04	5.503537e+11	4.586354e+00	-1.749153e+08	5.000000e+03	0
1.557789e-01	1.935298e-01	1.811828e-02	1.371413e+04	5.478112e+11	4.736771e+00	-1.747291e+08	5.000000e+03	0
1.608040e-01	1.997727e-01	1.991483e-02	1.369790e+04	5.451899e+11	4.886869e+00	-1.745372e+08	5.000000e+03	0
1.658291e-01	2.060156e-01	2.182494e-02	1.368115e+04	5.424900e+11	5.036636e+00	-1.743387e+08	5.000000e+03	0
1.708543e-01	2.122585e-01	2.385186e-02	1.366387e+04	5.397123e+11	5.186062e+00	-1.741347e+08	5.000000e+03	0
1.758794e-01	2.185014e-01	2.599884e-02	1.364606e+04	5.368571e+11	5.335136e+00	-1.739246e+08	5.000000e+03	0
1.809045e-01	2.247443e-01	2.826906e-02	1.362773e+04	5.339250e+11	5.483849e+00	-1.737087e+08	5.000000e+03	0
1.859296e-01	2.309872e-01	3.066569e-02	1.360886e+04	5.309164e+11	5.632188e+00	-1.734869e+08	5.000000e+03	0
1.909548e-01	2.372301e-01	3.319189e-02	1.358947e+04	5.278321e+11	5.780144e+00	-1.732591e+08	5.000000e+03	0
1.959799e-01	2.434730e-01	3.585074e-02	1.356954e+04	5.246724e+11	5.927705e+00	-1.730255e+08	5.000000e+03	0
2.010050e-01	2.497159e-01	3.864535e-02	1.354908e+04	5.214380e+11	6.074862e+00	-1.727861e+08	5.000000e+03	0
2.060302e-01	2.559587e-01	4.157874e-02	1.352809e+04	5.181295e+11	6.221603e+00	-1.725408e+08	5.000000e+03	0
2.110553e-01	2.622016e-01	4.465393e-02	1.350656e+04	5.147475e+11	6.367917e+00	-1.722897e+08	5.000000e+03	0
2.160804e-01	2.684445e-01	4.787389e-02	1.348449e+04	5.112925e+11	6.513794e+00	-1.720327e+08	5.000000e+03	0
2.211055e-01	2.746874e-01	5.124158e-02	1.346189e+04	5.077653e+11	6.659223e+00	-1.717700e+08	5.000000e+03	0
2.261307e-01	2.809303e-01	5.475994e-02	1.343875e+04	5.041664e+11	6.804193e+00	-1.715015e+08	5.000000e+03	0
2.311558e-01	2.871732e-01	5.843181e-02	1.341506e+04	5.004965e+11	6.948693e+00	-1.712273e+08	5.000000e+03	0
2.361809e-01	2.934161e-01	6.226000e-02	1.339084e+04	4.967563e+11	7.092712e+00	-1.709473e+08	5.000000e+03	0
2.412060e-01	2.996590e-01	6.624731e-02	1.336607e+04	4.929465e+11	7.236239e+00	-1.706616e+08	5.000000e+03	0
2.462312e-01	3.059019e-01	7.039648e-02	1.334076e+04	4.890678e+11	7.379264e+00	-1.703703e+08	5.000000e+03	0
2.512563e-01	3.121448e-01	7.471022e-02	1.331490e+04	4.851209e+11	7.521774e+00	-1.700732e+08	5.000000e+03	0
2.562814e-01	3.183877e-01	7.919120e-02	1.328850e+04	4.811065e+11	7.663760e+00	-1.697705e+08	5.000000e+03	0
2.613065e-01	3.246306e-01	8.384204e-02	1.326154e+04	4.770254e+11	7.805210e+00	-1.694621e+08	5.000000e+03	0
2.663317e-01	3.308735e-01	8.866534e-02	1.323403e+04	4.728783e+11	7.946112e+00	-1.691482e+08	5.000000e+03	0
2.713568e-01	3.371164e-01	9.366361e-02	1.320597e+04	4.686660e+11	8.086456e+00	-1.688287e+08	5.000000e+03	0
2.763819e-01	3.433593e-01	9.883935e-02	1.317736e+04	4.643894e+11	8.226231e+00	-1.685035e+08	5.000000e+03	0
2.814070e-01	3.496022e-01	1.041950e-01	1.314818e+04	4.600491e+11	8.365424e+00	-1.681729e+08	5.000000e+03	0
2.864322e-01	3.558451e-01	1.097330e-01	1.311845e+04	4.556460e+11	8.504025e+00	-1.678367e+08	5.000000e+03	0
2.914573e-01	3.620880e-01	1.154556e-01	1.308816e+04	4.511809e+11	8.642022e+00	-1.674950e+08	5.000000e+03	0
2.964824e-01	3.683309e-01	1.213651e-01	1.305730e+04	4.466548e+11	8.779405e+00	-1.671479e+08	5.000000e+03	0
3.015075e-01	3.745738e-01	1.274639e-01	1.302588e+04	4.420683e+11	8.916160e+00	-1.667953e+08	5.000000e+03	0
3.065327e-01	3.808167e-01	1.337540e-01	1.299388e+04	4.374225e+11	9.052277e+00	-1.664373e+08	5.000000e+03	0
3.115578e-01	3.870596e-01	1.402377e-01	1.296132e+04	4.327181e+11	9.187744e+00	-1.660739e+08	5.000000e+03	0
3.165829e-01	3.933025e-01	1.469169e-01	1.292818e+04	4.279562e+11	9.322549e+00	-1.657051e+08	5.000000e+03	0
3.216080e-01	3.995454e-01	1.537938e-01	1.289447e+04	4.231375e+11	9.456681e+00	-1.653310e+08	5.000000e+03	0
3.266332e-01	4.057883e-01	1.608703e-01	1.286018e+04	4.182630e+11	9.590128e+00	-1.649515e+08	5.000000e+03	0
3.316583e-01	4.120312e-01	1.681484e-01	1.282531e+04	4.133337e+11	9.722878e+00	-1.645668e+08	5.000000e+03	0
3.366834e-01	4.182741e-01	1.756298e-01	1.278985e+04	4.083504e+11	9.854918e+00	-1.641768e+08	5.000000e+03	0
3.417085e-01	4.245169e-01	1.833165e-01	1.275380e+04	4.033142e+11	9.986237e+00	-1.637816e+08	5.000000e+03	0
3.467337e-01	4.307598e-01	1.912100e-01	1.271716e+04	3.982261e+11	1.011682e+01	-1.633812e+08	5.000000e+03	0
3.517588e-01	4.370027e-01	1.993122e-01	1.267993e+04	3.930870e+11	1.024666e+01	-1.629756e+08	5.000000e+03	0
3.567839e-01	4.432456e-01	2.076245e-01	1.264210e+04	3.878979e+11	1.037574e+01	-1.625648e+08	5.000000e+03	0
3.618090e-01	4.494885e-01	2.161486e-01	1.260367e+04	3.826599e+11	1.050406e+01	-1.621489e+08	5.000000e+03	0
3.668342e-01	4.557314e-01	2.248858e-01	1.256463e+04	3.773739e+11	1.063158e+01	-1.617280e+08	5.000000e+03	0
3.718593e-01	4.619743e-01	2.338377e-01	1.252498e+04	3.720412e+11	1.075832e+01	-1.613020e+08	5.000000e+03	0
3.768844e-01	4.682172e-01	2.430055e-01	1.248472e+04	3.666626e+11	1.088424e+01	-1.608710e+08	5.000000e+03	0
3.819095e-01	4.744601e-01	2.523905e-01	1.244385e+04	3.612392e+11	1.100935e+01	-1.604350e+08	5.000000e+03	0
3.869347e-01	4.807030e-01	2.619940e-01	1.240235e+04	3.557723e+11	1.113362e+01	-1.599940e+08	5.000000e+03	0
3.919598e-01	4.869459e-01	2.718169e-01	1.236022e+04	3.502627e+11	1.125704e+01	-1.595481e+08	5.000000e+03	0
3.969849e-01	4.931888e-01	2.818604e-01	1.231746e+04	3.447118e+11	1.137960e+01	-1.590973e+08	5.000000e+03	0
4.020101e-01	4.994317e-01	2.921255e-01	1.227406e+04	3.391205e+11	1.150129e+01	-1.586417e+08	5.000000e+03	0
4.070352e-01	5.056746e-01	3.026130e-01	1.223003e+04	3.334901e+11	1.162210e+01	-1.581812e+08	5.000000e+03	0
4.120603e-01	5.119175e-01	3.133238e-01	1.218534e+04	3.278216e+11	1.174200e+01	-1.577160e+08	5.000000e+03	0
4.170854e-01	5.181604e-01	3.242585e-01	1.214001e+04	3.221163e+11	1.186099e+01	-1.572460e+08	5.000000e+03	0
4.221106e-01	5.244033e-01	3.354179e-01	1.209401e+04	3.163754e+11	1.197905e+01	-1.567714e+08	5.000000e+03	0
4.271357e-01	5.306462e-01	3.468025e-01	1.204735e+04	3.106000e+11	1.209617e+01	-1.562920e+08	5.000000e+03	0
4.321608e-01	5.368891e-01	3.584127e-01	1.200002e+04	3.047913e+11	1.221234e+01	-1.558080e+08	5.000000e+03	0
4.371859e-01	5.431320e-01	3.702489e-01	1.195201e+04	2.989506e+11	1.232753e+01	-1.553194e+08	5.000000e+03	0
4.422111e-01	5.493749e-01	3.823116e-01	1.190331e+04	2.930791e+11	1.244174e+01	-1.548263e+08	5.000000e+03	0
4.472362e-01	5.556178e-01	3.946008e-01	1.185392e+04	2.871780e+11	1.255495e+01	-1.543286e+08	5.000000e+03	0
4.522613e-01	5.618607e-01	4.037042e-01	6.499664e+03	2.828693e+11	1.256089e+01	-1.538275e+08	5.000000e+03	1
4.572864e-01	5.681036e-01	4.107254e-01	6.480160e+03	2.796371e+11	1.250012e+01	-1.533283e+08	5.000000e+03	1
4.623116e-01	5.743465e-01	4.178810e-01	6.460708e+03	2.764297e+11	1.244301e+01	-1.528313e+08	5.000000e+03	1
4.673367e-01	5.805894e-01	4.251719e-01	6.441304e+03	2.732461e+11	1.238941e+01	-1.523367e+08	5.000000e+03	1
4.723618e-01	5.868323e-01	4.325989e-01	6.421941e+03	2.700854e+11	1.233914e+01	-1.518440e+08	5.000000e+03	1
4.773869e-01	5.930751e-01	4.401628e-01	6.402614e+03	2.669466e+11	1.229206e+01	-1.513534e+08	5.000000e+03	1
4.824121e-01	5.993180e-01	4.478644e-01	6.383320e+03	2.638288e+11	1.224802e+01	-1.508645e+08	5.000000e+03	1
4.874372e-01	6.055609e-01	4.557044e-01	6.364052e+03	2.607312e+11	1.220689e+01	-1.503774e+08	5.000000e+03	1
4.924623e-01	6.118038e-01	4.636835e-01	6.344807e+03	2.576529e+11	1.216854e+01	-1.498919e+08	5.000000e+03	1
4.974874e-01	6.180467e-01	4.718025e-01	6.325579e+03	2.545934e+11	1.213283e+01	-1.494078e+08	5.000000e+03	1
5.025126e-01	6.242896e-01	4.800621e-01	6.306365e+03	2.515517e+11	1.209966e+01	-1.489251e+08	5.000000e+03	1
5.075377e-01	6.305325e-01	4.884629e-01	6.287161e+03	2.485273e+11	1.206892e+01	-1.484437e+08	5.000000e+03	1
5.125628e-01	6.367754e-01	4.970055e-01	6.267962e+03	2.455195e+11	1.204048e+01	-1.479635e+08	5.000000e+03	1
5.175879e-01	6.430183e-01	5.056907e-01	6.248766e+03	2.425277e+11	1.201426e+01	-1.474844e+08	5.000000e+03	1
5.226131e-01	6.492612e-01	5.145190e-01	6.229567e+03	2.395513e+11	1.199016e+01	-1.470063e+08	5.000000e+03	1
5.276382e-01	6.555041e-01	5.234910e-01	6.210363e+03	2.365898e+11	1.196808e+01	-1.465291e+08	5.000000e+03	1
5.326633e-01	6.617470e-01	5.326072e-01	6.191149e+03	2.336426e+11	1.194794e+01	-1.460528e+08	5.000000e+03	1
5.376884e-01	6.679899e-01	5.418684e-01	6.171923e+03	2.307093e+11	1.192964e+01	-1.455772e+08	5.000000e+03	1
5.427136e-01	6.742328e-01	5.512749e-01	6.152682e+03	2.277893e+11	1.191312e+01	-1.451024e+08	5.000000e+03	1
5.477387e-01	6.804757e-01	5.608273e-01	6.133422e+03	2.248824e+11	1.189829e+01	-1.446281e+08	5.000000e+03	1
5.527638e-01	6.867186e-01	5.705260e-01	6.114139e+03	2.219879e+11	1.188509e+01	-1.441545e+08	5.000000e+03	1
5.577889e-01	6.929615e-01	5.803716e-01	6.094832e+03	2.191056e+11	1.187343e+01	-1.436813e+08	5.000000e+03	1
5.628141e-01	6.992044e-01	5.903646e-01	6.075497e+03	2.162350e+11	1.186325e+01	-1.432086e+08	5.000000e+03	1
5.678392e-01	7.054473e-01	6.005052e-01	6.056131e+03	2.133759e+11	1.185450e+01	-1.427363e+08	5.000000e+03	1
5.728643e-01	7.116902e-01	6.107939e-01	6.036731e+03	2.105278e+11	1.184710e+01	-1.422643e+08	5.000000e+03	1
5.778894e-01	7.179331e-01	6.212311e-01	6.017295e+03	2.076905e+11	1.184099e+01	-1.417926e+08	5.000000e+03	1
5.829146e-01	7.241760e-01	6.318171e-01	5.997820e+03	2.048636e+11	1.183613e+01	-1.413211e+08	5.000000e+03	1
5.879397e-01	7.304189e-01	6.425522e-01	5.978304e+03	2.020470e+11	1.183245e+01	-1.408498e+08	5.000000e+03	1
5.929648e-01	7.366618e-01	6.534368e-01	5.958743e+03	1.992403e+11	1.182990e+01	-1.403786e+08	5.000000e+03	1
5.979899e-01	7.429047e-01	6.644712e-01	5.939136e+03	1.964432e+11	1.182844e+01	-1.399075e+08	5.000000e+03	1
6.030151e-01	7.491476e-01	6.756555e-01	5.919480e+03	1.936556e+11	1.182801e+01	-1.394365e+08	5.000000e+03	1
6.080402e-01	7.553905e-01	6.869900e-01	5.899773e+03	1.908773e+11	1.182857e+01	-1.389654e+08	5.000000e+03	1
6.130653e-01	7.616333e-01	6.984749e-01	5.880012e+03	1.881080e+11	1.183007e+01	-1.384943e+08	5.000000e+03	1
6.180905e-01	7.678762e-01	7.101105e-01	5.860194e+03	1.853475e+11	1.183247e+01	-1.380232e+08	5.000000e+03	1
6.231156e-01	7.741191e-01	7.218968e-01	5.840319e+03	1.825957e+11	1.183573e+01	-1.375519e+08	5.000000e+03	1
6.281407e-01	7.803620e-01	7.338340e-01	5.820383e+03	1.798524e+11	1.183981e+01	-1.370805e+08	5.000000e+03	1
6.331658e-01	7.866049e-01	7.459222e-01	5.800384e+03	1.771175e+11	1.184466e+01	-1.366089e+08	5.000000e+03	1
6.381910e-01	7.928478e-01	7.581614e-01	5.780320e+03	1.743908e+11	1.185027e+01	-1.361372e+08	5.000000e+03	1
6.432161e-01	7.990907e-01	7.705518e-01	5.760189e+03	1.716722e+11	1.185657e+01	-1.356652e+08	5.000000e+03	1
6.482412e-01	8.053336e-01	7.830933e-01	5.739989e+03	1.689616e+11	1.186356e+01	-1.351929e+08	5.000000e+03	1
6.532663e-01	8.115765e-01	7.957859e-01	5.719717e+03	1.662588e+11	1.187118e+01	-1.347204e+08	5.000000e+03	1
6.582915e-01	8.178194e-01	8.086296e-01	5.699372e+03	1.635639e+11	1.187941e+01	-1.342475e+08	5.000000e+03	1
6.633166e-01	8.240623e-01	8.216243e-01	5.678952e+03	1.608766e+11	1.188822e+01	-1.337743e+08	5.000000e+03	1
6.683417e-01	8.303052e-01	8.347700e-01	5.658454e+03	1.581969e+11	1.189757e+01	-1.333008e+08	5.000000e+03	1
6.733668e-01	8.365481e-01	8.480666e-01	5.637876e+03	1.555248e+11	1.190744e+01	-1.328269e+08	5.000000e+03	1
6.783920e-01	8.427910e-01	8.615139e-01	5.617217e+03	1.528602e+11	1.191780e+01	-1.323526e+08	5.000000e+03	1
6.834171e-01	8.490339e-01	8.751116e-01	5.596474e+03	1.502031e+11	1.192863e+01	-1.318778e+08	5.000000e+03	1
6.884422e-01	8.552768e-01	8.888596e-01	5.575645e+03	1.475533e+11	1.193989e+01	-1.314027e+08	5.000000e+03	1
6.934673e-01	8.615197e-01	9.027577e-01	5.554729e+03	1.449109e+11	1.195156e+01	-1.309270e+08	5.000000e+03	1
6.984925e-01	8.677626e-01	9.168055e-01	5.533723e+03	1.422758e+11	1.196361e+01	-1.304510e+08	5.000000e+03	1
7.035176e-01	8.740055e-01	9.310029e-01	5.512625e+03	1.396481e+11	1.197603e+01	-1.299744e+08	5.000000e+03	1
7.085427e-01	8.802484e-01	9.453493e-01	5.491433e+03	1.370276e+11	1.198879e+01	-1.294973e+08	5.000000e+03	1
7.135678e-01	8.864913e-01	9.598445e-01	5.470145e+03	1.344145e+11	1.200187e+01	-1.290198e+08	5.000000e+03	1
7.185930e-01	8.927342e-01	9.744881e-01	5.448760e+03	1.318086e+11	1.201523e+01	-1.285417e+08	5.000000e+03	1
7.236181e-01	8.989771e-01	9.892797e-01	5.427274e+03	1.292101e+11	1.202888e+01	-1.280631e+08	5.000000e+03	1
7.286432e-01	9.052200e-01	1.004219e+00	5.405687e+03	1.266189e+11	1.204277e+01	-1.275839e+08	5.000000e+03	1
7.336683e-01	9.114629e-01	1.019305e+00	5.383995e+03	1.240351e+11	1.205690e+01	-1.271042e+08	5.000000e+03	1
7.386935e-01	9.177058e-01	1.034537e+00	5.362197e+03	1.214586e+11	1.207124e+01	-1.266239e+08	5.000000e+03	1
7.437186e-01	9.239487e-01	1.049915e+00	5.340290e+03	1.188895e+11	1.208577e+01	-1.261431e+08	5.000000e+03	1
7.487437e-01	9.301915e-01	1.065439e+00	5.318273e+03	1.163279e+11	1.210048e+01	-1.256616e+08	5.000000e+03	1
7.537688e-01	9.364344e-01	1.081107e+00	5.296143e+03	1.137737e+11	1.211535e+01	-1.251796e+08	5.000000e+03	1
7.587940e-01	9.426773e-01	1.096919e+00	5.273898e+03	1.112271e+11	1.213035e+01	-1.246970e+08	5.000000e+03	1
7.638191e-01	9.489202e-01	1.112874e+00	5.251536e+03	1.086881e+11	1.214548e+01	-1.242139e+08	5.000000e+03	1
7.688442e-01	9.551631e-01	1.128972e+00	5.229054e+03	1.061568e+11	1.216071e+01	-1.237301e+08	5.000000e+03	1
7.738693e-01	9.614060e-01	1.145211e+00	5.206449e+03	1.036332e+11	1.217603e+01	-1.232457e+08	5.000000e+03	1
7.788945e-01	9.676489e-01	1.161591e+00	5.183721e+03	1.011173e+11	1.219143e+01	-1.227607e+08	5.000000e+03	1
7.839196e-01	9.738918e-01	1.178111e+00	5.160866e+03	9.860937e+10	1.220688e+01	-1.222751e+08	5.000000e+03	1
7.889447e-01	9.801347e-01	1.194771e+00	5.137881e+03	9.610935e+10	1.222238e+01	-1.217888e+08	5.000000e+03	1
7.939698e-01	9.863776e-01	1.211568e+00	5.114764e+03	9.361736e+10	1.223790e+01	-1.213020e+08	5.000000e+03	1
7.989950e-01	9.926205e-01	1.228502e+00	5.091513e+03	9.113349e+10	1.225344e+01	-1.208146e+08	5.000000e+03	1
8.040201e-01	9.988634e-01	1.245572e+00	5.068124e+03	8.865784e+10	1.226897e+01	-1.203265e+08	5.000000e+03	1
8.090452e-01	1.005106e+00	1.262777e+00	5.044596e+03	8.619049e+10	1.228448e+01	-1.198378e+08	5.000000e+03	1
8.140704e-01	1.011349e+00	1.280116e+00	5.020924e+03	8.373156e+10	1.229997e+01	-1.193486e+08	5.000000e+03	1
8.190955e-01	1.017592e+00	1.297588e+00	4.997107e+03	8.128116e+10	1.231541e+01	-1.188587e+08	5.000000e+03	1
8.241206e-01	1.023835e+00	1.315190e+00	4.973140e+03	7.883938e+10	1.233080e+01	-1.183682e+08	5.000000e+03	1
8.291457e-01	1.030078e+00	1.332923e+00	4.949022e+03	7.640636e+10	1.234611e+01	-1.178770e+08	5.000000e+03	1
8.341709e-01	1.036321e+00	1.350785e+00	4.924749e+03	7.398220e+10	1.236134e+01	-1.173853e+08	5.000000e+03	1
8.391960e-01	1.042564e+00	1.368773e+00	4.900317e+03	7.156704e+10	1.237648e+01	-1.168930e+08	5.000000e+03	1
8.442211e-01	1.048807e+00	1.386888e+00	4.875723e+03	6.916100e+10	1.239150e+01	-1.164001e+08	5.000000e+03	1
8.492462e-01	1.055049e+00	1.405127e+00	4.850964e+03	6.676421e+10	1.240641e+01	-1.159066e+08	5.000000e+03	1
8.542714e-01	1.061292e+00	1.423489e+00	4.826035e+03	6.437681e+10	1.242118e+01	-1.154125e+08	5.000000e+03	1
8.592965e-01	1.067535e+00	1.441972e+00	4.800933e+03	6.199894e+10	1.243580e+01	-1.149179e+08	5.000000e+03	1
8.643216e-01	1.073778e+00	1.460575e+00	4.775655e+03	5.963074e+10	1.245027e+01	-1.144226e+08	5.000000e+03	1
8.693467e-01	1.080021e+00	1.479296e+00	4.750194e+03	5.727237e+10	1.246456e+01	-1.139268e+08	5.000000e+03	1
8.743719e-01	1.086264e+00	1.498132e+00	4.724549e+03	5.492398e+10	1.247868e+01	-1.134304e+08	5.000000e+03	1
8.793970e-01	1.092507e+00	1.517083e+00	4.698712e+03	5.258572e+10	1.249260e+01	-1.129335e+08	5.000000e+03	1
8.844221e-01	1.098750e+00	1.536146e+00	4.672681e+03	5.025776e+10	1.250631e+01	-1.124360e+08	5.000000e+03	1
8.894472e-01	1.104993e+00	1.555320e+00	4.646450e+03	4.794026e+10	1.251981e+01	-1.119380e+08	5.000000e+03	1
8.944724e-01	1.111236e+00	1.574602e+00	4.620014e+03	4.563340e+10	1.253308e+01	-1.114395e+08	5.000000e+03	1
8.994975e-01	1.117478e+00	1.593990e+00	4.593367e+03	4.333734e+10	1.254611e+01	-1.109576e+08	5.000000e+03	1
9.045226e-01	1.123721e+00	1.613482e+00	4.566504e+03	4.105227e+10	1.255888e+01	-1.104409e+08	5.000000e+03	1
9.095477e-01	1.129964e+00	1.633076e+00	4.539418e+03	3.877837e+10	1.257140e+01	-1.099408e+08	5.000000e+03	1
9.145729e-01	1.136207e+00	1.652769e+00	4.512103e+03	3.651582e+10	1.258364e+01	-1.094402e+08	5.000000e+03	1
9.195980e-01	1.142450e+00	1.672559e+00	4.484553e+03	3.426483e+10	1.259559e+01	-1.089392e+08	5.000000e+03	1
9.246231e-01	1.148693e+00	1.692443e+00	4.456759e+03	3.202559e+10	1.260724e+01	-1.084377e+08	5.000000e+03	1
9.296482e-01	1.154936e+00	1.712419e+00	4.428715e+03	2.979830e+10	1.261859e+01	-1.079357e+08	5.000000e+03	1
9.346734e-01	1.161179e+00	1.732485e+00	4.400413e+03	2.758317e+10	1.262961e+01	-1.074333e+08	5.000000e+03	1
9.396985e-01	1.167422e+00	1.752636e+00	4.371844e+03	2.538041e+10	1.264030e+01	-1.069305e+08	5.000000e+03	1
9.447236e-01	1.173665e+00	1.772871e+00	4.342998e+03	2.319025e+10	1.265064e+01	-1.064273e+08	5.000000e+03	1
9.497487e-01	1.179907e+00	1.793186e+00	4.313866e+03	2.101291e+10	1.266063e+01	-1.059236e+08	5.000000e+03	1
9.547739e-01	1.186150e+00	1.813579e+00	4.284438e+03	1.884862e+10	1.267024e+01	-1.054196e+08	5.000000e+03	1
9.597990e-01	1.192393e+00	1.834045e+00	4.254702e+03	1.669763e+10	1.267948e+01	-1.049152e+08	5.000000e+03	1
9.648241e-01	1.198636e+00	1.854582e+00	4.224647e+03	1.456017e+10	1.268832e+01	-1.044105e+08	5.000000e+03	1
9.698492e-01	1.204879e+00	1.875187e+00	4.194259e+03	1.243650e+10	1.269675e+01	-1.039054e+08	5.000000e+03	1
9.748744e-01	1.211122e+00	1.895854e+00	4.163524e+03	1.032689e+10	1.270476e+01	-1.034000e+08	5.000000e+03	1
9.798995e-01	1.217365e+00	1.916582e+00	4.132427e+03	8.231593e+09	1.271233e+01	-1.028942e+08	5.000000e+03	1
9.849246e-01	1.223608e+00	1.937365e+00	4.100952e+03	6.150898e+09	1.271946e+01	-1.023882e+08	5.000000e+03	1
9.899497e-01	1.229851e+00	1.958200e+00	4.069080e+03	4.085091e+09	1.272612e+01	-1.018819e+08	5.000000e+03	1
9.949749e-01	1.236093e+00	1.979082e+00	4.036792e+03	2.034470e+09	1.273231e+01	-1.013754e+08	5.000000e+03	1
1.000000e+00	1.242336e+00	2.000000e+00	4.000000e+03	0.000000e+00	1.273796e+01	-1.008686e+08	3.000000e+02	1
