#t		Qconv[W]	Ri[Rp]		R*[Rp]		Qc[W]		Qm[W]		Qr[W]		Tcmb[K]		Tl[K]		Tup[K]		RiFlag		Bs[T]
0.000000e+00	3.273137e+13	0.000000e+00	4.422111e-01	4.584555e+14	4.396354e+15	6.615988e+14	1.416150e+04	7.838612e+03	2.687676e+03	0	1.179728e-03
1.000000e+07	3.214364e+13	0.000000e+00	4.422111e-01	4.515669e+14	4.193589e+15	6.579330e+14	1.413778e+04	7.777302e+03	2.666654e+03	0	1.172625e-03
2.000000e+07	3.157323e+13	0.000000e+00	4.422111e-01	4.448792e+14	4.008184e+15	6.542947e+14	1.411441e+04	7.719534e+03	2.646846e+03	0	1.165647e-03
3.000000e+07	3.101979e+13	0.000000e+00	4.422111e-01	4.383885e+14	3.838117e+15	6.506836e+14	1.409139e+04	7.664995e+03	2.628147e+03	0	1.158796e-03
4.000000e+07	3.048289e+13	0.000000e+00	4.422111e-01	4.320897e+14	3.681654e+15	6.470994e+14	1.406870e+04	7.613413e+03	2.610460e+03	0	1.152071e-03
5.000000e+07	2.996204e+13	0.000000e+00	4.422111e-01	4.259771e+14	3.537307e+15	6.435420e+14	1.404634e+04	7.564541e+03	2.593703e+03	0	1.145472e-03
6.000000e+07	2.945670e+13	0.000000e+00	4.422111e-01	4.200445e+14	3.403788e+15	6.400110e+14	1.402429e+04	7.518165e+03	2.577802e+03	0	1.138995e-03
7.000000e+07	2.896634e+13	0.000000e+00	4.422111e-01	4.142857e+14	3.279979e+15	6.365064e+14	1.400254e+04	7.474089e+03	2.562689e+03	0	1.132640e-03
8.000000e+07	2.849040e+13	0.000000e+00	4.422111e-01	4.086942e+14	3.164907e+15	6.330278e+14	1.398110e+04	7.432140e+03	2.548306e+03	0	1.126402e-03
9.000000e+07	2.802833e+13	0.000000e+00	4.422111e-01	4.032638e+14	3.057720e+15	6.295751e+14	1.395994e+04	7.392160e+03	2.534598e+03	0	1.120279e-03
1.000000e+08	2.757960e+13	0.000000e+00	4.422111e-01	3.979882e+14	2.957668e+15	6.261481e+14	1.393906e+04	7.354009e+03	2.521517e+03	0	1.114269e-03
1.100000e+08	2.714367e+13	0.000000e+00	4.422111e-01	3.928613e+14	2.864092e+15	6.227464e+14	1.391846e+04	7.317559e+03	2.509019e+03	0	1.108367e-03
1.200000e+08	2.672004e+13	0.000000e+00	4.422111e-01	3.878771e+14	2.776409e+15	6.193700e+14	1.389811e+04	7.282694e+03	2.497064e+03	0	1.102570e-03
1.300000e+08	2.630821e+13	0.000000e+00	4.422111e-01	3.830299e+14	2.694101e+15	6.160186e+14	1.387803e+04	7.249308e+03	2.485617e+03	0	1.096876e-03
1.400000e+08	2.590770e+13	0.000000e+00	4.422111e-01	3.783143e+14	2.616707e+15	6.126920e+14	1.385820e+04	7.217305e+03	2.474644e+03	0	1.091282e-03
1.500000e+08	2.551807e+13	0.000000e+00	4.422111e-01	3.737250e+14	2.543817e+15	6.093899e+14	1.383861e+04	7.186597e+03	2.464115e+03	0	1.085783e-03
1.600000e+08	2.513886e+13	0.000000e+00	4.422111e-01	3.692568e+14	2.475061e+15	6.061123e+14	1.381925e+04	7.157105e+03	2.454003e+03	0	1.080378e-03
1.700000e+08	2.476967e+13	0.000000e+00	4.422111e-01	3.649050e+14	2.410111e+15	6.028588e+14	1.380013e+04	7.128753e+03	2.444282e+03	0	1.075063e-03
1.800000e+08	2.441009e+13	0.000000e+00	4.422111e-01	3.606649e+14	2.348670e+15	5.996294e+14	1.378123e+04	7.101475e+03	2.434929e+03	0	1.069836e-03
1.900000e+08	2.405975e+13	0.000000e+00	4.422111e-01	3.565322e+14	2.290468e+15	5.964237e+14	1.376255e+04	7.075207e+03	2.425922e+03	0	1.064693e-03
2.000000e+08	2.371829e+13	0.000000e+00	4.422111e-01	3.525026e+14	2.235266e+15	5.932416e+14	1.374408e+04	7.049893e+03	2.417242e+03	0	1.059632e-03
2.100000e+08	2.338534e+13	0.000000e+00	4.422111e-01	3.485722e+14	2.182842e+15	5.900829e+14	1.372583e+04	7.025478e+03	2.408871e+03	0	1.054650e-03
2.200000e+08	2.306060e+13	0.000000e+00	4.422111e-01	3.447372e+14	2.132999e+15	5.869474e+14	1.370777e+04	7.001913e+03	2.400791e+03	0	1.049746e-03
2.300000e+08	2.274375e+13	0.000000e+00	4.422111e-01	3.409938e+14	2.085555e+15	5.838349e+14	1.368991e+04	6.979153e+03	2.392987e+03	0	1.044916e-03
2.400000e+08	2.243448e+13	0.000000e+00	4.422111e-01	3.373388e+14	2.040346e+15	5.807453e+14	1.367225e+04	6.957155e+03	2.385445e+03	0	1.040158e-03
2.500000e+08	2.213251e+13	0.000000e+00	4.422111e-01	3.337687e+14	1.997221e+15	5.776783e+14	1.365477e+04	6.935880e+03	2.378150e+03	0	1.035470e-03
2.600000e+08	2.183758e+13	0.000000e+00	4.422111e-01	3.302805e+14	1.956042e+15	5.746337e+14	1.363748e+04	6.915290e+03	2.371090e+03	0	1.030850e-03
2.700000e+08	2.154942e+13	0.000000e+00	4.422111e-01	3.268711e+14	1.916684e+15	5.716113e+14	1.362037e+04	6.895352e+03	2.364254e+03	0	1.026296e-03
2.800000e+08	2.126780e+13	0.000000e+00	4.422111e-01	3.235378e+14	1.879029e+15	5.686111e+14	1.360344e+04	6.876033e+03	2.357630e+03	0	1.021805e-03
2.900000e+08	2.099247e+13	0.000000e+00	4.422111e-01	3.202778e+14	1.842973e+15	5.656327e+14	1.358668e+04	6.857303e+03	2.351208e+03	0	1.017377e-03
3.000000e+08	2.072321e+13	0.000000e+00	4.422111e-01	3.170886e+14	1.808416e+15	5.626761e+14	1.357008e+04	6.839135e+03	2.344978e+03	0	1.013008e-03
3.100000e+08	2.045982e+13	0.000000e+00	4.422111e-01	3.139676e+14	1.775269e+15	5.597410e+14	1.355365e+04	6.821502e+03	2.338932e+03	0	1.008698e-03
3.200000e+08	2.020209e+13	0.000000e+00	4.422111e-01	3.109126e+14	1.743448e+15	5.568272e+14	1.353738e+04	6.804379e+03	2.333061e+03	0	1.004445e-03
3.300000e+08	1.994982e+13	0.000000e+00	4.422111e-01	3.079213e+14	1.712876e+15	5.539347e+14	1.352127e+04	6.787743e+03	2.327357e+03	0	1.000246e-03
3.400000e+08	1.970284e+13	0.000000e+00	4.422111e-01	3.049916e+14	1.683481e+15	5.510631e+14	1.350532e+04	6.771572e+03	2.321813e+03	0	9.961014e-04
3.500000e+08	1.946096e+13	0.000000e+00	4.422111e-01	3.021214e+14	1.655198e+15	5.482124e+14	1.348951e+04	6.755847e+03	2.316421e+03	0	9.920085e-04
3.600000e+08	1.922402e+13	0.000000e+00	4.422111e-01	2.993087e+14	1.627965e+15	5.453823e+14	1.347386e+04	6.740547e+03	2.311175e+03	0	9.879661e-04
3.700000e+08	1.899185e+13	0.000000e+00	4.422111e-01	2.965518e+14	1.601724e+15	5.425728e+14	1.345835e+04	6.725654e+03	2.306069e+03	0	9.839728e-04
3.800000e+08	1.876431e+13	0.000000e+00	4.422111e-01	2.938488e+14	1.576423e+15	5.397835e+14	1.344298e+04	6.711152e+03	2.301096e+03	0	9.800273e-04
3.900000e+08	1.854125e+13	0.000000e+00	4.422111e-01	2.911980e+14	1.552012e+15	5.370145e+14	1.342775e+04	6.697023e+03	2.296252e+03	0	9.761284e-04
4.000000e+08	1.832252e+13	0.000000e+00	4.422111e-01	2.885979e+14	1.528444e+15	5.342654e+14	1.341266e+04	6.683253e+03	2.291530e+03	0	9.722747e-04
4.100000e+08	1.810799e+13	0.000000e+00	4.422111e-01	2.860467e+14	1.505678e+15	5.315362e+14	1.339770e+04	6.669828e+03	2.286927e+03	0	9.684652e-04
4.200000e+08	1.789753e+13	0.000000e+00	4.422111e-01	2.835431e+14	1.483672e+15	5.288266e+14	1.338288e+04	6.656732e+03	2.282437e+03	0	9.646986e-04
4.300000e+08	1.769101e+13	0.000000e+00	4.422111e-01	2.810855e+14	1.462388e+15	5.261365e+14	1.336818e+04	6.643954e+03	2.278056e+03	0	9.609738e-04
4.400000e+08	1.748833e+13	0.000000e+00	4.422111e-01	2.786727e+14	1.441792e+15	5.234658e+14	1.335361e+04	6.631481e+03	2.273779e+03	0	9.572898e-04
4.500000e+08	1.728937e+13	0.000000e+00	4.422111e-01	2.763033e+14	1.421851e+15	5.208143e+14	1.333917e+04	6.619301e+03	2.269603e+03	0	9.536455e-04
4.600000e+08	1.709400e+13	0.000000e+00	4.422111e-01	2.739760e+14	1.402532e+15	5.181818e+14	1.332485e+04	6.607404e+03	2.265523e+03	0	9.500400e-04
4.700000e+08	1.690215e+13	0.000000e+00	4.422111e-01	2.716896e+14	1.383808e+15	5.155682e+14	1.331065e+04	6.595778e+03	2.261537e+03	0	9.464723e-04
4.800000e+08	1.671369e+13	0.000000e+00	4.422111e-01	2.694430e+14	1.365650e+15	5.129733e+14	1.329657e+04	6.584413e+03	2.257640e+03	0	9.429415e-04
4.900000e+08	1.652853e+13	0.000000e+00	4.422111e-01	2.672351e+14	1.348034e+15	5.103971e+14	1.328260e+04	6.573301e+03	2.253830e+03	0	9.394466e-04
5.000000e+08	1.634659e+13	0.000000e+00	4.422111e-01	2.650646e+14	1.330934e+15	5.078392e+14	1.326875e+04	6.562432e+03	2.250103e+03	0	9.359868e-04
5.100000e+08	1.616777e+13	0.000000e+00	4.422111e-01	2.629307e+14	1.314328e+15	5.052996e+14	1.325501e+04	6.551796e+03	2.246457e+03	0	9.325613e-04
5.200000e+08	1.599199e+13	0.000000e+00	4.422111e-01	2.608323e+14	1.298194e+15	5.027781e+14	1.324138e+04	6.541387e+03	2.242888e+03	0	9.291692e-04
5.300000e+08	1.581916e+13	0.000000e+00	4.422111e-01	2.587685e+14	1.282512e+15	5.002746e+14	1.322785e+04	6.531195e+03	2.239393e+03	0	9.258099e-04
5.400000e+08	1.564921e+13	0.000000e+00	4.422111e-01	2.567383e+14	1.267263e+15	4.977890e+14	1.321444e+04	6.521215e+03	2.235971e+03	0	9.224824e-04
5.500000e+08	1.548205e+13	0.000000e+00	4.422111e-01	2.547409e+14	1.252428e+15	4.953210e+14	1.320113e+04	6.511437e+03	2.232619e+03	0	9.191862e-04
5.600000e+08	1.531762e+13	0.000000e+00	4.422111e-01	2.527754e+14	1.237991e+15	4.928706e+14	1.318792e+04	6.501856e+03	2.229333e+03	0	9.159205e-04
5.700000e+08	1.515585e+13	0.000000e+00	4.422111e-01	2.508409e+14	1.223935e+15	4.904375e+14	1.317482e+04	6.492465e+03	2.226113e+03	0	9.126846e-04
5.800000e+08	1.499666e+13	0.000000e+00	4.422111e-01	2.489367e+14	1.210244e+15	4.880218e+14	1.316181e+04	6.483258e+03	2.222956e+03	0	9.094778e-04
5.900000e+08	1.483998e+13	0.000000e+00	4.422111e-01	2.470621e+14	1.196905e+15	4.856231e+14	1.314891e+04	6.474228e+03	2.219860e+03	0	9.062996e-04
6.000000e+08	1.468577e+13	0.000000e+00	4.422111e-01	2.452162e+14	1.183903e+15	4.832415e+14	1.313610e+04	6.465370e+03	2.216823e+03	0	9.031492e-04
6.100000e+08	1.453395e+13	0.000000e+00	4.422111e-01	2.433983e+14	1.171225e+15	4.808766e+14	1.312339e+04	6.456679e+03	2.213843e+03	0	9.000262e-04
6.200000e+08	1.438446e+13	0.000000e+00	4.422111e-01	2.416078e+14	1.158858e+15	4.785285e+14	1.311077e+04	6.448148e+03	2.210918e+03	0	8.969298e-04
6.300000e+08	1.423725e+13	0.000000e+00	4.422111e-01	2.398440e+14	1.146792e+15	4.761970e+14	1.309824e+04	6.439774e+03	2.208047e+03	0	8.938596e-04
6.400000e+08	1.409226e+13	0.000000e+00	4.422111e-01	2.381063e+14	1.135014e+15	4.738819e+14	1.308580e+04	6.431551e+03	2.205228e+03	0	8.908150e-04
6.500000e+08	1.394944e+13	0.000000e+00	4.422111e-01	2.363940e+14	1.123514e+15	4.715832e+14	1.307346e+04	6.423475e+03	2.202458e+03	0	8.877954e-04
6.600000e+08	1.380874e+13	0.000000e+00	4.422111e-01	2.347065e+14	1.112282e+15	4.693006e+14	1.306120e+04	6.415541e+03	2.199738e+03	0	8.848004e-04
6.700000e+08	1.367011e+13	0.000000e+00	4.422111e-01	2.330433e+14	1.101308e+15	4.670340e+14	1.304903e+04	6.407744e+03	2.197065e+03	0	8.818294e-04
6.800000e+08	1.353349e+13	0.000000e+00	4.422111e-01	2.314038e+14	1.090583e+15	4.647834e+14	1.303695e+04	6.400081e+03	2.194437e+03	0	8.788820e-04
6.900000e+08	1.339885e+13	0.000000e+00	4.422111e-01	2.297874e+14	1.080097e+15	4.625485e+14	1.302495e+04	6.392548e+03	2.191854e+03	0	8.759577e-04
7.000000e+08	1.326613e+13	0.000000e+00	4.422111e-01	2.281937e+14	1.069843e+15	4.603293e+14	1.301303e+04	6.385141e+03	2.189315e+03	0	8.730559e-04
7.100000e+08	1.313530e+13	0.000000e+00	4.422111e-01	2.266220e+14	1.059813e+15	4.581257e+14	1.300120e+04	6.377857e+03	2.186817e+03	0	8.701764e-04
7.200000e+08	1.300631e+13	0.000000e+00	4.422111e-01	2.250720e+14	1.049999e+15	4.559375e+14	1.298945e+04	6.370691e+03	2.184360e+03	0	8.673185e-04
7.300000e+08	1.287911e+13	0.000000e+00	4.422111e-01	2.235431e+14	1.040393e+15	4.537645e+14	1.297778e+04	6.363640e+03	2.181943e+03	0	8.644820e-04
7.400000e+08	1.275368e+13	0.000000e+00	4.422111e-01	2.220349e+14	1.030988e+15	4.516068e+14	1.296618e+04	6.356702e+03	2.179564e+03	0	8.616664e-04
7.500000e+08	1.262997e+13	0.000000e+00	4.422111e-01	2.205470e+14	1.021779e+15	4.494640e+14	1.295467e+04	6.349873e+03	2.177222e+03	0	8.588713e-04
7.600000e+08	1.250795e+13	0.000000e+00	4.422111e-01	2.190788e+14	1.012758e+15	4.473362e+14	1.294323e+04	6.343150e+03	2.174917e+03	0	8.560963e-04
7.700000e+08	1.238757e+13	0.000000e+00	4.422111e-01	2.176300e+14	1.003920e+15	4.452232e+14	1.293187e+04	6.336530e+03	2.172647e+03	0	8.533411e-04
7.800000e+08	1.226880e+13	0.000000e+00	4.422111e-01	2.162001e+14	9.952576e+14	4.431249e+14	1.292058e+04	6.330010e+03	2.170411e+03	0	8.506052e-04
7.900000e+08	1.215162e+13	0.000000e+00	4.422111e-01	2.147888e+14	9.867665e+14	4.410412e+14	1.290937e+04	6.323587e+03	2.168209e+03	0	8.478883e-04
8.000000e+08	1.203598e+13	0.000000e+00	4.422111e-01	2.133957e+14	9.784411e+14	4.389719e+14	1.289823e+04	6.317260e+03	2.166040e+03	0	8.451901e-04
8.100000e+08	1.192185e+13	0.000000e+00	4.422111e-01	2.120204e+14	9.702761e+14	4.369169e+14	1.288716e+04	6.311025e+03	2.163902e+03	0	8.425102e-04
8.200000e+08	1.180920e+13	0.000000e+00	4.422111e-01	2.106625e+14	9.622665e+14	4.348762e+14	1.287617e+04	6.304881e+03	2.161795e+03	0	8.398483e-04
8.300000e+08	1.169801e+13	0.000000e+00	4.422111e-01	2.093217e+14	9.544078e+14	4.328496e+14	1.286524e+04	6.298823e+03	2.159718e+03	0	8.372040e-04
8.400000e+08	1.158824e+13	0.000000e+00	4.422111e-01	2.079977e+14	9.466952e+14	4.308370e+14	1.285439e+04	6.292852e+03	2.157671e+03	0	8.345771e-04
8.500000e+08	1.147986e+13	0.000000e+00	4.422111e-01	2.066901e+14	9.391245e+14	4.288382e+14	1.284360e+04	6.286963e+03	2.155652e+03	0	8.319672e-04
8.600000e+08	1.137285e+13	0.000000e+00	4.422111e-01	2.053985e+14	9.316914e+14	4.268533e+14	1.283288e+04	6.281156e+03	2.153661e+03	0	8.293740e-04
8.700000e+08	1.126718e+13	0.000000e+00	4.422111e-01	2.041227e+14	9.243920e+14	4.248820e+14	1.282223e+04	6.275428e+03	2.151696e+03	0	8.267973e-04
8.800000e+08	1.116282e+13	0.000000e+00	4.422111e-01	2.028624e+14	9.172223e+14	4.229242e+14	1.281164e+04	6.269777e+03	2.149759e+03	0	8.242367e-04
8.900000e+08	1.105975e+13	0.000000e+00	4.422111e-01	2.016173e+14	9.101787e+14	4.209800e+14	1.280112e+04	6.264201e+03	2.147847e+03	0	8.216920e-04
9.000000e+08	1.095794e+13	0.000000e+00	4.422111e-01	2.003870e+14	9.032576e+14	4.190490e+14	1.279066e+04	6.258698e+03	2.145960e+03	0	8.191629e-04
9.100000e+08	1.085737e+13	0.000000e+00	4.422111e-01	1.991713e+14	8.964554e+14	4.171313e+14	1.278026e+04	6.253267e+03	2.144098e+03	0	8.166492e-04
9.200000e+08	1.075801e+13	0.000000e+00	4.422111e-01	1.979700e+14	8.897690e+14	4.152268e+14	1.276993e+04	6.247906e+03	2.142260e+03	0	8.141505e-04
9.300000e+08	1.065985e+13	0.000000e+00	4.422111e-01	1.967827e+14	8.831951e+14	4.133352e+14	1.275967e+04	6.242613e+03	2.140445e+03	0	8.116666e-04
9.400000e+08	1.056286e+13	0.000000e+00	4.422111e-01	1.956092e+14	8.767307e+14	4.114566e+14	1.274946e+04	6.237386e+03	2.138653e+03	0	8.091973e-04
9.500000e+08	1.046701e+13	0.000000e+00	4.422111e-01	1.944492e+14	8.703727e+14	4.095908e+14	1.273931e+04	6.232224e+03	2.136883e+03	0	8.067423e-04
9.600000e+08	1.037229e+13	0.000000e+00	4.422111e-01	1.933025e+14	8.641184e+14	4.077378e+14	1.272922e+04	6.227126e+03	2.135135e+03	0	8.043015e-04
9.700000e+08	1.027868e+13	0.000000e+00	4.422111e-01	1.921689e+14	8.579649e+14	4.058973e+14	1.271920e+04	6.222090e+03	2.133408e+03	0	8.018745e-04
9.800000e+08	1.018615e+13	0.000000e+00	4.422111e-01	1.910481e+14	8.519097e+14	4.040694e+14	1.270923e+04	6.217114e+03	2.131702e+03	0	7.994611e-04
9.900000e+08	1.009469e+13	0.000000e+00	4.422111e-01	1.899398e+14	8.459502e+14	4.022539e+14	1.269932e+04	6.212198e+03	2.130016e+03	0	7.970611e-04
1.000000e+09	1.000428e+13	0.000000e+00	4.422111e-01	1.888440e+14	8.400838e+14	4.004507e+14	1.268947e+04	6.207339e+03	2.128351e+03	0	7.946743e-04
1.010000e+09	9.914890e+12	0.000000e+00	4.422111e-01	1.877602e+14	8.343083e+14	3.986598e+14	1.267967e+04	6.202537e+03	2.126704e+03	0	7.923005e-04
1.020000e+09	9.826516e+12	0.000000e+00	4.422111e-01	1.866885e+14	8.286213e+14	3.968810e+14	1.266993e+04	6.197790e+03	2.125076e+03	0	7.899395e-04
1.030000e+09	9.739135e+12	0.000000e+00	4.422111e-01	1.856284e+14	8.230207e+14	3.951142e+14	1.266025e+04	6.193097e+03	2.123467e+03	0	7.875910e-04
1.040000e+09	9.652729e+12	0.000000e+00	4.422111e-01	1.845799e+14	8.175041e+14	3.933593e+14	1.265062e+04	6.188457e+03	2.121876e+03	0	7.852549e-04
1.050000e+09	9.567282e+12	0.000000e+00	4.422111e-01	1.835427e+14	8.120697e+14	3.916164e+14	1.264104e+04	6.183869e+03	2.120303e+03	0	7.829310e-04
1.060000e+09	9.482778e+12	0.000000e+00	4.422111e-01	1.825166e+14	8.067153e+14	3.898851e+14	1.263152e+04	6.179331e+03	2.118747e+03	0	7.806191e-04
1.070000e+09	9.399200e+12	0.000000e+00	4.422111e-01	1.815015e+14	8.014391e+14	3.881656e+14	1.262205e+04	6.174843e+03	2.117208e+03	0	7.783189e-04
1.080000e+09	9.316532e+12	0.000000e+00	4.422111e-01	1.804971e+14	7.962391e+14	3.864576e+14	1.261263e+04	6.170403e+03	2.115686e+03	0	7.760304e-04
1.090000e+09	9.234760e+12	0.000000e+00	4.422111e-01	1.795034e+14	7.911135e+14	3.847611e+14	1.260327e+04	6.166011e+03	2.114180e+03	0	7.737533e-04
1.100000e+09	9.153869e+12	0.000000e+00	4.422111e-01	1.785200e+14	7.860607e+14	3.830759e+14	1.259396e+04	6.161665e+03	2.112690e+03	0	7.714875e-04
1.110000e+09	9.073843e+12	0.000000e+00	4.422111e-01	1.775469e+14	7.810789e+14	3.814021e+14	1.258470e+04	6.157365e+03	2.111215e+03	0	7.692327e-04
1.120000e+09	8.994669e+12	0.000000e+00	4.422111e-01	1.765839e+14	7.761664e+14	3.797395e+14	1.257548e+04	6.153109e+03	2.109756e+03	0	7.669888e-04
1.130000e+09	8.916333e+12	0.000000e+00	4.422111e-01	1.756308e+14	7.713216e+14	3.780880e+14	1.256632e+04	6.148896e+03	2.108312e+03	0	7.647557e-04
1.140000e+09	8.838821e+12	0.000000e+00	4.422111e-01	1.746874e+14	7.665431e+14	3.764476e+14	1.255721e+04	6.144726e+03	2.106882e+03	0	7.625332e-04
1.150000e+09	8.762120e+12	0.000000e+00	4.422111e-01	1.737536e+14	7.618293e+14	3.748181e+14	1.254815e+04	6.140599e+03	2.105467e+03	0	7.603211e-04
1.160000e+09	8.686217e+12	0.000000e+00	4.422111e-01	1.728293e+14	7.571788e+14	3.731995e+14	1.253913e+04	6.136512e+03	2.104065e+03	0	7.581193e-04
1.170000e+09	8.611099e+12	0.000000e+00	4.422111e-01	1.719143e+14	7.525902e+14	3.715916e+14	1.253017e+04	6.132465e+03	2.102678e+03	0	7.559275e-04
1.180000e+09	8.536753e+12	0.000000e+00	4.422111e-01	1.710084e+14	7.480620e+14	3.699945e+14	1.252125e+04	6.128458e+03	2.101304e+03	0	7.537458e-04
1.190000e+09	8.463168e+12	0.000000e+00	4.422111e-01	1.701115e+14	7.435931e+14	3.684080e+14	1.251237e+04	6.124489e+03	2.099943e+03	0	7.515738e-04
1.200000e+09	8.390332e+12	0.000000e+00	4.422111e-01	1.692235e+14	7.391820e+14	3.668320e+14	1.250355e+04	6.120558e+03	2.098595e+03	0	7.494115e-04
1.210000e+09	8.318233e+12	0.000000e+00	4.422111e-01	1.683443e+14	7.348277e+14	3.652665e+14	1.249477e+04	6.116665e+03	2.097260e+03	0	7.472587e-04
1.220000e+09	8.246860e+12	0.000000e+00	4.422111e-01	1.674736e+14	7.305288e+14	3.637113e+14	1.248603e+04	6.112808e+03	2.095938e+03	0	7.451153e-04
1.230000e+09	8.176201e+12	0.000000e+00	4.422111e-01	1.666114e+14	7.262841e+14	3.621664e+14	1.247734e+04	6.108986e+03	2.094628e+03	0	7.429812e-04
1.240000e+09	8.106246e+12	0.000000e+00	4.422111e-01	1.657576e+14	7.220927e+14	3.606318e+14	1.246870e+04	6.105200e+03	2.093329e+03	0	7.408562e-04
1.250000e+09	8.036984e+12	0.000000e+00	4.422111e-01	1.649120e+14	7.179533e+14	3.591072e+14	1.246010e+04	6.101448e+03	2.092043e+03	0	7.387401e-04
1.260000e+09	7.968404e+12	0.000000e+00	4.422111e-01	1.640744e+14	7.138649e+14	3.575927e+14	1.245154e+04	6.097730e+03	2.090768e+03	0	7.366329e-04
1.270000e+09	7.900497e+12	0.000000e+00	4.422111e-01	1.632449e+14	7.098264e+14	3.560882e+14	1.244303e+04	6.094044e+03	2.089504e+03	0	7.345344e-04
1.280000e+09	7.833252e+12	0.000000e+00	4.422111e-01	1.624232e+14	7.058368e+14	3.545936e+14	1.243456e+04	6.090392e+03	2.088252e+03	0	7.324444e-04
1.290000e+09	7.766660e+12	0.000000e+00	4.422111e-01	1.616092e+14	7.018952e+14	3.531088e+14	1.242613e+04	6.086771e+03	2.087011e+03	0	7.303630e-04
1.300000e+09	7.700711e+12	0.000000e+00	4.422111e-01	1.608029e+14	6.980006e+14	3.516338e+14	1.241774e+04	6.083182e+03	2.085780e+03	0	7.282898e-04
1.310000e+09	7.635396e+12	0.000000e+00	4.422111e-01	1.600041e+14	6.941521e+14	3.501684e+14	1.240940e+04	6.079623e+03	2.084560e+03	0	7.262249e-04
1.320000e+09	7.570704e+12	0.000000e+00	4.422111e-01	1.592127e+14	6.903487e+14	3.487127e+14	1.240110e+04	6.076095e+03	2.083350e+03	0	7.241681e-04
1.330000e+09	7.506629e+12	0.000000e+00	4.422111e-01	1.584286e+14	6.865896e+14	3.472664e+14	1.239284e+04	6.072597e+03	2.082150e+03	0	7.221193e-04
1.340000e+09	7.443159e+12	0.000000e+00	4.422111e-01	1.576517e+14	6.828740e+14	3.458296e+14	1.238461e+04	6.069127e+03	2.080961e+03	0	7.200783e-04
1.350000e+09	7.380288e+12	0.000000e+00	4.422111e-01	1.568819e+14	6.792009e+14	3.444022e+14	1.237643e+04	6.065687e+03	2.079781e+03	0	7.180451e-04
1.360000e+09	7.318006e+12	0.000000e+00	4.422111e-01	1.561191e+14	6.755696e+14	3.429840e+14	1.236829e+04	6.062274e+03	2.078611e+03	0	7.160196e-04
1.370000e+09	7.256305e+12	0.000000e+00	4.422111e-01	1.553633e+14	6.719793e+14	3.415752e+14	1.236019e+04	6.058889e+03	2.077451e+03	0	7.140015e-04
1.380000e+09	7.195177e+12	0.000000e+00	4.422111e-01	1.546142e+14	6.684293e+14	3.401754e+14	1.235213e+04	6.055532e+03	2.076299e+03	0	7.119909e-04
1.390000e+09	7.134613e+12	0.000000e+00	4.422111e-01	1.538718e+14	6.649187e+14	3.387848e+14	1.234411e+04	6.052201e+03	2.075157e+03	0	7.099876e-04
1.400000e+09	7.074607e+12	0.000000e+00	4.422111e-01	1.531361e+14	6.614469e+14	3.374032e+14	1.233612e+04	6.048896e+03	2.074024e+03	0	7.079916e-04
1.410000e+09	7.015150e+12	0.000000e+00	4.422111e-01	1.524069e+14	6.580132e+14	3.360305e+14	1.232817e+04	6.045618e+03	2.072900e+03	0	7.060026e-04
1.420000e+09	6.956235e+12	0.000000e+00	4.422111e-01	1.516841e+14	6.546168e+14	3.346667e+14	1.232027e+04	6.042364e+03	2.071784e+03	0	7.040206e-04
1.430000e+09	6.897854e+12	0.000000e+00	4.422111e-01	1.509677e+14	6.512571e+14	3.333118e+14	1.231239e+04	6.039136e+03	2.070678e+03	0	7.020456e-04
1.440000e+09	6.840001e+12	0.000000e+00	4.422111e-01	1.502576e+14	6.479334e+14	3.319655e+14	1.230456e+04	6.035932e+03	2.069579e+03	0	7.000773e-04
1.450000e+09	6.782667e+12	0.000000e+00	4.422111e-01	1.495537e+14	6.446452e+14	3.306280e+14	1.229676e+04	6.032753e+03	2.068489e+03	0	6.981158e-04
1.460000e+09	6.725846e+12	0.000000e+00	4.422111e-01	1.488558e+14	6.413917e+14	3.292991e+14	1.228900e+04	6.029597e+03	2.067407e+03	0	6.961609e-04
1.470000e+09	6.669532e+12	0.000000e+00	4.422111e-01	1.481640e+14	6.381723e+14	3.279787e+14	1.228128e+04	6.026465e+03	2.066333e+03	0	6.942125e-04
1.480000e+09	6.613717e+12	0.000000e+00	4.422111e-01	1.474781e+14	6.349866e+14	3.266668e+14	1.227359e+04	6.023356e+03	2.065267e+03	0	6.922705e-04
1.490000e+09	6.558394e+12	0.000000e+00	4.422111e-01	1.467981e+14	6.318338e+14	3.253634e+14	1.226593e+04	6.020270e+03	2.064209e+03	0	6.903349e-04
1.500000e+09	6.503558e+12	0.000000e+00	4.422111e-01	1.461239e+14	6.287134e+14	3.240683e+14	1.225831e+04	6.017206e+03	2.063158e+03	0	6.884055e-04
1.510000e+09	6.449202e+12	0.000000e+00	4.422111e-01	1.454554e+14	6.256250e+14	3.227814e+14	1.225073e+04	6.014164e+03	2.062115e+03	0	6.864822e-04
1.520000e+09	6.395319e+12	0.000000e+00	4.422111e-01	1.447925e+14	6.225678e+14	3.215029e+14	1.224318e+04	6.011143e+03	2.061080e+03	0	6.845650e-04
1.530000e+09	6.341904e+12	0.000000e+00	4.422111e-01	1.441352e+14	6.195415e+14	3.202324e+14	1.223567e+04	6.008144e+03	2.060051e+03	0	6.826538e-04
1.540000e+09	6.288950e+12	0.000000e+00	4.422111e-01	1.434834e+14	6.165455e+14	3.189701e+14	1.222819e+04	6.005166e+03	2.059030e+03	0	6.807485e-04
1.550000e+09	6.236452e+12	0.000000e+00	4.422111e-01	1.428371e+14	6.135793e+14	3.177159e+14	1.222074e+04	6.002209e+03	2.058016e+03	0	6.788490e-04
1.560000e+09	6.184403e+12	0.000000e+00	4.422111e-01	1.421961e+14	6.106424e+14	3.164696e+14	1.221333e+04	5.999272e+03	2.057009e+03	0	6.769552e-04
1.570000e+09	6.132799e+12	0.000000e+00	4.422111e-01	1.415604e+14	6.077344e+14	3.152312e+14	1.220595e+04	5.996355e+03	2.056009e+03	0	6.750670e-04
1.580000e+09	6.081633e+12	0.000000e+00	4.422111e-01	1.409299e+14	6.048547e+14	3.140007e+14	1.219860e+04	5.993457e+03	2.055015e+03	0	6.731844e-04
1.590000e+09	6.030899e+12	0.000000e+00	4.422111e-01	1.403046e+14	6.020030e+14	3.127780e+14	1.219129e+04	5.990579e+03	2.054029e+03	0	6.713072e-04
1.600000e+09	5.980593e+12	0.000000e+00	4.422111e-01	1.396843e+14	5.991787e+14	3.115630e+14	1.218401e+04	5.987721e+03	2.053049e+03	0	6.694355e-04
1.610000e+09	5.930709e+12	0.000000e+00	4.422111e-01	1.390692e+14	5.963815e+14	3.103558e+14	1.217676e+04	5.984881e+03	2.052075e+03	0	6.675690e-04
1.620000e+09	5.881242e+12	0.000000e+00	4.422111e-01	1.384589e+14	5.936109e+14	3.091561e+14	1.216954e+04	5.982060e+03	2.051108e+03	0	6.657078e-04
1.630000e+09	5.832187e+12	0.000000e+00	4.422111e-01	1.378536e+14	5.908665e+14	3.079641e+14	1.216235e+04	5.979258e+03	2.050147e+03	0	6.638518e-04
1.640000e+09	5.783538e+12	0.000000e+00	4.422111e-01	1.372532e+14	5.881479e+14	3.067795e+14	1.215520e+04	5.976473e+03	2.049192e+03	0	6.620008e-04
1.650000e+09	5.735290e+12	0.000000e+00	4.422111e-01	1.366575e+14	5.854547e+14	3.056024e+14	1.214807e+04	5.973706e+03	2.048243e+03	0	6.601548e-04
1.660000e+09	5.687440e+12	0.000000e+00	4.422111e-01	1.360666e+14	5.827865e+14	3.044327e+14	1.214098e+04	5.970957e+03	2.047301e+03	0	6.583137e-04
1.670000e+09	5.639981e+12	0.000000e+00	4.422111e-01	1.354804e+14	5.801430e+14	3.032703e+14	1.213392e+04	5.968225e+03	2.046364e+03	0	6.564775e-04
1.680000e+09	5.592909e+12	0.000000e+00	4.422111e-01	1.348987e+14	5.775237e+14	3.021153e+14	1.212689e+04	5.965511e+03	2.045433e+03	0	6.546461e-04
1.690000e+09	5.546220e+12	0.000000e+00	4.422111e-01	1.343217e+14	5.749283e+14	3.009674e+14	1.211988e+04	5.962813e+03	2.044508e+03	0	6.528193e-04
1.700000e+09	5.499909e+12	0.000000e+00	4.422111e-01	1.337492e+14	5.723564e+14	2.998268e+14	1.211291e+04	5.960132e+03	2.043589e+03	0	6.509972e-04
1.710000e+09	5.453972e+12	0.000000e+00	4.422111e-01	1.331811e+14	5.698078e+14	2.986933e+14	1.210597e+04	5.957467e+03	2.042675e+03	0	6.491797e-04
1.720000e+09	5.408403e+12	0.000000e+00	4.422111e-01	1.326174e+14	5.672820e+14	2.975668e+14	1.209906e+04	5.954819e+03	2.041767e+03	0	6.473666e-04
1.730000e+09	5.363199e+12	0.000000e+00	4.422111e-01	1.320581e+14	5.647787e+14	2.964474e+14	1.209217e+04	5.952186e+03	2.040865e+03	0	6.455580e-04
1.740000e+09	5.318355e+12	0.000000e+00	4.422111e-01	1.315031e+14	5.622976e+14	2.953349e+14	1.208532e+04	5.949569e+03	2.039967e+03	0	6.437537e-04
1.750000e+09	5.273867e+12	0.000000e+00	4.422111e-01	1.309524e+14	5.598384e+14	2.942294e+14	1.207849e+04	5.946968e+03	2.039075e+03	0	6.419537e-04
1.760000e+09	5.229732e+12	0.000000e+00	4.422111e-01	1.304058e+14	5.574008e+14	2.931307e+14	1.207170e+04	5.944382e+03	2.038189e+03	0	6.401579e-04
1.770000e+09	5.185944e+12	0.000000e+00	4.422111e-01	1.298635e+14	5.549844e+14	2.920388e+14	1.206493e+04	5.941812e+03	2.037307e+03	0	6.383662e-04
1.780000e+09	5.142500e+12	0.000000e+00	4.422111e-01	1.293252e+14	5.525890e+14	2.909537e+14	1.205819e+04	5.939256e+03	2.036431e+03	0	6.365787e-04
1.790000e+09	5.099396e+12	0.000000e+00	4.422111e-01	1.287910e+14	5.502142e+14	2.898753e+14	1.205147e+04	5.936715e+03	2.035560e+03	0	6.347951e-04
1.800000e+09	5.056628e+12	0.000000e+00	4.422111e-01	1.282609e+14	5.478598e+14	2.888036e+14	1.204479e+04	5.934189e+03	2.034694e+03	0	6.330154e-04
1.810000e+09	5.014192e+12	0.000000e+00	4.422111e-01	1.277347e+14	5.455256e+14	2.877385e+14	1.203813e+04	5.931677e+03	2.033832e+03	0	6.312397e-04
1.820000e+09	4.972085e+12	0.000000e+00	4.422111e-01	1.272124e+14	5.432111e+14	2.866799e+14	1.203150e+04	5.929179e+03	2.032976e+03	0	6.294677e-04
1.830000e+09	4.930302e+12	0.000000e+00	4.422111e-01	1.266940e+14	5.409162e+14	2.856279e+14	1.202490e+04	5.926695e+03	2.032124e+03	0	6.276995e-04
1.840000e+09	4.888840e+12	0.000000e+00	4.422111e-01	1.261795e+14	5.386405e+14	2.845823e+14	1.201832e+04	5.924225e+03	2.031277e+03	0	6.259350e-04
1.850000e+09	4.847696e+12	0.000000e+00	4.422111e-01	1.256688e+14	5.363839e+14	2.835431e+14	1.201177e+04	5.921769e+03	2.030435e+03	0	6.241741e-04
1.860000e+09	4.806865e+12	0.000000e+00	4.422111e-01	1.251618e+14	5.341460e+14	2.825103e+14	1.200525e+04	5.919327e+03	2.029598e+03	0	6.224168e-04
1.870000e+09	4.766345e+12	0.000000e+00	4.422111e-01	1.246585e+14	5.319266e+14	2.814839e+14	1.199875e+04	5.916897e+03	2.028765e+03	0	6.206629e-04
1.880000e+09	4.726132e+12	0.000000e+00	4.422111e-01	1.241590e+14	5.297256e+14	2.804637e+14	1.199228e+04	5.914481e+03	2.027936e+03	0	6.189125e-04
1.890000e+09	4.686222e+12	0.000000e+00	4.422111e-01	1.236630e+14	5.275425e+14	2.794497e+14	1.198584e+04	5.912078e+03	2.027112e+03	0	6.171654e-04
1.900000e+09	4.646613e+12	0.000000e+00	4.422111e-01	1.231707e+14	5.253772e+14	2.784420e+14	1.197942e+04	5.909688e+03	2.026293e+03	0	6.154217e-04
1.910000e+09	4.607301e+12	0.000000e+00	4.422111e-01	1.226819e+14	5.232295e+14	2.774404e+14	1.197302e+04	5.907311e+03	2.025478e+03	0	6.136812e-04
1.920000e+09	4.568282e+12	0.000000e+00	4.422111e-01	1.221966e+14	5.210991e+14	2.764448e+14	1.196665e+04	5.904946e+03	2.024667e+03	0	6.119439e-04
1.930000e+09	4.529553e+12	0.000000e+00	4.422111e-01	1.217149e+14	5.189858e+14	2.754553e+14	1.196031e+04	5.902593e+03	2.023860e+03	0	6.102097e-04
1.940000e+09	4.491112e+12	0.000000e+00	4.422111e-01	1.212365e+14	5.168894e+14	2.744719e+14	1.195399e+04	5.900253e+03	2.023058e+03	0	6.084786e-04
1.950000e+09	4.452956e+12	0.000000e+00	4.422111e-01	1.207616e+14	5.148097e+14	2.734943e+14	1.194770e+04	5.897925e+03	2.022260e+03	0	6.067504e-04
1.960000e+09	4.415080e+12	0.000000e+00	4.422111e-01	1.202900e+14	5.127464e+14	2.725227e+14	1.194143e+04	5.895609e+03	2.021466e+03	0	6.050252e-04
1.970000e+09	4.377483e+12	0.000000e+00	4.422111e-01	1.198218e+14	5.106994e+14	2.715570e+14	1.193519e+04	5.893305e+03	2.020676e+03	0	6.033030e-04
1.980000e+09	4.340161e+12	0.000000e+00	4.422111e-01	1.193569e+14	5.086685e+14	2.705971e+14	1.192897e+04	5.891013e+03	2.019890e+03	0	6.015835e-04
1.990000e+09	4.303111e+12	0.000000e+00	4.422111e-01	1.188953e+14	5.066534e+14	2.696430e+14	1.192277e+04	5.888732e+03	2.019108e+03	0	5.998668e-04
2.000000e+09	4.266330e+12	0.000000e+00	4.422111e-01	1.184369e+14	5.046539e+14	2.686946e+14	1.191660e+04	5.886463e+03	2.018330e+03	0	5.981528e-04
2.010000e+09	4.229816e+12	0.000000e+00	4.422111e-01	1.179817e+14	5.026699e+14	2.677519e+14	1.191045e+04	5.884205e+03	2.017555e+03	0	5.964414e-04
2.020000e+09	4.193566e+12	0.000000e+00	4.422111e-01	1.175296e+14	5.007012e+14	2.668149e+14	1.190432e+04	5.881958e+03	2.016785e+03	0	5.947327e-04
2.030000e+09	4.157577e+12	0.000000e+00	4.422111e-01	1.170807e+14	4.987476e+14	2.658836e+14	1.189822e+04	5.879723e+03	2.016019e+03	0	5.930265e-04
2.040000e+09	4.121846e+12	0.000000e+00	4.422111e-01	1.166349e+14	4.968088e+14	2.649578e+14	1.189215e+04	5.877498e+03	2.015256e+03	0	5.913227e-04
2.050000e+09	4.086371e+12	0.000000e+00	4.422111e-01	1.161922e+14	4.948848e+14	2.640375e+14	1.188609e+04	5.875284e+03	2.014497e+03	0	5.896214e-04
2.060000e+09	4.051149e+12	0.000000e+00	4.422111e-01	1.157525e+14	4.929754e+14	2.631227e+14	1.188006e+04	5.873081e+03	2.013741e+03	0	5.879224e-04
2.070000e+09	4.016177e+12	0.000000e+00	4.422111e-01	1.153158e+14	4.910803e+14	2.622134e+14	1.187405e+04	5.870889e+03	2.012990e+03	0	5.862258e-04
2.080000e+09	3.981453e+12	0.000000e+00	4.422111e-01	1.148821e+14	4.891994e+14	2.613095e+14	1.186806e+04	5.868707e+03	2.012242e+03	0	5.845314e-04
2.090000e+09	3.946974e+12	0.000000e+00	4.422111e-01	1.144513e+14	4.873326e+14	2.604110e+14	1.186210e+04	5.866536e+03	2.011497e+03	0	5.828392e-04
2.100000e+09	3.912738e+12	0.000000e+00	4.422111e-01	1.140235e+14	4.854796e+14	2.595178e+14	1.185616e+04	5.864374e+03	2.010756e+03	0	5.811491e-04
2.110000e+09	3.878743e+12	0.000000e+00	4.422111e-01	1.135985e+14	4.836403e+14	2.586299e+14	1.185024e+04	5.862223e+03	2.010018e+03	0	5.794611e-04
2.120000e+09	3.844985e+12	0.000000e+00	4.422111e-01	1.131764e+14	4.818146e+14	2.577473e+14	1.184434e+04	5.860083e+03	2.009284e+03	0	5.777751e-04
2.130000e+09	3.811463e+12	0.000000e+00	4.422111e-01	1.127572e+14	4.800023e+14	2.568699e+14	1.183846e+04	5.857952e+03	2.008554e+03	0	5.760911e-04
2.140000e+09	3.778173e+12	0.000000e+00	4.422111e-01	1.123407e+14	4.782032e+14	2.559977e+14	1.183261e+04	5.855831e+03	2.007826e+03	0	5.744090e-04
2.150000e+09	3.745115e+12	0.000000e+00	4.422111e-01	1.119270e+14	4.764173e+14	2.551307e+14	1.182678e+04	5.853719e+03	2.007103e+03	0	5.727288e-04
2.160000e+09	3.712285e+12	0.000000e+00	4.422111e-01	1.115161e+14	4.746442e+14	2.542687e+14	1.182097e+04	5.851618e+03	2.006382e+03	0	5.710504e-04
2.170000e+09	3.679681e+12	0.000000e+00	4.422111e-01	1.111079e+14	4.728840e+14	2.534119e+14	1.181518e+04	5.849526e+03	2.005665e+03	0	5.693736e-04
2.180000e+09	3.647301e+12	0.000000e+00	4.422111e-01	1.107024e+14	4.711364e+14	2.525600e+14	1.180941e+04	5.847443e+03	2.004951e+03	0	5.676986e-04
2.190000e+09	3.615143e+12	0.000000e+00	4.422111e-01	1.102995e+14	4.694013e+14	2.517132e+14	1.180366e+04	5.845370e+03	2.004240e+03	0	5.660252e-04
2.200000e+09	3.583205e+12	0.000000e+00	4.422111e-01	1.098993e+14	4.676786e+14	2.508713e+14	1.179794e+04	5.843306e+03	2.003532e+03	0	5.643534e-04
2.210000e+09	3.551483e+12	0.000000e+00	4.422111e-01	1.095018e+14	4.659681e+14	2.500344e+14	1.179223e+04	5.841252e+03	2.002828e+03	0	5.626831e-04
2.220000e+09	3.519978e+12	0.000000e+00	4.422111e-01	1.091068e+14	4.642697e+14	2.492024e+14	1.178654e+04	5.839206e+03	2.002126e+03	0	5.610143e-04
2.230000e+09	3.488685e+12	0.000000e+00	4.422111e-01	1.087144e+14	4.625833e+14	2.483752e+14	1.178088e+04	5.837170e+03	2.001428e+03	0	5.593469e-04
2.240000e+09	3.457603e+12	0.000000e+00	4.422111e-01	1.083245e+14	4.609087e+14	2.475528e+14	1.177524e+04	5.835142e+03	2.000733e+03	0	5.576808e-04
2.250000e+09	3.426731e+12	0.000000e+00	4.422111e-01	1.079371e+14	4.592458e+14	2.467353e+14	1.176961e+04	5.833123e+03	2.000041e+03	0	5.560160e-04
2.260000e+09	3.396065e+12	0.000000e+00	4.422111e-01	1.075523e+14	4.575945e+14	2.459224e+14	1.176401e+04	5.831114e+03	1.999352e+03	0	5.543525e-04
2.270000e+09	3.365605e+12	0.000000e+00	4.422111e-01	1.071699e+14	4.559547e+14	2.451144e+14	1.175842e+04	5.829112e+03	1.998665e+03	0	5.526901e-04
2.280000e+09	3.335348e+12	0.000000e+00	4.422111e-01	1.067899e+14	4.543261e+14	2.443110e+14	1.175286e+04	5.827120e+03	1.997982e+03	0	5.510289e-04
2.290000e+09	3.305292e+12	0.000000e+00	4.422111e-01	1.064124e+14	4.527088e+14	2.435122e+14	1.174732e+04	5.825136e+03	1.997302e+03	0	5.493687e-04
2.300000e+09	3.275435e+12	0.000000e+00	4.422111e-01	1.060373e+14	4.511026e+14	2.427181e+14	1.174179e+04	5.823160e+03	1.996625e+03	0	5.477095e-04
2.310000e+09	3.245775e+12	0.000000e+00	4.422111e-01	1.056645e+14	4.495074e+14	2.419285e+14	1.173629e+04	5.821193e+03	1.995950e+03	0	5.460513e-04
2.320000e+09	3.216311e+12	0.000000e+00	4.422111e-01	1.052942e+14	4.479230e+14	2.411435e+14	1.173080e+04	5.819234e+03	1.995278e+03	0	5.443940e-04
2.330000e+09	3.187041e+12	0.000000e+00	4.422111e-01	1.049261e+14	4.463494e+14	2.403631e+14	1.172533e+04	5.817283e+03	1.994610e+03	0	5.427375e-04
2.340000e+09	3.157963e+12	0.000000e+00	4.422111e-01	1.045604e+14	4.447864e+14	2.395871e+14	1.171988e+04	5.815341e+03	1.993943e+03	0	5.410818e-04
2.350000e+09	3.129074e+12	0.000000e+00	4.422111e-01	1.041970e+14	4.432339e+14	2.388156e+14	1.171446e+04	5.813406e+03	1.993280e+03	0	5.394269e-04
2.360000e+09	3.100374e+12	0.000000e+00	4.422111e-01	1.038358e+14	4.416919e+14	2.380485e+14	1.170905e+04	5.811480e+03	1.992620e+03	0	5.377726e-04
2.370000e+09	3.071860e+12	0.000000e+00	4.422111e-01	1.034769e+14	4.401601e+14	2.372858e+14	1.170365e+04	5.809561e+03	1.991962e+03	0	5.361189e-04
2.380000e+09	3.043531e+12	0.000000e+00	4.422111e-01	1.031202e+14	4.386386e+14	2.365275e+14	1.169828e+04	5.807650e+03	1.991307e+03	0	5.344658e-04
2.390000e+09	3.015386e+12	0.000000e+00	4.422111e-01	1.027657e+14	4.371271e+14	2.357735e+14	1.169293e+04	5.805748e+03	1.990654e+03	0	5.328131e-04
2.400000e+09	2.987421e+12	0.000000e+00	4.422111e-01	1.024135e+14	4.356257e+14	2.350238e+14	1.168759e+04	5.803852e+03	1.990004e+03	0	5.311609e-04
2.410000e+09	2.959637e+12	0.000000e+00	4.422111e-01	1.020634e+14	4.341341e+14	2.342783e+14	1.168227e+04	5.801965e+03	1.989357e+03	0	5.295091e-04
2.420000e+09	2.932030e+12	0.000000e+00	4.422111e-01	1.017154e+14	4.326524e+14	2.335371e+14	1.167698e+04	5.800085e+03	1.988713e+03	0	5.278576e-04
2.430000e+09	2.904600e+12	0.000000e+00	4.422111e-01	1.013696e+14	4.311803e+14	2.328002e+14	1.167169e+04	5.798213e+03	1.988071e+03	0	5.262063e-04
2.440000e+09	2.877345e+12	0.000000e+00	4.422111e-01	1.010259e+14	4.297178e+14	2.320674e+14	1.166643e+04	5.796348e+03	1.987431e+03	0	5.245553e-04
2.450000e+09	2.850263e+12	0.000000e+00	4.422111e-01	1.006842e+14	4.282649e+14	2.313387e+14	1.166118e+04	5.794490e+03	1.986794e+03	0	5.229044e-04
2.460000e+09	2.823352e+12	0.000000e+00	4.422111e-01	1.003447e+14	4.268213e+14	2.306142e+14	1.165596e+04	5.792640e+03	1.986160e+03	0	5.212535e-04
2.470000e+09	2.796612e+12	0.000000e+00	4.422111e-01	1.000072e+14	4.253871e+14	2.298938e+14	1.165075e+04	5.790797e+03	1.985528e+03	0	5.196027e-04
2.480000e+09	2.770040e+12	0.000000e+00	4.422111e-01	9.967177e+13	4.239621e+14	2.291774e+14	1.164555e+04	5.788961e+03	1.984899e+03	0	5.179518e-04
2.490000e+09	2.743636e+12	0.000000e+00	4.422111e-01	9.933834e+13	4.225463e+14	2.284651e+14	1.164038e+04	5.787133e+03	1.984272e+03	0	5.163008e-04
2.500000e+09	2.717397e+12	0.000000e+00	4.422111e-01	9.900692e+13	4.211395e+14	2.277568e+14	1.163522e+04	5.785311e+03	1.983647e+03	0	5.146496e-04
2.510000e+09	2.691322e+12	0.000000e+00	4.422111e-01	9.867748e+13	4.197416e+14	2.270524e+14	1.163008e+04	5.783497e+03	1.983025e+03	0	5.129982e-04
2.520000e+09	2.665410e+12	0.000000e+00	4.422111e-01	9.835001e+13	4.183527e+14	2.263521e+14	1.162496e+04	5.781689e+03	1.982405e+03	0	5.113465e-04
2.530000e+09	2.639659e+12	0.000000e+00	4.422111e-01	9.802449e+13	4.169725e+14	2.256556e+14	1.161985e+04	5.779889e+03	1.981788e+03	0	5.096945e-04
2.540000e+09	2.614068e+12	0.000000e+00	4.422111e-01	9.770091e+13	4.156010e+14	2.249630e+14	1.161476e+04	5.778095e+03	1.981173e+03	0	5.080420e-04
2.550000e+09	2.588636e+12	0.000000e+00	4.422111e-01	9.737924e+13	4.142382e+14	2.242743e+14	1.160969e+04	5.776308e+03	1.980560e+03	0	5.063890e-04
2.560000e+09	2.563360e+12	0.000000e+00	4.422111e-01	9.705947e+13	4.128839e+14	2.235895e+14	1.160463e+04	5.774528e+03	1.979950e+03	0	5.047355e-04
2.570000e+09	2.538240e+12	0.000000e+00	4.422111e-01	9.674159e+13	4.115381e+14	2.229084e+14	1.159959e+04	5.772755e+03	1.979342e+03	0	5.030813e-04
2.580000e+09	2.513275e+12	0.000000e+00	4.422111e-01	9.642557e+13	4.102006e+14	2.222312e+14	1.159457e+04	5.770988e+03	1.978736e+03	0	5.014265e-04
2.590000e+09	2.488462e+12	0.000000e+00	4.422111e-01	9.611141e+13	4.088715e+14	2.215577e+14	1.158956e+04	5.769228e+03	1.978133e+03	0	4.997709e-04
2.600000e+09	2.463801e+12	0.000000e+00	4.422111e-01	9.579908e+13	4.075505e+14	2.208879e+14	1.158457e+04	5.767474e+03	1.977531e+03	0	4.981145e-04
2.610000e+09	2.439290e+12	0.000000e+00	4.422111e-01	9.548857e+13	4.062378e+14	2.202219e+14	1.157960e+04	5.765727e+03	1.976932e+03	0	4.964572e-04
2.620000e+09	2.414928e+12	0.000000e+00	4.422111e-01	9.517987e+13	4.049331e+14	2.195595e+14	1.157464e+04	5.763987e+03	1.976335e+03	0	4.947989e-04
2.630000e+09	2.390714e+12	0.000000e+00	4.422111e-01	9.487296e+13	4.036364e+14	2.189008e+14	1.156969e+04	5.762253e+03	1.975741e+03	0	4.931396e-04
2.640000e+09	2.366646e+12	0.000000e+00	4.422111e-01	9.456782e+13	4.023476e+14	2.182458e+14	1.156477e+04	5.760525e+03	1.975148e+03	0	4.914791e-04
2.650000e+09	2.342724e+12	0.000000e+00	4.422111e-01	9.426445e+13	4.010667e+14	2.175943e+14	1.155986e+04	5.758803e+03	1.974558e+03	0	4.898175e-04
2.660000e+09	2.318945e+12	0.000000e+00	4.422111e-01	9.396281e+13	3.997935e+14	2.169464e+14	1.155496e+04	5.757088e+03	1.973970e+03	0	4.881547e-04
2.670000e+09	2.295309e+12	0.000000e+00	4.422111e-01	9.366291e+13	3.985281e+14	2.163021e+14	1.155008e+04	5.755379e+03	1.973384e+03	0	4.864905e-04
2.680000e+09	2.271815e+12	0.000000e+00	4.422111e-01	9.336473e+13	3.972703e+14	2.156613e+14	1.154522e+04	5.753676e+03	1.972800e+03	0	4.848250e-04
2.690000e+09	2.248461e+12	0.000000e+00	4.422111e-01	9.306825e+13	3.960201e+14	2.150240e+14	1.154037e+04	5.751979e+03	1.972218e+03	0	4.831579e-04
2.700000e+09	2.225246e+12	0.000000e+00	4.422111e-01	9.277345e+13	3.947774e+14	2.143902e+14	1.153554e+04	5.750288e+03	1.971638e+03	0	4.814893e-04
2.710000e+09	2.202170e+12	0.000000e+00	4.422111e-01	9.248033e+13	3.935421e+14	2.137599e+14	1.153072e+04	5.748603e+03	1.971061e+03	0	4.798191e-04
2.720000e+09	2.179230e+12	0.000000e+00	4.422111e-01	9.218887e+13	3.923142e+14	2.131330e+14	1.152592e+04	5.746925e+03	1.970485e+03	0	4.781472e-04
2.730000e+09	2.156425e+12	0.000000e+00	4.422111e-01	9.189905e+13	3.910936e+14	2.125095e+14	1.152113e+04	5.745252e+03	1.969912e+03	0	4.764735e-04
2.740000e+09	2.133755e+12	0.000000e+00	4.422111e-01	9.161087e+13	3.898803e+14	2.118894e+14	1.151636e+04	5.743585e+03	1.969340e+03	0	4.747980e-04
2.750000e+09	2.111219e+12	0.000000e+00	4.422111e-01	9.132431e+13	3.886741e+14	2.112727e+14	1.151160e+04	5.741924e+03	1.968771e+03	0	4.731205e-04
2.760000e+09	2.088815e+12	0.000000e+00	4.422111e-01	9.103935e+13	3.874750e+14	2.106593e+14	1.150686e+04	5.740269e+03	1.968203e+03	0	4.714409e-04
2.770000e+09	2.066542e+12	0.000000e+00	4.422111e-01	9.075599e+13	3.862830e+14	2.100492e+14	1.150213e+04	5.738619e+03	1.967637e+03	0	4.697593e-04
2.780000e+09	2.044399e+12	0.000000e+00	4.422111e-01	9.047420e+13	3.850980e+14	2.094425e+14	1.149742e+04	5.736975e+03	1.967074e+03	0	4.680755e-04
2.790000e+09	2.022386e+12	0.000000e+00	4.422111e-01	9.019399e+13	3.839199e+14	2.088390e+14	1.149272e+04	5.735337e+03	1.966512e+03	0	4.663894e-04
2.800000e+09	2.000500e+12	0.000000e+00	4.422111e-01	8.991533e+13	3.827487e+14	2.082387e+14	1.148804e+04	5.733705e+03	1.965952e+03	0	4.647009e-04
2.810000e+09	1.978741e+12	0.000000e+00	4.422111e-01	8.963821e+13	3.815843e+14	2.076417e+14	1.148337e+04	5.732078e+03	1.965395e+03	0	4.630099e-04
2.820000e+09	1.957108e+12	0.000000e+00	4.422111e-01	8.936262e+13	3.804266e+14	2.070479e+14	1.147871e+04	5.730457e+03	1.964839e+03	0	4.613164e-04
2.830000e+09	1.935601e+12	0.000000e+00	4.422111e-01	8.908855e+13	3.792757e+14	2.064573e+14	1.147407e+04	5.728841e+03	1.964285e+03	0	4.596203e-04
2.840000e+09	1.914217e+12	0.000000e+00	4.422111e-01	8.881598e+13	3.781313e+14	2.058698e+14	1.146945e+04	5.727231e+03	1.963733e+03	0	4.579215e-04
2.850000e+09	1.892955e+12	0.000000e+00	4.422111e-01	8.854491e+13	3.769936e+14	2.052855e+14	1.146484e+04	5.725626e+03	1.963182e+03	0	4.562198e-04
2.860000e+09	1.871816e+12	0.000000e+00	4.422111e-01	8.827532e+13	3.758624e+14	2.047043e+14	1.146024e+04	5.724027e+03	1.962634e+03	0	4.545151e-04
2.870000e+09	1.850798e+12	0.000000e+00	4.422111e-01	8.800720e+13	3.747376e+14	2.041262e+14	1.145565e+04	5.722433e+03	1.962087e+03	0	4.528075e-04
2.880000e+09	1.829899e+12	0.000000e+00	4.422111e-01	8.774054e+13	3.736193e+14	2.035512e+14	1.145108e+04	5.720844e+03	1.961543e+03	0	4.510967e-04
2.890000e+09	1.809120e+12	0.000000e+00	4.422111e-01	8.747532e+13	3.725073e+14	2.029793e+14	1.144653e+04	5.719261e+03	1.961000e+03	0	4.493827e-04
2.900000e+09	1.788458e+12	0.000000e+00	4.422111e-01	8.721154e+13	3.714016e+14	2.024103e+14	1.144198e+04	5.717683e+03	1.960459e+03	0	4.476654e-04
2.910000e+09	1.767914e+12	0.000000e+00	4.422111e-01	8.694919e+13	3.703022e+14	2.018444e+14	1.143745e+04	5.716110e+03	1.959920e+03	0	4.459447e-04
2.920000e+09	1.747485e+12	0.000000e+00	4.422111e-01	8.668825e+13	3.692090e+14	2.012815e+14	1.143294e+04	5.714542e+03	1.959382e+03	0	4.442204e-04
2.930000e+09	1.727172e+12	0.000000e+00	4.422111e-01	8.642871e+13	3.681219e+14	2.007216e+14	1.142844e+04	5.712980e+03	1.958846e+03	0	4.424924e-04
2.940000e+09	1.706973e+12	0.000000e+00	4.422111e-01	8.617056e+13	3.670409e+14	2.001646e+14	1.142395e+04	5.711422e+03	1.958312e+03	0	4.407607e-04
2.950000e+09	1.686888e+12	0.000000e+00	4.422111e-01	8.591379e+13	3.659660e+14	1.996106e+14	1.141947e+04	5.709870e+03	1.957780e+03	0	4.390251e-04
2.960000e+09	1.666915e+12	0.000000e+00	4.422111e-01	8.565839e+13	3.648971e+14	1.990594e+14	1.141501e+04	5.708323e+03	1.957250e+03	0	4.372855e-04
2.970000e+09	1.647054e+12	0.000000e+00	4.422111e-01	8.540436e+13	3.638341e+14	1.985112e+14	1.141056e+04	5.706781e+03	1.956721e+03	0	4.355418e-04
2.980000e+09	1.627303e+12	0.000000e+00	4.422111e-01	8.515166e+13	3.627770e+14	1.979659e+14	1.140613e+04	5.705244e+03	1.956194e+03	0	4.337939e-04
2.990000e+09	1.607662e+12	0.000000e+00	4.422111e-01	8.490031e+13	3.617258e+14	1.974234e+14	1.140171e+04	5.703712e+03	1.955669e+03	0	4.320416e-04
3.000000e+09	1.588131e+12	0.000000e+00	4.422111e-01	8.465029e+13	3.606804e+14	1.968837e+14	1.139730e+04	5.702185e+03	1.955145e+03	0	4.302848e-04
3.010000e+09	1.568707e+12	0.000000e+00	4.422111e-01	8.440158e+13	3.596408e+14	1.963469e+14	1.139290e+04	5.700662e+03	1.954623e+03	0	4.285235e-04
3.020000e+09	1.549391e+12	0.000000e+00	4.422111e-01	8.415419e+13	3.586068e+14	1.958128e+14	1.138852e+04	5.699145e+03	1.954103e+03	0	4.267573e-04
3.030000e+09	1.530181e+12	0.000000e+00	4.422111e-01	8.390809e+13	3.575786e+14	1.952816e+14	1.138415e+04	5.697632e+03	1.953584e+03	0	4.249863e-04
3.040000e+09	1.511077e+12	0.000000e+00	4.422111e-01	8.366328e+13	3.565559e+14	1.947531e+14	1.137979e+04	5.696125e+03	1.953067e+03	0	4.232103e-04
3.050000e+09	1.492078e+12	0.000000e+00	4.422111e-01	8.341974e+13	3.555389e+14	1.942273e+14	1.137545e+04	5.694622e+03	1.952552e+03	0	4.214291e-04
3.060000e+09	1.473183e+12	0.000000e+00	4.422111e-01	8.317748e+13	3.545273e+14	1.937043e+14	1.137111e+04	5.693124e+03	1.952038e+03	0	4.196426e-04
3.070000e+09	1.454391e+12	0.000000e+00	4.422111e-01	8.293647e+13	3.535213e+14	1.931840e+14	1.136679e+04	5.691630e+03	1.951526e+03	0	4.178506e-04
3.080000e+09	1.435702e+12	0.000000e+00	4.422111e-01	8.269672e+13	3.525207e+14	1.926663e+14	1.136249e+04	5.690141e+03	1.951016e+03	0	4.160531e-04
3.090000e+09	1.417114e+12	0.000000e+00	4.422111e-01	8.245820e+13	3.515255e+14	1.921514e+14	1.135819e+04	5.688657e+03	1.950507e+03	0	4.142498e-04
3.100000e+09	1.398628e+12	0.000000e+00	4.422111e-01	8.222092e+13	3.505356e+14	1.916391e+14	1.135391e+04	5.687178e+03	1.949999e+03	0	4.124405e-04
3.110000e+09	1.380241e+12	0.000000e+00	4.422111e-01	8.198486e+13	3.495511e+14	1.911294e+14	1.134964e+04	5.685703e+03	1.949494e+03	0	4.106252e-04
3.120000e+09	1.361954e+12	0.000000e+00	4.422111e-01	8.175001e+13	3.485718e+14	1.906223e+14	1.134538e+04	5.684233e+03	1.948990e+03	0	4.088037e-04
3.130000e+09	1.343765e+12	0.000000e+00	4.422111e-01	8.151636e+13	3.475978e+14	1.901179e+14	1.134114e+04	5.682767e+03	1.948487e+03	0	4.069757e-04
3.140000e+09	1.325675e+12	0.000000e+00	4.422111e-01	8.128391e+13	3.466290e+14	1.896160e+14	1.133690e+04	5.681306e+03	1.947986e+03	0	4.051411e-04
3.150000e+09	1.307681e+12	0.000000e+00	4.422111e-01	8.105265e+13	3.456653e+14	1.891167e+14	1.133268e+04	5.679849e+03	1.947487e+03	0	4.032997e-04
3.160000e+09	1.289784e+12	0.000000e+00	4.422111e-01	8.082256e+13	3.447068e+14	1.886199e+14	1.132847e+04	5.678397e+03	1.946989e+03	0	4.014514e-04
3.170000e+09	1.271983e+12	0.000000e+00	4.422111e-01	8.059365e+13	3.437533e+14	1.881257e+14	1.132427e+04	5.676949e+03	1.946492e+03	0	3.995959e-04
3.180000e+09	1.254276e+12	0.000000e+00	4.422111e-01	8.036589e+13	3.428048e+14	1.876340e+14	1.132009e+04	5.675506e+03	1.945997e+03	0	3.977331e-04
3.190000e+09	1.236664e+12	0.000000e+00	4.422111e-01	8.013928e+13	3.418614e+14	1.871448e+14	1.131591e+04	5.674067e+03	1.945504e+03	0	3.958627e-04
3.200000e+09	1.219146e+12	0.000000e+00	4.422111e-01	7.991382e+13	3.409229e+14	1.866580e+14	1.131175e+04	5.672632e+03	1.945012e+03	0	3.939845e-04
3.210000e+09	1.201720e+12	0.000000e+00	4.422111e-01	7.968949e+13	3.399893e+14	1.861738e+14	1.130760e+04	5.671202e+03	1.944522e+03	0	3.920984e-04
3.220000e+09	1.184387e+12	0.000000e+00	4.422111e-01	7.946629e+13	3.390606e+14	1.856920e+14	1.130346e+04	5.669776e+03	1.944033e+03	0	3.902041e-04
3.230000e+09	1.167145e+12	0.000000e+00	4.422111e-01	7.924421e+13	3.381368e+14	1.852126e+14	1.129934e+04	5.668355e+03	1.943545e+03	0	3.883013e-04
3.240000e+09	1.149994e+12	0.000000e+00	4.422111e-01	7.902324e+13	3.372177e+14	1.847356e+14	1.129522e+04	5.666937e+03	1.943059e+03	0	3.863899e-04
3.250000e+09	1.132933e+12	0.000000e+00	4.422111e-01	7.880337e+13	3.363035e+14	1.842611e+14	1.129112e+04	5.665524e+03	1.942575e+03	0	3.844696e-04
3.260000e+09	1.115961e+12	0.000000e+00	4.422111e-01	7.858460e+13	3.353939e+14	1.837889e+14	1.128702e+04	5.664115e+03	1.942092e+03	0	3.825401e-04
3.270000e+09	1.099079e+12	0.000000e+00	4.422111e-01	7.836691e+13	3.344891e+14	1.833191e+14	1.128294e+04	5.662711e+03	1.941610e+03	0	3.806013e-04
3.280000e+09	1.082284e+12	0.000000e+00	4.422111e-01	7.815030e+13	3.335889e+14	1.828516e+14	1.127887e+04	5.661310e+03	1.941130e+03	0	3.786527e-04
3.290000e+09	1.065578e+12	0.000000e+00	4.422111e-01	7.793476e+13	3.326934e+14	1.823865e+14	1.127481e+04	5.659914e+03	1.940651e+03	0	3.766943e-04
3.300000e+09	1.048958e+12	0.000000e+00	4.422111e-01	7.772029e+13	3.318024e+14	1.819237e+14	1.127077e+04	5.658521e+03	1.940174e+03	0	3.747255e-04
3.310000e+09	1.032424e+12	0.000000e+00	4.422111e-01	7.750687e+13	3.309161e+14	1.814632e+14	1.126673e+04	5.657133e+03	1.939698e+03	0	3.727463e-04
3.320000e+09	1.015976e+12	0.000000e+00	4.422111e-01	7.729450e+13	3.300342e+14	1.810050e+14	1.126270e+04	5.655749e+03	1.939223e+03	0	3.707563e-04
3.330000e+09	9.996135e+11	0.000000e+00	4.422111e-01	7.708318e+13	3.291569e+14	1.805491e+14	1.125869e+04	5.654369e+03	1.938750e+03	0	3.687551e-04
3.340000e+09	9.833352e+11	0.000000e+00	4.422111e-01	7.687288e+13	3.282840e+14	1.800955e+14	1.125469e+04	5.652993e+03	1.938278e+03	0	3.667424e-04
3.350000e+09	9.671407e+11	0.000000e+00	4.422111e-01	7.666361e+13	3.274155e+14	1.796441e+14	1.125069e+04	5.651621e+03	1.937808e+03	0	3.647180e-04
3.360000e+09	9.510294e+11	0.000000e+00	4.422111e-01	7.645537e+13	3.265514e+14	1.791949e+14	1.124671e+04	5.650253e+03	1.937339e+03	0	3.626814e-04
3.370000e+09	9.350007e+11	0.000000e+00	4.422111e-01	7.624813e+13	3.256917e+14	1.787480e+14	1.124274e+04	5.648889e+03	1.936871e+03	0	3.606323e-04
3.380000e+09	9.190541e+11	0.000000e+00	4.422111e-01	7.604190e+13	3.248364e+14	1.783032e+14	1.123878e+04	5.647529e+03	1.936405e+03	0	3.585703e-04
3.390000e+09	9.031890e+11	0.000000e+00	4.422111e-01	7.583666e+13	3.239853e+14	1.778607e+14	1.123483e+04	5.646173e+03	1.935940e+03	0	3.564951e-04
3.400000e+09	8.874047e+11	0.000000e+00	4.422111e-01	7.563242e+13	3.231385e+14	1.774203e+14	1.123089e+04	5.644821e+03	1.935476e+03	0	3.544061e-04
3.410000e+09	8.717008e+11	0.000000e+00	4.422111e-01	7.542916e+13	3.222959e+14	1.769821e+14	1.122696e+04	5.643473e+03	1.935014e+03	0	3.523031e-04
3.420000e+09	8.560766e+11	0.000000e+00	4.422111e-01	7.522688e+13	3.214576e+14	1.765460e+14	1.122305e+04	5.642128e+03	1.934553e+03	0	3.501855e-04
3.430000e+09	8.405316e+11	0.000000e+00	4.422111e-01	7.502557e+13	3.206234e+14	1.761121e+14	1.121914e+04	5.640788e+03	1.934093e+03	0	3.480529e-04
3.440000e+09	8.250652e+11	0.000000e+00	4.422111e-01	7.482523e+13	3.197933e+14	1.756803e+14	1.121524e+04	5.639451e+03	1.933635e+03	0	3.459049e-04
3.450000e+09	8.096769e+11	0.000000e+00	4.422111e-01	7.462584e+13	3.189674e+14	1.752506e+14	1.121136e+04	5.638118e+03	1.933178e+03	0	3.437409e-04
3.460000e+09	7.943661e+11	0.000000e+00	4.422111e-01	7.442740e+13	3.181456e+14	1.748230e+14	1.120748e+04	5.636789e+03	1.932722e+03	0	3.415604e-04
3.470000e+09	7.791323e+11	0.000000e+00	4.422111e-01	7.422991e+13	3.173278e+14	1.743974e+14	1.120361e+04	5.635463e+03	1.932268e+03	0	3.393629e-04
3.480000e+09	7.639749e+11	0.000000e+00	4.422111e-01	7.403335e+13	3.165141e+14	1.739740e+14	1.119976e+04	5.634141e+03	1.931815e+03	0	3.371478e-04
3.490000e+09	7.488934e+11	0.000000e+00	4.422111e-01	7.383773e+13	3.157043e+14	1.735525e+14	1.119591e+04	5.632823e+03	1.931363e+03	0	3.349145e-04
3.500000e+09	7.338873e+11	0.000000e+00	4.422111e-01	7.364303e+13	3.148986e+14	1.731332e+14	1.119208e+04	5.631509e+03	1.930912e+03	0	3.326624e-04
3.510000e+09	7.189561e+11	0.000000e+00	4.422111e-01	7.344924e+13	3.140968e+14	1.727158e+14	1.118825e+04	5.630199e+03	1.930463e+03	0	3.303909e-04
3.520000e+09	7.040992e+11	0.000000e+00	4.422111e-01	7.325638e+13	3.132989e+14	1.723005e+14	1.118444e+04	5.628892e+03	1.930014e+03	0	3.280993e-04
3.530000e+09	6.893161e+11	0.000000e+00	4.422111e-01	7.306441e+13	3.125048e+14	1.718872e+14	1.118063e+04	5.627588e+03	1.929568e+03	0	3.257868e-04
3.540000e+09	6.746063e+11	0.000000e+00	4.422111e-01	7.287335e+13	3.117147e+14	1.714758e+14	1.117684e+04	5.626289e+03	1.929122e+03	0	3.234527e-04
3.550000e+09	6.599694e+11	0.000000e+00	4.422111e-01	7.268318e+13	3.109284e+14	1.710665e+14	1.117305e+04	5.624992e+03	1.928678e+03	0	3.210963e-04
3.560000e+09	6.454047e+11	0.000000e+00	4.422111e-01	7.249390e+13	3.101459e+14	1.706590e+14	1.116928e+04	5.623700e+03	1.928234e+03	0	3.187166e-04
3.570000e+09	6.309119e+11	0.000000e+00	4.422111e-01	7.230550e+13	3.093671e+14	1.702536e+14	1.116551e+04	5.622411e+03	1.927792e+03	0	3.163129e-04
3.580000e+09	6.164904e+11	0.000000e+00	4.422111e-01	7.211798e+13	3.085922e+14	1.698501e+14	1.116176e+04	5.621126e+03	1.927352e+03	0	3.138842e-04
3.590000e+09	6.021397e+11	0.000000e+00	4.422111e-01	7.193133e+13	3.078209e+14	1.694485e+14	1.115801e+04	5.619844e+03	1.926912e+03	0	3.114295e-04
3.600000e+09	5.878594e+11	0.000000e+00	4.422111e-01	7.174554e+13	3.070534e+14	1.690488e+14	1.115428e+04	5.618566e+03	1.926474e+03	0	3.089478e-04
3.610000e+09	5.736489e+11	0.000000e+00	4.422111e-01	7.156061e+13	3.062895e+14	1.686510e+14	1.115055e+04	5.617291e+03	1.926037e+03	0	3.064381e-04
3.620000e+09	5.595079e+11	0.000000e+00	4.422111e-01	7.137653e+13	3.055293e+14	1.682551e+14	1.114683e+04	5.616019e+03	1.925601e+03	0	3.038991e-04
3.630000e+09	5.454358e+11	0.000000e+00	4.422111e-01	7.119331e+13	3.047727e+14	1.678611e+14	1.114313e+04	5.614751e+03	1.925166e+03	0	3.013296e-04
3.640000e+09	5.314321e+11	0.000000e+00	4.422111e-01	7.101092e+13	3.040197e+14	1.674689e+14	1.113943e+04	5.613487e+03	1.924733e+03	0	2.987284e-04
3.650000e+09	5.174964e+11	0.000000e+00	4.422111e-01	7.082937e+13	3.032703e+14	1.670786e+14	1.113574e+04	5.612226e+03	1.924300e+03	0	2.960941e-04
3.660000e+09	5.036283e+11	0.000000e+00	4.422111e-01	7.064865e+13	3.025245e+14	1.666902e+14	1.113206e+04	5.610968e+03	1.923869e+03	0	2.934252e-04
3.670000e+09	4.898273e+11	0.000000e+00	4.422111e-01	7.046875e+13	3.017822e+14	1.663036e+14	1.112839e+04	5.609714e+03	1.923439e+03	0	2.907200e-04
3.680000e+09	4.760929e+11	0.000000e+00	4.422111e-01	7.028968e+13	3.010433e+14	1.659187e+14	1.112473e+04	5.608463e+03	1.923010e+03	0	2.879770e-04
3.690000e+09	4.624247e+11	0.000000e+00	4.422111e-01	7.011142e+13	3.003080e+14	1.655357e+14	1.112108e+04	5.607216e+03	1.922582e+03	0	2.851944e-04
3.700000e+09	4.488223e+11	0.000000e+00	4.422111e-01	6.993396e+13	2.995761e+14	1.651545e+14	1.111744e+04	5.605972e+03	1.922156e+03	0	2.823701e-04
3.710000e+09	4.352851e+11	0.000000e+00	4.422111e-01	6.975732e+13	2.988477e+14	1.647751e+14	1.111381e+04	5.604731e+03	1.921730e+03	0	2.795022e-04
3.720000e+09	4.218129e+11	0.000000e+00	4.422111e-01	6.958147e+13	2.981227e+14	1.643974e+14	1.111018e+04	5.603493e+03	1.921306e+03	0	2.765884e-04
3.730000e+09	4.084051e+11	0.000000e+00	4.422111e-01	6.940641e+13	2.974010e+14	1.640215e+14	1.110657e+04	5.602259e+03	1.920883e+03	0	2.736262e-04
3.740000e+09	3.950613e+11	0.000000e+00	4.422111e-01	6.923214e+13	2.966827e+14	1.636474e+14	1.110296e+04	5.601028e+03	1.920461e+03	0	2.706131e-04
3.750000e+09	3.817811e+11	0.000000e+00	4.422111e-01	6.905866e+13	2.959678e+14	1.632750e+14	1.109937e+04	5.599801e+03	1.920040e+03	0	2.675462e-04
3.760000e+09	3.685641e+11	0.000000e+00	4.422111e-01	6.888595e+13	2.952562e+14	1.629043e+14	1.109578e+04	5.598576e+03	1.919620e+03	0	2.644224e-04
3.770000e+09	3.554099e+11	0.000000e+00	4.422111e-01	6.871402e+13	2.945479e+14	1.625354e+14	1.109220e+04	5.597355e+03	1.919201e+03	0	2.612385e-04
3.780000e+09	3.423180e+11	0.000000e+00	4.422111e-01	6.854286e+13	2.938428e+14	1.621681e+14	1.108863e+04	5.596137e+03	1.918784e+03	0	2.579906e-04
3.790000e+09	3.292880e+11	0.000000e+00	4.422111e-01	6.837245e+13	2.931410e+14	1.618025e+14	1.108507e+04	5.594922e+03	1.918367e+03	0	2.546748e-04
3.800000e+09	3.163196e+11	0.000000e+00	4.422111e-01	6.820281e+13	2.924425e+14	1.614387e+14	1.108152e+04	5.593711e+03	1.917952e+03	0	2.512866e-04
3.810000e+09	3.034123e+11	0.000000e+00	4.422111e-01	6.803392e+13	2.917471e+14	1.610765e+14	1.107798e+04	5.592502e+03	1.917537e+03	0	2.478212e-04
3.820000e+09	2.905658e+11	0.000000e+00	4.422111e-01	6.786578e+13	2.910550e+14	1.607159e+14	1.107444e+04	5.591297e+03	1.917124e+03	0	2.442730e-04
3.830000e+09	2.777796e+11	0.000000e+00	4.422111e-01	6.769838e+13	2.903660e+14	1.603571e+14	1.107092e+04	5.590095e+03	1.916712e+03	0	2.406361e-04
3.840000e+09	2.650533e+11	0.000000e+00	4.422111e-01	6.753172e+13	2.896802e+14	1.599998e+14	1.106740e+04	5.588896e+03	1.916301e+03	0	2.369036e-04
3.850000e+09	2.523866e+11	0.000000e+00	4.422111e-01	6.736580e+13	2.889975e+14	1.596442e+14	1.106390e+04	5.587700e+03	1.915891e+03	0	2.330681e-04
3.860000e+09	2.397791e+11	0.000000e+00	4.422111e-01	6.720061e+13	2.883179e+14	1.592902e+14	1.106040e+04	5.586507e+03	1.915482e+03	0	2.291207e-04
3.870000e+09	2.272304e+11	0.000000e+00	4.422111e-01	6.703614e+13	2.876414e+14	1.589379e+14	1.105691e+04	5.585318e+03	1.915074e+03	0	2.250519e-04
3.880000e+09	2.147401e+11	0.000000e+00	4.422111e-01	6.687239e+13	2.869679e+14	1.585871e+14	1.105342e+04	5.584131e+03	1.914667e+03	0	2.208505e-04
3.890000e+09	2.023078e+11	0.000000e+00	4.422111e-01	6.670936e+13	2.862975e+14	1.582379e+14	1.104995e+04	5.582947e+03	1.914261e+03	0	2.165035e-04
3.900000e+09	1.899332e+11	0.000000e+00	4.422111e-01	6.654704e+13	2.856301e+14	1.578903e+14	1.104648e+04	5.581767e+03	1.913856e+03	0	2.119959e-04
3.910000e+09	1.776158e+11	0.000000e+00	4.422111e-01	6.638542e+13	2.849658e+14	1.575443e+14	1.104303e+04	5.580589e+03	1.913453e+03	0	2.073104e-04
3.920000e+09	1.653554e+11	0.000000e+00	4.422111e-01	6.622451e+13	2.843044e+14	1.571999e+14	1.103958e+04	5.579415e+03	1.913050e+03	0	2.024262e-04
3.930000e+09	1.531516e+11	0.000000e+00	4.422111e-01	6.606430e+13	2.836460e+14	1.568570e+14	1.103614e+04	5.578243e+03	1.912648e+03	0	1.973185e-04
3.940000e+09	1.410040e+11	0.000000e+00	4.422111e-01	6.590478e+13	2.829905e+14	1.565156e+14	1.103271e+04	5.577075e+03	1.912248e+03	0	1.919572e-04
3.950000e+09	1.289122e+11	0.000000e+00	4.422111e-01	6.574595e+13	2.823380e+14	1.561758e+14	1.102928e+04	5.575909e+03	1.911848e+03	0	1.863053e-04
3.960000e+09	1.168759e+11	0.000000e+00	4.422111e-01	6.558781e+13	2.816884e+14	1.558375e+14	1.102587e+04	5.574747e+03	1.911449e+03	0	1.803166e-04
3.970000e+09	1.048947e+11	0.000000e+00	4.422111e-01	6.543035e+13	2.810417e+14	1.555007e+14	1.102246e+04	5.573587e+03	1.911052e+03	0	1.739316e-04
3.980000e+09	9.296838e+10	0.000000e+00	4.422111e-01	6.527356e+13	2.803978e+14	1.551655e+14	1.101906e+04	5.572430e+03	1.910655e+03	0	1.670728e-04
3.990000e+09	8.109646e+10	0.000000e+00	4.422111e-01	6.511745e+13	2.797568e+14	1.548317e+14	1.101567e+04	5.571277e+03	1.910260e+03	0	1.596349e-04
4.000000e+09	6.927865e+10	0.000000e+00	4.422111e-01	6.496201e+13	2.791187e+14	1.544994e+14	1.101229e+04	5.570126e+03	1.909865e+03	0	1.514702e-04
4.010000e+09	5.751460e+10	0.000000e+00	4.422111e-01	6.480723e+13	2.784833e+14	1.541686e+14	1.100892e+04	5.568978e+03	1.909471e+03	0	1.423596e-04
4.020000e+09	4.580397e+10	0.000000e+00	4.422111e-01	6.465311e+13	2.778508e+14	1.538393e+14	1.100555e+04	5.567833e+03	1.909079e+03	0	1.319558e-04
4.030000e+09	3.414644e+10	0.000000e+00	4.422111e-01	6.449964e+13	2.772211e+14	1.535114e+14	1.100219e+04	5.566690e+03	1.908687e+03	0	1.196490e-04
4.040000e+09	2.254166e+10	0.000000e+00	4.422111e-01	6.434683e+13	2.765941e+14	1.531850e+14	1.099884e+04	5.565551e+03	1.908296e+03	0	1.041812e-04
4.050000e+09	1.098931e+10	0.000000e+00	4.422111e-01	6.419467e+13	2.759698e+14	1.528600e+14	1.099550e+04	5.564414e+03	1.907907e+03	0	8.199439e-05
4.060000e+09	-5.109360e+08	0.000000e+00	4.422111e-01	6.404316e+13	2.753483e+14	1.525364e+14	1.099216e+04	5.563281e+03	1.907518e+03	0	-nan
