#R=2.0692479366813048
#interptype='linear'
#name='planet'
#norm={'P': 1000000000000.0, 'R': 2.0692479366813048, 'M': 5.7999999999999998, 'g': 13.315303967662066, 'rho': 1000.0}
#state=1
#composition
#layer0		Fe08FeS02		0.200000
#layer1		pv_fmw		0.800000
#layer2		ice_VII		0.400000
#Cols=
 #'ur		r		mr		rho		P		g		phi		T		composition'
#-end-
0.000000e+00	0.000000e+00	3.007754e-11	1.783783e+04	1.458310e+12	0.000000e+00	-3.825283e+08	5.000000e+03	0
5.025126e-03	1.039823e-02	1.210540e-05	1.784033e+04	1.459001e+12	-5.601089e-02	-3.825175e+08	5.000000e+03	0
1.005025e-02	2.079646e-02	3.681336e-05	1.784227e+04	1.459538e+12	-4.718194e-02	-3.824849e+08	5.000000e+03	0
1.507538e-02	3.119469e-02	1.212178e-04	1.784157e+04	1.459345e+12	2.687831e-01	-3.824300e+08	5.000000e+03	0
2.010050e-02	4.159292e-02	2.559014e-04	1.783997e+04	1.458903e+12	5.902175e-01	-3.823543e+08	5.000000e+03	0
2.512563e-02	5.199115e-02	4.845276e-04	1.783668e+04	1.457995e+12	9.218708e-01	-3.822546e+08	5.000000e+03	0
3.015075e-02	6.238939e-02	8.261005e-04	1.783204e+04	1.456715e+12	1.253934e+00	-3.821346e+08	5.000000e+03	0
3.517588e-02	7.278762e-02	1.270712e-03	1.782616e+04	1.455096e+12	1.586372e+00	-3.819924e+08	5.000000e+03	0
4.020101e-02	8.318585e-02	1.915767e-03	1.781849e+04	1.452982e+12	1.918614e+00	-3.818287e+08	5.000000e+03	0
4.522613e-02	9.358408e-02	2.647856e-03	1.781003e+04	1.450655e+12	2.250772e+00	-3.816428e+08	5.000000e+03	0
5.025126e-02	1.039823e-01	3.692469e-03	1.779933e+04	1.447712e+12	2.582426e+00	-3.814347e+08	5.000000e+03	0
5.527638e-02	1.143805e-01	4.802827e-03	1.778817e+04	1.444647e+12	2.913970e+00	-3.812057e+08	5.000000e+03	0
6.030151e-02	1.247788e-01	6.322682e-03	1.777456e+04	1.440912e+12	3.244783e+00	-3.809547e+08	5.000000e+03	0
6.532663e-02	1.351770e-01	7.952448e-03	1.776037e+04	1.437023e+12	3.575391e+00	-3.806824e+08	5.000000e+03	0
7.035176e-02	1.455752e-01	9.971478e-03	1.774418e+04	1.432591e+12	3.905271e+00	-3.803858e+08	5.000000e+03	0
7.537688e-02	1.559735e-01	1.221475e-02	1.772696e+04	1.427887e+12	4.234721e+00	-3.800717e+08	5.000000e+03	0
8.040201e-02	1.663717e-01	1.480222e-02	1.770818e+04	1.422764e+12	4.563510e+00	-3.797336e+08	5.000000e+03	0
8.542714e-02	1.767699e-01	1.775193e-02	1.768793e+04	1.417251e+12	4.891588e+00	-3.793733e+08	5.000000e+03	0
9.045226e-02	1.871682e-01	2.097625e-02	1.766658e+04	1.411443e+12	5.219127e+00	-3.789942e+08	5.000000e+03	0
9.547739e-02	1.975664e-01	2.472395e-02	1.764330e+04	1.405132e+12	5.545622e+00	-3.785923e+08	5.000000e+03	0
1.005025e-01	2.079646e-01	2.865258e-02	1.761936e+04	1.398647e+12	5.871755e+00	-3.781682e+08	5.000000e+03	0
1.055276e-01	2.183628e-01	3.328828e-02	1.759305e+04	1.391548e+12	6.196455e+00	-3.777232e+08	5.000000e+03	0
1.105528e-01	2.287611e-01	3.806430e-02	1.756629e+04	1.384334e+12	6.520869e+00	-3.772569e+08	5.000000e+03	0
1.155779e-01	2.391593e-01	4.359954e-02	1.753718e+04	1.376520e+12	6.843721e+00	-3.767694e+08	5.000000e+03	0
1.206030e-01	2.495575e-01	4.937417e-02	1.750739e+04	1.368533e+12	7.166074e+00	-3.762606e+08	5.000000e+03	0
1.256281e-01	2.599558e-01	5.580922e-02	1.747570e+04	1.360070e+12	7.487051e+00	-3.757308e+08	5.000000e+03	0
1.306533e-01	2.703540e-01	6.266804e-02	1.744287e+04	1.351325e+12	7.807132e+00	-3.751803e+08	5.000000e+03	0
1.356784e-01	2.807522e-01	7.006538e-02	1.740860e+04	1.342222e+12	8.126077e+00	-3.746083e+08	5.000000e+03	0
1.407035e-01	2.911505e-01	7.809170e-02	1.737273e+04	1.332734e+12	8.443676e+00	-3.740039e+08	5.000000e+03	0
1.457286e-01	3.015487e-01	8.651231e-02	1.733587e+04	1.323004e+12	8.760432e+00	-3.734025e+08	5.000000e+03	0
1.507538e-01	3.119469e-01	9.578706e-02	1.729697e+04	1.312788e+12	9.075337e+00	-3.727679e+08	5.000000e+03	0
1.557789e-01	3.223452e-01	1.052902e-01	1.725752e+04	1.302443e+12	9.389746e+00	-3.721118e+08	5.000000e+03	0
1.608040e-01	3.327434e-01	1.158917e-01	1.721557e+04	1.291519e+12	9.701745e+00	-3.714373e+08	5.000000e+03	0
1.658291e-01	3.431416e-01	1.266996e-01	1.717318e+04	1.280492e+12	1.001329e+01	-3.707416e+08	5.000000e+03	0
1.708543e-01	3.535398e-01	1.385387e-01	1.712854e+04	1.268958e+12	1.032253e+01	-3.700252e+08	5.000000e+03	0
1.758794e-01	3.639381e-01	1.507676e-01	1.708310e+04	1.257245e+12	1.063090e+01	-3.692889e+08	5.000000e+03	0
1.809045e-01	3.743363e-01	1.638562e-01	1.703587e+04	1.245138e+12	1.093733e+01	-3.685324e+08	5.000000e+03	0
1.859296e-01	3.847345e-01	1.775774e-01	1.698738e+04	1.232760e+12	1.124231e+01	-3.677539e+08	5.000000e+03	0
1.909548e-01	3.951328e-01	1.919671e-01	1.693755e+04	1.220096e+12	1.154577e+01	-3.669588e+08	5.000000e+03	0
1.959799e-01	4.055310e-01	2.072488e-01	1.688600e+04	1.207075e+12	1.184715e+01	-3.661439e+08	5.000000e+03	0
2.010050e-01	4.159292e-01	2.229889e-01	1.683357e+04	1.193871e+12	1.214747e+01	-3.653063e+08	5.000000e+03	0
2.060302e-01	4.263275e-01	2.398956e-01	1.677896e+04	1.180229e+12	1.244504e+01	-3.644507e+08	5.000000e+03	0
2.110553e-01	4.367257e-01	2.570464e-01	1.672389e+04	1.166496e+12	1.274204e+01	-3.635748e+08	5.000000e+03	0
2.160804e-01	4.471239e-01	2.756258e-01	1.666623e+04	1.152262e+12	1.303562e+01	-3.626848e+08	5.000000e+03	0
2.211055e-01	4.575222e-01	2.944776e-01	1.660809e+04	1.137939e+12	1.332853e+01	-3.617664e+08	5.000000e+03	0
2.261307e-01	4.679204e-01	3.145410e-01	1.654781e+04	1.123218e+12	1.361850e+01	-3.608337e+08	5.000000e+03	0
2.311558e-01	4.783186e-01	3.351494e-01	1.648659e+04	1.108329e+12	1.390712e+01	-3.598819e+08	5.000000e+03	0
2.361809e-01	4.887168e-01	3.567359e-01	1.642367e+04	1.093140e+12	1.419331e+01	-3.589113e+08	5.000000e+03	0
2.412060e-01	4.991151e-01	3.791523e-01	1.635936e+04	1.077712e+12	1.447742e+01	-3.579215e+08	5.000000e+03	0
2.462312e-01	5.095133e-01	4.022984e-01	1.629381e+04	1.062075e+12	1.475968e+01	-3.569134e+08	5.000000e+03	0
2.512563e-01	5.199115e-01	4.265698e-01	1.622638e+04	1.046136e+12	1.503906e+01	-3.558871e+08	5.000000e+03	0
2.562814e-01	5.303098e-01	4.513089e-01	1.615818e+04	1.030071e+12	1.531723e+01	-3.548425e+08	5.000000e+03	0
2.613065e-01	5.407080e-01	4.774777e-01	1.608763e+04	1.013648e+12	1.559166e+01	-3.537798e+08	5.000000e+03	0
2.663317e-01	5.511062e-01	5.039310e-01	1.601662e+04	9.971560e+11	1.586533e+01	-3.526991e+08	5.000000e+03	0
2.713568e-01	5.615045e-01	5.319440e-01	1.594308e+04	9.803004e+11	1.613483e+01	-3.516006e+08	5.000000e+03	0
2.763819e-01	5.719027e-01	5.603409e-01	1.586892e+04	9.633618e+11	1.640328e+01	-3.504846e+08	5.000000e+03	0
2.814070e-01	5.823009e-01	5.900281e-01	1.579269e+04	9.461442e+11	1.666819e+01	-3.493503e+08	5.000000e+03	0
2.864322e-01	5.926992e-01	6.203994e-01	1.571537e+04	9.287897e+11	1.693119e+01	-3.482003e+08	5.000000e+03	0
2.914573e-01	6.030974e-01	6.517811e-01	1.563643e+04	9.112331e+11	1.719136e+01	-3.470324e+08	5.000000e+03	0
2.964824e-01	6.134956e-01	6.841520e-01	1.555591e+04	8.934943e+11	1.744868e+01	-3.458475e+08	5.000000e+03	0
3.015075e-01	6.238939e-01	7.172449e-01	1.547424e+04	8.756223e+11	1.770393e+01	-3.446456e+08	5.000000e+03	0
3.065327e-01	6.342921e-01	7.516349e-01	1.539050e+04	8.575313e+11	1.795536e+01	-3.434276e+08	5.000000e+03	0
3.115578e-01	6.446903e-01	7.864520e-01	1.530608e+04	8.393682e+11	1.820552e+01	-3.421933e+08	5.000000e+03	0
3.165829e-01	6.550885e-01	8.228748e-01	1.521909e+04	8.209581e+11	1.845082e+01	-3.409427e+08	5.000000e+03	0
3.216080e-01	6.654868e-01	8.596003e-01	1.513161e+04	8.025042e+11	1.869518e+01	-3.396757e+08	5.000000e+03	0
3.266332e-01	6.758850e-01	8.978882e-01	1.504160e+04	7.838334e+11	1.893466e+01	-3.383932e+08	5.000000e+03	0
3.316583e-01	6.862832e-01	9.366545e-01	1.495082e+04	7.651033e+11	1.917259e+01	-3.370950e+08	5.000000e+03	0
3.366834e-01	6.966815e-01	9.766808e-01	1.485798e+04	7.462171e+11	1.940646e+01	-3.357813e+08	5.000000e+03	0
3.417085e-01	7.070797e-01	1.017487e+00	1.476384e+04	7.272459e+11	1.963774e+01	-3.344526e+08	5.000000e+03	0
3.467337e-01	7.174779e-01	1.059248e+00	1.466813e+04	7.081705e+11	1.986583e+01	-3.331088e+08	5.000000e+03	0
3.517588e-01	7.278762e-01	1.102085e+00	1.457059e+04	6.889938e+11	2.009019e+01	-3.317501e+08	5.000000e+03	0
3.567839e-01	7.382744e-01	1.145572e+00	1.447196e+04	6.697561e+11	2.031232e+01	-3.303772e+08	5.000000e+03	0
3.618090e-01	7.486726e-01	1.175496e+00	1.179549e+04	6.569392e+11	2.027501e+01	-3.289905e+08	5.000000e+03	0
3.668342e-01	7.590709e-01	1.201990e+00	8.467162e+03	6.457461e+11	2.017211e+01	-3.275995e+08	5.000000e+03	0
3.718593e-01	7.694691e-01	1.229538e+00	8.331588e+03	6.347528e+11	2.008316e+01	-3.262134e+08	5.000000e+03	1
3.768844e-01	7.798673e-01	1.257277e+00	8.286398e+03	6.237930e+11	1.999649e+01	-3.248340e+08	5.000000e+03	1
3.819095e-01	7.902655e-01	1.285948e+00	8.241340e+03	6.129950e+11	1.992074e+01	-3.234609e+08	5.000000e+03	1
3.869347e-01	8.006638e-01	1.314972e+00	8.196315e+03	6.022536e+11	1.984866e+01	-3.220935e+08	5.000000e+03	1
3.919598e-01	8.110620e-01	1.344741e+00	8.151358e+03	5.916317e+11	1.978434e+01	-3.207314e+08	5.000000e+03	1
3.969849e-01	8.214602e-01	1.375058e+00	8.106428e+03	5.810910e+11	1.972507e+01	-3.193742e+08	5.000000e+03	1
4.020101e-01	8.318585e-01	1.405931e+00	8.061524e+03	5.706330e+11	1.967095e+01	-3.180215e+08	5.000000e+03	1
4.070352e-01	8.422567e-01	1.437547e+00	8.016624e+03	5.602778e+11	1.962294e+01	-3.166729e+08	5.000000e+03	1
4.120603e-01	8.526549e-01	1.469529e+00	7.971727e+03	5.499733e+11	1.957793e+01	-3.153281e+08	5.000000e+03	1
4.170854e-01	8.630532e-01	1.502448e+00	7.926800e+03	5.397906e+11	1.953979e+01	-3.139867e+08	5.000000e+03	1
4.221106e-01	8.734514e-01	1.535561e+00	7.881866e+03	5.296329e+11	1.950304e+01	-3.126490e+08	5.000000e+03	1
4.271357e-01	8.838496e-01	1.569766e+00	7.836859e+03	5.196092e+11	1.947341e+01	-3.113130e+08	5.000000e+03	1
4.321608e-01	8.942479e-01	1.604185e+00	7.791831e+03	5.096104e+11	1.944503e+01	-3.099803e+08	5.000000e+03	1
4.371859e-01	9.046461e-01	1.639503e+00	7.746713e+03	4.997164e+11	1.942185e+01	-3.086497e+08	5.000000e+03	1
4.422111e-01	9.150443e-01	1.675228e+00	7.701543e+03	4.898677e+11	1.940078e+01	-3.073221e+08	5.000000e+03	1
4.472362e-01	9.254425e-01	1.711656e+00	7.656280e+03	4.800975e+11	1.938334e+01	-3.059947e+08	5.000000e+03	1
4.522613e-01	9.358408e-01	1.748685e+00	7.610922e+03	4.703916e+11	1.936866e+01	-3.046698e+08	5.000000e+03	1
4.572864e-01	9.462390e-01	1.786221e+00	7.565482e+03	4.607402e+11	1.935630e+01	-3.033463e+08	5.000000e+03	1
4.623116e-01	9.566372e-01	1.824548e+00	7.519894e+03	4.511710e+11	1.934716e+01	-3.020240e+08	5.000000e+03	1
4.673367e-01	9.670355e-01	1.863189e+00	7.474247e+03	4.416343e+11	1.933929e+01	-3.007028e+08	5.000000e+03	1
4.723618e-01	9.774337e-01	1.902807e+00	7.428389e+03	4.321967e+11	1.933495e+01	-2.993828e+08	5.000000e+03	1
4.773869e-01	9.878319e-01	1.942616e+00	7.382488e+03	4.227784e+11	1.933125e+01	-2.980631e+08	5.000000e+03	1
4.824121e-01	9.982302e-01	1.983446e+00	7.336339e+03	4.134615e+11	1.933080e+01	-2.967442e+08	5.000000e+03	1
4.874372e-01	1.008628e+00	2.024534e+00	7.290120e+03	4.041700e+11	1.933106e+01	-2.954259e+08	5.000000e+03	1
4.924623e-01	1.019027e+00	2.066446e+00	7.243679e+03	3.949594e+11	1.933362e+01	-2.941079e+08	5.000000e+03	1
4.974874e-01	1.029425e+00	2.108800e+00	7.197107e+03	3.857921e+11	1.933724e+01	-2.927893e+08	5.000000e+03	1
5.025126e-01	1.039823e+00	2.151783e+00	7.150348e+03	3.766861e+11	1.934238e+01	-2.914727e+08	5.000000e+03	1
5.075377e-01	1.050221e+00	2.195389e+00	7.103386e+03	3.676409e+11	1.934882e+01	-2.901550e+08	5.000000e+03	1
5.125628e-01	1.060620e+00	2.239432e+00	7.056282e+03	3.586384e+11	1.935616e+01	-2.888375e+08	5.000000e+03	1
5.175879e-01	1.071018e+00	2.284271e+00	7.008896e+03	3.497141e+11	1.936492e+01	-2.875198e+08	5.000000e+03	1
5.226131e-01	1.081416e+00	2.329359e+00	6.961422e+03	3.408142e+11	1.937413e+01	-2.862020e+08	5.000000e+03	1
5.276382e-01	1.091814e+00	2.375410e+00	6.913578e+03	3.320102e+11	1.938476e+01	-2.848839e+08	5.000000e+03	1
5.326633e-01	1.102212e+00	2.421639e+00	6.865662e+03	3.232240e+11	1.939562e+01	-2.835654e+08	5.000000e+03	1
5.376884e-01	1.112611e+00	2.468769e+00	6.817371e+03	3.145288e+11	1.940756e+01	-2.822466e+08	5.000000e+03	1
5.427136e-01	1.123009e+00	2.516181e+00	6.768952e+03	3.058630e+11	1.941977e+01	-2.809274e+08	5.000000e+03	1
5.477387e-01	1.133407e+00	2.564303e+00	6.720213e+03	2.972706e+11	1.943265e+01	-2.796078e+08	5.000000e+03	1
5.527638e-01	1.143805e+00	2.612870e+00	6.671256e+03	2.887258e+11	1.944584e+01	-2.782876e+08	5.000000e+03	1
5.577889e-01	1.154204e+00	2.661963e+00	6.622042e+03	2.802369e+11	1.945939e+01	-2.769667e+08	5.000000e+03	1
5.628141e-01	1.164602e+00	2.711655e+00	6.572511e+03	2.718141e+11	1.947320e+01	-2.756457e+08	5.000000e+03	1
5.678392e-01	1.175000e+00	2.761695e+00	6.522795e+03	2.634297e+11	1.948717e+01	-2.743239e+08	5.000000e+03	1
5.728643e-01	1.185398e+00	2.812479e+00	6.472650e+03	2.551307e+11	1.950129e+01	-2.730015e+08	5.000000e+03	1
5.778894e-01	1.195797e+00	2.863440e+00	6.422402e+03	2.468520e+11	1.951544e+01	-2.716785e+08	5.000000e+03	1
5.829146e-01	1.206195e+00	2.915278e+00	6.371604e+03	2.386786e+11	1.952955e+01	-2.703549e+08	5.000000e+03	1
5.879397e-01	1.216593e+00	2.967267e+00	6.320703e+03	2.305242e+11	1.954363e+01	-2.690308e+08	5.000000e+03	1
5.929648e-01	1.226991e+00	3.019985e+00	6.269300e+03	2.224619e+11	1.955749e+01	-2.677059e+08	5.000000e+03	1
5.979899e-01	1.237389e+00	3.072976e+00	6.217691e+03	2.144362e+11	1.957120e+01	-2.663805e+08	5.000000e+03	1
6.030151e-01	1.247788e+00	3.126524e+00	6.165661e+03	2.064849e+11	1.958461e+01	-2.650546e+08	5.000000e+03	1
6.080402e-01	1.258186e+00	3.180473e+00	6.113296e+03	1.985907e+11	1.959770e+01	-2.637280e+08	5.000000e+03	1
6.130653e-01	1.268584e+00	3.234815e+00	6.060601e+03	1.907527e+11	1.961046e+01	-2.624009e+08	5.000000e+03	1
6.180905e-01	1.278982e+00	3.289671e+00	6.007428e+03	1.829932e+11	1.962267e+01	-2.610733e+08	5.000000e+03	1
6.231156e-01	1.289381e+00	3.344769e+00	5.954029e+03	1.752709e+11	1.963461e+01	-2.597452e+08	5.000000e+03	1
6.281407e-01	1.299779e+00	3.400479e+00	5.899992e+03	1.676496e+11	1.964569e+01	-2.584167e+08	5.000000e+03	1
6.331658e-01	1.310177e+00	3.455429e+00	5.796867e+03	1.601665e+11	1.965167e+01	-2.570876e+08	5.000000e+03	1
6.381910e-01	1.320575e+00	3.479864e+00	3.963196e+03	1.569566e+11	1.948302e+01	-2.557593e+08	5.000000e+03	1
6.432161e-01	1.330974e+00	3.504410e+00	2.497830e+03	1.537608e+11	1.931601e+01	-2.544374e+08	5.000000e+03	2
6.482412e-01	1.341372e+00	3.529389e+00	2.488941e+03	1.506209e+11	1.915551e+01	-2.531263e+08	5.000000e+03	2
6.532663e-01	1.351770e+00	3.554575e+00	2.480104e+03	1.475062e+11	1.899790e+01	-2.518262e+08	5.000000e+03	2
6.582915e-01	1.362168e+00	3.580102e+00	2.471352e+03	1.444330e+11	1.884509e+01	-2.505370e+08	5.000000e+03	2
6.633166e-01	1.372566e+00	3.605932e+00	2.462671e+03	1.413949e+11	1.869627e+01	-2.492583e+08	5.000000e+03	2
6.683417e-01	1.382965e+00	3.632010e+00	2.454047e+03	1.383855e+11	1.855073e+01	-2.479897e+08	5.000000e+03	2
6.733668e-01	1.393363e+00	3.658490e+00	2.445513e+03	1.354200e+11	1.841015e+01	-2.467312e+08	5.000000e+03	2
6.783920e-01	1.403761e+00	3.685122e+00	2.437013e+03	1.324713e+11	1.827146e+01	-2.454824e+08	5.000000e+03	2
6.834171e-01	1.414159e+00	3.712255e+00	2.428617e+03	1.295747e+11	1.813861e+01	-2.442431e+08	5.000000e+03	2
6.884422e-01	1.424558e+00	3.739485e+00	2.420241e+03	1.266880e+11	1.800685e+01	-2.430130e+08	5.000000e+03	2
6.934673e-01	1.434956e+00	3.767234e+00	2.411968e+03	1.238527e+11	1.788079e+01	-2.417921e+08	5.000000e+03	2
6.984925e-01	1.445354e+00	3.795122e+00	2.403721e+03	1.210305e+11	1.775616e+01	-2.405796e+08	5.000000e+03	2
7.035176e-01	1.455752e+00	3.823434e+00	2.395553e+03	1.182482e+11	1.763591e+01	-2.393758e+08	5.000000e+03	2
7.085427e-01	1.466151e+00	3.851984e+00	2.387428e+03	1.154874e+11	1.751797e+01	-2.381803e+08	5.000000e+03	2
7.135678e-01	1.476549e+00	3.880861e+00	2.379361e+03	1.127558e+11	1.740322e+01	-2.369930e+08	5.000000e+03	2
7.185930e-01	1.486947e+00	3.910077e+00	2.371350e+03	1.100533e+11	1.729157e+01	-2.358135e+08	5.000000e+03	2
7.236181e-01	1.497345e+00	3.939522e+00	2.363378e+03	1.073704e+11	1.718203e+01	-2.346418e+08	5.000000e+03	2
7.286432e-01	1.507743e+00	3.969407e+00	2.355476e+03	1.047233e+11	1.707630e+01	-2.334776e+08	5.000000e+03	2
7.336683e-01	1.518142e+00	3.999422e+00	2.347595e+03	1.020870e+11	1.697170e+01	-2.323206e+08	5.000000e+03	2
7.386935e-01	1.528540e+00	4.029979e+00	2.339796e+03	9.949288e+10	1.687153e+01	-2.311711e+08	5.000000e+03	2
7.437186e-01	1.538938e+00	4.060636e+00	2.332011e+03	9.690634e+10	1.677215e+01	-2.300284e+08	5.000000e+03	2
7.487437e-01	1.549336e+00	4.091799e+00	2.324299e+03	9.435759e+10	1.667670e+01	-2.288927e+08	5.000000e+03	2
7.537688e-01	1.559735e+00	4.123132e+00	2.316610e+03	9.182093e+10	1.658248e+01	-2.277634e+08	5.000000e+03	2
7.587940e-01	1.570133e+00	4.154872e+00	2.308976e+03	8.931338e+10	1.649126e+01	-2.266407e+08	5.000000e+03	2
7.638191e-01	1.580531e+00	4.186884e+00	2.301377e+03	8.682436e+10	1.640191e+01	-2.255243e+08	5.000000e+03	2
7.688442e-01	1.590929e+00	4.219203e+00	2.293817e+03	8.435641e+10	1.631470e+01	-2.244142e+08	5.000000e+03	2
7.738693e-01	1.601328e+00	4.251895e+00	2.286303e+03	8.191294e+10	1.622994e+01	-2.233099e+08	5.000000e+03	2
7.788945e-01	1.611726e+00	4.284796e+00	2.278815e+03	7.948309e+10	1.614654e+01	-2.222117e+08	5.000000e+03	2
7.839196e-01	1.622124e+00	4.318171e+00	2.271382e+03	7.708318e+10	1.606612e+01	-2.211192e+08	5.000000e+03	2
7.889447e-01	1.632522e+00	4.351654e+00	2.263961e+03	7.469000e+10	1.598635e+01	-2.200323e+08	5.000000e+03	2
7.939698e-01	1.642920e+00	4.385716e+00	2.256604e+03	7.233182e+10	1.591001e+01	-2.189509e+08	5.000000e+03	2
7.989950e-01	1.653319e+00	4.419880e+00	2.249257e+03	6.997958e+10	1.583425e+01	-2.178678e+08	5.000000e+03	2
8.040201e-01	1.663717e+00	4.454532e+00	2.241962e+03	6.765577e+10	1.576123e+01	-2.168041e+08	5.000000e+03	2
8.090452e-01	1.674115e+00	4.489324e+00	2.230557e+03	6.534699e+10	1.568906e+01	-2.157383e+08	5.000000e+03	2
8.140704e-01	1.684513e+00	4.524388e+00	2.211154e+03	6.306746e+10	1.561857e+01	-2.146776e+08	5.000000e+03	2
8.190955e-01	1.694912e+00	4.559567e+00	2.191821e+03	6.081592e+10	1.554899e+01	-2.136219e+08	5.000000e+03	2
8.241206e-01	1.705310e+00	4.594857e+00	2.172555e+03	5.859087e+10	1.548028e+01	-2.125710e+08	5.000000e+03	2
8.291457e-01	1.715708e+00	4.630294e+00	2.153377e+03	5.640241e+10	1.541273e+01	-2.115249e+08	5.000000e+03	2
8.341709e-01	1.726106e+00	4.665798e+00	2.134239e+03	5.423054e+10	1.534570e+01	-2.104834e+08	5.000000e+03	2
8.391960e-01	1.736505e+00	4.701474e+00	2.115202e+03	5.210350e+10	1.528004e+01	-2.094468e+08	5.000000e+03	2
8.442211e-01	1.746903e+00	4.737185e+00	2.096185e+03	4.998548e+10	1.521465e+01	-2.084146e+08	5.000000e+03	2
8.492462e-01	1.757301e+00	4.773077e+00	2.077273e+03	4.791643e+10	1.515068e+01	-2.073884e+08	5.000000e+03	2
8.542714e-01	1.767699e+00	4.809004e+00	2.058381e+03	4.585789e+10	1.508701e+01	-2.063640e+08	5.000000e+03	2
8.592965e-01	1.778097e+00	4.845069e+00	2.039567e+03	4.383861e+10	1.502443e+01	-2.053616e+08	5.000000e+03	2
8.643216e-01	1.788496e+00	4.881194e+00	2.020786e+03	4.183811e+10	1.496236e+01	-2.043313e+08	5.000000e+03	2
8.693467e-01	1.798894e+00	4.917416e+00	2.002060e+03	3.986759e+10	1.490108e+01	-2.033213e+08	5.000000e+03	2
8.743719e-01	1.809292e+00	4.953719e+00	1.983378e+03	3.792381e+10	1.484048e+01	-2.023159e+08	5.000000e+03	2
8.793970e-01	1.819690e+00	4.990084e+00	1.964729e+03	3.600109e+10	1.478042e+01	-2.013144e+08	5.000000e+03	2
8.844221e-01	1.830089e+00	5.026543e+00	1.946130e+03	3.411279e+10	1.472119e+01	-2.003174e+08	5.000000e+03	2
8.894472e-01	1.840487e+00	5.063036e+00	1.927549e+03	3.223696e+10	1.466226e+01	-1.993244e+08	5.000000e+03	2
8.944724e-01	1.850885e+00	5.099629e+00	1.909020e+03	3.040297e+10	1.460429e+01	-1.983355e+08	5.000000e+03	2
8.994975e-01	1.861283e+00	5.136240e+00	1.890498e+03	2.857695e+10	1.454649e+01	-1.973506e+08	5.000000e+03	2
9.045226e-01	1.871682e+00	5.172938e+00	1.872018e+03	2.679246e+10	1.448960e+01	-1.963698e+08	5.000000e+03	2
9.095477e-01	1.882080e+00	5.209654e+00	1.853547e+03	2.501940e+10	1.443294e+01	-1.953931e+08	5.000000e+03	2
9.145729e-01	1.892478e+00	5.246427e+00	1.835099e+03	2.327944e+10	1.437695e+01	-1.944201e+08	5.000000e+03	2
9.195980e-01	1.902876e+00	5.283224e+00	1.816660e+03	2.155838e+10	1.432132e+01	-1.934512e+08	5.000000e+03	2
9.246231e-01	1.913274e+00	5.320054e+00	1.798233e+03	1.986226e+10	1.426617e+01	-1.924862e+08	5.000000e+03	2
9.296482e-01	1.923673e+00	5.356907e+00	1.779808e+03	1.819230e+10	1.421148e+01	-1.915250e+08	5.000000e+03	2
9.346734e-01	1.934071e+00	5.393774e+00	1.761387e+03	1.653938e+10	1.415710e+01	-1.905677e+08	5.000000e+03	2
9.396985e-01	1.944469e+00	5.430655e+00	1.742958e+03	1.491968e+10	1.410327e+01	-1.896140e+08	5.000000e+03	2
9.447236e-01	1.954867e+00	5.467539e+00	1.724527e+03	1.330937e+10	1.404959e+01	-1.886643e+08	5.000000e+03	2
9.497487e-01	1.965266e+00	5.503543e+00	1.661486e+03	1.177644e+10	1.399431e+01	-1.877177e+08	5.000000e+03	2
9.547739e-01	1.975664e+00	5.539252e+00	1.595992e+03	1.026288e+10	1.393843e+01	-1.867761e+08	5.000000e+03	2
9.597990e-01	1.986062e+00	5.573246e+00	1.528411e+03	8.855456e+09	1.387893e+01	-1.858381e+08	5.000000e+03	2
9.648241e-01	1.996460e+00	5.606576e+00	1.459589e+03	7.486194e+09	1.381810e+01	-1.849042e+08	5.000000e+03	2
9.698492e-01	2.006859e+00	5.638378e+00	1.387912e+03	6.204818e+09	1.375419e+01	-1.839726e+08	5.000000e+03	2
9.748744e-01	2.017257e+00	5.668972e+00	1.312535e+03	4.987433e+09	1.368791e+01	-1.830495e+08	5.000000e+03	2
9.798995e-01	2.027655e+00	5.698242e+00	1.233103e+03	3.840193e+09	1.361904e+01	-1.821290e+08	5.000000e+03	2
9.849246e-01	2.038053e+00	5.725453e+00	1.140843e+03	2.792211e+09	1.354619e+01	-1.812135e+08	5.000000e+03	2
9.899497e-01	2.048451e+00	5.751562e+00	1.041719e+03	1.797355e+09	1.347120e+01	-1.803031e+08	5.000000e+03	2
9.949749e-01	2.058850e+00	5.775961e+00	1.013387e+03	8.894944e+08	1.339354e+01	-1.793981e+08	5.000000e+03	2
1.000000e+00	2.069248e+00	5.800000e+00	1.000000e+03	0.000000e+00	1.331530e+01	-1.784983e+08	3.000000e+02	2
