#R=1.2506783942597353
#interptype='linear'
#name='planet'
#norm={'P': 1000000000000.0, 'R': 1.2506783942597353, 'M': 1.5, 'g': 9.426448898602505, 'rho': 1000.0}
#state=1
#composition
#layer0		Fe08FeS02		0.100000
#layer1		pv_fmw		0.900000
#layer2		ice_VII		0.100000
#Cols=
 #'ur		r		mr		rho		P		g		phi		T		composition'
#-end-
0.000000e+00	0.000000e+00	1.074025e-11	1.233826e+04	3.679319e+11	0.000000e+00	-1.374326e+08	5.000000e+03	0
5.025126e-03	6.284816e-03	6.199175e-07	1.233830e+04	3.679369e+11	6.232557e-02	-1.374299e+08	5.000000e+03	0
1.005025e-02	1.256963e-02	4.438268e-06	1.233785e+04	3.678735e+11	2.003936e-01	-1.374216e+08	5.000000e+03	0
1.507538e-02	1.885445e-02	1.514490e-05	1.233692e+04	3.677394e+11	3.386444e-01	-1.374078e+08	5.000000e+03	0
2.010050e-02	2.513926e-02	3.545781e-05	1.233553e+04	3.675396e+11	4.768814e-01	-1.373884e+08	5.000000e+03	0
2.512563e-02	3.142408e-02	6.950867e-05	1.233365e+04	3.672693e+11	6.150851e-01	-1.373636e+08	5.000000e+03	0
3.015075e-02	3.770890e-02	1.195973e-04	1.233131e+04	3.669333e+11	7.532472e-01	-1.373332e+08	5.000000e+03	0
3.517588e-02	4.399371e-02	1.902301e-04	1.232848e+04	3.665271e+11	8.913548e-01	-1.372973e+08	5.000000e+03	0
4.020101e-02	5.027853e-02	2.833498e-04	1.232519e+04	3.660551e+11	1.029402e+00	-1.372559e+08	5.000000e+03	0
4.522613e-02	5.656334e-02	4.037700e-04	1.232142e+04	3.655133e+11	1.167375e+00	-1.372090e+08	5.000000e+03	0
5.025126e-02	6.284816e-02	5.531380e-04	1.231718e+04	3.649057e+11	1.305269e+00	-1.371565e+08	5.000000e+03	0
5.527638e-02	6.913298e-02	7.365071e-04	1.231245e+04	3.642287e+11	1.443069e+00	-1.370986e+08	5.000000e+03	0
6.030151e-02	7.541779e-02	9.552901e-04	1.230726e+04	3.634859e+11	1.580771e+00	-1.370351e+08	5.000000e+03	0
6.532663e-02	8.170261e-02	1.214713e-03	1.230158e+04	3.626741e+11	1.718360e+00	-1.369662e+08	5.000000e+03	0
7.035176e-02	8.798742e-02	1.516015e-03	1.229544e+04	3.617967e+11	1.855832e+00	-1.368917e+08	5.000000e+03	0
7.537688e-02	9.427224e-02	1.864527e-03	1.228881e+04	3.608508e+11	1.993172e+00	-1.368124e+08	5.000000e+03	0
8.040201e-02	1.005571e-01	2.261377e-03	1.228172e+04	3.598395e+11	2.130376e+00	-1.367264e+08	5.000000e+03	0
8.542714e-02	1.068419e-01	2.711933e-03	1.227414e+04	3.587601e+11	2.267429e+00	-1.366354e+08	5.000000e+03	0
9.045226e-02	1.131267e-01	3.217272e-03	1.226610e+04	3.576156e+11	2.404326e+00	-1.365391e+08	5.000000e+03	0
9.547739e-02	1.194115e-01	3.782734e-03	1.225756e+04	3.564036e+11	2.541053e+00	-1.364372e+08	5.000000e+03	0
1.005025e-01	1.256963e-01	4.409404e-03	1.224856e+04	3.551267e+11	2.677605e+00	-1.363299e+08	5.000000e+03	0
1.055276e-01	1.319811e-01	5.102526e-03	1.223907e+04	3.537829e+11	2.813967e+00	-1.362172e+08	5.000000e+03	0
1.105528e-01	1.382660e-01	5.863256e-03	1.222912e+04	3.523746e+11	2.950136e+00	-1.360990e+08	5.000000e+03	0
1.155779e-01	1.445508e-01	6.696676e-03	1.221867e+04	3.509002e+11	3.086095e+00	-1.359754e+08	5.000000e+03	0
1.206030e-01	1.508356e-01	7.604070e-03	1.220776e+04	3.493615e+11	3.221841e+00	-1.358463e+08	5.000000e+03	0
1.256281e-01	1.571204e-01	8.590294e-03	1.219636e+04	3.477574e+11	3.357360e+00	-1.357118e+08	5.000000e+03	0
1.306533e-01	1.634052e-01	9.656819e-03	1.218448e+04	3.460895e+11	3.492645e+00	-1.355719e+08	5.000000e+03	0
1.356784e-01	1.696900e-01	1.080821e-02	1.217212e+04	3.443569e+11	3.627683e+00	-1.354267e+08	5.000000e+03	0
1.407035e-01	1.759748e-01	1.204618e-02	1.215928e+04	3.425611e+11	3.762469e+00	-1.352760e+08	5.000000e+03	0
1.457286e-01	1.822597e-01	1.337495e-02	1.214596e+04	3.407014e+11	3.896989e+00	-1.351199e+08	5.000000e+03	0
1.507538e-01	1.885445e-01	1.479652e-02	1.213216e+04	3.387789e+11	4.031236e+00	-1.349585e+08	5.000000e+03	0
1.557789e-01	1.948293e-01	1.631470e-02	1.211787e+04	3.367934e+11	4.165198e+00	-1.347917e+08	5.000000e+03	0
1.608040e-01	2.011141e-01	1.793185e-02	1.210310e+04	3.347457e+11	4.298867e+00	-1.346195e+08	5.000000e+03	0
1.658291e-01	2.073989e-01	1.965130e-02	1.208785e+04	3.326360e+11	4.432233e+00	-1.344421e+08	5.000000e+03	0
1.708543e-01	2.136837e-01	2.147582e-02	1.207211e+04	3.304646e+11	4.565286e+00	-1.342593e+08	5.000000e+03	0
1.758794e-01	2.199686e-01	2.340820e-02	1.205589e+04	3.282322e+11	4.698016e+00	-1.340712e+08	5.000000e+03	0
1.809045e-01	2.262534e-01	2.545168e-02	1.203918e+04	3.259388e+11	4.830412e+00	-1.338778e+08	5.000000e+03	0
1.859296e-01	2.325382e-01	2.760845e-02	1.202198e+04	3.235854e+11	4.962468e+00	-1.336792e+08	5.000000e+03	0
1.909548e-01	2.388230e-01	2.988226e-02	1.200430e+04	3.211717e+11	5.094169e+00	-1.334752e+08	5.000000e+03	0
1.959799e-01	2.451078e-01	3.227465e-02	1.198613e+04	3.186990e+11	5.225510e+00	-1.332660e+08	5.000000e+03	0
2.010050e-01	2.513926e-01	3.478994e-02	1.196746e+04	3.161669e+11	5.356476e+00	-1.330516e+08	5.000000e+03	0
2.060302e-01	2.576775e-01	3.742896e-02	1.194831e+04	3.135768e+11	5.487063e+00	-1.328319e+08	5.000000e+03	0
2.110553e-01	2.639623e-01	4.019664e-02	1.192866e+04	3.109282e+11	5.617255e+00	-1.326071e+08	5.000000e+03	0
2.160804e-01	2.702471e-01	4.309303e-02	1.190853e+04	3.082227e+11	5.747049e+00	-1.323770e+08	5.000000e+03	0
2.211055e-01	2.765319e-01	4.612375e-02	1.188790e+04	3.054595e+11	5.876426e+00	-1.321418e+08	5.000000e+03	0
2.261307e-01	2.828167e-01	4.928802e-02	1.186678e+04	3.026406e+11	6.005386e+00	-1.319014e+08	5.000000e+03	0
2.311558e-01	2.891015e-01	5.259215e-02	1.184515e+04	2.997650e+11	6.133908e+00	-1.316558e+08	5.000000e+03	0
2.361809e-01	2.953864e-01	5.603453e-02	1.182304e+04	2.968349e+11	6.261995e+00	-1.314055e+08	5.000000e+03	0
2.412060e-01	3.016712e-01	5.962218e-02	1.180042e+04	2.938491e+11	6.389621e+00	-1.311494e+08	5.000000e+03	0
2.462312e-01	3.079560e-01	6.335259e-02	1.177731e+04	2.908101e+11	6.516794e+00	-1.308885e+08	5.000000e+03	0
2.512563e-01	3.142408e-01	6.723357e-02	1.175369e+04	2.877163e+11	6.643485e+00	-1.306226e+08	5.000000e+03	0
2.562814e-01	3.205256e-01	7.126164e-02	1.172957e+04	2.845706e+11	6.769703e+00	-1.303516e+08	5.000000e+03	0
2.613065e-01	3.268104e-01	7.544544e-02	1.170495e+04	2.813713e+11	6.895418e+00	-1.300756e+08	5.000000e+03	0
2.663317e-01	3.330953e-01	7.978050e-02	1.167983e+04	2.781214e+11	7.020640e+00	-1.297946e+08	5.000000e+03	0
2.713568e-01	3.393801e-01	8.427629e-02	1.165419e+04	2.748191e+11	7.145337e+00	-1.295086e+08	5.000000e+03	0
2.763819e-01	3.456649e-01	8.892732e-02	1.162805e+04	2.714675e+11	7.269522e+00	-1.292176e+08	5.000000e+03	0
2.814070e-01	3.519497e-01	9.374394e-02	1.160140e+04	2.680646e+11	7.393159e+00	-1.289216e+08	5.000000e+03	0
2.864322e-01	3.582345e-01	9.871957e-02	1.157424e+04	2.646139e+11	7.516267e+00	-1.286208e+08	5.000000e+03	0
2.914573e-01	3.645193e-01	1.038655e-01	1.154656e+04	2.611132e+11	7.638803e+00	-1.283150e+08	5.000000e+03	0
2.964824e-01	3.708041e-01	1.091740e-01	1.151838e+04	2.575661e+11	7.760790e+00	-1.280043e+08	5.000000e+03	0
3.015075e-01	3.770890e-01	1.146574e-01	1.148966e+04	2.539703e+11	7.882183e+00	-1.276888e+08	5.000000e+03	0
3.065327e-01	3.833738e-01	1.203067e-01	1.146044e+04	2.503296e+11	8.003008e+00	-1.273685e+08	5.000000e+03	0
3.115578e-01	3.896586e-01	1.261352e-01	1.143069e+04	2.466415e+11	8.123216e+00	-1.270433e+08	5.000000e+03	0
3.165829e-01	3.959434e-01	1.321328e-01	1.140043e+04	2.429100e+11	8.242836e+00	-1.267133e+08	5.000000e+03	0
3.216080e-01	4.022282e-01	1.383138e-01	1.136962e+04	2.391327e+11	8.361814e+00	-1.263786e+08	5.000000e+03	0
3.266332e-01	4.085130e-01	1.446668e-01	1.133831e+04	2.353134e+11	8.480186e+00	-1.260393e+08	5.000000e+03	0
3.316583e-01	4.147979e-01	1.506200e-01	8.796758e+03	2.317954e+11	8.564552e+00	-1.256950e+08	5.000000e+03	0
3.366834e-01	4.210827e-01	1.543381e-01	6.244320e+03	2.296621e+11	8.516259e+00	-1.253495e+08	5.000000e+03	1
3.417085e-01	4.273675e-01	1.581645e-01	6.230660e+03	2.275456e+11	8.472877e+00	-1.250059e+08	5.000000e+03	1
3.467337e-01	4.336523e-01	1.620925e-01	6.217043e+03	2.254433e+11	8.433770e+00	-1.246640e+08	5.000000e+03	1
3.517588e-01	4.399371e-01	1.661312e-01	6.203466e+03	2.233553e+11	8.398997e+00	-1.243236e+08	5.000000e+03	1
3.567839e-01	4.462219e-01	1.702739e-01	6.189919e+03	2.212796e+11	8.368018e+00	-1.239846e+08	5.000000e+03	1
3.618090e-01	4.525068e-01	1.745295e-01	6.176399e+03	2.192159e+11	8.340872e+00	-1.236468e+08	5.000000e+03	1
3.668342e-01	4.587916e-01	1.788917e-01	6.162897e+03	2.171627e+11	8.317102e+00	-1.233101e+08	5.000000e+03	1
3.718593e-01	4.650764e-01	1.833689e-01	6.149410e+03	2.151197e+11	8.296731e+00	-1.229744e+08	5.000000e+03	1
3.768844e-01	4.713612e-01	1.879551e-01	6.135932e+03	2.130855e+11	8.279372e+00	-1.226394e+08	5.000000e+03	1
3.819095e-01	4.776460e-01	1.926584e-01	6.122458e+03	2.110600e+11	8.265033e+00	-1.223051e+08	5.000000e+03	1
3.869347e-01	4.839308e-01	1.974731e-01	6.108983e+03	2.090418e+11	8.253385e+00	-1.219713e+08	5.000000e+03	1
3.919598e-01	4.902157e-01	2.024068e-01	6.095503e+03	2.070308e+11	8.244425e+00	-1.216381e+08	5.000000e+03	1
3.969849e-01	4.965005e-01	2.074545e-01	6.082013e+03	2.050259e+11	8.237876e+00	-1.213052e+08	5.000000e+03	1
4.020101e-01	5.027853e-01	2.126230e-01	6.068510e+03	2.030269e+11	8.233723e+00	-1.209725e+08	5.000000e+03	1
4.070352e-01	5.090701e-01	2.179077e-01	6.054989e+03	2.010330e+11	8.231732e+00	-1.206400e+08	5.000000e+03	1
4.120603e-01	5.153549e-01	2.233152e-01	6.041446e+03	1.990439e+11	8.231882e+00	-1.203075e+08	5.000000e+03	1
4.170854e-01	5.216397e-01	2.288412e-01	6.027880e+03	1.970588e+11	8.233972e+00	-1.199751e+08	5.000000e+03	1
4.221106e-01	5.279245e-01	2.344916e-01	6.014284e+03	1.950776e+11	8.237976e+00	-1.196426e+08	5.000000e+03	1
4.271357e-01	5.342094e-01	2.402628e-01	6.000657e+03	1.930996e+11	8.243725e+00	-1.193099e+08	5.000000e+03	1
4.321608e-01	5.404942e-01	2.461602e-01	5.986995e+03	1.911245e+11	8.251186e+00	-1.189770e+08	5.000000e+03	1
4.371859e-01	5.467790e-01	2.521805e-01	5.973296e+03	1.891520e+11	8.260216e+00	-1.186438e+08	5.000000e+03	1
4.422111e-01	5.530638e-01	2.583285e-01	5.959555e+03	1.871817e+11	8.270780e+00	-1.183102e+08	5.000000e+03	1
4.472362e-01	5.593486e-01	2.646017e-01	5.945772e+03	1.852132e+11	8.282756e+00	-1.179762e+08	5.000000e+03	1
4.522613e-01	5.656334e-01	2.710041e-01	5.931942e+03	1.832463e+11	8.296106e+00	-1.176417e+08	5.000000e+03	1
4.572864e-01	5.719183e-01	2.775336e-01	5.918064e+03	1.812807e+11	8.310727e+00	-1.173067e+08	5.000000e+03	1
4.623116e-01	5.782031e-01	2.841939e-01	5.904135e+03	1.793160e+11	8.326579e+00	-1.169712e+08	5.000000e+03	1
4.673367e-01	5.844879e-01	2.909834e-01	5.890152e+03	1.773522e+11	8.343576e+00	-1.166350e+08	5.000000e+03	1
4.723618e-01	5.907727e-01	2.979049e-01	5.876113e+03	1.753889e+11	8.361675e+00	-1.162981e+08	5.000000e+03	1
4.773869e-01	5.970575e-01	3.049576e-01	5.862017e+03	1.734259e+11	8.380804e+00	-1.159605e+08	5.000000e+03	1
4.824121e-01	6.033423e-01	3.121436e-01	5.847860e+03	1.714630e+11	8.400920e+00	-1.156221e+08	5.000000e+03	1
4.874372e-01	6.096272e-01	3.194626e-01	5.833641e+03	1.695001e+11	8.421962e+00	-1.152829e+08	5.000000e+03	1
4.924623e-01	6.159120e-01	3.269163e-01	5.819357e+03	1.675370e+11	8.443888e+00	-1.149429e+08	5.000000e+03	1
4.974874e-01	6.221968e-01	3.345046e-01	5.805008e+03	1.655736e+11	8.466645e+00	-1.146021e+08	5.000000e+03	1
5.025126e-01	6.284816e-01	3.422288e-01	5.790590e+03	1.636096e+11	8.490190e+00	-1.142603e+08	5.000000e+03	1
5.075377e-01	6.347664e-01	3.500894e-01	5.776102e+03	1.616450e+11	8.514481e+00	-1.139176e+08	5.000000e+03	1
5.125628e-01	6.410512e-01	3.580869e-01	5.761542e+03	1.596796e+11	8.539476e+00	-1.135739e+08	5.000000e+03	1
5.175879e-01	6.473361e-01	3.662225e-01	5.746908e+03	1.577134e+11	8.565138e+00	-1.132293e+08	5.000000e+03	1
5.226131e-01	6.536209e-01	3.744958e-01	5.732200e+03	1.557462e+11	8.591425e+00	-1.128836e+08	5.000000e+03	1
5.276382e-01	6.599057e-01	3.829089e-01	5.717413e+03	1.537781e+11	8.618308e+00	-1.125369e+08	5.000000e+03	1
5.326633e-01	6.661905e-01	3.914607e-01	5.702549e+03	1.518088e+11	8.645746e+00	-1.121891e+08	5.000000e+03	1
5.376884e-01	6.724753e-01	4.001536e-01	5.687604e+03	1.498383e+11	8.673713e+00	-1.118402e+08	5.000000e+03	1
5.427136e-01	6.787601e-01	4.089861e-01	5.672578e+03	1.478667e+11	8.702170e+00	-1.114902e+08	5.000000e+03	1
5.477387e-01	6.850449e-01	4.179611e-01	5.657467e+03	1.458937e+11	8.731097e+00	-1.111391e+08	5.000000e+03	1
5.527638e-01	6.913298e-01	4.270763e-01	5.642273e+03	1.439195e+11	8.760454e+00	-1.107869e+08	5.000000e+03	1
5.577889e-01	6.976146e-01	4.363355e-01	5.626991e+03	1.419439e+11	8.790224e+00	-1.104334e+08	5.000000e+03	1
5.628141e-01	7.038994e-01	4.457355e-01	5.611623e+03	1.399670e+11	8.820370e+00	-1.100788e+08	5.000000e+03	1
5.678392e-01	7.101842e-01	4.552807e-01	5.596163e+03	1.379887e+11	8.850878e+00	-1.097230e+08	5.000000e+03	1
5.728643e-01	7.164690e-01	4.649671e-01	5.580615e+03	1.360091e+11	8.881712e+00	-1.093660e+08	5.000000e+03	1
5.778894e-01	7.227538e-01	4.748000e-01	5.564973e+03	1.340280e+11	8.912860e+00	-1.090078e+08	5.000000e+03	1
5.829146e-01	7.290387e-01	4.847745e-01	5.549239e+03	1.320457e+11	8.944287e+00	-1.086483e+08	5.000000e+03	1
5.879397e-01	7.353235e-01	4.948965e-01	5.533409e+03	1.300619e+11	8.975984e+00	-1.082877e+08	5.000000e+03	1
5.929648e-01	7.416083e-01	5.051605e-01	5.517484e+03	1.280768e+11	9.007918e+00	-1.079256e+08	5.000000e+03	1
5.979899e-01	7.478931e-01	5.155730e-01	5.501459e+03	1.260904e+11	9.040079e+00	-1.075624e+08	5.000000e+03	1
6.030151e-01	7.541779e-01	5.261276e-01	5.485338e+03	1.241027e+11	9.072439e+00	-1.071979e+08	5.000000e+03	1
6.080402e-01	7.604627e-01	5.368317e-01	5.469114e+03	1.221137e+11	9.104987e+00	-1.068321e+08	5.000000e+03	1
6.130653e-01	7.667476e-01	5.476780e-01	5.452791e+03	1.201235e+11	9.137696e+00	-1.064650e+08	5.000000e+03	1
6.180905e-01	7.730324e-01	5.586745e-01	5.436362e+03	1.181322e+11	9.170558e+00	-1.060966e+08	5.000000e+03	1
6.231156e-01	7.793172e-01	5.698133e-01	5.419832e+03	1.161398e+11	9.203547e+00	-1.057269e+08	5.000000e+03	1
6.281407e-01	7.856020e-01	5.811029e-01	5.403194e+03	1.141463e+11	9.236654e+00	-1.053560e+08	5.000000e+03	1
6.331658e-01	7.918868e-01	5.925347e-01	5.386451e+03	1.121518e+11	9.269857e+00	-1.049837e+08	5.000000e+03	1
6.381910e-01	7.981716e-01	6.041180e-01	5.369597e+03	1.101563e+11	9.303145e+00	-1.046100e+08	5.000000e+03	1
6.432161e-01	8.044565e-01	6.158433e-01	5.352637e+03	1.081600e+11	9.336500e+00	-1.042351e+08	5.000000e+03	1
6.482412e-01	8.107413e-01	6.277204e-01	5.335561e+03	1.061629e+11	9.369910e+00	-1.038588e+08	5.000000e+03	1
6.532663e-01	8.170261e-01	6.397392e-01	5.318378e+03	1.041651e+11	9.403358e+00	-1.034813e+08	5.000000e+03	1
6.582915e-01	8.233109e-01	6.519103e-01	5.301077e+03	1.021667e+11	9.436833e+00	-1.031023e+08	5.000000e+03	1
6.633166e-01	8.295957e-01	6.642226e-01	5.283664e+03	1.001677e+11	9.470320e+00	-1.027221e+08	5.000000e+03	1
6.683417e-01	8.358805e-01	6.766874e-01	5.266131e+03	9.816828e+10	9.503807e+00	-1.023405e+08	5.000000e+03	1
6.733668e-01	8.421654e-01	6.892931e-01	5.248485e+03	9.616848e+10	9.537282e+00	-1.019577e+08	5.000000e+03	1
6.783920e-01	8.484502e-01	7.020509e-01	5.230714e+03	9.416840e+10	9.570730e+00	-1.015734e+08	5.000000e+03	1
6.834171e-01	8.547350e-01	7.149497e-01	5.212827e+03	9.216815e+10	9.604142e+00	-1.011879e+08	5.000000e+03	1
6.884422e-01	8.610198e-01	7.279998e-01	5.194813e+03	9.016784e+10	9.637504e+00	-1.008010e+08	5.000000e+03	1
6.934673e-01	8.673046e-01	7.411907e-01	5.176680e+03	8.816757e+10	9.670807e+00	-1.004128e+08	5.000000e+03	1
6.984925e-01	8.735894e-01	7.545321e-01	5.158418e+03	8.616745e+10	9.704037e+00	-1.000233e+08	5.000000e+03	1
7.035176e-01	8.798742e-01	7.680141e-01	5.140032e+03	8.416759e+10	9.737187e+00	-9.963252e+07	5.000000e+03	1
7.085427e-01	8.861591e-01	7.816457e-01	5.121514e+03	8.216812e+10	9.770242e+00	-9.924040e+07	5.000000e+03	1
7.135678e-01	8.924439e-01	7.954176e-01	5.102870e+03	8.016914e+10	9.803196e+00	-9.884695e+07	5.000000e+03	1
7.185930e-01	8.987287e-01	8.093378e-01	5.084091e+03	7.817080e+10	9.836034e+00	-9.845220e+07	5.000000e+03	1
7.236181e-01	9.050135e-01	8.233979e-01	5.065182e+03	7.617318e+10	9.868751e+00	-9.805616e+07	5.000000e+03	1
7.286432e-01	9.112983e-01	8.376051e-01	5.046134e+03	7.417646e+10	9.901332e+00	-9.765882e+07	5.000000e+03	1
7.336683e-01	9.175831e-01	8.519516e-01	5.026952e+03	7.218072e+10	9.933774e+00	-9.726019e+07	5.000000e+03	1
7.386935e-01	9.238680e-01	8.664437e-01	5.007629e+03	7.018615e+10	9.966061e+00	-9.686027e+07	5.000000e+03	1
7.437186e-01	9.301528e-01	8.810744e-01	4.988168e+03	6.819283e+10	9.998189e+00	-9.645907e+07	5.000000e+03	1
7.487437e-01	9.364376e-01	8.958492e-01	4.968561e+03	6.620096e+10	1.003014e+01	-9.605662e+07	5.000000e+03	1
7.537688e-01	9.427224e-01	9.107616e-01	4.948813e+03	6.421061e+10	1.006192e+01	-9.565289e+07	5.000000e+03	1
7.587940e-01	9.490072e-01	9.258164e-01	4.928916e+03	6.222201e+10	1.009351e+01	-9.524792e+07	5.000000e+03	1
7.638191e-01	9.552920e-01	9.410078e-01	4.908873e+03	6.023522e+10	1.012490e+01	-9.484167e+07	5.000000e+03	1
7.688442e-01	9.615769e-01	9.563398e-01	4.888676e+03	5.825046e+10	1.015609e+01	-9.443421e+07	5.000000e+03	1
7.738693e-01	9.678617e-01	9.718070e-01	4.868329e+03	5.626783e+10	1.018706e+01	-9.402550e+07	5.000000e+03	1
7.788945e-01	9.741465e-01	9.874128e-01	4.847825e+03	5.428754e+10	1.021781e+01	-9.361557e+07	5.000000e+03	1
7.839196e-01	9.804313e-01	1.003152e+00	4.827164e+03	5.230969e+10	1.024833e+01	-9.320443e+07	5.000000e+03	1
7.889447e-01	9.867161e-01	1.019029e+00	4.806342e+03	5.033450e+10	1.027861e+01	-9.279208e+07	5.000000e+03	1
7.939698e-01	9.930009e-01	1.035037e+00	4.785359e+03	4.836207e+10	1.030864e+01	-9.237853e+07	5.000000e+03	1
7.989950e-01	9.992858e-01	1.051179e+00	4.764209e+03	4.639263e+10	1.033842e+01	-9.196380e+07	5.000000e+03	1
8.040201e-01	1.005571e+00	1.067452e+00	4.742892e+03	4.442629e+10	1.036794e+01	-9.154789e+07	5.000000e+03	1
8.090452e-01	1.011855e+00	1.083856e+00	4.721403e+03	4.246327e+10	1.039718e+01	-9.113082e+07	5.000000e+03	1
8.140704e-01	1.018140e+00	1.100389e+00	4.699741e+03	4.050370e+10	1.042615e+01	-9.071261e+07	5.000000e+03	1
8.190955e-01	1.024425e+00	1.117051e+00	4.677902e+03	3.854780e+10	1.045483e+01	-9.029321e+07	5.000000e+03	1
8.241206e-01	1.030710e+00	1.133839e+00	4.655882e+03	3.659571e+10	1.048321e+01	-8.987271e+07	5.000000e+03	1
8.291457e-01	1.036995e+00	1.150752e+00	4.633679e+03	3.464764e+10	1.051129e+01	-8.945109e+07	5.000000e+03	1
8.341709e-01	1.043279e+00	1.167790e+00	4.611289e+03	3.270376e+10	1.053907e+01	-8.902836e+07	5.000000e+03	1
8.391960e-01	1.049564e+00	1.184950e+00	4.588708e+03	3.076426e+10	1.056652e+01	-8.860453e+07	5.000000e+03	1
8.442211e-01	1.055849e+00	1.202232e+00	4.565931e+03	2.882933e+10	1.059365e+01	-8.817962e+07	5.000000e+03	1
8.492462e-01	1.062134e+00	1.219632e+00	4.542957e+03	2.689916e+10	1.062044e+01	-8.775365e+07	5.000000e+03	1
8.542714e-01	1.068419e+00	1.237152e+00	4.519779e+03	2.497397e+10	1.064689e+01	-8.732662e+07	5.000000e+03	1
8.592965e-01	1.074704e+00	1.254786e+00	4.496394e+03	2.305390e+10	1.067300e+01	-8.689854e+07	5.000000e+03	1
8.643216e-01	1.080988e+00	1.272536e+00	4.472796e+03	2.113923e+10	1.069874e+01	-8.646944e+07	5.000000e+03	1
8.693467e-01	1.087273e+00	1.290398e+00	4.448983e+03	1.923009e+10	1.072412e+01	-8.603933e+07	5.000000e+03	1
8.743719e-01	1.093558e+00	1.308372e+00	4.424945e+03	1.732676e+10	1.074913e+01	-8.560821e+07	5.000000e+03	1
8.793970e-01	1.099843e+00	1.326453e+00	4.400681e+03	1.542936e+10	1.077376e+01	-8.517611e+07	5.000000e+03	1
8.844221e-01	1.106128e+00	1.344642e+00	4.376182e+03	1.353823e+10	1.079799e+01	-8.474306e+07	5.000000e+03	1
8.894472e-01	1.112412e+00	1.354941e+00	1.747051e+03	1.247763e+10	1.075835e+01	-8.430955e+07	5.000000e+03	2
8.944724e-01	1.118697e+00	1.362284e+00	1.717200e+03	1.173537e+10	1.069568e+01	-8.387819e+07	5.000000e+03	2
8.994975e-01	1.124982e+00	1.369583e+00	1.687301e+03	1.100992e+10	1.063338e+01	-8.344935e+07	5.000000e+03	2
9.045226e-01	1.131267e+00	1.376833e+00	1.657328e+03	1.030163e+10	1.057145e+01	-8.302303e+07	5.000000e+03	2
9.095477e-01	1.137552e+00	1.384034e+00	1.627259e+03	9.609834e+09	1.050984e+01	-8.259919e+07	5.000000e+03	2
9.145729e-01	1.143837e+00	1.391180e+00	1.597064e+03	8.934983e+09	1.044855e+01	-8.217784e+07	5.000000e+03	2
9.195980e-01	1.150121e+00	1.398270e+00	1.566715e+03	8.276350e+09	1.038754e+01	-8.175897e+07	5.000000e+03	2
9.246231e-01	1.156406e+00	1.405299e+00	1.536172e+03	7.634499e+09	1.032681e+01	-8.134255e+07	5.000000e+03	2
9.296482e-01	1.162691e+00	1.412266e+00	1.505403e+03	7.008660e+09	1.026631e+01	-8.092858e+07	5.000000e+03	2
9.346734e-01	1.168976e+00	1.419164e+00	1.474350e+03	6.399504e+09	1.020604e+01	-8.051706e+07	5.000000e+03	2
9.396985e-01	1.175261e+00	1.425992e+00	1.442975e+03	5.806226e+09	1.014595e+01	-8.010795e+07	5.000000e+03	2
9.447236e-01	1.181545e+00	1.432743e+00	1.411195e+03	5.229618e+09	1.008603e+01	-7.970129e+07	5.000000e+03	2
9.497487e-01	1.187830e+00	1.439415e+00	1.378957e+03	4.668848e+09	1.002625e+01	-7.929705e+07	5.000000e+03	2
9.547739e-01	1.194115e+00	1.445998e+00	1.346141e+03	4.124847e+09	9.966567e+00	-7.889518e+07	5.000000e+03	2
9.597990e-01	1.200400e+00	1.452491e+00	1.312670e+03	3.596773e+09	9.906956e+00	-7.849576e+07	5.000000e+03	2
9.648241e-01	1.206685e+00	1.458883e+00	1.278355e+03	3.085733e+09	9.847379e+00	-7.809872e+07	5.000000e+03	2
9.698492e-01	1.212969e+00	1.465172e+00	1.243067e+03	2.590895e+09	9.787792e+00	-7.770415e+07	5.000000e+03	2
9.748744e-01	1.219254e+00	1.471341e+00	1.206487e+03	2.113614e+09	9.728143e+00	-7.731190e+07	5.000000e+03	2
9.798995e-01	1.225539e+00	1.477389e+00	1.168370e+03	1.653126e+09	9.668382e+00	-7.692210e+07	5.000000e+03	2
9.849246e-01	1.231824e+00	1.483293e+00	1.128087e+03	1.211180e+09	9.608425e+00	-7.653472e+07	5.000000e+03	2
9.899497e-01	1.238109e+00	1.489047e+00	1.085047e+03	7.872273e+08	9.548198e+00	-7.614976e+07	5.000000e+03	2
9.949749e-01	1.244394e+00	1.494616e+00	1.037641e+03	3.838243e+08	9.487553e+00	-7.576727e+07	5.000000e+03	2
1.000000e+00	1.250678e+00	1.500000e+00	1.000000e+03	0.000000e+00	9.426449e+00	-7.538717e+07	3.000000e+02	2
