#R=1.4906905671339508
#interptype='linear'
#name='planet'
#norm={'P': 1000000000000.0, 'R': 1.4906905671339508, 'M': 4.0999999999999996, 'g': 18.136647127459149, 'rho': 1000.0}
#state=1
#composition
#layer0		Fe08FeS02		0.700000
#layer1		pv_fmw		0.300000
#layer2		ice_VII		0.100000
#Cols=
 #'ur		r		mr		rho		P		g		phi		T		composition'
#-end-
0.000000e+00	0.000000e+00	1.338137e-11	1.826734e+04	1.653244e+12	0.000000e+00	-3.406283e+08	5.000000e+03	0
5.025126e-03	7.490907e-03	5.618247e-06	1.826931e+04	1.653808e+12	-1.283509e-01	-3.406231e+08	5.000000e+03	0
1.005025e-02	1.498181e-02	1.123648e-05	1.827127e+04	1.654371e+12	-2.567019e-01	-3.406048e+08	5.000000e+03	0
1.507538e-02	2.247272e-02	5.005705e-05	1.827141e+04	1.654411e+12	-2.687572e-02	-3.405761e+08	5.000000e+03	0
2.010050e-02	2.996363e-02	8.921641e-05	1.827153e+04	1.654446e+12	2.066053e-01	-3.405354e+08	5.000000e+03	0
2.512563e-02	3.745454e-02	1.939307e-04	1.827019e+04	1.654061e+12	4.513603e-01	-3.404831e+08	5.000000e+03	0
3.015075e-02	4.494544e-02	2.999966e-04	1.826882e+04	1.653667e+12	6.963478e-01	-3.404192e+08	5.000000e+03	0
3.517588e-02	5.243635e-02	5.032573e-04	1.826600e+04	1.652860e+12	9.419870e-01	-3.403436e+08	5.000000e+03	0
4.020101e-02	5.992726e-02	7.095553e-04	1.826314e+04	1.652040e+12	1.187646e+00	-3.402565e+08	5.000000e+03	0
4.522613e-02	6.741817e-02	1.043945e-03	1.825884e+04	1.650811e+12	1.433249e+00	-3.401577e+08	5.000000e+03	0
5.025126e-02	7.490907e-02	1.383728e-03	1.825449e+04	1.649565e+12	1.678849e+00	-3.400473e+08	5.000000e+03	0
5.527638e-02	8.239998e-02	1.881728e-03	1.824873e+04	1.647915e+12	1.924228e+00	-3.399254e+08	5.000000e+03	0
6.030151e-02	8.989089e-02	2.388143e-03	1.824289e+04	1.646244e+12	2.169595e+00	-3.397918e+08	5.000000e+03	0
6.532663e-02	9.738180e-02	3.082101e-03	1.823565e+04	1.644176e+12	2.414655e+00	-3.396466e+08	5.000000e+03	0
7.035176e-02	1.048727e-01	3.788158e-03	1.822832e+04	1.642082e+12	2.659696e+00	-3.394898e+08	5.000000e+03	0
7.537688e-02	1.123636e-01	4.710258e-03	1.821961e+04	1.639595e+12	2.904359e+00	-3.393215e+08	5.000000e+03	0
8.040201e-02	1.198545e-01	5.648795e-03	1.821079e+04	1.637080e+12	3.148994e+00	-3.391417e+08	5.000000e+03	0
8.542714e-02	1.273454e-01	6.831024e-03	1.820061e+04	1.634178e+12	3.393190e+00	-3.389503e+08	5.000000e+03	0
9.045226e-02	1.348363e-01	8.034676e-03	1.819030e+04	1.631242e+12	3.637346e+00	-3.387473e+08	5.000000e+03	0
9.547739e-02	1.423272e-01	9.508794e-03	1.817865e+04	1.627927e+12	3.881002e+00	-3.385329e+08	5.000000e+03	0
1.005025e-01	1.498181e-01	1.100996e-02	1.816685e+04	1.624574e+12	4.124608e+00	-3.383068e+08	5.000000e+03	0
1.055276e-01	1.573091e-01	1.280747e-02	1.815372e+04	1.620848e+12	4.367654e+00	-3.380694e+08	5.000000e+03	0
1.105528e-01	1.648000e-01	1.463828e-02	1.814044e+04	1.617081e+12	4.610638e+00	-3.378204e+08	5.000000e+03	0
1.155779e-01	1.722909e-01	1.679039e-02	1.812584e+04	1.612947e+12	4.853005e+00	-3.375598e+08	5.000000e+03	0
1.206030e-01	1.797818e-01	1.898266e-02	1.811107e+04	1.608768e+12	5.095295e+00	-3.372881e+08	5.000000e+03	0
1.256281e-01	1.872727e-01	2.152027e-02	1.809499e+04	1.604229e+12	5.336912e+00	-3.370047e+08	5.000000e+03	0
1.306533e-01	1.947636e-01	2.410550e-02	1.807873e+04	1.599641e+12	5.578437e+00	-3.367101e+08	5.000000e+03	0
1.356784e-01	2.022545e-01	2.705913e-02	1.806118e+04	1.594702e+12	5.819235e+00	-3.364042e+08	5.000000e+03	0
1.407035e-01	2.097454e-01	3.006845e-02	1.804344e+04	1.589709e+12	6.059924e+00	-3.360865e+08	5.000000e+03	0
1.457286e-01	2.172363e-01	3.346826e-02	1.802442e+04	1.584373e+12	6.299832e+00	-3.357574e+08	5.000000e+03	0
1.507538e-01	2.247272e-01	3.693239e-02	1.800518e+04	1.578979e+12	6.539612e+00	-3.354174e+08	5.000000e+03	0
1.557789e-01	2.322181e-01	4.080812e-02	1.798469e+04	1.573249e+12	6.778562e+00	-3.350659e+08	5.000000e+03	0
1.608040e-01	2.397090e-01	4.475735e-02	1.796396e+04	1.567459e+12	7.017362e+00	-3.347033e+08	5.000000e+03	0
1.658291e-01	2.471999e-01	4.913828e-02	1.794199e+04	1.561341e+12	7.255282e+00	-3.343290e+08	5.000000e+03	0
1.708543e-01	2.546909e-01	5.360243e-02	1.791978e+04	1.555159e+12	7.493032e+00	-3.339441e+08	5.000000e+03	0
1.758794e-01	2.621818e-01	5.851737e-02	1.789634e+04	1.548656e+12	7.729852e+00	-3.335473e+08	5.000000e+03	0
1.809045e-01	2.696727e-01	6.352577e-02	1.787264e+04	1.542087e+12	7.966480e+00	-3.331398e+08	5.000000e+03	0
1.859296e-01	2.771636e-01	6.900302e-02	1.784772e+04	1.535205e+12	8.202130e+00	-3.327210e+08	5.000000e+03	0
1.909548e-01	2.846545e-01	7.458446e-02	1.782254e+04	1.528254e+12	8.437563e+00	-3.322911e+08	5.000000e+03	0
1.959799e-01	2.921454e-01	8.065177e-02	1.779614e+04	1.520999e+12	8.671974e+00	-3.318501e+08	5.000000e+03	0
2.010050e-01	2.996363e-01	8.683449e-02	1.776947e+04	1.513672e+12	8.906142e+00	-3.313982e+08	5.000000e+03	0
2.060302e-01	3.071272e-01	9.351905e-02	1.774160e+04	1.506049e+12	9.139243e+00	-3.309359e+08	5.000000e+03	0
2.110553e-01	3.146181e-01	1.003307e-01	1.771343e+04	1.498351e+12	9.372074e+00	-3.304608e+08	5.000000e+03	0
2.160804e-01	3.221090e-01	1.076590e-01	1.768409e+04	1.490366e+12	9.603794e+00	-3.299757e+08	5.000000e+03	0
2.211055e-01	3.295999e-01	1.151266e-01	1.765443e+04	1.482304e+12	9.835216e+00	-3.294796e+08	5.000000e+03	0
2.261307e-01	3.370908e-01	1.231247e-01	1.762361e+04	1.473963e+12	1.006549e+01	-3.289728e+08	5.000000e+03	0
2.311558e-01	3.445817e-01	1.312745e-01	1.759246e+04	1.465543e+12	1.029543e+01	-3.284550e+08	5.000000e+03	0
2.361809e-01	3.520726e-01	1.399676e-01	1.756016e+04	1.456853e+12	1.052418e+01	-3.279263e+08	5.000000e+03	0
2.412060e-01	3.595636e-01	1.488253e-01	1.752752e+04	1.448081e+12	1.075257e+01	-3.273871e+08	5.000000e+03	0
2.462312e-01	3.670545e-01	1.582380e-01	1.749374e+04	1.439048e+12	1.097972e+01	-3.268370e+08	5.000000e+03	0
2.512563e-01	3.745454e-01	1.678284e-01	1.745961e+04	1.429933e+12	1.120649e+01	-3.262758e+08	5.000000e+03	0
2.562814e-01	3.820363e-01	1.779846e-01	1.742435e+04	1.420565e+12	1.143199e+01	-3.257046e+08	5.000000e+03	0
2.613065e-01	3.895272e-01	1.883320e-01	1.738872e+04	1.411112e+12	1.165705e+01	-3.251224e+08	5.000000e+03	0
2.663317e-01	3.970181e-01	1.992547e-01	1.735198e+04	1.401416e+12	1.188082e+01	-3.245296e+08	5.000000e+03	0
2.713568e-01	4.045090e-01	2.103823e-01	1.731486e+04	1.391633e+12	1.210412e+01	-3.239276e+08	5.000000e+03	0
2.763819e-01	4.119999e-01	2.220938e-01	1.727664e+04	1.381617e+12	1.232608e+01	-3.233125e+08	5.000000e+03	0
2.814070e-01	4.194908e-01	2.340242e-01	1.723801e+04	1.371513e+12	1.254754e+01	-3.226883e+08	5.000000e+03	0
2.864322e-01	4.269817e-01	2.465459e-01	1.719831e+04	1.361184e+12	1.276763e+01	-3.220536e+08	5.000000e+03	0
2.914573e-01	4.344726e-01	2.593007e-01	1.715818e+04	1.350766e+12	1.298718e+01	-3.214086e+08	5.000000e+03	0
2.964824e-01	4.419635e-01	2.726532e-01	1.711699e+04	1.340132e+12	1.320532e+01	-3.207532e+08	5.000000e+03	0
3.015075e-01	4.494544e-01	2.862532e-01	1.707536e+04	1.329409e+12	1.342289e+01	-3.200876e+08	5.000000e+03	0
3.065327e-01	4.569453e-01	3.004562e-01	1.703268e+04	1.318480e+12	1.363902e+01	-3.194116e+08	5.000000e+03	0
3.115578e-01	4.644363e-01	3.149212e-01	1.698955e+04	1.307460e+12	1.385452e+01	-3.187256e+08	5.000000e+03	0
3.165829e-01	4.719272e-01	3.299933e-01	1.694538e+04	1.296243e+12	1.406856e+01	-3.180294e+08	5.000000e+03	0
3.216080e-01	4.794181e-01	3.453423e-01	1.690074e+04	1.284936e+12	1.428194e+01	-3.173232e+08	5.000000e+03	0
3.266332e-01	4.869090e-01	3.613014e-01	1.685507e+04	1.273441e+12	1.449382e+01	-3.166069e+08	5.000000e+03	0
3.316583e-01	4.943999e-01	3.775520e-01	1.680892e+04	1.261855e+12	1.470500e+01	-3.158806e+08	5.000000e+03	0
3.366834e-01	5.018908e-01	3.944149e-01	1.676175e+04	1.250090e+12	1.491465e+01	-3.151444e+08	5.000000e+03	0
3.417085e-01	5.093817e-01	4.115841e-01	1.671409e+04	1.238235e+12	1.512355e+01	-3.143989e+08	5.000000e+03	0
3.467337e-01	5.168726e-01	4.293665e-01	1.666542e+04	1.226210e+12	1.533090e+01	-3.136425e+08	5.000000e+03	0
3.517588e-01	5.243635e-01	4.474699e-01	1.661623e+04	1.214096e+12	1.553745e+01	-3.128769e+08	5.000000e+03	0
3.567839e-01	5.318544e-01	4.661866e-01	1.656606e+04	1.201821e+12	1.574243e+01	-3.121016e+08	5.000000e+03	0
3.618090e-01	5.393453e-01	4.852388e-01	1.651535e+04	1.189457e+12	1.594655e+01	-3.113160e+08	5.000000e+03	0
3.668342e-01	5.468362e-01	5.049034e-01	1.646366e+04	1.176941e+12	1.614909e+01	-3.105221e+08	5.000000e+03	0
3.718593e-01	5.543271e-01	5.249179e-01	1.641142e+04	1.164337e+12	1.635071e+01	-3.097284e+08	5.000000e+03	0
3.768844e-01	5.618181e-01	5.455428e-01	1.635822e+04	1.151591e+12	1.655073e+01	-3.089045e+08	5.000000e+03	0
3.819095e-01	5.693090e-01	5.665319e-01	1.630445e+04	1.138758e+12	1.674979e+01	-3.080827e+08	5.000000e+03	0
3.869347e-01	5.767999e-01	5.881283e-01	1.624972e+04	1.125791e+12	1.694721e+01	-3.072493e+08	5.000000e+03	0
3.919598e-01	5.842908e-01	6.101031e-01	1.619441e+04	1.112740e+12	1.714362e+01	-3.064078e+08	5.000000e+03	0
3.969849e-01	5.917817e-01	6.326811e-01	1.613815e+04	1.099563e+12	1.733838e+01	-3.055564e+08	5.000000e+03	0
4.020101e-01	5.992726e-01	6.556513e-01	1.608129e+04	1.086304e+12	1.753207e+01	-3.047014e+08	5.000000e+03	0
4.070352e-01	6.067635e-01	6.792199e-01	1.602350e+04	1.072928e+12	1.772409e+01	-3.038283e+08	5.000000e+03	0
4.120603e-01	6.142544e-01	7.031940e-01	1.596508e+04	1.059472e+12	1.791498e+01	-3.029502e+08	5.000000e+03	0
4.170854e-01	6.217453e-01	7.277605e-01	1.590575e+04	1.045908e+12	1.810419e+01	-3.020632e+08	5.000000e+03	0
4.221106e-01	6.292362e-01	7.527458e-01	1.584576e+04	1.032267e+12	1.829221e+01	-3.011675e+08	5.000000e+03	0
4.271357e-01	6.367271e-01	7.783165e-01	1.578487e+04	1.018525e+12	1.847853e+01	-3.002629e+08	5.000000e+03	0
4.321608e-01	6.442180e-01	8.043186e-01	1.572332e+04	1.004709e+12	1.866360e+01	-2.993499e+08	5.000000e+03	0
4.371859e-01	6.517089e-01	8.308983e-01	1.566086e+04	9.908019e+11	1.884695e+01	-2.984275e+08	5.000000e+03	0
4.422111e-01	6.591998e-01	8.579216e-01	1.559772e+04	9.768237e+11	1.902900e+01	-2.974971e+08	5.000000e+03	0
4.472362e-01	6.666908e-01	8.855138e-01	1.553369e+04	9.627618e+11	1.920931e+01	-2.965582e+08	5.000000e+03	0
4.522613e-01	6.741817e-01	9.135611e-01	1.546896e+04	9.486328e+11	1.938825e+01	-2.956103e+08	5.000000e+03	0
4.572864e-01	6.816726e-01	9.421677e-01	1.540334e+04	9.344281e+11	1.956545e+01	-2.946544e+08	5.000000e+03	0
4.623116e-01	6.891635e-01	9.712404e-01	1.533700e+04	9.201603e+11	1.974121e+01	-2.936900e+08	5.000000e+03	0
4.673367e-01	6.966544e-01	1.000862e+00	1.526978e+04	9.058246e+11	1.991521e+01	-2.927176e+08	5.000000e+03	0
4.723618e-01	7.041453e-01	1.030960e+00	1.520181e+04	8.914301e+11	2.008770e+01	-2.917372e+08	5.000000e+03	0
4.773869e-01	7.116362e-01	1.061595e+00	1.513298e+04	8.769756e+11	2.025844e+01	-2.907486e+08	5.000000e+03	0
4.824121e-01	7.191271e-01	1.092716e+00	1.506337e+04	8.624668e+11	2.042759e+01	-2.897517e+08	5.000000e+03	0
4.874372e-01	7.266180e-01	1.124362e+00	1.499291e+04	8.479055e+11	2.059497e+01	-2.887472e+08	5.000000e+03	0
4.924623e-01	7.341089e-01	1.156503e+00	1.492165e+04	8.332949e+11	2.076069e+01	-2.877348e+08	5.000000e+03	0
4.974874e-01	7.415998e-01	1.189156e+00	1.484954e+04	8.186394e+11	2.092464e+01	-2.867148e+08	5.000000e+03	0
5.025126e-01	7.490907e-01	1.222312e+00	1.477660e+04	8.039397e+11	2.108685e+01	-2.856873e+08	5.000000e+03	0
5.075377e-01	7.565816e-01	1.255966e+00	1.470282e+04	7.892023e+11	2.124728e+01	-2.846517e+08	5.000000e+03	0
5.125628e-01	7.640726e-01	1.290128e+00	1.462819e+04	7.744263e+11	2.140590e+01	-2.836087e+08	5.000000e+03	0
5.175879e-01	7.715635e-01	1.324775e+00	1.455272e+04	7.596198e+11	2.156274e+01	-2.825587e+08	5.000000e+03	0
5.226131e-01	7.790544e-01	1.359936e+00	1.447637e+04	7.447807e+11	2.171768e+01	-2.815012e+08	5.000000e+03	0
5.276382e-01	7.865453e-01	1.395567e+00	1.439919e+04	7.299179e+11	2.187084e+01	-2.804364e+08	5.000000e+03	0
5.326633e-01	7.940362e-01	1.431716e+00	1.432109e+04	7.150288e+11	2.202201e+01	-2.793645e+08	5.000000e+03	0
5.376884e-01	8.015271e-01	1.468318e+00	1.424217e+04	7.001228e+11	2.217140e+01	-2.782856e+08	5.000000e+03	0
5.427136e-01	8.090180e-01	1.505442e+00	1.416230e+04	6.851971e+11	2.231872e+01	-2.771998e+08	5.000000e+03	0
5.477387e-01	8.165089e-01	1.543002e+00	1.408161e+04	6.702609e+11	2.246425e+01	-2.761070e+08	5.000000e+03	0
5.527638e-01	8.239998e-01	1.581086e+00	1.399993e+04	6.553122e+11	2.260763e+01	-2.750076e+08	5.000000e+03	0
5.577889e-01	8.314907e-01	1.619589e+00	1.391744e+04	6.403592e+11	2.274921e+01	-2.739014e+08	5.000000e+03	0
5.628141e-01	8.389816e-01	1.658616e+00	1.383393e+04	6.254011e+11	2.288855e+01	-2.727887e+08	5.000000e+03	0
5.678392e-01	8.464725e-01	1.698045e+00	1.374960e+04	6.104448e+11	2.302610e+01	-2.716698e+08	5.000000e+03	0
5.728643e-01	8.539634e-01	1.737996e+00	1.366421e+04	5.954911e+11	2.316130e+01	-2.705439e+08	5.000000e+03	0
5.778894e-01	8.614543e-01	1.778330e+00	1.357801e+04	5.805452e+11	2.329471e+01	-2.694122e+08	5.000000e+03	0
5.829146e-01	8.689453e-01	1.819183e+00	1.349070e+04	5.656100e+11	2.342569e+01	-2.682741e+08	5.000000e+03	0
5.879397e-01	8.764362e-01	1.860401e+00	1.340258e+04	5.506882e+11	2.355487e+01	-2.671300e+08	5.000000e+03	0
5.929648e-01	8.839271e-01	1.902132e+00	1.331331e+04	5.357856e+11	2.368151e+01	-2.659802e+08	5.000000e+03	0
5.979899e-01	8.914180e-01	1.944208e+00	1.322321e+04	5.209020e+11	2.380636e+01	-2.648239e+08	5.000000e+03	0
6.030151e-01	8.989089e-01	1.986792e+00	1.313192e+04	5.060463e+11	2.392857e+01	-2.636674e+08	5.000000e+03	0
6.080402e-01	9.063998e-01	2.029700e+00	1.303981e+04	4.912149e+11	2.404899e+01	-2.624950e+08	5.000000e+03	0
6.130653e-01	9.138907e-01	2.073107e+00	1.294644e+04	4.764207e+11	2.416665e+01	-2.613222e+08	5.000000e+03	0
6.180905e-01	9.213816e-01	2.116817e+00	1.285224e+04	4.616558e+11	2.428253e+01	-2.601423e+08	5.000000e+03	0
6.231156e-01	9.288725e-01	2.161014e+00	1.275673e+04	4.469379e+11	2.439553e+01	-2.589602e+08	5.000000e+03	0
6.281407e-01	9.363634e-01	2.205494e+00	1.266039e+04	4.322539e+11	2.450676e+01	-2.577712e+08	5.000000e+03	0
6.331658e-01	9.438543e-01	2.250447e+00	1.256265e+04	4.176270e+11	2.461499e+01	-2.565773e+08	5.000000e+03	0
6.381910e-01	9.513452e-01	2.295661e+00	1.246408e+04	4.030387e+11	2.472145e+01	-2.553787e+08	5.000000e+03	0
6.432161e-01	9.588361e-01	2.341332e+00	1.236405e+04	3.885180e+11	2.482479e+01	-2.541749e+08	5.000000e+03	0
6.482412e-01	9.663271e-01	2.387242e+00	1.226317e+04	3.740402e+11	2.492635e+01	-2.529661e+08	5.000000e+03	0
6.532663e-01	9.738180e-01	2.433589e+00	1.216074e+04	3.596409e+11	2.502467e+01	-2.517529e+08	5.000000e+03	0
6.582915e-01	9.813089e-01	2.480154e+00	1.205745e+04	3.452887e+11	2.512121e+01	-2.505353e+08	5.000000e+03	0
6.633166e-01	9.887998e-01	2.527133e+00	1.195252e+04	3.310265e+11	2.521437e+01	-2.493131e+08	5.000000e+03	0
6.683417e-01	9.962907e-01	2.574306e+00	1.184671e+04	3.168152e+11	2.530577e+01	-2.480868e+08	5.000000e+03	0
6.733668e-01	1.003782e+00	2.621867e+00	1.173916e+04	3.027057e+11	2.539363e+01	-2.468563e+08	5.000000e+03	0
6.783920e-01	1.011272e+00	2.669600e+00	1.163071e+04	2.886509e+11	2.547973e+01	-2.456218e+08	5.000000e+03	0
6.834171e-01	1.018763e+00	2.717691e+00	1.152038e+04	2.747104e+11	2.556214e+01	-2.443834e+08	5.000000e+03	0
6.884422e-01	1.026254e+00	2.765931e+00	1.140914e+04	2.608280e+11	2.564279e+01	-2.431413e+08	5.000000e+03	0
6.934673e-01	1.033745e+00	2.814494e+00	1.129589e+04	2.470728e+11	2.571959e+01	-2.418957e+08	5.000000e+03	0
6.984925e-01	1.041236e+00	2.856709e+00	1.046208e+04	2.351875e+11	2.573736e+01	-2.406465e+08	5.000000e+03	0
7.035176e-01	1.048727e+00	2.884321e+00	7.970962e+03	2.276029e+11	2.561936e+01	-2.393956e+08	5.000000e+03	0
7.085427e-01	1.056218e+00	2.912037e+00	6.195280e+03	2.200728e+11	2.550273e+01	-2.381473e+08	5.000000e+03	1
7.135678e-01	1.063709e+00	2.940004e+00	6.146503e+03	2.126745e+11	2.538939e+01	-2.369046e+08	5.000000e+03	1
7.185930e-01	1.071200e+00	2.968068e+00	6.097684e+03	2.053277e+11	2.527727e+01	-2.356677e+08	5.000000e+03	1
7.236181e-01	1.078691e+00	2.996376e+00	6.048755e+03	1.981113e+11	2.516822e+01	-2.344363e+08	5.000000e+03	1
7.286432e-01	1.086182e+00	3.024772e+00	5.999775e+03	1.909434e+11	2.506024e+01	-2.332105e+08	5.000000e+03	1
7.336683e-01	1.093672e+00	3.053404e+00	5.950654e+03	1.839049e+11	2.495512e+01	-2.319900e+08	5.000000e+03	1
7.386935e-01	1.101163e+00	3.082117e+00	5.901471e+03	1.769122e+11	2.485094e+01	-2.307750e+08	5.000000e+03	1
7.437186e-01	1.108654e+00	3.111056e+00	5.852114e+03	1.700481e+11	2.474942e+01	-2.295651e+08	5.000000e+03	1
7.487437e-01	1.116145e+00	3.140068e+00	5.802686e+03	1.632272e+11	2.464873e+01	-2.283604e+08	5.000000e+03	1
7.537688e-01	1.123636e+00	3.169295e+00	5.753048e+03	1.565341e+11	2.455049e+01	-2.271608e+08	5.000000e+03	1
7.587940e-01	1.131127e+00	3.198587e+00	5.703329e+03	1.498819e+11	2.445298e+01	-2.259661e+08	5.000000e+03	1
7.638191e-01	1.138618e+00	3.228083e+00	5.653361e+03	1.433571e+11	2.435772e+01	-2.247763e+08	5.000000e+03	1
7.688442e-01	1.146109e+00	3.257637e+00	5.603305e+03	1.368708e+11	2.426310e+01	-2.235915e+08	5.000000e+03	1
7.738693e-01	1.153600e+00	3.287381e+00	5.552955e+03	1.305117e+11	2.417054e+01	-2.224113e+08	5.000000e+03	1
7.788945e-01	1.161091e+00	3.317174e+00	5.502509e+03	1.241889e+11	2.407852e+01	-2.212359e+08	5.000000e+03	1
7.839196e-01	1.168582e+00	3.347143e+00	5.451721e+03	1.179934e+11	2.398839e+01	-2.200650e+08	5.000000e+03	1
7.889447e-01	1.176072e+00	3.377154e+00	5.400828e+03	1.118321e+11	2.389872e+01	-2.188988e+08	5.000000e+03	1
7.939698e-01	1.183563e+00	3.407324e+00	5.349542e+03	1.057982e+11	2.381075e+01	-2.177371e+08	5.000000e+03	1
7.989950e-01	1.191054e+00	3.437529e+00	5.298141e+03	9.979663e+10	2.372317e+01	-2.165798e+08	5.000000e+03	1
8.040201e-01	1.198545e+00	3.467873e+00	5.246288e+03	9.392281e+10	2.363712e+01	-2.154270e+08	5.000000e+03	1
8.090452e-01	1.206036e+00	3.498246e+00	5.194311e+03	8.807949e+10	2.355139e+01	-2.142785e+08	5.000000e+03	1
8.140704e-01	1.213527e+00	3.528739e+00	5.141814e+03	8.236453e+10	2.346701e+01	-2.131343e+08	5.000000e+03	1
8.190955e-01	1.221018e+00	3.559252e+00	5.089185e+03	7.667828e+10	2.338288e+01	-2.119945e+08	5.000000e+03	1
8.241206e-01	1.228509e+00	3.589862e+00	5.035960e+03	7.112125e+10	2.329994e+01	-2.108589e+08	5.000000e+03	1
8.291457e-01	1.236000e+00	3.620486e+00	4.982593e+03	6.559124e+10	2.321719e+01	-2.097275e+08	5.000000e+03	1
8.341709e-01	1.243491e+00	3.651182e+00	4.928540e+03	6.019154e+10	2.313545e+01	-2.086003e+08	5.000000e+03	1
8.391960e-01	1.250982e+00	3.679152e+00	4.663591e+03	5.528509e+10	2.303706e+01	-2.074772e+08	5.000000e+03	1
8.442211e-01	1.258472e+00	3.692984e+00	3.304611e+03	5.293735e+10	2.285236e+01	-2.063589e+08	5.000000e+03	1
8.492462e-01	1.265963e+00	3.706826e+00	2.148484e+03	5.060187e+10	2.266855e+01	-2.052476e+08	5.000000e+03	2
8.542714e-01	1.273454e+00	3.720725e+00	2.128325e+03	4.833502e+10	2.248976e+01	-2.041450e+08	5.000000e+03	2
8.592965e-01	1.280945e+00	3.734633e+00	2.108205e+03	4.607917e+10	2.231176e+01	-2.030513e+08	5.000000e+03	2
8.643216e-01	1.288436e+00	3.748594e+00	2.088318e+03	4.389006e+10	2.213859e+01	-2.019663e+08	5.000000e+03	2
8.693467e-01	1.295927e+00	3.762563e+00	2.068465e+03	4.171078e+10	2.196612e+01	-2.008898e+08	5.000000e+03	2
8.743719e-01	1.303418e+00	3.776581e+00	2.048833e+03	3.959646e+10	2.179829e+01	-1.998219e+08	5.000000e+03	2
8.793970e-01	1.310909e+00	3.790605e+00	2.029230e+03	3.749087e+10	2.163108e+01	-1.987622e+08	5.000000e+03	2
8.844221e-01	1.318400e+00	3.804675e+00	2.009835e+03	3.544856e+10	2.146835e+01	-1.977107e+08	5.000000e+03	2
8.894472e-01	1.325891e+00	3.818751e+00	1.990465e+03	3.341395e+10	2.130615e+01	-1.966673e+08	5.000000e+03	2
8.944724e-01	1.333382e+00	3.832867e+00	1.971289e+03	3.144102e+10	2.114825e+01	-1.956318e+08	5.000000e+03	2
8.994975e-01	1.340872e+00	3.846987e+00	1.952133e+03	2.947484e+10	2.099083e+01	-1.946042e+08	5.000000e+03	2
9.045226e-01	1.348363e+00	3.861143e+00	1.933159e+03	2.756883e+10	2.083755e+01	-1.935843e+08	5.000000e+03	2
9.095477e-01	1.355854e+00	3.875303e+00	1.914202e+03	2.566869e+10	2.068467e+01	-1.925719e+08	5.000000e+03	2
9.145729e-01	1.363345e+00	3.889493e+00	1.895411e+03	2.382727e+10	2.053578e+01	-1.915671e+08	5.000000e+03	2
9.195980e-01	1.370836e+00	3.903686e+00	1.876634e+03	2.199089e+10	2.038723e+01	-1.905697e+08	5.000000e+03	2
9.246231e-01	1.378327e+00	3.917905e+00	1.858010e+03	2.021189e+10	2.024253e+01	-1.895795e+08	5.000000e+03	2
9.296482e-01	1.385818e+00	3.932125e+00	1.839396e+03	1.843716e+10	2.009811e+01	-1.885951e+08	5.000000e+03	2
9.346734e-01	1.393309e+00	3.946364e+00	1.820920e+03	1.671852e+10	1.995739e+01	-1.876206e+08	5.000000e+03	2
9.396985e-01	1.400800e+00	3.960582e+00	1.799642e+03	1.500603e+10	1.981679e+01	-1.866517e+08	5.000000e+03	2
9.447236e-01	1.408291e+00	3.974464e+00	1.734943e+03	1.338897e+10	1.967804e+01	-1.856897e+08	5.000000e+03	2
9.497487e-01	1.415781e+00	3.988307e+00	1.670164e+03	1.177914e+10	1.953929e+01	-1.847346e+08	5.000000e+03	2
9.547739e-01	1.423272e+00	4.001415e+00	1.603884e+03	1.030549e+10	1.940049e+01	-1.837863e+08	5.000000e+03	2
9.597990e-01	1.430763e+00	4.014488e+00	1.537479e+03	8.837669e+09	1.926167e+01	-1.828449e+08	5.000000e+03	2
9.648241e-01	1.438254e+00	4.026742e+00	1.468117e+03	7.508097e+09	1.912252e+01	-1.819105e+08	5.000000e+03	2
9.698492e-01	1.445745e+00	4.038967e+00	1.398569e+03	6.183023e+09	1.898335e+01	-1.809828e+08	5.000000e+03	2
9.748744e-01	1.453236e+00	4.050247e+00	1.323051e+03	5.001880e+09	1.884342e+01	-1.800622e+08	5.000000e+03	2
9.798995e-01	1.460727e+00	4.061502e+00	1.247225e+03	3.824002e+09	1.870345e+01	-1.791484e+08	5.000000e+03	2
9.849246e-01	1.468218e+00	4.071591e+00	1.156469e+03	2.804537e+09	1.856189e+01	-1.782417e+08	5.000000e+03	2
9.899497e-01	1.475709e+00	4.081671e+00	1.066295e+03	1.786348e+09	1.842032e+01	-1.773419e+08	5.000000e+03	2
9.949749e-01	1.483200e+00	4.090835e+00	1.033148e+03	8.931741e+08	1.827848e+01	-1.764492e+08	5.000000e+03	2
1.000000e+00	1.490691e+00	4.100000e+00	1.000000e+03	2.384186e-07	1.813665e+01	-1.755634e+08	3.000000e+02	2
