#R=1.5458131103343078
#interptype='linear'
#name='planet'
#norm={'P': 1000000000000.0, 'R': 1.5458131103343078, 'M': 4.7999999999999998, 'g': 19.745831105441166, 'rho': 1000.0}
#state=1
#composition
#layer0		Fe08FeS02		0.700000
#layer1		pv_fmw		0.300000
#layer2		ice_VII		0.100000
#Cols=
 #'ur		r		mr		rho		P		g		phi		T		composition'
#-end-
0.000000e+00	0.000000e+00	2.290918e-11	1.958949e+04	2.035150e+12	0.000000e+00	-3.837633e+08	5.000000e+03	0
5.025126e-03	7.767905e-03	1.903048e-06	1.959067e+04	2.035527e+12	-1.437995e-01	-3.837558e+08	5.000000e+03	0
1.005025e-02	1.553581e-02	1.439782e-05	1.959082e+04	2.035578e+12	8.562788e-02	-3.837356e+08	5.000000e+03	0
1.507538e-02	2.330372e-02	4.725331e-05	1.959015e+04	2.035361e+12	3.547847e-01	-3.837022e+08	5.000000e+03	0
2.010050e-02	3.107162e-02	1.102354e-04	1.958865e+04	2.034883e+12	6.265722e-01	-3.836553e+08	5.000000e+03	0
2.512563e-02	3.883953e-02	2.131044e-04	1.958634e+04	2.034144e+12	8.986336e-01	-3.835950e+08	5.000000e+03	0
3.015075e-02	4.660743e-02	3.656128e-04	1.958321e+04	2.033144e+12	1.170700e+00	-3.835215e+08	5.000000e+03	0
3.517588e-02	5.437534e-02	5.775031e-04	1.957927e+04	2.031883e+12	1.442698e+00	-3.834342e+08	5.000000e+03	0
4.020101e-02	6.214324e-02	8.585051e-04	1.957450e+04	2.030362e+12	1.714592e+00	-3.833336e+08	5.000000e+03	0
4.522613e-02	6.991115e-02	1.218334e-03	1.956893e+04	2.028580e+12	1.986356e+00	-3.832197e+08	5.000000e+03	0
5.025126e-02	7.767905e-02	1.666687e-03	1.956253e+04	2.026539e+12	2.257967e+00	-3.830927e+08	5.000000e+03	0
5.527638e-02	8.544696e-02	2.213242e-03	1.955532e+04	2.024238e+12	2.529406e+00	-3.829521e+08	5.000000e+03	0
6.030151e-02	9.321486e-02	2.867656e-03	1.954729e+04	2.021679e+12	2.800651e+00	-3.827981e+08	5.000000e+03	0
6.532663e-02	1.009828e-01	3.639560e-03	1.953844e+04	2.018861e+12	3.071681e+00	-3.826310e+08	5.000000e+03	0
7.035176e-02	1.087507e-01	4.538560e-03	1.952878e+04	2.015785e+12	3.342478e+00	-3.824501e+08	5.000000e+03	0
7.537688e-02	1.165186e-01	5.574231e-03	1.951831e+04	2.012452e+12	3.613021e+00	-3.822562e+08	5.000000e+03	0
8.040201e-02	1.242865e-01	6.764289e-03	1.950697e+04	2.008849e+12	3.883274e+00	-3.820490e+08	5.000000e+03	0
8.542714e-02	1.320544e-01	8.115006e-03	1.949480e+04	2.004984e+12	4.153224e+00	-3.818284e+08	5.000000e+03	0
9.045226e-02	1.398223e-01	9.632455e-03	1.948181e+04	2.000864e+12	4.422855e+00	-3.815946e+08	5.000000e+03	0
9.547739e-02	1.475902e-01	1.132606e-02	1.946801e+04	1.996490e+12	4.692150e+00	-3.813475e+08	5.000000e+03	0
1.005025e-01	1.553581e-01	1.320521e-02	1.945339e+04	1.991863e+12	4.961086e+00	-3.810872e+08	5.000000e+03	0
1.055276e-01	1.631260e-01	1.527924e-02	1.943795e+04	1.986983e+12	5.229646e+00	-3.808137e+08	5.000000e+03	0
1.105528e-01	1.708939e-01	1.755744e-02	1.942170e+04	1.981852e+12	5.497807e+00	-3.805269e+08	5.000000e+03	0
1.155779e-01	1.786618e-01	2.004906e-02	1.940464e+04	1.976471e+12	5.765551e+00	-3.802269e+08	5.000000e+03	0
1.206030e-01	1.864297e-01	2.276329e-02	1.938676e+04	1.970840e+12	6.032857e+00	-3.799138e+08	5.000000e+03	0
1.256281e-01	1.941976e-01	2.570928e-02	1.936806e+04	1.964961e+12	6.299706e+00	-3.795869e+08	5.000000e+03	0
1.306533e-01	2.019655e-01	2.889610e-02	1.934855e+04	1.958835e+12	6.566077e+00	-3.792481e+08	5.000000e+03	0
1.356784e-01	2.097334e-01	3.233278e-02	1.932822e+04	1.952464e+12	6.831950e+00	-3.788956e+08	5.000000e+03	0
1.407035e-01	2.175013e-01	3.602830e-02	1.930708e+04	1.945847e+12	7.097305e+00	-3.785301e+08	5.000000e+03	0
1.457286e-01	2.252692e-01	3.999155e-02	1.928512e+04	1.938988e+12	7.362123e+00	-3.781514e+08	5.000000e+03	0
1.507538e-01	2.330372e-01	4.423136e-02	1.926235e+04	1.931887e+12	7.626382e+00	-3.777599e+08	5.000000e+03	0
1.557789e-01	2.408051e-01	4.876505e-02	1.923874e+04	1.924538e+12	7.890047e+00	-3.773552e+08	5.000000e+03	0
1.608040e-01	2.485730e-01	5.360739e-02	1.921428e+04	1.916939e+12	8.153084e+00	-3.769381e+08	5.000000e+03	0
1.658291e-01	2.563409e-01	5.875378e-02	1.918900e+04	1.909104e+12	8.415499e+00	-3.765072e+08	5.000000e+03	0
1.708543e-01	2.641088e-01	6.421276e-02	1.916291e+04	1.901032e+12	8.677274e+00	-3.760637e+08	5.000000e+03	0
1.758794e-01	2.718767e-01	6.999278e-02	1.913600e+04	1.892727e+12	8.938388e+00	-3.756075e+08	5.000000e+03	0
1.809045e-01	2.796446e-01	7.610223e-02	1.910828e+04	1.884189e+12	9.198820e+00	-3.751384e+08	5.000000e+03	0
1.859296e-01	2.874125e-01	8.254938e-02	1.907975e+04	1.875420e+12	9.458551e+00	-3.746552e+08	5.000000e+03	0
1.909548e-01	2.951804e-01	8.934245e-02	1.905040e+04	1.866423e+12	9.717561e+00	-3.741619e+08	5.000000e+03	0
1.959799e-01	3.029483e-01	9.648957e-02	1.902024e+04	1.857198e+12	9.975831e+00	-3.736545e+08	5.000000e+03	0
2.010050e-01	3.107162e-01	1.039988e-01	1.898926e+04	1.847748e+12	1.023334e+01	-3.731344e+08	5.000000e+03	0
2.060302e-01	3.184841e-01	1.118780e-01	1.895747e+04	1.838075e+12	1.049007e+01	-3.726017e+08	5.000000e+03	0
2.110553e-01	3.262520e-01	1.201350e-01	1.892487e+04	1.828180e+12	1.074599e+01	-3.720564e+08	5.000000e+03	0
2.160804e-01	3.340199e-01	1.287777e-01	1.889145e+04	1.818065e+12	1.100110e+01	-3.714985e+08	5.000000e+03	0
2.211055e-01	3.417878e-01	1.378136e-01	1.885721e+04	1.807733e+12	1.125536e+01	-3.709280e+08	5.000000e+03	0
2.261307e-01	3.495557e-01	1.472503e-01	1.882217e+04	1.797186e+12	1.150876e+01	-3.703452e+08	5.000000e+03	0
2.311558e-01	3.573236e-01	1.570977e-01	1.878630e+04	1.786424e+12	1.176128e+01	-3.697499e+08	5.000000e+03	0
2.361809e-01	3.650915e-01	1.673902e-01	1.874956e+04	1.775437e+12	1.201283e+01	-3.691420e+08	5.000000e+03	0
2.412060e-01	3.728594e-01	1.781067e-01	1.871201e+04	1.764241e+12	1.226345e+01	-3.685219e+08	5.000000e+03	0
2.462312e-01	3.806273e-01	1.892542e-01	1.867365e+04	1.752838e+12	1.251314e+01	-3.678895e+08	5.000000e+03	0
2.512563e-01	3.883953e-01	2.008398e-01	1.863447e+04	1.741232e+12	1.276185e+01	-3.672448e+08	5.000000e+03	0
2.562814e-01	3.961632e-01	2.128702e-01	1.859447e+04	1.729424e+12	1.300959e+01	-3.665880e+08	5.000000e+03	0
2.613065e-01	4.039311e-01	2.253523e-01	1.855366e+04	1.717416e+12	1.325632e+01	-3.659189e+08	5.000000e+03	0
2.663317e-01	4.116990e-01	2.382927e-01	1.851204e+04	1.705211e+12	1.350202e+01	-3.652378e+08	5.000000e+03	0
2.713568e-01	4.194669e-01	2.516978e-01	1.846960e+04	1.692812e+12	1.374668e+01	-3.645440e+08	5.000000e+03	0
2.763819e-01	4.272348e-01	2.655741e-01	1.842635e+04	1.680221e+12	1.399027e+01	-3.638393e+08	5.000000e+03	0
2.814070e-01	4.350027e-01	2.799277e-01	1.838228e+04	1.667441e+12	1.423278e+01	-3.631222e+08	5.000000e+03	0
2.864322e-01	4.427706e-01	2.947648e-01	1.833739e+04	1.654474e+12	1.447419e+01	-3.623931e+08	5.000000e+03	0
2.914573e-01	4.505385e-01	3.100914e-01	1.829169e+04	1.641322e+12	1.471447e+01	-3.616522e+08	5.000000e+03	0
2.964824e-01	4.583064e-01	3.259133e-01	1.824517e+04	1.627989e+12	1.495361e+01	-3.608995e+08	5.000000e+03	0
3.015075e-01	4.660743e-01	3.422362e-01	1.819783e+04	1.614477e+12	1.519158e+01	-3.601350e+08	5.000000e+03	0
3.065327e-01	4.738422e-01	3.590657e-01	1.814968e+04	1.600789e+12	1.542836e+01	-3.593589e+08	5.000000e+03	0
3.115578e-01	4.816101e-01	3.764371e-01	1.810066e+04	1.586917e+12	1.566387e+01	-3.585712e+08	5.000000e+03	0
3.165829e-01	4.893780e-01	3.943355e-01	1.805081e+04	1.572872e+12	1.589813e+01	-3.577720e+08	5.000000e+03	0
3.216080e-01	4.971459e-01	4.127571e-01	1.800014e+04	1.558660e+12	1.613114e+01	-3.569613e+08	5.000000e+03	0
3.266332e-01	5.049138e-01	4.317069e-01	1.794865e+04	1.544284e+12	1.636288e+01	-3.561392e+08	5.000000e+03	0
3.316583e-01	5.126817e-01	4.511896e-01	1.789634e+04	1.529746e+12	1.659334e+01	-3.553055e+08	5.000000e+03	0
3.366834e-01	5.204496e-01	4.712098e-01	1.784321e+04	1.515050e+12	1.682248e+01	-3.544607e+08	5.000000e+03	0
3.417085e-01	5.282175e-01	4.917721e-01	1.778926e+04	1.500198e+12	1.705029e+01	-3.536049e+08	5.000000e+03	0
3.467337e-01	5.359855e-01	5.128807e-01	1.773448e+04	1.485194e+12	1.727676e+01	-3.527374e+08	5.000000e+03	0
3.517588e-01	5.437534e-01	5.345398e-01	1.767889e+04	1.470040e+12	1.750185e+01	-3.518590e+08	5.000000e+03	0
3.567839e-01	5.515213e-01	5.567533e-01	1.762246e+04	1.454740e+12	1.772555e+01	-3.509697e+08	5.000000e+03	0
3.618090e-01	5.592892e-01	5.795251e-01	1.756521e+04	1.439297e+12	1.794784e+01	-3.500696e+08	5.000000e+03	0
3.668342e-01	5.670571e-01	6.028588e-01	1.750714e+04	1.423714e+12	1.816870e+01	-3.491582e+08	5.000000e+03	0
3.718593e-01	5.748250e-01	6.267579e-01	1.744824e+04	1.407994e+12	1.838811e+01	-3.482362e+08	5.000000e+03	0
3.768844e-01	5.825929e-01	6.512256e-01	1.738850e+04	1.392140e+12	1.860605e+01	-3.473035e+08	5.000000e+03	0
3.819095e-01	5.903608e-01	6.762652e-01	1.732794e+04	1.376156e+12	1.882249e+01	-3.463600e+08	5.000000e+03	0
3.869347e-01	5.981287e-01	7.018994e-01	1.726652e+04	1.360041e+12	1.903737e+01	-3.454061e+08	5.000000e+03	0
3.919598e-01	6.058966e-01	7.281348e-01	1.720423e+04	1.343798e+12	1.925064e+01	-3.444415e+08	5.000000e+03	0
3.969849e-01	6.136645e-01	7.549505e-01	1.714111e+04	1.327434e+12	1.946236e+01	-3.434665e+08	5.000000e+03	0
4.020101e-01	6.214324e-01	7.823490e-01	1.707715e+04	1.310955e+12	1.967250e+01	-3.424812e+08	5.000000e+03	0
4.070352e-01	6.292003e-01	8.103322e-01	1.701235e+04	1.294362e+12	1.988104e+01	-3.414855e+08	5.000000e+03	0
4.120603e-01	6.369682e-01	8.389021e-01	1.694671e+04	1.277660e+12	2.008796e+01	-3.404799e+08	5.000000e+03	0
4.170854e-01	6.447361e-01	8.680605e-01	1.688023e+04	1.260852e+12	2.029324e+01	-3.394638e+08	5.000000e+03	0
4.221106e-01	6.525040e-01	8.978089e-01	1.681290e+04	1.243942e+12	2.049685e+01	-3.384381e+08	5.000000e+03	0
4.271357e-01	6.602719e-01	9.281485e-01	1.674473e+04	1.226932e+12	2.069879e+01	-3.374019e+08	5.000000e+03	0
4.321608e-01	6.680398e-01	9.590805e-01	1.667571e+04	1.209827e+12	2.089901e+01	-3.363560e+08	5.000000e+03	0
4.371859e-01	6.758077e-01	9.906058e-01	1.660583e+04	1.192631e+12	2.109751e+01	-3.353003e+08	5.000000e+03	0
4.422111e-01	6.835756e-01	1.022725e+00	1.653511e+04	1.175346e+12	2.129427e+01	-3.342349e+08	5.000000e+03	0
4.472362e-01	6.913436e-01	1.055439e+00	1.646352e+04	1.157976e+12	2.148925e+01	-3.331602e+08	5.000000e+03	0
4.522613e-01	6.991115e-01	1.088747e+00	1.639108e+04	1.140526e+12	2.168245e+01	-3.320758e+08	5.000000e+03	0
4.572864e-01	7.068794e-01	1.122650e+00	1.631777e+04	1.122999e+12	2.187383e+01	-3.309819e+08	5.000000e+03	0
4.623116e-01	7.146473e-01	1.157154e+00	1.624359e+04	1.105397e+12	2.206336e+01	-3.298787e+08	5.000000e+03	0
4.673367e-01	7.224152e-01	1.192290e+00	1.616848e+04	1.087722e+12	2.225091e+01	-3.287662e+08	5.000000e+03	0
4.723618e-01	7.301831e-01	1.228019e+00	1.609250e+04	1.069981e+12	2.243658e+01	-3.276446e+08	5.000000e+03	0
4.773869e-01	7.379510e-01	1.264341e+00	1.601564e+04	1.052179e+12	2.262035e+01	-3.265139e+08	5.000000e+03	0
4.824121e-01	7.457189e-01	1.301253e+00	1.593790e+04	1.034320e+12	2.280220e+01	-3.253743e+08	5.000000e+03	0
4.874372e-01	7.534868e-01	1.338755e+00	1.585927e+04	1.016406e+12	2.298210e+01	-3.242259e+08	5.000000e+03	0
4.924623e-01	7.612547e-01	1.376844e+00	1.577975e+04	9.984432e+11	2.316002e+01	-3.230687e+08	5.000000e+03	0
4.974874e-01	7.690226e-01	1.415520e+00	1.569934e+04	9.804339e+11	2.333596e+01	-3.219025e+08	5.000000e+03	0
5.025126e-01	7.767905e-01	1.454779e+00	1.561802e+04	9.623826e+11	2.350988e+01	-3.207279e+08	5.000000e+03	0
5.075377e-01	7.845584e-01	1.494618e+00	1.553580e+04	9.442931e+11	2.368176e+01	-3.195449e+08	5.000000e+03	0
5.125628e-01	7.923263e-01	1.535037e+00	1.545267e+04	9.261695e+11	2.385158e+01	-3.183535e+08	5.000000e+03	0
5.175879e-01	8.000942e-01	1.576030e+00	1.536862e+04	9.080157e+11	2.401931e+01	-3.171540e+08	5.000000e+03	0
5.226131e-01	8.078621e-01	1.617595e+00	1.528365e+04	8.898358e+11	2.418494e+01	-3.159458e+08	5.000000e+03	0
5.276382e-01	8.156300e-01	1.659729e+00	1.519775e+04	8.716338e+11	2.434843e+01	-3.147301e+08	5.000000e+03	0
5.326633e-01	8.233979e-01	1.702427e+00	1.511091e+04	8.534137e+11	2.450977e+01	-3.135064e+08	5.000000e+03	0
5.376884e-01	8.311658e-01	1.745685e+00	1.502313e+04	8.351796e+11	2.466892e+01	-3.122745e+08	5.000000e+03	0
5.427136e-01	8.389337e-01	1.789534e+00	1.493434e+04	8.169353e+11	2.482573e+01	-3.110351e+08	5.000000e+03	0
5.477387e-01	8.467017e-01	1.833940e+00	1.484457e+04	7.986858e+11	2.498029e+01	-3.097880e+08	5.000000e+03	0
5.527638e-01	8.544696e-01	1.878890e+00	1.475384e+04	7.804353e+11	2.513258e+01	-3.085334e+08	5.000000e+03	0
5.577889e-01	8.622375e-01	1.924381e+00	1.466213e+04	7.621880e+11	2.528259e+01	-3.072715e+08	5.000000e+03	0
5.628141e-01	8.700054e-01	1.970404e+00	1.456943e+04	7.439482e+11	2.543029e+01	-3.060016e+08	5.000000e+03	0
5.678392e-01	8.777733e-01	2.016956e+00	1.447573e+04	7.257199e+11	2.557565e+01	-3.047258e+08	5.000000e+03	0
5.728643e-01	8.855412e-01	2.064029e+00	1.438103e+04	7.075074e+11	2.571865e+01	-3.034423e+08	5.000000e+03	0
5.778894e-01	8.933091e-01	2.111615e+00	1.428530e+04	6.893151e+11	2.585926e+01	-3.021519e+08	5.000000e+03	0
5.829146e-01	9.010770e-01	2.159710e+00	1.418855e+04	6.711470e+11	2.599746e+01	-3.008547e+08	5.000000e+03	0
5.879397e-01	9.088449e-01	2.208303e+00	1.409075e+04	6.530076e+11	2.613321e+01	-2.995507e+08	5.000000e+03	0
5.929648e-01	9.166128e-01	2.257389e+00	1.399190e+04	6.349012e+11	2.626650e+01	-2.982403e+08	5.000000e+03	0
5.979899e-01	9.243807e-01	2.306958e+00	1.389197e+04	6.168320e+11	2.639728e+01	-2.969237e+08	5.000000e+03	0
6.030151e-01	9.321486e-01	2.357002e+00	1.379097e+04	5.988045e+11	2.652553e+01	-2.956001e+08	5.000000e+03	0
6.080402e-01	9.399165e-01	2.407512e+00	1.368886e+04	5.808229e+11	2.665123e+01	-2.942706e+08	5.000000e+03	0
6.130653e-01	9.476844e-01	2.458478e+00	1.358563e+04	5.628918e+11	2.677434e+01	-2.929348e+08	5.000000e+03	0
6.180905e-01	9.554523e-01	2.509909e+00	1.348123e+04	5.450179e+11	2.689472e+01	-2.915936e+08	5.000000e+03	0
6.231156e-01	9.632202e-01	2.561789e+00	1.337563e+04	5.272059e+11	2.701236e+01	-2.902462e+08	5.000000e+03	0
6.281407e-01	9.709881e-01	2.614094e+00	1.326886e+04	5.094584e+11	2.712731e+01	-2.888934e+08	5.000000e+03	0
6.331658e-01	9.787560e-01	2.666811e+00	1.316089e+04	4.917799e+11	2.723955e+01	-2.875348e+08	5.000000e+03	0
6.381910e-01	9.865239e-01	2.719929e+00	1.305171e+04	4.741749e+11	2.734903e+01	-2.861710e+08	5.000000e+03	0
6.432161e-01	9.942918e-01	2.773436e+00	1.294128e+04	4.566479e+11	2.745573e+01	-2.848019e+08	5.000000e+03	0
6.482412e-01	1.002060e+00	2.827319e+00	1.282959e+04	4.392037e+11	2.755960e+01	-2.834276e+08	5.000000e+03	0
6.532663e-01	1.009828e+00	2.881564e+00	1.271661e+04	4.218467e+11	2.766062e+01	-2.820483e+08	5.000000e+03	0
6.582915e-01	1.017596e+00	2.936159e+00	1.260230e+04	4.045817e+11	2.775875e+01	-2.806643e+08	5.000000e+03	0
6.633166e-01	1.025363e+00	2.991089e+00	1.248664e+04	3.874133e+11	2.785394e+01	-2.792755e+08	5.000000e+03	0
6.683417e-01	1.033131e+00	3.046338e+00	1.236960e+04	3.703462e+11	2.794616e+01	-2.778821e+08	5.000000e+03	0
6.733668e-01	1.040899e+00	3.101892e+00	1.225113e+04	3.533852e+11	2.803538e+01	-2.764844e+08	5.000000e+03	0
6.783920e-01	1.048667e+00	3.157735e+00	1.213121e+04	3.365352e+11	2.812154e+01	-2.750824e+08	5.000000e+03	0
6.834171e-01	1.056435e+00	3.213849e+00	1.200980e+04	3.198009e+11	2.820461e+01	-2.736763e+08	5.000000e+03	0
6.884422e-01	1.064203e+00	3.270218e+00	1.188684e+04	3.031872e+11	2.828454e+01	-2.722661e+08	5.000000e+03	0
6.934673e-01	1.071971e+00	3.326827e+00	1.176227e+04	2.867014e+11	2.836123e+01	-2.708525e+08	5.000000e+03	0
6.984925e-01	1.079739e+00	3.359284e+00	6.983957e+03	2.774008e+11	2.822918e+01	-2.694366e+08	5.000000e+03	0
7.035176e-01	1.087507e+00	3.391539e+00	6.517013e+03	2.683337e+11	2.809629e+01	-2.680255e+08	5.000000e+03	1
7.085427e-01	1.095275e+00	3.423986e+00	6.462984e+03	2.593828e+11	2.796591e+01	-2.666211e+08	5.000000e+03	1
7.135678e-01	1.103043e+00	3.456622e+00	6.408900e+03	2.505468e+11	2.783794e+01	-2.652233e+08	5.000000e+03	1
7.185930e-01	1.110810e+00	3.489441e+00	6.354751e+03	2.418244e+11	2.771230e+01	-2.638320e+08	5.000000e+03	1
7.236181e-01	1.118578e+00	3.522438e+00	6.300524e+03	2.332142e+11	2.758886e+01	-2.624471e+08	5.000000e+03	1
7.286432e-01	1.126346e+00	3.555610e+00	6.246209e+03	2.247152e+11	2.746756e+01	-2.610684e+08	5.000000e+03	1
7.336683e-01	1.134114e+00	3.588949e+00	6.191794e+03	2.163260e+11	2.734828e+01	-2.596959e+08	5.000000e+03	1
7.386935e-01	1.141882e+00	3.622452e+00	6.137267e+03	2.080457e+11	2.723095e+01	-2.583295e+08	5.000000e+03	1
7.437186e-01	1.149650e+00	3.656112e+00	6.082616e+03	1.998732e+11	2.711547e+01	-2.569690e+08	5.000000e+03	1
7.487437e-01	1.157418e+00	3.689924e+00	6.027829e+03	1.918075e+11	2.700176e+01	-2.556143e+08	5.000000e+03	1
7.537688e-01	1.165186e+00	3.723882e+00	5.972894e+03	1.838477e+11	2.688975e+01	-2.542655e+08	5.000000e+03	1
7.587940e-01	1.172954e+00	3.757980e+00	5.917795e+03	1.759930e+11	2.677935e+01	-2.529223e+08	5.000000e+03	1
7.638191e-01	1.180722e+00	3.792211e+00	5.862521e+03	1.682424e+11	2.667047e+01	-2.515847e+08	5.000000e+03	1
7.688442e-01	1.188489e+00	3.826570e+00	5.807056e+03	1.605953e+11	2.656306e+01	-2.502527e+08	5.000000e+03	1
7.738693e-01	1.196257e+00	3.861057e+00	5.751371e+03	1.530579e+11	2.645711e+01	-2.489261e+08	5.000000e+03	1
7.788945e-01	1.204025e+00	3.895657e+00	5.695461e+03	1.456230e+11	2.635246e+01	-2.476049e+08	5.000000e+03	1
7.839196e-01	1.211793e+00	3.930362e+00	5.639312e+03	1.382894e+11	2.624905e+01	-2.462891e+08	5.000000e+03	1
7.889447e-01	1.219561e+00	3.965165e+00	5.582907e+03	1.310566e+11	2.614678e+01	-2.449785e+08	5.000000e+03	1
7.939698e-01	1.227329e+00	4.000059e+00	5.526227e+03	1.239239e+11	2.604561e+01	-2.436731e+08	5.000000e+03	1
7.989950e-01	1.235097e+00	4.035034e+00	5.469253e+03	1.168910e+11	2.594545e+01	-2.423729e+08	5.000000e+03	1
8.040201e-01	1.242865e+00	4.070084e+00	5.411967e+03	1.099573e+11	2.584624e+01	-2.410778e+08	5.000000e+03	1
8.090452e-01	1.250633e+00	4.105200e+00	5.354346e+03	1.031226e+11	2.574792e+01	-2.397878e+08	5.000000e+03	1
8.140704e-01	1.258401e+00	4.140372e+00	5.296369e+03	9.638636e+10	2.565043e+01	-2.385026e+08	5.000000e+03	1
8.190955e-01	1.266169e+00	4.175593e+00	5.238010e+03	8.974843e+10	2.555369e+01	-2.372225e+08	5.000000e+03	1
8.241206e-01	1.273936e+00	4.210851e+00	5.179246e+03	8.320853e+10	2.545765e+01	-2.359473e+08	5.000000e+03	1
8.291457e-01	1.281704e+00	4.246139e+00	5.120048e+03	7.676645e+10	2.536224e+01	-2.346770e+08	5.000000e+03	1
8.341709e-01	1.289472e+00	4.281444e+00	5.060386e+03	7.042206e+10	2.526741e+01	-2.334116e+08	5.000000e+03	1
8.391960e-01	1.297240e+00	4.314879e+00	4.754668e+03	6.450327e+10	2.516223e+01	-2.321510e+08	5.000000e+03	1
8.442211e-01	1.305008e+00	4.330774e+00	2.225737e+03	6.174214e+10	2.495633e+01	-2.308963e+08	5.000000e+03	2
8.492462e-01	1.312776e+00	4.346694e+00	2.202625e+03	5.903399e+10	2.475380e+01	-2.296513e+08	5.000000e+03	2
8.542714e-01	1.320544e+00	4.362636e+00	2.179689e+03	5.637683e+10	2.455451e+01	-2.284162e+08	5.000000e+03	2
8.592965e-01	1.328312e+00	4.378598e+00	2.156917e+03	5.376821e+10	2.435828e+01	-2.271912e+08	5.000000e+03	2
8.643216e-01	1.336080e+00	4.394579e+00	2.134305e+03	5.120721e+10	2.416503e+01	-2.259760e+08	5.000000e+03	2
8.693467e-01	1.343848e+00	4.410577e+00	2.111845e+03	4.869289e+10	2.397471e+01	-2.247705e+08	5.000000e+03	2
8.743719e-01	1.351615e+00	4.426590e+00	2.089534e+03	4.622438e+10	2.378723e+01	-2.235746e+08	5.000000e+03	2
8.793970e-01	1.359383e+00	4.442617e+00	2.067365e+03	4.380081e+10	2.360253e+01	-2.223881e+08	5.000000e+03	2
8.844221e-01	1.367151e+00	4.458655e+00	2.045333e+03	4.142135e+10	2.342053e+01	-2.212109e+08	5.000000e+03	2
8.894472e-01	1.374919e+00	4.474703e+00	2.023433e+03	3.908518e+10	2.324118e+01	-2.200428e+08	5.000000e+03	2
8.944724e-01	1.382687e+00	4.490760e+00	2.001659e+03	3.679152e+10	2.306442e+01	-2.188833e+08	5.000000e+03	2
8.994975e-01	1.390455e+00	4.506823e+00	1.980006e+03	3.453961e+10	2.289017e+01	-2.177334e+08	5.000000e+03	2
9.045226e-01	1.398223e+00	4.522890e+00	1.958468e+03	3.232871e+10	2.271839e+01	-2.165919e+08	5.000000e+03	2
9.095477e-01	1.405991e+00	4.538959e+00	1.937041e+03	3.015809e+10	2.254900e+01	-2.154590e+08	5.000000e+03	2
9.145729e-01	1.413759e+00	4.555029e+00	1.915717e+03	2.802707e+10	2.238196e+01	-2.143346e+08	5.000000e+03	2
9.195980e-01	1.421527e+00	4.571097e+00	1.894492e+03	2.593496e+10	2.221720e+01	-2.132185e+08	5.000000e+03	2
9.246231e-01	1.429295e+00	4.587161e+00	1.873363e+03	2.388199e+10	2.205473e+01	-2.121108e+08	5.000000e+03	2
9.296482e-01	1.437062e+00	4.603218e+00	1.852324e+03	2.186854e+10	2.189454e+01	-2.110112e+08	5.000000e+03	2
9.346734e-01	1.444830e+00	4.619267e+00	1.831366e+03	1.989201e+10	2.173647e+01	-2.099196e+08	5.000000e+03	2
9.396985e-01	1.452598e+00	4.635305e+00	1.810481e+03	1.795181e+10	2.158047e+01	-2.088360e+08	5.000000e+03	2
9.447236e-01	1.460366e+00	4.651330e+00	1.789665e+03	1.604737e+10	2.142649e+01	-2.077601e+08	5.000000e+03	2
9.497487e-01	1.468134e+00	4.667340e+00	1.768910e+03	1.417814e+10	2.127448e+01	-2.066921e+08	5.000000e+03	2
9.547739e-01	1.475902e+00	4.683171e+00	1.715526e+03	1.236172e+10	2.112367e+01	-2.056317e+08	5.000000e+03	2
9.597990e-01	1.483670e+00	4.698596e+00	1.642301e+03	1.062255e+10	2.097304e+01	-2.045789e+08	5.000000e+03	2
9.648241e-01	1.491438e+00	4.713501e+00	1.567862e+03	8.971306e+09	2.082209e+01	-2.035336e+08	5.000000e+03	2
9.698492e-01	1.499206e+00	4.727858e+00	1.491692e+03	7.408409e+09	2.067074e+01	-2.024961e+08	5.000000e+03	2
9.748744e-01	1.506974e+00	4.741635e+00	1.413052e+03	5.934864e+09	2.051888e+01	-2.014661e+08	5.000000e+03	2
9.798995e-01	1.514741e+00	4.754789e+00	1.330807e+03	4.552540e+09	2.036638e+01	-2.004439e+08	5.000000e+03	2
9.849246e-01	1.522509e+00	4.767263e+00	1.243039e+03	3.264678e+09	2.021302e+01	-1.994294e+08	5.000000e+03	2
9.899497e-01	1.530277e+00	4.778972e+00	1.145957e+03	2.077002e+09	2.005850e+01	-1.984226e+08	5.000000e+03	2
9.949749e-01	1.538045e+00	4.789815e+00	1.038830e+03	9.966482e+08	1.990246e+01	-1.974244e+08	5.000000e+03	2
1.000000e+00	1.545813e+00	4.800000e+00	1.000000e+03	4.768372e-07	1.974583e+01	-1.964324e+08	3.000000e+02	2
