#R=1.6122849507842758
#interptype='linear'
#name='planet'
#norm={'P': 1000000000000.0, 'R': 1.6122849507842758, 'M': 4.2999999999999998, 'g': 16.26046677304285, 'rho': 1000.0}
#state=1
#composition
#layer0		Fe08FeS02		0.700000
#layer1		pv_fmw		0.300000
#layer2		ice_VII		0.200000
#Cols=
 #'ur		r		mr		rho		P		g		phi		T		composition'
#-end-
0.000000e+00	0.000000e+00	4.130256e-11	1.829788e+04	1.669589e+12	0.000000e+00	-3.488717e+08	5.000000e+03	0
5.025126e-03	8.101934e-03	7.120323e-06	1.830006e+04	1.670216e+12	-1.204358e-01	-3.488653e+08	5.000000e+03	0
1.005025e-02	1.620387e-02	1.424061e-05	1.830223e+04	1.670843e+12	-2.408716e-01	-3.488438e+08	5.000000e+03	0
1.507538e-02	2.430580e-02	6.343978e-05	1.830228e+04	1.670855e+12	8.307811e-03	-3.488106e+08	5.000000e+03	0
2.010050e-02	3.240774e-02	1.130683e-04	1.830230e+04	1.670860e+12	2.612588e-01	-3.487628e+08	5.000000e+03	0
2.512563e-02	4.050967e-02	2.457744e-04	1.830060e+04	1.670374e+12	5.264112e-01	-3.487019e+08	5.000000e+03	0
3.015075e-02	4.861161e-02	3.801933e-04	1.829887e+04	1.669876e+12	7.918152e-01	-3.486266e+08	5.000000e+03	0
3.517588e-02	5.671354e-02	6.377753e-04	1.829545e+04	1.668894e+12	1.057899e+00	-3.485382e+08	5.000000e+03	0
4.020101e-02	6.481548e-02	8.992060e-04	1.829198e+04	1.667896e+12	1.324004e+00	-3.484360e+08	5.000000e+03	0
4.522613e-02	7.291741e-02	1.322927e-03	1.828683e+04	1.666419e+12	1.590008e+00	-3.483202e+08	5.000000e+03	0
5.025126e-02	8.101934e-02	1.753482e-03	1.828162e+04	1.664922e+12	1.856008e+00	-3.481924e+08	5.000000e+03	0
5.527638e-02	8.912128e-02	2.384454e-03	1.827475e+04	1.662952e+12	2.121718e+00	-3.480480e+08	5.000000e+03	0
6.030151e-02	9.722321e-02	3.026087e-03	1.826779e+04	1.660957e+12	2.387413e+00	-3.478914e+08	5.000000e+03	0
6.532663e-02	1.053251e-01	3.905223e-03	1.825919e+04	1.658496e+12	2.652712e+00	-3.477216e+08	5.000000e+03	0
7.035176e-02	1.134271e-01	4.799682e-03	1.825049e+04	1.656004e+12	2.917985e+00	-3.475378e+08	5.000000e+03	0
7.537688e-02	1.215290e-01	5.967650e-03	1.824018e+04	1.653054e+12	3.182777e+00	-3.473406e+08	5.000000e+03	0
8.040201e-02	1.296310e-01	7.156428e-03	1.822973e+04	1.650069e+12	3.447533e+00	-3.471300e+08	5.000000e+03	0
8.542714e-02	1.377329e-01	8.653603e-03	1.821769e+04	1.646632e+12	3.711726e+00	-3.469057e+08	5.000000e+03	0
9.045226e-02	1.458348e-01	1.017789e-02	1.820551e+04	1.643156e+12	3.975870e+00	-3.466678e+08	5.000000e+03	0
9.547739e-02	1.539368e-01	1.204431e-02	1.819174e+04	1.639237e+12	4.239376e+00	-3.464169e+08	5.000000e+03	0
1.005025e-01	1.620387e-01	1.394494e-02	1.817781e+04	1.635273e+12	4.502818e+00	-3.461522e+08	5.000000e+03	0
1.055276e-01	1.701406e-01	1.622026e-02	1.816232e+04	1.630874e+12	4.765547e+00	-3.458725e+08	5.000000e+03	0
1.105528e-01	1.782426e-01	1.853768e-02	1.814665e+04	1.626426e+12	5.028196e+00	-3.455824e+08	5.000000e+03	0
1.155779e-01	1.863445e-01	2.126111e-02	1.812944e+04	1.621551e+12	5.290059e+00	-3.452776e+08	5.000000e+03	0
1.206030e-01	1.944464e-01	2.403530e-02	1.811203e+04	1.616623e+12	5.551825e+00	-3.449593e+08	5.000000e+03	0
1.256281e-01	2.025484e-01	2.724560e-02	1.809309e+04	1.611277e+12	5.812735e+00	-3.446277e+08	5.000000e+03	0
1.306533e-01	2.106503e-01	3.051605e-02	1.807393e+04	1.605873e+12	6.073526e+00	-3.442826e+08	5.000000e+03	0
1.356784e-01	2.187522e-01	3.425143e-02	1.805327e+04	1.600061e+12	6.333394e+00	-3.439249e+08	5.000000e+03	0
1.407035e-01	2.268542e-01	3.805709e-02	1.803238e+04	1.594187e+12	6.593121e+00	-3.435529e+08	5.000000e+03	0
1.457286e-01	2.349561e-01	4.235519e-02	1.800999e+04	1.587914e+12	6.851857e+00	-3.431680e+08	5.000000e+03	0
1.507538e-01	2.430580e-01	4.673440e-02	1.798735e+04	1.581575e+12	7.110430e+00	-3.427700e+08	5.000000e+03	0
1.557789e-01	2.511600e-01	5.163226e-02	1.796324e+04	1.574846e+12	7.367946e+00	-3.423589e+08	5.000000e+03	0
1.608040e-01	2.592619e-01	5.662274e-02	1.793886e+04	1.568048e+12	7.625274e+00	-3.419346e+08	5.000000e+03	0
1.658291e-01	2.673638e-01	6.215672e-02	1.791302e+04	1.560870e+12	7.881481e+00	-3.414971e+08	5.000000e+03	0
1.708543e-01	2.754658e-01	6.779547e-02	1.788690e+04	1.553619e+12	8.137473e+00	-3.410465e+08	5.000000e+03	0
1.758794e-01	2.835677e-01	7.400122e-02	1.785934e+04	1.545998e+12	8.392284e+00	-3.405829e+08	5.000000e+03	0
1.809045e-01	2.916696e-01	8.032452e-02	1.783147e+04	1.538301e+12	8.646849e+00	-3.401063e+08	5.000000e+03	0
1.859296e-01	2.997716e-01	8.723694e-02	1.780218e+04	1.530245e+12	8.900173e+00	-3.396167e+08	5.000000e+03	0
1.909548e-01	3.078735e-01	9.428027e-02	1.777257e+04	1.522109e+12	9.153222e+00	-3.391143e+08	5.000000e+03	0
1.959799e-01	3.159754e-01	1.019334e-01	1.774156e+04	1.513624e+12	9.404971e+00	-3.385989e+08	5.000000e+03	0
2.010050e-01	3.240774e-01	1.097315e-01	1.771020e+04	1.505056e+12	9.656412e+00	-3.380706e+08	5.000000e+03	0
2.060302e-01	3.321793e-01	1.181586e-01	1.767746e+04	1.496151e+12	9.906498e+00	-3.375301e+08	5.000000e+03	0
2.110553e-01	3.402812e-01	1.267451e-01	1.764436e+04	1.487160e+12	1.015624e+01	-3.369757e+08	5.000000e+03	0
2.160804e-01	3.483832e-01	1.359786e-01	1.760989e+04	1.477841e+12	1.040457e+01	-3.364093e+08	5.000000e+03	0
2.211055e-01	3.564851e-01	1.453863e-01	1.757505e+04	1.468435e+12	1.065253e+01	-3.358301e+08	5.000000e+03	0
2.261307e-01	3.645870e-01	1.554575e-01	1.753884e+04	1.458713e+12	1.089902e+01	-3.352382e+08	5.000000e+03	0
2.311558e-01	3.726890e-01	1.657183e-01	1.750225e+04	1.448900e+12	1.114509e+01	-3.346339e+08	5.000000e+03	0
2.361809e-01	3.807909e-01	1.766576e-01	1.746432e+04	1.438783e+12	1.138965e+01	-3.340169e+08	5.000000e+03	0
2.412060e-01	3.888929e-01	1.878023e-01	1.742598e+04	1.428573e+12	1.163375e+01	-3.333876e+08	5.000000e+03	0
2.462312e-01	3.969948e-01	1.996391e-01	1.738631e+04	1.418069e+12	1.187629e+01	-3.327448e+08	5.000000e+03	0
2.512563e-01	4.050967e-01	2.116974e-01	1.734622e+04	1.407472e+12	1.211833e+01	-3.320917e+08	5.000000e+03	0
2.562814e-01	4.131987e-01	2.244600e-01	1.730481e+04	1.396592e+12	1.235876e+01	-3.314251e+08	5.000000e+03	0
2.613065e-01	4.213006e-01	2.374604e-01	1.726297e+04	1.385616e+12	1.259865e+01	-3.307464e+08	5.000000e+03	0
2.663317e-01	4.294025e-01	2.511759e-01	1.721983e+04	1.374370e+12	1.283688e+01	-3.300554e+08	5.000000e+03	0
2.713568e-01	4.375045e-01	2.651459e-01	1.717623e+04	1.363027e+12	1.307452e+01	-3.293516e+08	5.000000e+03	0
2.763819e-01	4.456064e-01	2.798402e-01	1.713135e+04	1.351425e+12	1.331046e+01	-3.286373e+08	5.000000e+03	0
2.814070e-01	4.537083e-01	2.948060e-01	1.708599e+04	1.339725e+12	1.354577e+01	-3.279102e+08	5.000000e+03	0
2.864322e-01	4.618103e-01	3.105037e-01	1.703936e+04	1.327778e+12	1.377933e+01	-3.271710e+08	5.000000e+03	0
2.914573e-01	4.699122e-01	3.264901e-01	1.699224e+04	1.315732e+12	1.401221e+01	-3.264198e+08	5.000000e+03	0
2.964824e-01	4.780141e-01	3.432148e-01	1.694387e+04	1.303450e+12	1.424330e+01	-3.256571e+08	5.000000e+03	0
3.015075e-01	4.861161e-01	3.602454e-01	1.689499e+04	1.291070e+12	1.447366e+01	-3.248825e+08	5.000000e+03	0
3.065327e-01	4.942180e-01	3.780191e-01	1.684486e+04	1.278465e+12	1.470220e+01	-3.240961e+08	5.000000e+03	0
3.115578e-01	5.023199e-01	3.961159e-01	1.679421e+04	1.265763e+12	1.492994e+01	-3.232981e+08	5.000000e+03	0
3.165829e-01	5.104219e-01	4.149594e-01	1.674233e+04	1.252847e+12	1.515582e+01	-3.224886e+08	5.000000e+03	0
3.216080e-01	5.185238e-01	4.341432e-01	1.668990e+04	1.239833e+12	1.538086e+01	-3.216676e+08	5.000000e+03	0
3.266332e-01	5.266257e-01	4.540756e-01	1.663626e+04	1.226618e+12	1.560401e+01	-3.208351e+08	5.000000e+03	0
3.316583e-01	5.347277e-01	4.743657e-01	1.658205e+04	1.213306e+12	1.582625e+01	-3.199913e+08	5.000000e+03	0
3.366834e-01	5.428296e-01	4.954049e-01	1.652665e+04	1.199804e+12	1.604656e+01	-3.191362e+08	5.000000e+03	0
3.417085e-01	5.509315e-01	5.168188e-01	1.647065e+04	1.186207e+12	1.626591e+01	-3.182701e+08	5.000000e+03	0
3.467337e-01	5.590335e-01	5.389810e-01	1.641348e+04	1.172431e+12	1.648329e+01	-3.173923e+08	5.000000e+03	0
3.517588e-01	5.671354e-01	5.615348e-01	1.635568e+04	1.158561e+12	1.669965e+01	-3.165019e+08	5.000000e+03	0
3.567839e-01	5.752373e-01	5.848347e-01	1.629673e+04	1.144523e+12	1.691403e+01	-3.156048e+08	5.000000e+03	0
3.618090e-01	5.833393e-01	6.085427e-01	1.623714e+04	1.130394e+12	1.712731e+01	-3.146853e+08	5.000000e+03	0
3.668342e-01	5.914412e-01	6.329933e-01	1.617639e+04	1.116109e+12	1.733857e+01	-3.137732e+08	5.000000e+03	0
3.718593e-01	5.995431e-01	6.578682e-01	1.611499e+04	1.101734e+12	1.754868e+01	-3.128412e+08	5.000000e+03	0
3.768844e-01	6.076451e-01	6.834808e-01	1.605245e+04	1.087214e+12	1.775674e+01	-3.118993e+08	5.000000e+03	0
3.819095e-01	6.157470e-01	7.095336e-01	1.598923e+04	1.072607e+12	1.796357e+01	-3.109458e+08	5.000000e+03	0
3.869347e-01	6.238490e-01	7.363176e-01	1.592488e+04	1.057867e+12	1.816833e+01	-3.099821e+08	5.000000e+03	0
3.919598e-01	6.319509e-01	7.635572e-01	1.585983e+04	1.043043e+12	1.837180e+01	-3.090074e+08	5.000000e+03	0
3.969849e-01	6.400528e-01	7.915205e-01	1.579366e+04	1.028095e+12	1.857317e+01	-3.080242e+08	5.000000e+03	0
4.020101e-01	6.481548e-01	8.199541e-01	1.572677e+04	1.013068e+12	1.877318e+01	-3.070292e+08	5.000000e+03	0
4.070352e-01	6.562567e-01	8.491024e-01	1.565877e+04	9.979289e+11	1.897106e+01	-3.060256e+08	5.000000e+03	0
4.120603e-01	6.643586e-01	8.787352e-01	1.559002e+04	9.827135e+11	1.916751e+01	-3.050103e+08	5.000000e+03	0
4.170854e-01	6.724606e-01	9.090724e-01	1.552017e+04	9.673965e+11	1.936181e+01	-3.039858e+08	5.000000e+03	0
4.221106e-01	6.805625e-01	9.399076e-01	1.544955e+04	9.520078e+11	1.955459e+01	-3.029515e+08	5.000000e+03	0
4.271357e-01	6.886644e-01	9.714356e-01	1.537785e+04	9.365281e+11	1.974521e+01	-3.019073e+08	5.000000e+03	0
4.321608e-01	6.967664e-01	1.003474e+00	1.530534e+04	9.209813e+11	1.993423e+01	-3.008535e+08	5.000000e+03	0
4.371859e-01	7.048683e-01	1.036193e+00	1.523175e+04	9.053540e+11	2.012107e+01	-2.997903e+08	5.000000e+03	0
4.422111e-01	7.129702e-01	1.069433e+00	1.515734e+04	8.896648e+11	2.030623e+01	-2.987168e+08	5.000000e+03	0
4.472362e-01	7.210722e-01	1.103340e+00	1.508186e+04	8.739052e+11	2.048919e+01	-2.976355e+08	5.000000e+03	0
4.522613e-01	7.291741e-01	1.137780e+00	1.500552e+04	8.580892e+11	2.067039e+01	-2.965437e+08	5.000000e+03	0
4.572864e-01	7.372760e-01	1.172870e+00	1.492812e+04	8.422129e+11	2.084936e+01	-2.954436e+08	5.000000e+03	0
4.623116e-01	7.453780e-01	1.208503e+00	1.484983e+04	8.262863e+11	2.102649e+01	-2.943333e+08	5.000000e+03	0
4.673367e-01	7.534799e-01	1.244770e+00	1.477048e+04	8.103091e+11	2.120139e+01	-2.932150e+08	5.000000e+03	0
4.723618e-01	7.615818e-01	1.281588e+00	1.469022e+04	7.942880e+11	2.137434e+01	-2.920878e+08	5.000000e+03	0
4.773869e-01	7.696838e-01	1.319023e+00	1.460891e+04	7.782259e+11	2.154504e+01	-2.909517e+08	5.000000e+03	0
4.824121e-01	7.777857e-01	1.357015e+00	1.452664e+04	7.621268e+11	2.171372e+01	-2.898070e+08	5.000000e+03	0
4.874372e-01	7.858876e-01	1.395605e+00	1.444333e+04	7.459962e+11	2.188013e+01	-2.886540e+08	5.000000e+03	0
4.924623e-01	7.939896e-01	1.434758e+00	1.435903e+04	7.298358e+11	2.204441e+01	-2.874925e+08	5.000000e+03	0
4.974874e-01	8.020915e-01	1.474490e+00	1.427368e+04	7.136531e+11	2.220641e+01	-2.863227e+08	5.000000e+03	0
5.025126e-01	8.101934e-01	1.514789e+00	1.418731e+04	6.974484e+11	2.236619e+01	-2.851447e+08	5.000000e+03	0
5.075377e-01	8.182954e-01	1.555645e+00	1.409990e+04	6.812302e+11	2.252368e+01	-2.839588e+08	5.000000e+03	0
5.125628e-01	8.263973e-01	1.597070e+00	1.401142e+04	6.649982e+11	2.267884e+01	-2.827648e+08	5.000000e+03	0
5.175879e-01	8.344992e-01	1.639031e+00	1.392190e+04	6.487615e+11	2.283170e+01	-2.815632e+08	5.000000e+03	0
5.226131e-01	8.426012e-01	1.681561e+00	1.383127e+04	6.325197e+11	2.298212e+01	-2.803538e+08	5.000000e+03	0
5.276382e-01	8.507031e-01	1.724603e+00	1.373960e+04	6.162816e+11	2.313024e+01	-2.791369e+08	5.000000e+03	0
5.326633e-01	8.588050e-01	1.768213e+00	1.364677e+04	6.000475e+11	2.327580e+01	-2.779125e+08	5.000000e+03	0
5.376884e-01	8.669070e-01	1.812312e+00	1.355289e+04	5.838253e+11	2.341905e+01	-2.766809e+08	5.000000e+03	0
5.427136e-01	8.750089e-01	1.856975e+00	1.345780e+04	5.676168e+11	2.355964e+01	-2.754426e+08	5.000000e+03	0
5.477387e-01	8.831109e-01	1.902101e+00	1.336166e+04	5.514280e+11	2.369790e+01	-2.741965e+08	5.000000e+03	0
5.527638e-01	8.912128e-01	1.947784e+00	1.326426e+04	5.352630e+11	2.383337e+01	-2.729435e+08	5.000000e+03	0
5.577889e-01	8.993147e-01	1.993906e+00	1.316580e+04	5.191255e+11	2.396652e+01	-2.716840e+08	5.000000e+03	0
5.628141e-01	9.074167e-01	2.040575e+00	1.306601e+04	5.030224e+11	2.409675e+01	-2.704178e+08	5.000000e+03	0
5.678392e-01	9.155186e-01	2.087656e+00	1.296515e+04	4.869541e+11	2.422464e+01	-2.691449e+08	5.000000e+03	0
5.728643e-01	9.236205e-01	2.135273e+00	1.286290e+04	4.709312e+11	2.434949e+01	-2.678661e+08	5.000000e+03	0
5.778894e-01	9.317225e-01	2.183274e+00	1.275957e+04	4.549504e+11	2.447200e+01	-2.665812e+08	5.000000e+03	0
5.829146e-01	9.398244e-01	2.231796e+00	1.265476e+04	4.390266e+11	2.459132e+01	-2.652896e+08	5.000000e+03	0
5.879397e-01	9.479263e-01	2.280673e+00	1.254886e+04	4.231517e+11	2.470829e+01	-2.639924e+08	5.000000e+03	0
5.929648e-01	9.560283e-01	2.330054e+00	1.244141e+04	4.073460e+11	2.482194e+01	-2.626893e+08	5.000000e+03	0
5.979899e-01	9.641302e-01	2.379761e+00	1.233283e+04	3.915959e+11	2.493323e+01	-2.613807e+08	5.000000e+03	0
6.030151e-01	9.722321e-01	2.429949e+00	1.222261e+04	3.759276e+11	2.504104e+01	-2.600669e+08	5.000000e+03	0
6.080402e-01	9.803341e-01	2.480433e+00	1.211125e+04	3.603211e+11	2.514648e+01	-2.587469e+08	5.000000e+03	0
6.130653e-01	9.884360e-01	2.531372e+00	1.199813e+04	3.448099e+11	2.524829e+01	-2.574222e+08	5.000000e+03	0
6.180905e-01	9.965379e-01	2.582577e+00	1.188385e+04	3.293665e+11	2.534772e+01	-2.560924e+08	5.000000e+03	0
6.231156e-01	1.004640e+00	2.634207e+00	1.176768e+04	3.140323e+11	2.544334e+01	-2.547579e+08	5.000000e+03	0
6.281407e-01	1.012742e+00	2.686070e+00	1.165031e+04	2.987718e+11	2.553659e+01	-2.534191e+08	5.000000e+03	0
6.331658e-01	1.020844e+00	2.738324e+00	1.153092e+04	2.836349e+11	2.562584e+01	-2.520748e+08	5.000000e+03	0
6.381910e-01	1.028946e+00	2.790778e+00	1.141029e+04	2.685773e+11	2.571270e+01	-2.507266e+08	5.000000e+03	0
6.432161e-01	1.037048e+00	2.843583e+00	1.128748e+04	2.536586e+11	2.579537e+01	-2.493744e+08	5.000000e+03	0
6.482412e-01	1.045150e+00	2.896555e+00	1.116337e+04	2.388246e+11	2.587565e+01	-2.480176e+08	5.000000e+03	0
6.532663e-01	1.053251e+00	2.949832e+00	1.103688e+04	2.241455e+11	2.595153e+01	-2.466572e+08	5.000000e+03	0
6.582915e-01	1.061353e+00	2.995260e+00	1.012153e+04	2.117219e+11	2.595709e+01	-2.452932e+08	5.000000e+03	0
6.633166e-01	1.069455e+00	3.025685e+00	7.698049e+03	2.036103e+11	2.582823e+01	-2.439276e+08	5.000000e+03	0
6.683417e-01	1.077557e+00	3.056237e+00	6.064382e+03	1.955725e+11	2.570107e+01	-2.425657e+08	5.000000e+03	1
6.733668e-01	1.085659e+00	3.087043e+00	6.010351e+03	1.876824e+11	2.557733e+01	-2.412102e+08	5.000000e+03	1
6.783920e-01	1.093761e+00	3.117966e+00	5.956241e+03	1.798622e+11	2.545510e+01	-2.398616e+08	5.000000e+03	1
6.834171e-01	1.101863e+00	3.149133e+00	5.901967e+03	1.721883e+11	2.533603e+01	-2.385197e+08	5.000000e+03	1
6.884422e-01	1.109965e+00	3.180406e+00	5.847597e+03	1.645807e+11	2.521829e+01	-2.371842e+08	5.000000e+03	1
6.934673e-01	1.118067e+00	3.211909e+00	5.793021e+03	1.571184e+11	2.510346e+01	-2.358550e+08	5.000000e+03	1
6.984925e-01	1.126169e+00	3.243508e+00	5.738334e+03	1.497190e+11	2.498979e+01	-2.345322e+08	5.000000e+03	1
7.035176e-01	1.134271e+00	3.275324e+00	5.683393e+03	1.424642e+11	2.487880e+01	-2.332156e+08	5.000000e+03	1
7.085427e-01	1.142373e+00	3.307223e+00	5.628325e+03	1.352690e+11	2.476882e+01	-2.319050e+08	5.000000e+03	1
7.135678e-01	1.150475e+00	3.339325e+00	5.572953e+03	1.282180e+11	2.466128e+01	-2.306004e+08	5.000000e+03	1
7.185930e-01	1.158577e+00	3.371499e+00	5.517438e+03	1.212237e+11	2.455462e+01	-2.293017e+08	5.000000e+03	1
7.236181e-01	1.166679e+00	3.403857e+00	5.461561e+03	1.143733e+11	2.445018e+01	-2.280088e+08	5.000000e+03	1
7.286432e-01	1.174780e+00	3.431329e+00	5.006925e+03	1.085911e+11	2.431208e+01	-2.267217e+08	5.000000e+03	1
7.336683e-01	1.182882e+00	3.445776e+00	3.488932e+03	1.056573e+11	2.408425e+01	-2.254412e+08	5.000000e+03	1
7.386935e-01	1.190984e+00	3.460300e+00	2.367365e+03	1.027432e+11	2.385900e+01	-2.241705e+08	5.000000e+03	2
7.437186e-01	1.199086e+00	3.475040e+00	2.358844e+03	9.988474e+10	2.364100e+01	-2.229114e+08	5.000000e+03	2
7.487437e-01	1.207188e+00	3.489854e+00	2.350362e+03	9.704443e+10	2.342536e+01	-2.216641e+08	5.000000e+03	2
7.537688e-01	1.215290e+00	3.504889e+00	2.341996e+03	9.425786e+10	2.321667e+01	-2.204282e+08	5.000000e+03	2
7.587940e-01	1.223392e+00	3.519996e+00	2.333665e+03	9.148793e+10	2.301012e+01	-2.192034e+08	5.000000e+03	2
7.638191e-01	1.231494e+00	3.535327e+00	2.325446e+03	8.876999e+10	2.281025e+01	-2.179896e+08	5.000000e+03	2
7.688442e-01	1.239596e+00	3.550728e+00	2.317260e+03	8.606729e+10	2.261232e+01	-2.167864e+08	5.000000e+03	2
7.738693e-01	1.247698e+00	3.566357e+00	2.309182e+03	8.341492e+10	2.242080e+01	-2.155938e+08	5.000000e+03	2
7.788945e-01	1.255800e+00	3.582053e+00	2.301134e+03	8.077648e+10	2.223105e+01	-2.144115e+08	5.000000e+03	2
7.839196e-01	1.263902e+00	3.597982e+00	2.293191e+03	7.818678e+10	2.204746e+01	-2.132391e+08	5.000000e+03	2
7.889447e-01	1.272004e+00	3.613975e+00	2.285275e+03	7.560981e+10	2.186546e+01	-2.120766e+08	5.000000e+03	2
7.939698e-01	1.280106e+00	3.630205e+00	2.277460e+03	7.308007e+10	2.168938e+01	-2.109239e+08	5.000000e+03	2
7.989950e-01	1.288208e+00	3.646495e+00	2.269671e+03	7.056193e+10	2.151475e+01	-2.097805e+08	5.000000e+03	2
8.040201e-01	1.296310e+00	3.663027e+00	2.261979e+03	6.808959e+10	2.134582e+01	-2.086463e+08	5.000000e+03	2
8.090452e-01	1.304411e+00	3.679599e+00	2.251867e+03	6.563044e+10	2.117808e+01	-2.075212e+08	5.000000e+03	2
8.140704e-01	1.312513e+00	3.696339e+00	2.231561e+03	6.322687e+10	2.101538e+01	-2.064051e+08	5.000000e+03	2
8.190955e-01	1.320615e+00	3.713097e+00	2.211308e+03	6.083778e+10	2.085366e+01	-2.052977e+08	5.000000e+03	2
8.241206e-01	1.328717e+00	3.729944e+00	2.191291e+03	5.851385e+10	2.069634e+01	-2.041989e+08	5.000000e+03	2
8.291457e-01	1.336819e+00	3.746808e+00	2.171321e+03	5.620306e+10	2.053991e+01	-2.031086e+08	5.000000e+03	2
8.341709e-01	1.344921e+00	3.763756e+00	2.151575e+03	5.395569e+10	2.038770e+01	-2.020265e+08	5.000000e+03	2
8.391960e-01	1.353023e+00	3.780720e+00	2.131871e+03	5.172022e+10	2.023628e+01	-2.009527e+08	5.000000e+03	2
8.442211e-01	1.361125e+00	3.797764e+00	2.112379e+03	4.954651e+10	2.008892e+01	-1.998869e+08	5.000000e+03	2
8.492462e-01	1.369227e+00	3.814821e+00	2.092924e+03	4.738354e+10	1.994226e+01	-1.988290e+08	5.000000e+03	2
8.542714e-01	1.377329e+00	3.831955e+00	2.073670e+03	4.528077e+10	1.979951e+01	-1.977790e+08	5.000000e+03	2
8.592965e-01	1.385431e+00	3.849100e+00	2.054448e+03	4.318768e+10	1.965737e+01	-1.967366e+08	5.000000e+03	2
8.643216e-01	1.393533e+00	3.866316e+00	2.035415e+03	4.115329e+10	1.951898e+01	-1.957017e+08	5.000000e+03	2
8.693467e-01	1.401635e+00	3.883542e+00	2.016410e+03	3.912757e+10	1.938114e+01	-1.946744e+08	5.000000e+03	2
8.743719e-01	1.409737e+00	3.900834e+00	1.997582e+03	3.715916e+10	1.924691e+01	-1.936543e+08	5.000000e+03	2
8.793970e-01	1.417839e+00	3.918135e+00	1.978778e+03	3.519847e+10	1.911315e+01	-1.926414e+08	5.000000e+03	2
8.844221e-01	1.425940e+00	3.935496e+00	1.960140e+03	3.329378e+10	1.898286e+01	-1.916358e+08	5.000000e+03	2
8.894472e-01	1.434042e+00	3.952864e+00	1.941520e+03	3.139592e+10	1.885299e+01	-1.906371e+08	5.000000e+03	2
8.944724e-01	1.442144e+00	3.970286e+00	1.923055e+03	2.955281e+10	1.872644e+01	-1.896453e+08	5.000000e+03	2
8.994975e-01	1.450246e+00	3.987715e+00	1.904605e+03	2.771571e+10	1.860025e+01	-1.886604e+08	5.000000e+03	2
9.045226e-01	1.458348e+00	4.005191e+00	1.886295e+03	2.593217e+10	1.847726e+01	-1.876821e+08	5.000000e+03	2
9.095477e-01	1.466450e+00	4.022672e+00	1.867999e+03	2.415387e+10	1.835458e+01	-1.867104e+08	5.000000e+03	2
9.145729e-01	1.474552e+00	4.040194e+00	1.849829e+03	2.242803e+10	1.823497e+01	-1.857453e+08	5.000000e+03	2
9.195980e-01	1.482654e+00	4.057719e+00	1.831669e+03	2.070670e+10	1.811563e+01	-1.847866e+08	5.000000e+03	2
9.246231e-01	1.490756e+00	4.075279e+00	1.813622e+03	1.903678e+10	1.799923e+01	-1.838343e+08	5.000000e+03	2
9.296482e-01	1.498858e+00	4.092840e+00	1.795583e+03	1.737069e+10	1.788305e+01	-1.828882e+08	5.000000e+03	2
9.346734e-01	1.506960e+00	4.110428e+00	1.777641e+03	1.575503e+10	1.776970e+01	-1.819484e+08	5.000000e+03	2
9.396985e-01	1.515062e+00	4.127989e+00	1.756966e+03	1.414502e+10	1.765641e+01	-1.810146e+08	5.000000e+03	2
9.447236e-01	1.523164e+00	4.145138e+00	1.693932e+03	1.262259e+10	1.754404e+01	-1.800867e+08	5.000000e+03	2
9.497487e-01	1.531266e+00	4.162238e+00	1.630803e+03	1.110689e+10	1.743161e+01	-1.791652e+08	5.000000e+03	2
9.547739e-01	1.539368e+00	4.178431e+00	1.565894e+03	9.717790e+09	1.731810e+01	-1.782497e+08	5.000000e+03	2
9.597990e-01	1.547469e+00	4.194580e+00	1.500842e+03	8.334145e+09	1.720454e+01	-1.773403e+08	5.000000e+03	2
9.648241e-01	1.555571e+00	4.209709e+00	1.432426e+03	7.080143e+09	1.708960e+01	-1.764369e+08	5.000000e+03	2
9.698492e-01	1.563673e+00	4.224800e+00	1.363797e+03	5.830408e+09	1.697461e+01	-1.755397e+08	5.000000e+03	2
9.748744e-01	1.571775e+00	4.238701e+00	1.288377e+03	4.717229e+09	1.685777e+01	-1.746489e+08	5.000000e+03	2
9.798995e-01	1.579877e+00	4.252570e+00	1.212583e+03	3.607219e+09	1.674086e+01	-1.737642e+08	5.000000e+03	2
9.849246e-01	1.587979e+00	4.264934e+00	1.118610e+03	2.650872e+09	1.662110e+01	-1.728859e+08	5.000000e+03	2
9.899497e-01	1.596081e+00	4.277287e+00	1.025458e+03	1.695622e+09	1.650133e+01	-1.720140e+08	5.000000e+03	2
9.949749e-01	1.604183e+00	4.288643e+00	1.012729e+03	8.478110e+08	1.638090e+01	-1.711486e+08	5.000000e+03	2
1.000000e+00	1.612285e+00	4.300000e+00	1.000000e+03	-4.768372e-07	1.626047e+01	-1.702897e+08	3.000000e+02	2
