#t		Qconv[W]	Ri[Rp]		R*[Rp]		Qc[W]		Qm[W]		Qr[W]		Tcmb[K]		Tl[K]		Tup[K]		RiFlag		Bs[T]
0.000000e+00	3.336847e+13	0.000000e+00	4.522613e-01	6.689003e+14	4.808528e+15	6.570289e+14	1.322538e+04	7.578658e+03	2.668469e+03	0	1.161460e-03
1.000000e+07	3.241059e+13	0.000000e+00	4.522613e-01	6.576351e+14	4.568886e+15	6.533884e+14	1.319269e+04	7.514533e+03	2.645890e+03	0	1.150238e-03
2.000000e+07	3.147755e+13	0.000000e+00	4.522613e-01	6.466551e+14	4.351482e+15	6.497752e+14	1.316055e+04	7.454477e+03	2.624744e+03	0	1.139092e-03
3.000000e+07	3.056978e+13	0.000000e+00	4.522613e-01	6.359650e+14	4.153514e+15	6.461890e+14	1.312894e+04	7.398099e+03	2.604893e+03	0	1.128036e-03
4.000000e+07	2.968737e+13	0.000000e+00	4.522613e-01	6.255651e+14	3.972614e+15	6.426296e+14	1.309785e+04	7.345059e+03	2.586217e+03	0	1.117076e-03
5.000000e+07	2.883012e+13	0.000000e+00	4.522613e-01	6.154529e+14	3.806770e+15	6.390968e+14	1.306727e+04	7.295055e+03	2.568611e+03	0	1.106218e-03
6.000000e+07	2.799763e+13	0.000000e+00	4.522613e-01	6.056239e+14	3.654264e+15	6.355902e+14	1.303718e+04	7.247825e+03	2.551981e+03	0	1.095466e-03
7.000000e+07	2.718938e+13	0.000000e+00	4.522613e-01	5.960721e+14	3.513620e+15	6.321098e+14	1.300757e+04	7.203135e+03	2.536246e+03	0	1.084822e-03
8.000000e+07	2.640477e+13	0.000000e+00	4.522613e-01	5.867904e+14	3.383565e+15	6.286553e+14	1.297842e+04	7.160775e+03	2.521331e+03	0	1.074285e-03
9.000000e+07	2.564312e+13	0.000000e+00	4.522613e-01	5.777710e+14	3.262995e+15	6.252264e+14	1.294972e+04	7.120561e+03	2.507171e+03	0	1.063855e-03
1.000000e+08	2.490371e+13	0.000000e+00	4.522613e-01	5.690060e+14	3.150951e+15	6.218230e+14	1.292147e+04	7.082327e+03	2.493709e+03	0	1.053529e-03
1.100000e+08	2.418581e+13	0.000000e+00	4.522613e-01	5.604869e+14	3.046594e+15	6.184449e+14	1.289364e+04	7.045923e+03	2.480891e+03	0	1.043307e-03
1.200000e+08	2.348869e+13	0.000000e+00	4.522613e-01	5.522055e+14	2.949187e+15	6.150918e+14	1.286622e+04	7.011216e+03	2.468670e+03	0	1.033185e-03
1.300000e+08	2.281161e+13	0.000000e+00	4.522613e-01	5.441533e+14	2.858084e+15	6.117635e+14	1.283921e+04	6.978083e+03	2.457004e+03	0	1.023161e-03
1.400000e+08	2.215385e+13	0.000000e+00	4.522613e-01	5.363221e+14	2.772712e+15	6.084598e+14	1.281258e+04	6.946416e+03	2.445854e+03	0	1.013231e-03
1.500000e+08	2.151469e+13	0.000000e+00	4.522613e-01	5.287040e+14	2.692565e+15	6.051806e+14	1.278634e+04	6.916114e+03	2.435185e+03	0	1.003391e-03
1.600000e+08	2.089345e+13	0.000000e+00	4.522613e-01	5.212911e+14	2.617191e+15	6.019256e+14	1.276048e+04	6.887087e+03	2.424964e+03	0	9.936392e-04
1.700000e+08	2.028945e+13	0.000000e+00	4.522613e-01	5.140757e+14	2.546188e+15	5.986947e+14	1.273497e+04	6.859252e+03	2.415163e+03	0	9.839706e-04
1.800000e+08	1.970205e+13	0.000000e+00	4.522613e-01	5.070507e+14	2.479198e+15	5.954875e+14	1.270981e+04	6.832533e+03	2.405756e+03	0	9.743818e-04
1.900000e+08	1.913063e+13	0.000000e+00	4.522613e-01	5.002089e+14	2.415898e+15	5.923040e+14	1.268500e+04	6.806862e+03	2.396717e+03	0	9.648692e-04
2.000000e+08	1.857458e+13	0.000000e+00	4.522613e-01	4.935435e+14	2.356000e+15	5.891439e+14	1.266052e+04	6.782173e+03	2.388024e+03	0	9.554288e-04
2.100000e+08	1.803333e+13	0.000000e+00	4.522613e-01	4.870481e+14	2.299241e+15	5.860070e+14	1.263636e+04	6.758410e+03	2.379657e+03	0	9.460570e-04
2.200000e+08	1.750632e+13	0.000000e+00	4.522613e-01	4.807163e+14	2.245387e+15	5.828931e+14	1.261252e+04	6.735517e+03	2.371596e+03	0	9.367499e-04
2.300000e+08	1.699304e+13	0.000000e+00	4.522613e-01	4.745422e+14	2.194225e+15	5.798022e+14	1.258899e+04	6.713446e+03	2.363825e+03	0	9.275038e-04
2.400000e+08	1.649296e+13	0.000000e+00	4.522613e-01	4.685200e+14	2.145561e+15	5.767338e+14	1.256576e+04	6.692149e+03	2.356326e+03	0	9.183148e-04
2.500000e+08	1.600562e+13	0.000000e+00	4.522613e-01	4.626444e+14	2.099219e+15	5.736880e+14	1.254282e+04	6.671586e+03	2.349086e+03	0	9.091792e-04
2.600000e+08	1.553054e+13	0.000000e+00	4.522613e-01	4.569099e+14	2.055039e+15	5.706644e+14	1.252018e+04	6.651715e+03	2.342089e+03	0	9.000932e-04
2.700000e+08	1.506728e+13	0.000000e+00	4.522613e-01	4.513117e+14	2.012876e+15	5.676630e+14	1.249781e+04	6.632500e+03	2.335323e+03	0	8.910531e-04
2.800000e+08	1.461542e+13	0.000000e+00	4.522613e-01	4.458448e+14	1.972595e+15	5.646835e+14	1.247571e+04	6.613908e+03	2.328777e+03	0	8.820552e-04
2.900000e+08	1.417455e+13	0.000000e+00	4.522613e-01	4.405048e+14	1.934075e+15	5.617257e+14	1.245388e+04	6.595906e+03	2.322438e+03	0	8.730956e-04
3.000000e+08	1.374429e+13	0.000000e+00	4.522613e-01	4.352872e+14	1.897203e+15	5.587895e+14	1.243231e+04	6.578464e+03	2.316297e+03	0	8.641706e-04
3.100000e+08	1.332427e+13	0.000000e+00	4.522613e-01	4.301878e+14	1.861876e+15	5.558746e+14	1.241099e+04	6.561556e+03	2.310344e+03	0	8.552764e-04
3.200000e+08	1.291414e+13	0.000000e+00	4.522613e-01	4.252026e+14	1.828000e+15	5.529810e+14	1.238993e+04	6.545154e+03	2.304569e+03	0	8.464094e-04
3.300000e+08	1.251355e+13	0.000000e+00	4.522613e-01	4.203279e+14	1.795486e+15	5.501084e+14	1.236910e+04	6.529236e+03	2.298964e+03	0	8.375656e-04
3.400000e+08	1.212218e+13	0.000000e+00	4.522613e-01	4.155598e+14	1.764255e+15	5.472567e+14	1.234852e+04	6.513777e+03	2.293521e+03	0	8.287412e-04
3.500000e+08	1.173973e+13	0.000000e+00	4.522613e-01	4.108950e+14	1.734232e+15	5.444257e+14	1.232816e+04	6.498758e+03	2.288232e+03	0	8.199324e-04
3.600000e+08	1.136590e+13	0.000000e+00	4.522613e-01	4.063300e+14	1.705347e+15	5.416152e+14	1.230804e+04	6.484157e+03	2.283091e+03	0	8.111353e-04
3.700000e+08	1.100040e+13	0.000000e+00	4.522613e-01	4.018616e+14	1.677537e+15	5.388250e+14	1.228814e+04	6.469956e+03	2.278091e+03	0	8.023457e-04
3.800000e+08	1.064297e+13	0.000000e+00	4.522613e-01	3.974867e+14	1.650742e+15	5.360550e+14	1.226845e+04	6.456138e+03	2.273226e+03	0	7.935597e-04
3.900000e+08	1.029334e+13	0.000000e+00	4.522613e-01	3.932024e+14	1.624907e+15	5.333051e+14	1.224898e+04	6.442685e+03	2.268489e+03	0	7.847731e-04
4.000000e+08	9.951268e+12	0.000000e+00	4.522613e-01	3.890059e+14	1.599981e+15	5.305750e+14	1.222972e+04	6.429582e+03	2.263875e+03	0	7.759817e-04
4.100000e+08	9.616512e+12	0.000000e+00	4.522613e-01	3.848944e+14	1.575916e+15	5.278646e+14	1.221066e+04	6.416815e+03	2.259380e+03	0	7.671811e-04
4.200000e+08	9.288845e+12	0.000000e+00	4.522613e-01	3.808653e+14	1.552667e+15	5.251738e+14	1.219181e+04	6.404368e+03	2.254997e+03	0	7.583667e-04
4.300000e+08	8.968046e+12	0.000000e+00	4.522613e-01	3.769161e+14	1.530194e+15	5.225023e+14	1.217315e+04	6.392230e+03	2.250723e+03	0	7.495339e-04
4.400000e+08	8.653907e+12	0.000000e+00	4.522613e-01	3.730445e+14	1.508456e+15	5.198500e+14	1.215468e+04	6.380387e+03	2.246553e+03	0	7.406780e-04
4.500000e+08	8.346224e+12	0.000000e+00	4.522613e-01	3.692481e+14	1.487418e+15	5.172168e+14	1.213640e+04	6.368827e+03	2.242483e+03	0	7.317937e-04
4.600000e+08	8.044805e+12	0.000000e+00	4.522613e-01	3.655247e+14	1.467045e+15	5.146025e+14	1.211831e+04	6.357540e+03	2.238509e+03	0	7.228761e-04
4.700000e+08	7.749462e+12	0.000000e+00	4.522613e-01	3.618721e+14	1.447306e+15	5.120070e+14	1.210040e+04	6.346514e+03	2.234627e+03	0	7.139194e-04
4.800000e+08	7.460017e+12	0.000000e+00	4.522613e-01	3.582885e+14	1.428171e+15	5.094300e+14	1.208267e+04	6.335740e+03	2.230833e+03	0	7.049180e-04
4.900000e+08	7.176298e+12	0.000000e+00	4.522613e-01	3.547716e+14	1.409612e+15	5.068715e+14	1.206511e+04	6.325208e+03	2.227125e+03	0	6.958658e-04
5.000000e+08	6.898140e+12	0.000000e+00	4.522613e-01	3.513198e+14	1.391601e+15	5.043313e+14	1.204772e+04	6.314909e+03	2.223499e+03	0	6.867563e-04
5.100000e+08	6.625384e+12	0.000000e+00	4.522613e-01	3.479311e+14	1.374115e+15	5.018093e+14	1.203051e+04	6.304835e+03	2.219951e+03	0	6.775828e-04
5.200000e+08	6.357876e+12	0.000000e+00	4.522613e-01	3.446039e+14	1.357131e+15	4.993052e+14	1.201346e+04	6.294976e+03	2.216480e+03	0	6.683378e-04
5.300000e+08	6.095470e+12	0.000000e+00	4.522613e-01	3.413364e+14	1.340625e+15	4.968190e+14	1.199657e+04	6.285326e+03	2.213082e+03	0	6.590136e-04
5.400000e+08	5.838023e+12	0.000000e+00	4.522613e-01	3.381270e+14	1.324577e+15	4.943505e+14	1.197984e+04	6.275877e+03	2.209755e+03	0	6.496019e-04
5.500000e+08	5.585400e+12	0.000000e+00	4.522613e-01	3.349741e+14	1.308968e+15	4.918996e+14	1.196327e+04	6.266621e+03	2.206496e+03	0	6.400935e-04
5.600000e+08	5.337468e+12	0.000000e+00	4.522613e-01	3.318763e+14	1.293779e+15	4.894661e+14	1.194685e+04	6.257552e+03	2.203303e+03	0	6.304787e-04
5.700000e+08	5.094101e+12	0.000000e+00	4.522613e-01	3.288321e+14	1.278992e+15	4.870499e+14	1.193058e+04	6.248664e+03	2.200173e+03	0	6.207469e-04
5.800000e+08	4.855177e+12	0.000000e+00	4.522613e-01	3.258400e+14	1.264592e+15	4.846508e+14	1.191447e+04	6.239950e+03	2.197105e+03	0	6.108863e-04
5.900000e+08	4.620577e+12	0.000000e+00	4.522613e-01	3.228988e+14	1.250562e+15	4.822687e+14	1.189849e+04	6.231404e+03	2.194096e+03	0	6.008842e-04
6.000000e+08	4.390189e+12	0.000000e+00	4.522613e-01	3.200071e+14	1.236888e+15	4.799035e+14	1.188267e+04	6.223021e+03	2.191145e+03	0	5.907264e-04
6.100000e+08	4.163902e+12	0.000000e+00	4.522613e-01	3.171636e+14	1.223555e+15	4.775550e+14	1.186698e+04	6.214795e+03	2.188248e+03	0	5.803975e-04
6.200000e+08	3.941610e+12	0.000000e+00	4.522613e-01	3.143673e+14	1.210550e+15	4.752232e+14	1.185143e+04	6.206722e+03	2.185406e+03	0	5.698798e-04
6.300000e+08	3.723212e+12	0.000000e+00	4.522613e-01	3.116167e+14	1.197861e+15	4.729077e+14	1.183602e+04	6.198796e+03	2.182615e+03	0	5.591538e-04
6.400000e+08	3.508608e+12	0.000000e+00	4.522613e-01	3.089110e+14	1.185475e+15	4.706086e+14	1.182074e+04	6.191013e+03	2.179874e+03	0	5.481974e-04
6.500000e+08	3.297703e+12	0.000000e+00	4.522613e-01	3.062488e+14	1.173382e+15	4.683257e+14	1.180560e+04	6.183367e+03	2.177182e+03	0	5.369854e-04
6.600000e+08	3.090404e+12	0.000000e+00	4.522613e-01	3.036293e+14	1.161569e+15	4.660589e+14	1.179059e+04	6.175856e+03	2.174538e+03	0	5.254892e-04
6.700000e+08	2.886623e+12	0.000000e+00	4.522613e-01	3.010513e+14	1.150028e+15	4.638080e+14	1.177570e+04	6.168474e+03	2.171938e+03	0	5.136753e-04
6.800000e+08	2.686273e+12	0.000000e+00	4.522613e-01	2.985138e+14	1.138748e+15	4.615729e+14	1.176094e+04	6.161218e+03	2.169383e+03	0	5.015052e-04
6.900000e+08	2.489271e+12	0.000000e+00	4.522613e-01	2.960160e+14	1.127720e+15	4.593535e+14	1.174630e+04	6.154083e+03	2.166871e+03	0	4.889331e-04
7.000000e+08	2.295536e+12	0.000000e+00	4.522613e-01	2.935568e+14	1.116934e+15	4.571497e+14	1.173179e+04	6.147067e+03	2.164401e+03	0	4.759048e-04
7.100000e+08	2.104990e+12	0.000000e+00	4.522613e-01	2.911353e+14	1.106383e+15	4.549612e+14	1.171740e+04	6.140165e+03	2.161971e+03	0	4.623548e-04
7.200000e+08	1.917557e+12	0.000000e+00	4.522613e-01	2.887508e+14	1.096058e+15	4.527881e+14	1.170312e+04	6.133375e+03	2.159580e+03	0	4.482030e-04
7.300000e+08	1.733164e+12	0.000000e+00	4.522613e-01	2.864023e+14	1.085952e+15	4.506302e+14	1.168896e+04	6.126693e+03	2.157227e+03	0	4.333497e-04
7.400000e+08	1.551740e+12	0.000000e+00	4.522613e-01	2.840891e+14	1.076057e+15	4.484873e+14	1.167492e+04	6.120115e+03	2.154911e+03	0	4.176684e-04
7.500000e+08	1.373216e+12	0.000000e+00	4.522613e-01	2.818102e+14	1.066366e+15	4.463594e+14	1.166099e+04	6.113640e+03	2.152631e+03	0	4.009944e-04
7.600000e+08	1.197526e+12	0.000000e+00	4.522613e-01	2.795651e+14	1.056872e+15	4.442463e+14	1.164717e+04	6.107263e+03	2.150386e+03	0	3.831072e-04
7.700000e+08	1.024605e+12	0.000000e+00	4.522613e-01	2.773528e+14	1.047569e+15	4.421479e+14	1.163346e+04	6.100983e+03	2.148175e+03	0	3.637007e-04
7.800000e+08	8.543900e+11	0.000000e+00	4.522613e-01	2.751728e+14	1.038452e+15	4.400641e+14	1.161986e+04	6.094796e+03	2.145996e+03	0	3.423293e-04
7.900000e+08	6.868211e+11	0.000000e+00	4.522613e-01	2.730242e+14	1.029513e+15	4.379947e+14	1.160636e+04	6.088700e+03	2.143850e+03	0	3.183024e-04
8.000000e+08	5.218389e+11	0.000000e+00	4.522613e-01	2.709064e+14	1.020747e+15	4.359397e+14	1.159298e+04	6.082693e+03	2.141735e+03	0	2.904496e-04
8.100000e+08	3.593863e+11	0.000000e+00	4.522613e-01	2.688188e+14	1.012149e+15	4.338990e+14	1.157969e+04	6.076772e+03	2.139650e+03	0	2.564952e-04
8.200000e+08	1.994078e+11	0.000000e+00	4.522613e-01	2.667607e+14	1.003713e+15	4.318723e+14	1.156651e+04	6.070935e+03	2.137594e+03	0	2.107687e-04
8.300000e+08	4.184946e+10	0.000000e+00	4.522613e-01	2.647314e+14	9.954358e+14	4.298597e+14	1.155342e+04	6.065179e+03	2.135568e+03	0	1.252531e-04
8.400000e+08	-1.133409e+11	0.000000e+00	4.522613e-01	2.627305e+14	9.873110e+14	4.278610e+14	1.154044e+04	6.059502e+03	2.133569e+03	0	nan
