#R=1.7021355512999092
#interptype='linear'
#name='planet'
#norm={'P': 1000000000000.0, 'R': 1.7021355512999092, 'M': 6.2999999999999998, 'g': 21.37471916869648, 'rho': 4000.0}
#state=1
#composition
#layer0		Fe08FeS02		0.200000
#layer1		pv_fmw		0.800000
#Cols=
 #'ur		r		mr		rho		P		g		phi		T		composition'
#-end-
0.000000e+00	0.000000e+00	3.726682e-11	1.910127e+04	1.799580e+12	0.000000e+00	-4.248085e+08	5.000000e+03	0
5.025126e-03	8.553445e-03	8.746191e-06	1.910355e+04	1.800284e+12	-1.052394e-01	-4.248006e+08	5.000000e+03	0
1.005025e-02	1.710689e-02	1.749234e-05	1.910584e+04	1.800988e+12	-2.104788e-01	-4.247768e+08	5.000000e+03	0
1.507538e-02	2.566033e-02	7.792508e-05	1.910570e+04	1.800946e+12	6.441003e-02	-4.247373e+08	5.000000e+03	0
2.010050e-02	3.421378e-02	1.388852e-04	1.910554e+04	1.800896e+12	3.431777e-01	-4.246817e+08	5.000000e+03	0
2.512563e-02	4.276722e-02	3.018873e-04	1.910343e+04	1.800248e+12	6.353775e-01	-4.246104e+08	5.000000e+03	0
3.015075e-02	5.132067e-02	4.669933e-04	1.910128e+04	1.799587e+12	9.278542e-01	-4.245233e+08	5.000000e+03	0
3.517588e-02	5.987411e-02	7.833658e-04	1.909722e+04	1.798337e+12	1.221057e+00	-4.244203e+08	5.000000e+03	0
4.020101e-02	6.842756e-02	1.104465e-03	1.909309e+04	1.797068e+12	1.514283e+00	-4.243015e+08	5.000000e+03	0
4.522613e-02	7.698100e-02	1.624866e-03	1.908706e+04	1.795218e+12	1.807366e+00	-4.241669e+08	5.000000e+03	0
5.025126e-02	8.553445e-02	2.153657e-03	1.908096e+04	1.793343e+12	2.100444e+00	-4.240164e+08	5.000000e+03	0
5.527638e-02	9.408789e-02	2.928537e-03	1.907298e+04	1.790894e+12	2.393163e+00	-4.238501e+08	5.000000e+03	0
6.030151e-02	1.026413e-01	3.716506e-03	1.906490e+04	1.788415e+12	2.685863e+00	-4.236681e+08	5.000000e+03	0
6.532663e-02	1.111948e-01	4.796047e-03	1.905496e+04	1.785371e+12	2.978080e+00	-4.234702e+08	5.000000e+03	0
7.035176e-02	1.197482e-01	5.894400e-03	1.904490e+04	1.782290e+12	3.270266e+00	-4.232566e+08	5.000000e+03	0
7.537688e-02	1.283017e-01	7.328456e-03	1.903300e+04	1.778652e+12	3.561868e+00	-4.230273e+08	5.000000e+03	0
8.040201e-02	1.368551e-01	8.788055e-03	1.902097e+04	1.774972e+12	3.853424e+00	-4.227822e+08	5.000000e+03	0
8.542714e-02	1.454086e-01	1.062609e-02	1.900712e+04	1.770746e+12	4.144300e+00	-4.225214e+08	5.000000e+03	0
9.045226e-02	1.539620e-01	1.249739e-02	1.899311e+04	1.766471e+12	4.435116e+00	-4.222449e+08	5.000000e+03	0
9.547739e-02	1.625155e-01	1.478840e-02	1.897730e+04	1.761659e+12	4.725159e+00	-4.219528e+08	5.000000e+03	0
1.005025e-01	1.710689e-01	1.712139e-02	1.896131e+04	1.756794e+12	5.015126e+00	-4.216450e+08	5.000000e+03	0
1.055276e-01	1.796223e-01	1.991387e-02	1.894355e+04	1.751402e+12	5.304231e+00	-4.213216e+08	5.000000e+03	0
1.105528e-01	1.881758e-01	2.275798e-02	1.892559e+04	1.745951e+12	5.593239e+00	-4.209826e+08	5.000000e+03	0
1.155779e-01	1.967292e-01	2.609984e-02	1.890587e+04	1.739984e+12	5.881299e+00	-4.206280e+08	5.000000e+03	0
1.206030e-01	2.052827e-01	2.950393e-02	1.888593e+04	1.733952e+12	6.169241e+00	-4.202579e+08	5.000000e+03	0
1.256281e-01	2.138361e-01	3.344244e-02	1.886426e+04	1.727416e+12	6.456150e+00	-4.198723e+08	5.000000e+03	0
1.306533e-01	2.223896e-01	3.745467e-02	1.884235e+04	1.720810e+12	6.742917e+00	-4.194712e+08	5.000000e+03	0
1.356784e-01	2.309430e-01	4.203640e-02	1.881872e+04	1.713711e+12	7.028570e+00	-4.190547e+08	5.000000e+03	0
1.407035e-01	2.394965e-01	4.670421e-02	1.879483e+04	1.706538e+12	7.314054e+00	-4.186228e+08	5.000000e+03	0
1.457286e-01	2.480499e-01	5.197496e-02	1.876925e+04	1.698884e+12	7.598343e+00	-4.181755e+08	5.000000e+03	0
1.507538e-01	2.566033e-01	5.734501e-02	1.874339e+04	1.691150e+12	7.882436e+00	-4.177129e+08	5.000000e+03	0
1.557789e-01	2.651568e-01	6.334975e-02	1.871586e+04	1.682947e+12	8.165257e+00	-4.172350e+08	5.000000e+03	0
1.608040e-01	2.737102e-01	6.946782e-02	1.868802e+04	1.674661e+12	8.447851e+00	-4.167418e+08	5.000000e+03	0
1.658291e-01	2.822637e-01	7.625063e-02	1.865853e+04	1.665918e+12	8.729096e+00	-4.162335e+08	5.000000e+03	0
1.708543e-01	2.908171e-01	8.316158e-02	1.862873e+04	1.657087e+12	9.010082e+00	-4.157099e+08	5.000000e+03	0
1.758794e-01	2.993706e-01	9.076560e-02	1.859728e+04	1.647813e+12	9.289647e+00	-4.151713e+08	5.000000e+03	0
1.809045e-01	3.079240e-01	9.851331e-02	1.856550e+04	1.638447e+12	9.568917e+00	-4.146176e+08	5.000000e+03	0
1.859296e-01	3.164775e-01	1.069807e-01	1.853210e+04	1.628651e+12	9.846695e+00	-4.140489e+08	5.000000e+03	0
1.909548e-01	3.250309e-01	1.156079e-01	1.849835e+04	1.618759e+12	1.012414e+01	-4.134652e+08	5.000000e+03	0
1.959799e-01	3.335844e-01	1.249796e-01	1.846300e+04	1.608450e+12	1.040003e+01	-4.128667e+08	5.000000e+03	0
2.010050e-01	3.421378e-01	1.345282e-01	1.842727e+04	1.598042e+12	1.067554e+01	-4.122532e+08	5.000000e+03	0
2.060302e-01	3.506912e-01	1.448442e-01	1.838996e+04	1.587231e+12	1.094942e+01	-4.116250e+08	5.000000e+03	0
2.110553e-01	3.592447e-01	1.553545e-01	1.835225e+04	1.576317e+12	1.122290e+01	-4.109820e+08	5.000000e+03	0
2.160804e-01	3.677981e-01	1.666534e-01	1.831299e+04	1.565014e+12	1.149468e+01	-4.103243e+08	5.000000e+03	0
2.211055e-01	3.763516e-01	1.781647e-01	1.827331e+04	1.553606e+12	1.176600e+01	-4.096519e+08	5.000000e+03	0
2.261307e-01	3.849050e-01	1.904841e-01	1.823209e+04	1.541823e+12	1.203557e+01	-4.089650e+08	5.000000e+03	0
2.311558e-01	3.934585e-01	2.030344e-01	1.819044e+04	1.529932e+12	1.230463e+01	-4.082635e+08	5.000000e+03	0
2.361809e-01	4.020119e-01	2.164104e-01	1.814726e+04	1.517679e+12	1.257188e+01	-4.075477e+08	5.000000e+03	0
2.412060e-01	4.105654e-01	2.300362e-01	1.810363e+04	1.505318e+12	1.283858e+01	-4.068174e+08	5.000000e+03	0
2.462312e-01	4.191188e-01	2.445034e-01	1.805850e+04	1.492609e+12	1.310341e+01	-4.060729e+08	5.000000e+03	0
2.512563e-01	4.276722e-01	2.592398e-01	1.801288e+04	1.479789e+12	1.336763e+01	-4.053140e+08	5.000000e+03	0
2.562814e-01	4.362257e-01	2.748315e-01	1.796579e+04	1.466636e+12	1.362993e+01	-4.045410e+08	5.000000e+03	0
2.613065e-01	4.447791e-01	2.907122e-01	1.791819e+04	1.453370e+12	1.389157e+01	-4.037538e+08	5.000000e+03	0
2.663317e-01	4.533326e-01	3.074603e-01	1.786914e+04	1.439787e+12	1.415122e+01	-4.029526e+08	5.000000e+03	0
2.713568e-01	4.618860e-01	3.245172e-01	1.781956e+04	1.426090e+12	1.441017e+01	-4.021375e+08	5.000000e+03	0
2.763819e-01	4.704395e-01	3.424517e-01	1.776854e+04	1.412088e+12	1.466708e+01	-4.013093e+08	5.000000e+03	0
2.814070e-01	4.789929e-01	3.607153e-01	1.771698e+04	1.397974e+12	1.492323e+01	-4.004656e+08	5.000000e+03	0
2.864322e-01	4.875464e-01	3.798648e-01	1.766399e+04	1.383569e+12	1.517729e+01	-3.996091e+08	5.000000e+03	0
2.914573e-01	4.960998e-01	3.993636e-01	1.761044e+04	1.369051e+12	1.543052e+01	-3.987388e+08	5.000000e+03	0
2.964824e-01	5.046533e-01	4.197549e-01	1.755547e+04	1.354258e+12	1.568162e+01	-3.978550e+08	5.000000e+03	0
3.015075e-01	5.132067e-01	4.405159e-01	1.749993e+04	1.339351e+12	1.593184e+01	-3.969577e+08	5.000000e+03	0
3.065327e-01	5.217601e-01	4.621741e-01	1.744299e+04	1.324184e+12	1.617987e+01	-3.960470e+08	5.000000e+03	0
3.115578e-01	5.303136e-01	4.842223e-01	1.738545e+04	1.308904e+12	1.642696e+01	-3.951229e+08	5.000000e+03	0
3.165829e-01	5.388670e-01	5.071705e-01	1.732653e+04	1.293378e+12	1.667181e+01	-3.941857e+08	5.000000e+03	0
3.216080e-01	5.474205e-01	5.305290e-01	1.726699e+04	1.277741e+12	1.691566e+01	-3.932352e+08	5.000000e+03	0
3.266332e-01	5.559739e-01	5.547886e-01	1.720609e+04	1.261872e+12	1.715723e+01	-3.922718e+08	5.000000e+03	0
3.316583e-01	5.645274e-01	5.794785e-01	1.714453e+04	1.245893e+12	1.739772e+01	-3.912953e+08	5.000000e+03	0
3.366834e-01	5.730808e-01	6.050687e-01	1.708164e+04	1.229698e+12	1.763591e+01	-3.903059e+08	5.000000e+03	0
3.417085e-01	5.816343e-01	6.311091e-01	1.701807e+04	1.213394e+12	1.787294e+01	-3.893038e+08	5.000000e+03	0
3.467337e-01	5.901877e-01	6.580472e-01	1.695317e+04	1.196888e+12	1.810762e+01	-3.882890e+08	5.000000e+03	0
3.517588e-01	5.987411e-01	6.854549e-01	1.688758e+04	1.180277e+12	1.834107e+01	-3.872617e+08	5.000000e+03	0
3.567839e-01	6.072946e-01	7.137560e-01	1.682068e+04	1.163478e+12	1.857214e+01	-3.862218e+08	5.000000e+03	0
3.618090e-01	6.158480e-01	7.425457e-01	1.675306e+04	1.146576e+12	1.880191e+01	-3.851696e+08	5.000000e+03	0
3.668342e-01	6.244015e-01	7.722229e-01	1.668414e+04	1.129500e+12	1.902926e+01	-3.841050e+08	5.000000e+03	0
3.718593e-01	6.329549e-01	8.024070e-01	1.661447e+04	1.112326e+12	1.925523e+01	-3.830282e+08	5.000000e+03	0
3.768844e-01	6.415084e-01	8.334708e-01	1.654352e+04	1.094992e+12	1.947874e+01	-3.819395e+08	5.000000e+03	0
3.819095e-01	6.500618e-01	8.650595e-01	1.647181e+04	1.077562e+12	1.970080e+01	-3.808387e+08	5.000000e+03	0
3.869347e-01	6.586153e-01	8.975182e-01	1.639882e+04	1.059987e+12	1.992037e+01	-3.797260e+08	5.000000e+03	0
3.919598e-01	6.671687e-01	9.305189e-01	1.632503e+04	1.042322e+12	2.013840e+01	-3.786016e+08	5.000000e+03	0
3.969849e-01	6.757222e-01	9.643785e-01	1.624999e+04	1.024525e+12	2.035391e+01	-3.774656e+08	5.000000e+03	0
4.020101e-01	6.842756e-01	9.987964e-01	1.617413e+04	1.006641e+12	2.056779e+01	-3.763181e+08	5.000000e+03	0
4.070352e-01	6.928290e-01	1.034060e+00	1.609702e+04	9.886401e+11	2.077913e+01	-3.751591e+08	5.000000e+03	0
4.120603e-01	7.013825e-01	1.069898e+00	1.601906e+04	9.705586e+11	2.098875e+01	-3.739888e+08	5.000000e+03	0
4.170854e-01	7.099359e-01	1.106566e+00	1.593986e+04	9.523722e+11	2.119581e+01	-3.728074e+08	5.000000e+03	0
4.221106e-01	7.184894e-01	1.143823e+00	1.585979e+04	9.341117e+11	2.140105e+01	-3.716153e+08	5.000000e+03	0
4.271357e-01	7.270428e-01	1.181895e+00	1.577848e+04	9.157594e+11	2.160370e+01	-3.704114e+08	5.000000e+03	0
4.321608e-01	7.355963e-01	1.220568e+00	1.569628e+04	8.973396e+11	2.180445e+01	-3.691972e+08	5.000000e+03	0
4.371859e-01	7.441497e-01	1.250728e+00	1.382582e+04	8.832323e+11	2.184266e+01	-3.679724e+08	5.000000e+03	0
4.422111e-01	7.527032e-01	1.274351e+00	1.058224e+04	8.724364e+11	2.175606e+01	-3.667417e+08	5.000000e+03	0
4.472362e-01	7.612566e-01	1.298467e+00	9.119110e+03	8.617358e+11	2.167589e+01	-3.655123e+08	5.000000e+03	1
4.522613e-01	7.698100e-01	1.322978e+00	9.080330e+03	8.511115e+11	2.160085e+01	-3.642877e+08	5.000000e+03	1
4.572864e-01	7.783635e-01	1.347978e+00	9.041629e+03	8.405739e+11	2.153149e+01	-3.630677e+08	5.000000e+03	1
4.623116e-01	7.869169e-01	1.373384e+00	9.002992e+03	8.301086e+11	2.146688e+01	-3.618519e+08	5.000000e+03	1
4.673367e-01	7.954704e-01	1.399272e+00	8.964413e+03	8.197225e+11	2.140729e+01	-3.606402e+08	5.000000e+03	1
4.723618e-01	8.040238e-01	1.425578e+00	8.925883e+03	8.094052e+11	2.135208e+01	-3.594321e+08	5.000000e+03	1
4.773869e-01	8.125773e-01	1.452361e+00	8.887390e+03	7.991604e+11	2.130133e+01	-3.582275e+08	5.000000e+03	1
4.824121e-01	8.211307e-01	1.479574e+00	8.848931e+03	7.889813e+11	2.125461e+01	-3.570260e+08	5.000000e+03	1
4.874372e-01	8.296842e-01	1.507256e+00	8.810491e+03	7.788689e+11	2.121184e+01	-3.558277e+08	5.000000e+03	1
4.924623e-01	8.382376e-01	1.535379e+00	8.772071e+03	7.688192e+11	2.117279e+01	-3.546320e+08	5.000000e+03	1
4.974874e-01	8.467911e-01	1.563964e+00	8.733655e+03	7.588311e+11	2.113724e+01	-3.534389e+08	5.000000e+03	1
5.025126e-01	8.553445e-01	1.593002e+00	8.695244e+03	7.489033e+11	2.110511e+01	-3.522482e+08	5.000000e+03	1
5.075377e-01	8.638979e-01	1.622493e+00	8.656823e+03	7.390325e+11	2.107608e+01	-3.510596e+08	5.000000e+03	1
5.125628e-01	8.724514e-01	1.652448e+00	8.618393e+03	7.292198e+11	2.105020e+01	-3.498729e+08	5.000000e+03	1
5.175879e-01	8.810048e-01	1.682849e+00	8.579942e+03	7.194600e+11	2.102705e+01	-3.486881e+08	5.000000e+03	1
5.226131e-01	8.895583e-01	1.713722e+00	8.541467e+03	7.097565e+11	2.100681e+01	-3.475049e+08	5.000000e+03	1
5.276382e-01	8.981117e-01	1.745033e+00	8.502961e+03	7.001023e+11	2.098897e+01	-3.463232e+08	5.000000e+03	1
5.326633e-01	9.066652e-01	1.776827e+00	8.464418e+03	6.905028e+11	2.097381e+01	-3.451429e+08	5.000000e+03	1
5.376884e-01	9.152186e-01	1.809050e+00	8.425834e+03	6.809494e+11	2.096076e+01	-3.439637e+08	5.000000e+03	1
5.427136e-01	9.237721e-01	1.841764e+00	8.387201e+03	6.714494e+11	2.095016e+01	-3.427856e+08	5.000000e+03	1
5.477387e-01	9.323255e-01	1.874898e+00	8.348517e+03	6.619928e+11	2.094143e+01	-3.416085e+08	5.000000e+03	1
5.527638e-01	9.408789e-01	1.908533e+00	8.309772e+03	6.525883e+11	2.093494e+01	-3.404321e+08	5.000000e+03	1
5.577889e-01	9.494324e-01	1.942576e+00	8.270969e+03	6.432248e+11	2.093007e+01	-3.392565e+08	5.000000e+03	1
5.628141e-01	9.579858e-01	1.977130e+00	8.232093e+03	6.339126e+11	2.092725e+01	-3.380815e+08	5.000000e+03	1
5.678392e-01	9.665393e-01	2.012082e+00	8.193151e+03	6.246391e+11	2.092586e+01	-3.369070e+08	5.000000e+03	1
5.728643e-01	9.750927e-01	2.047552e+00	8.154124e+03	6.154163e+11	2.092632e+01	-3.357328e+08	5.000000e+03	1
5.778894e-01	9.836462e-01	2.083410e+00	8.115026e+03	6.062304e+11	2.092802e+01	-3.345590e+08	5.000000e+03	1
5.829146e-01	9.921996e-01	2.119793e+00	8.075831e+03	5.970946e+11	2.093141e+01	-3.333854e+08	5.000000e+03	1
5.879397e-01	1.000753e+00	2.156553e+00	8.036559e+03	5.879940e+11	2.093586e+01	-3.322119e+08	5.000000e+03	1
5.929648e-01	1.009307e+00	2.193845e+00	7.997178e+03	5.789433e+11	2.094184e+01	-3.310384e+08	5.000000e+03	1
5.979899e-01	1.017860e+00	2.231502e+00	7.957715e+03	5.699262e+11	2.094873e+01	-3.298651e+08	5.000000e+03	1
6.030151e-01	1.026413e+00	2.269698e+00	7.918132e+03	5.609590e+11	2.095699e+01	-3.286915e+08	5.000000e+03	1
6.080402e-01	1.034967e+00	2.308248e+00	7.878464e+03	5.520242e+11	2.096603e+01	-3.275179e+08	5.000000e+03	1
6.130653e-01	1.043520e+00	2.347341e+00	7.838663e+03	5.431392e+11	2.097628e+01	-3.263439e+08	5.000000e+03	1
6.180905e-01	1.052074e+00	2.386776e+00	7.798772e+03	5.342854e+11	2.098720e+01	-3.251700e+08	5.000000e+03	1
6.231156e-01	1.060627e+00	2.426759e+00	7.758738e+03	5.254818e+11	2.099918e+01	-3.239955e+08	5.000000e+03	1
6.281407e-01	1.069181e+00	2.467072e+00	7.718611e+03	5.167084e+11	2.101172e+01	-3.228207e+08	5.000000e+03	1
6.331658e-01	1.077734e+00	2.507938e+00	7.678328e+03	5.079856e+11	2.102520e+01	-3.216456e+08	5.000000e+03	1
6.381910e-01	1.086288e+00	2.549121e+00	7.637950e+03	4.992921e+11	2.103912e+01	-3.204699e+08	5.000000e+03	1
6.432161e-01	1.094841e+00	2.590859e+00	7.597403e+03	4.906497e+11	2.105385e+01	-3.192938e+08	5.000000e+03	1
6.482412e-01	1.103394e+00	2.632901e+00	7.556759e+03	4.820358e+11	2.106895e+01	-3.181172e+08	5.000000e+03	1
6.532663e-01	1.111948e+00	2.675502e+00	7.515935e+03	4.734738e+11	2.108472e+01	-3.169400e+08	5.000000e+03	1
6.582915e-01	1.120501e+00	2.718394e+00	7.475010e+03	4.649395e+11	2.110078e+01	-3.157622e+08	5.000000e+03	1
6.633166e-01	1.129055e+00	2.761845e+00	7.433893e+03	4.564580e+11	2.111739e+01	-3.145837e+08	5.000000e+03	1
6.683417e-01	1.137608e+00	2.805575e+00	7.392673e+03	4.480036e+11	2.113422e+01	-3.134048e+08	5.000000e+03	1
6.733668e-01	1.146162e+00	2.849863e+00	7.351249e+03	4.396031e+11	2.115149e+01	-3.122251e+08	5.000000e+03	1
6.783920e-01	1.154715e+00	2.894418e+00	7.309721e+03	4.312290e+11	2.116891e+01	-3.110447e+08	5.000000e+03	1
6.834171e-01	1.163269e+00	2.939531e+00	7.267974e+03	4.229100e+11	2.118665e+01	-3.098636e+08	5.000000e+03	1
6.884422e-01	1.171822e+00	2.984897e+00	7.226122e+03	4.146167e+11	2.120449e+01	-3.086818e+08	5.000000e+03	1
6.934673e-01	1.180375e+00	3.030818e+00	7.184039e+03	4.063800e+11	2.122254e+01	-3.074993e+08	5.000000e+03	1
6.984925e-01	1.188929e+00	3.076980e+00	7.141848e+03	3.981686e+11	2.124064e+01	-3.063161e+08	5.000000e+03	1
7.035176e-01	1.197482e+00	3.123694e+00	7.099412e+03	3.900151e+11	2.125885e+01	-3.051321e+08	5.000000e+03	1
7.085427e-01	1.206036e+00	3.170635e+00	7.056868e+03	3.818863e+11	2.127705e+01	-3.039474e+08	5.000000e+03	1
7.135678e-01	1.214589e+00	3.218124e+00	7.014064e+03	3.738172e+11	2.129526e+01	-3.027619e+08	5.000000e+03	1
7.185930e-01	1.223143e+00	3.265826e+00	6.971151e+03	3.657722e+11	2.131343e+01	-3.015757e+08	5.000000e+03	1
7.236181e-01	1.231696e+00	3.314071e+00	6.927962e+03	3.577887e+11	2.133150e+01	-3.003887e+08	5.000000e+03	1
7.286432e-01	1.240250e+00	3.362516e+00	6.884663e+03	3.498288e+11	2.134950e+01	-2.992010e+08	5.000000e+03	1
7.336683e-01	1.248803e+00	3.411497e+00	6.841073e+03	3.419323e+11	2.136730e+01	-2.980125e+08	5.000000e+03	1
7.386935e-01	1.257356e+00	3.460664e+00	6.797372e+03	3.340590e+11	2.138499e+01	-2.968233e+08	5.000000e+03	1
7.437186e-01	1.265910e+00	3.510358e+00	6.753361e+03	3.262509e+11	2.140238e+01	-2.956333e+08	5.000000e+03	1
7.487437e-01	1.274463e+00	3.560226e+00	6.709240e+03	3.184657e+11	2.141964e+01	-2.944428e+08	5.000000e+03	1
7.537688e-01	1.283017e+00	3.610610e+00	6.664792e+03	3.107479e+11	2.143651e+01	-2.932514e+08	5.000000e+03	1
7.587940e-01	1.291570e+00	3.661155e+00	6.620231e+03	3.030524e+11	2.145322e+01	-2.920593e+08	5.000000e+03	1
7.638191e-01	1.300124e+00	3.712205e+00	6.575324e+03	2.954266e+11	2.146944e+01	-2.908666e+08	5.000000e+03	1
7.688442e-01	1.308677e+00	3.763403e+00	6.530305e+03	2.878226e+11	2.148549e+01	-2.896732e+08	5.000000e+03	1
7.738693e-01	1.317231e+00	3.815091e+00	6.484918e+03	2.802906e+11	2.150095e+01	-2.884792e+08	5.000000e+03	1
7.788945e-01	1.325784e+00	3.866916e+00	6.439418e+03	2.727801e+11	2.151622e+01	-2.872846e+08	5.000000e+03	1
7.839196e-01	1.334337e+00	3.919215e+00	6.393528e+03	2.653441e+11	2.153081e+01	-2.860892e+08	5.000000e+03	1
7.889447e-01	1.342891e+00	3.971637e+00	6.347525e+03	2.579289e+11	2.154520e+01	-2.848934e+08	5.000000e+03	1
7.939698e-01	1.351444e+00	4.024518e+00	6.301107e+03	2.505910e+11	2.155881e+01	-2.836970e+08	5.000000e+03	1
7.989950e-01	1.359998e+00	4.077509e+00	6.254576e+03	2.432734e+11	2.157221e+01	-2.825000e+08	5.000000e+03	1
8.040201e-01	1.368551e+00	4.130938e+00	6.207603e+03	2.360358e+11	2.158474e+01	-2.813026e+08	5.000000e+03	1
8.090452e-01	1.377105e+00	4.184466e+00	6.160518e+03	2.288179e+11	2.159704e+01	-2.801047e+08	5.000000e+03	1
8.140704e-01	1.385658e+00	4.238411e+00	6.112960e+03	2.216830e+11	2.160838e+01	-2.789063e+08	5.000000e+03	1
8.190955e-01	1.394212e+00	4.292443e+00	6.065290e+03	2.145672e+11	2.161949e+01	-2.777076e+08	5.000000e+03	1
8.241206e-01	1.402765e+00	4.346867e+00	6.017116e+03	2.075374e+11	2.162954e+01	-2.765084e+08	5.000000e+03	1
8.291457e-01	1.411318e+00	4.401367e+00	5.968830e+03	2.005261e+11	2.163936e+01	-2.753089e+08	5.000000e+03	1
8.341709e-01	1.419872e+00	4.456232e+00	5.920003e+03	1.936040e+11	2.164803e+01	-2.741091e+08	5.000000e+03	1
8.391960e-01	1.428425e+00	4.511162e+00	5.871065e+03	1.866998e+11	2.165645e+01	-2.729090e+08	5.000000e+03	1
8.442211e-01	1.436979e+00	4.566429e+00	5.821547e+03	1.798881e+11	2.166363e+01	-2.717087e+08	5.000000e+03	1
8.492462e-01	1.445532e+00	4.621750e+00	5.771917e+03	1.730936e+11	2.167056e+01	-2.705082e+08	5.000000e+03	1
8.542714e-01	1.454086e+00	4.677374e+00	5.721662e+03	1.663951e+11	2.167615e+01	-2.693075e+08	5.000000e+03	1
8.592965e-01	1.462639e+00	4.733043e+00	5.671297e+03	1.597130e+11	2.168150e+01	-2.681067e+08	5.000000e+03	1
8.643216e-01	1.471193e+00	4.788980e+00	5.620257e+03	1.531306e+11	2.168540e+01	-2.669059e+08	5.000000e+03	1
8.693467e-01	1.479746e+00	4.844951e+00	5.569107e+03	1.465639e+11	2.168906e+01	-2.657050e+08	5.000000e+03	1
8.743719e-01	1.488299e+00	4.901151e+00	5.517225e+03	1.401007e+11	2.169117e+01	-2.645042e+08	5.000000e+03	1
8.793970e-01	1.496853e+00	4.957378e+00	5.465234e+03	1.336524e+11	2.169305e+01	-2.633034e+08	5.000000e+03	1
8.844221e-01	1.505406e+00	5.013790e+00	5.412447e+03	1.273115e+11	2.169326e+01	-2.621028e+08	5.000000e+03	1
8.894472e-01	1.513960e+00	5.070220e+00	5.359552e+03	1.209847e+11	2.169325e+01	-2.609023e+08	5.000000e+03	1
8.944724e-01	1.522513e+00	5.126788e+00	5.305786e+03	1.147696e+11	2.169146e+01	-2.597021e+08	5.000000e+03	1
8.994975e-01	1.531067e+00	5.183366e+00	5.251914e+03	1.085676e+11	2.168945e+01	-2.585021e+08	5.000000e+03	1
9.045226e-01	1.539620e+00	5.240032e+00	5.197085e+03	1.024819e+11	2.168555e+01	-2.573025e+08	5.000000e+03	1
9.095477e-01	1.548174e+00	5.296700e+00	5.142151e+03	9.640817e+10	2.168144e+01	-2.561032e+08	5.000000e+03	1
9.145729e-01	1.556727e+00	5.353399e+00	5.086161e+03	9.045542e+10	2.167530e+01	-2.549045e+08	5.000000e+03	1
9.195980e-01	1.565280e+00	5.410094e+00	5.030067e+03	8.451375e+10	2.166897e+01	-2.537062e+08	5.000000e+03	1
9.246231e-01	1.573834e+00	5.466757e+00	4.972798e+03	7.869801e+10	2.166048e+01	-2.525086e+08	5.000000e+03	1
9.296482e-01	1.582387e+00	5.523411e+00	4.915428e+03	7.289226e+10	2.165182e+01	-2.513116e+08	5.000000e+03	1
9.346734e-01	1.590941e+00	5.579964e+00	4.856741e+03	6.721778e+10	2.164084e+01	-2.501152e+08	5.000000e+03	1
9.396985e-01	1.599494e+00	5.636504e+00	4.797957e+03	6.155214e+10	2.162971e+01	-2.489196e+08	5.000000e+03	1
9.447236e-01	1.608048e+00	5.692864e+00	4.737681e+03	5.602351e+10	2.161611e+01	-2.477249e+08	5.000000e+03	1
9.497487e-01	1.616601e+00	5.749211e+00	4.677315e+03	5.050250e+10	2.160236e+01	-2.465310e+08	5.000000e+03	1
9.547739e-01	1.625155e+00	5.805290e+00	4.615242e+03	4.512471e+10	2.158598e+01	-2.453383e+08	5.000000e+03	1
9.597990e-01	1.633708e+00	5.861354e+00	4.553085e+03	3.975324e+10	2.156947e+01	-2.441466e+08	5.000000e+03	1
9.648241e-01	1.642261e+00	5.917054e+00	4.488950e+03	3.453178e+10	2.155013e+01	-2.429560e+08	5.000000e+03	1
9.698492e-01	1.650815e+00	5.972740e+00	4.424741e+03	2.931525e+10	2.153069e+01	-2.417666e+08	5.000000e+03	1
9.748744e-01	1.659368e+00	6.027950e+00	4.358201e+03	2.425627e+10	2.150819e+01	-2.405786e+08	5.000000e+03	1
9.798995e-01	1.667922e+00	6.083148e+00	4.291602e+03	1.920072e+10	2.148562e+01	-2.393919e+08	5.000000e+03	1
9.849246e-01	1.676475e+00	6.137743e+00	4.222196e+03	1.431122e+10	2.145973e+01	-2.382067e+08	5.000000e+03	1
9.899497e-01	1.685029e+00	6.192331e+00	4.152720e+03	9.423525e+09	2.143381e+01	-2.370231e+08	5.000000e+03	1
9.949749e-01	1.693582e+00	6.246165e+00	4.076360e+03	4.711763e+09	2.140427e+01	-2.358412e+08	5.000000e+03	1
1.000000e+00	1.702136e+00	6.300000e+00	4.000000e+03	0.000000e+00	2.137472e+01	-2.346613e+08	3.000000e+02	1
