#R=0.87794183287374117
#a=1.0
#interptype='linear'
#name='planet'
#norm={'P': 1000000000000.0, 'R': 0.87794183287374117, 'M': 0.90000000000000002, 'g': 11.47781383528098, 'rho': 4000.0}
#state=1
#composition
#layer0		Fe08FeS02		0.700000
#layer1		pv_fmw		0.300000
#Cols=
 #'ur		r		mr		rho		P		g		phi		T		composition'
#-end-
0.000000e+00	0.000000e+00	6.659292e-12	1.247527e+04	3.968503e+11	0.000000e+00	-1.101202e+08	5.000000e+03	0
5.025126e-03	4.411768e-03	2.580352e-07	1.247546e+04	3.968757e+11	-1.529880e-02	-1.101189e+08	5.000000e+03	0
1.005025e-02	8.823536e-03	1.551612e-06	1.247540e+04	3.968666e+11	8.085007e-02	-1.101147e+08	5.000000e+03	0
1.507538e-02	1.323530e-02	5.417078e-06	1.247504e+04	3.968193e+11	1.790507e-01	-1.101078e+08	5.000000e+03	0
2.010050e-02	1.764707e-02	1.239175e-05	1.247445e+04	3.967414e+11	2.773017e-01	-1.100982e+08	5.000000e+03	0
2.512563e-02	2.205884e-02	2.449756e-05	1.247358e+04	3.966255e+11	3.755541e-01	-1.100858e+08	5.000000e+03	0
3.015075e-02	2.647061e-02	4.179530e-05	1.247248e+04	3.964790e+11	4.737958e-01	-1.100707e+08	5.000000e+03	0
3.517588e-02	3.088238e-02	6.677093e-05	1.247109e+04	3.962945e+11	5.720182e-01	-1.100528e+08	5.000000e+03	0
4.020101e-02	3.529414e-02	9.902923e-05	1.246947e+04	3.960793e+11	6.702212e-01	-1.100322e+08	5.000000e+03	0
4.522613e-02	3.970591e-02	1.414985e-04	1.246756e+04	3.958263e+11	7.683961e-01	-1.100088e+08	5.000000e+03	0
5.025126e-02	4.411768e-02	1.933481e-04	1.246543e+04	3.955426e+11	8.665446e-01	-1.099826e+08	5.000000e+03	0
5.527638e-02	4.852945e-02	2.579266e-04	1.246300e+04	3.952213e+11	9.646569e-01	-1.099537e+08	5.000000e+03	0
6.030151e-02	5.294122e-02	3.339892e-04	1.246035e+04	3.948691e+11	1.062736e+00	-1.099221e+08	5.000000e+03	0
6.532663e-02	5.735298e-02	4.252825e-04	1.245741e+04	3.944795e+11	1.160771e+00	-1.098877e+08	5.000000e+03	0
7.035176e-02	6.176475e-02	5.301683e-04	1.245424e+04	3.940590e+11	1.258767e+00	-1.098506e+08	5.000000e+03	0
7.537688e-02	6.617652e-02	6.527692e-04	1.245078e+04	3.936013e+11	1.356710e+00	-1.098107e+08	5.000000e+03	0
8.040201e-02	7.058829e-02	7.910746e-04	1.244709e+04	3.931127e+11	1.454607e+00	-1.097681e+08	5.000000e+03	0
8.542714e-02	7.500006e-02	9.495609e-04	1.244311e+04	3.925871e+11	1.552444e+00	-1.097227e+08	5.000000e+03	0
9.045226e-02	7.941182e-02	1.125866e-03	1.243890e+04	3.920306e+11	1.650228e+00	-1.096746e+08	5.000000e+03	0
9.547739e-02	8.382359e-02	1.324799e-03	1.243441e+04	3.914372e+11	1.747944e+00	-1.096238e+08	5.000000e+03	0
1.005025e-01	8.823536e-02	1.543667e-03	1.242968e+04	3.908130e+11	1.845600e+00	-1.095702e+08	5.000000e+03	0
1.055276e-01	9.264713e-02	1.787586e-03	1.242466e+04	3.901521e+11	1.943180e+00	-1.095139e+08	5.000000e+03	0
1.105528e-01	9.705890e-02	2.053557e-03	1.241941e+04	3.894605e+11	2.040694e+00	-1.094549e+08	5.000000e+03	0
1.155779e-01	1.014707e-01	2.346983e-03	1.241388e+04	3.887324e+11	2.138124e+00	-1.093931e+08	5.000000e+03	0
1.206030e-01	1.058824e-01	2.664576e-03	1.240811e+04	3.879736e+11	2.235480e+00	-1.093286e+08	5.000000e+03	0
1.256281e-01	1.102942e-01	3.012002e-03	1.240205e+04	3.871786e+11	2.332745e+00	-1.092614e+08	5.000000e+03	0
1.306533e-01	1.147060e-01	3.385710e-03	1.239576e+04	3.863530e+11	2.429929e+00	-1.091915e+08	5.000000e+03	0
1.356784e-01	1.191177e-01	3.791605e-03	1.238918e+04	3.854913e+11	2.527014e+00	-1.091188e+08	5.000000e+03	0
1.407035e-01	1.235295e-01	4.225893e-03	1.238237e+04	3.845992e+11	2.624012e+00	-1.090434e+08	5.000000e+03	0
1.457286e-01	1.279413e-01	4.694696e-03	1.237527e+04	3.836712e+11	2.720903e+00	-1.089653e+08	5.000000e+03	0
1.507538e-01	1.323530e-01	5.193998e-03	1.236793e+04	3.827129e+11	2.817699e+00	-1.088845e+08	5.000000e+03	0
1.557789e-01	1.367648e-01	5.730117e-03	1.236031e+04	3.817191e+11	2.914380e+00	-1.088010e+08	5.000000e+03	0
1.608040e-01	1.411766e-01	6.298837e-03	1.235244e+04	3.806950e+11	3.010960e+00	-1.087148e+08	5.000000e+03	0
1.658291e-01	1.455883e-01	6.906646e-03	1.234429e+04	3.796357e+11	3.107417e+00	-1.086258e+08	5.000000e+03	0
1.708543e-01	1.500001e-01	7.549151e-03	1.233590e+04	3.785462e+11	3.203765e+00	-1.085342e+08	5.000000e+03	0
1.758794e-01	1.544119e-01	8.232988e-03	1.232723e+04	3.774218e+11	3.299983e+00	-1.084399e+08	5.000000e+03	0
1.809045e-01	1.588236e-01	8.953607e-03	1.231831e+04	3.762673e+11	3.396085e+00	-1.083429e+08	5.000000e+03	0
1.859296e-01	1.632354e-01	9.717772e-03	1.230911e+04	3.750784e+11	3.492050e+00	-1.082431e+08	5.000000e+03	0
1.909548e-01	1.676472e-01	1.052080e-02	1.229967e+04	3.738594e+11	3.587890e+00	-1.081407e+08	5.000000e+03	0
1.959799e-01	1.720590e-01	1.136955e-02	1.228994e+04	3.726063e+11	3.683586e+00	-1.080357e+08	5.000000e+03	0
2.010050e-01	1.764707e-01	1.225922e-02	1.227997e+04	3.713234e+11	3.779150e+00	-1.079279e+08	5.000000e+03	0
2.060302e-01	1.808825e-01	1.319678e-02	1.226971e+04	3.700067e+11	3.874562e+00	-1.078175e+08	5.000000e+03	0
2.110553e-01	1.852943e-01	1.417731e-02	1.225920e+04	3.686603e+11	3.969835e+00	-1.077044e+08	5.000000e+03	0
2.160804e-01	1.897060e-01	1.520784e-02	1.224841e+04	3.672805e+11	4.064948e+00	-1.075886e+08	5.000000e+03	0
2.211055e-01	1.941178e-01	1.628338e-02	1.223737e+04	3.658712e+11	4.159915e+00	-1.074702e+08	5.000000e+03	0
2.261307e-01	1.985296e-01	1.741100e-02	1.222605e+04	3.644288e+11	4.254713e+00	-1.073491e+08	5.000000e+03	0
2.311558e-01	2.029413e-01	1.858566e-02	1.221448e+04	3.629573e+11	4.349359e+00	-1.072254e+08	5.000000e+03	0
2.361809e-01	2.073531e-01	1.981444e-02	1.220262e+04	3.614529e+11	4.443828e+00	-1.070990e+08	5.000000e+03	0
2.412060e-01	2.117649e-01	2.109228e-02	1.219051e+04	3.599196e+11	4.538137e+00	-1.069699e+08	5.000000e+03	0
2.462312e-01	2.161766e-01	2.242624e-02	1.217811e+04	3.583539e+11	4.632262e+00	-1.068383e+08	5.000000e+03	0
2.512563e-01	2.205884e-01	2.381125e-02	1.216546e+04	3.567595e+11	4.726218e+00	-1.067040e+08	5.000000e+03	0
2.562814e-01	2.250002e-01	2.525435e-02	1.215253e+04	3.551331e+11	4.819983e+00	-1.065671e+08	5.000000e+03	0
2.613065e-01	2.294119e-01	2.675048e-02	1.213934e+04	3.534782e+11	4.913572e+00	-1.064275e+08	5.000000e+03	0
2.663317e-01	2.338237e-01	2.830662e-02	1.212587e+04	3.517918e+11	5.006962e+00	-1.062853e+08	5.000000e+03	0
2.713568e-01	2.382355e-01	2.991775e-02	1.211214e+04	3.500772e+11	5.100169e+00	-1.061405e+08	5.000000e+03	0
2.763819e-01	2.426472e-01	3.159078e-02	1.209812e+04	3.483314e+11	5.193168e+00	-1.059932e+08	5.000000e+03	0
2.814070e-01	2.470590e-01	3.332072e-02	1.208384e+04	3.465577e+11	5.285976e+00	-1.058432e+08	5.000000e+03	0
2.864322e-01	2.514708e-01	3.511441e-02	1.206928e+04	3.447533e+11	5.378569e+00	-1.056906e+08	5.000000e+03	0
2.914573e-01	2.558825e-01	3.696694e-02	1.205445e+04	3.429213e+11	5.470963e+00	-1.055354e+08	5.000000e+03	0
2.964824e-01	2.602943e-01	3.888500e-02	1.203934e+04	3.410590e+11	5.563134e+00	-1.053776e+08	5.000000e+03	0
3.015075e-01	2.647061e-01	4.086378e-02	1.202397e+04	3.391694e+11	5.655098e+00	-1.052173e+08	5.000000e+03	0
3.065327e-01	2.691178e-01	4.290986e-02	1.200830e+04	3.372500e+11	5.746832e+00	-1.050544e+08	5.000000e+03	0
3.115578e-01	2.735296e-01	4.501852e-02	1.199238e+04	3.353036e+11	5.838351e+00	-1.048889e+08	5.000000e+03	0
3.165829e-01	2.779414e-01	4.719619e-02	1.197616e+04	3.333279e+11	5.929632e+00	-1.047209e+08	5.000000e+03	0
3.216080e-01	2.823532e-01	4.943828e-02	1.195968e+04	3.313255e+11	6.020689e+00	-1.045503e+08	5.000000e+03	0
3.266332e-01	2.867649e-01	5.175103e-02	1.194290e+04	3.292944e+11	6.111500e+00	-1.043771e+08	5.000000e+03	0
3.316583e-01	2.911767e-01	5.413000e-02	1.192586e+04	3.272368e+11	6.202081e+00	-1.042015e+08	5.000000e+03	0
3.366834e-01	2.955885e-01	5.658126e-02	1.190853e+04	3.251511e+11	6.292407e+00	-1.040232e+08	5.000000e+03	0
3.417085e-01	3.000002e-01	5.910051e-02	1.189092e+04	3.230392e+11	6.382493e+00	-1.038425e+08	5.000000e+03	0
3.467337e-01	3.044120e-01	6.169361e-02	1.187303e+04	3.208997e+11	6.472319e+00	-1.036593e+08	5.000000e+03	0
3.517588e-01	3.088238e-01	6.435645e-02	1.185486e+04	3.187345e+11	6.561895e+00	-1.034735e+08	5.000000e+03	0
3.567839e-01	3.132355e-01	6.709464e-02	1.183640e+04	3.165421e+11	6.651203e+00	-1.032852e+08	5.000000e+03	0
3.618090e-01	3.176473e-01	6.990428e-02	1.181766e+04	3.143244e+11	6.740254e+00	-1.030945e+08	5.000000e+03	0
3.668342e-01	3.220591e-01	7.279075e-02	1.179862e+04	3.120801e+11	6.829028e+00	-1.029012e+08	5.000000e+03	0
3.718593e-01	3.264708e-01	7.575033e-02	1.177931e+04	3.098109e+11	6.917536e+00	-1.027055e+08	5.000000e+03	0
3.768844e-01	3.308826e-01	7.878814e-02	1.175970e+04	3.075156e+11	7.005759e+00	-1.025072e+08	5.000000e+03	0
3.819095e-01	3.352944e-01	8.190071e-02	1.173981e+04	3.051958e+11	7.093709e+00	-1.023066e+08	5.000000e+03	0
3.869347e-01	3.397061e-01	8.509286e-02	1.171963e+04	3.028505e+11	7.181365e+00	-1.021034e+08	5.000000e+03	0
3.919598e-01	3.441179e-01	8.836136e-02	1.169915e+04	3.004812e+11	7.268738e+00	-1.018979e+08	5.000000e+03	0
3.969849e-01	3.485297e-01	9.171074e-02	1.167838e+04	2.980869e+11	7.355811e+00	-1.016898e+08	5.000000e+03	0
4.020101e-01	3.529414e-01	9.513802e-02	1.165733e+04	2.956691e+11	7.442592e+00	-1.014794e+08	5.000000e+03	0
4.070352e-01	3.573532e-01	9.864743e-02	1.163597e+04	2.932268e+11	7.529063e+00	-1.012665e+08	5.000000e+03	0
4.120603e-01	3.617650e-01	1.022362e-01	1.161432e+04	2.907615e+11	7.615234e+00	-1.010512e+08	5.000000e+03	0
4.170854e-01	3.661767e-01	1.059084e-01	1.159237e+04	2.882723e+11	7.701088e+00	-1.008335e+08	5.000000e+03	0
4.221106e-01	3.705885e-01	1.096614e-01	1.157012e+04	2.857606e+11	7.786632e+00	-1.006134e+08	5.000000e+03	0
4.271357e-01	3.750003e-01	1.134988e-01	1.154757e+04	2.832256e+11	7.871850e+00	-1.003909e+08	5.000000e+03	0
4.321608e-01	3.794120e-01	1.174185e-01	1.152473e+04	2.806685e+11	7.956750e+00	-1.001660e+08	5.000000e+03	0
4.371859e-01	3.838238e-01	1.214237e-01	1.150158e+04	2.780889e+11	8.041316e+00	-9.993873e+07	5.000000e+03	0
4.422111e-01	3.882356e-01	1.255126e-01	1.147812e+04	2.754876e+11	8.125553e+00	-9.970912e+07	5.000000e+03	0
4.472362e-01	3.926474e-01	1.296880e-01	1.145436e+04	2.728643e+11	8.209448e+00	-9.947716e+07	5.000000e+03	0
4.522613e-01	3.970591e-01	1.339483e-01	1.143029e+04	2.702200e+11	8.293005e+00	-9.924284e+07	5.000000e+03	0
4.572864e-01	4.014709e-01	1.382961e-01	1.140592e+04	2.675544e+11	8.376212e+00	-9.900620e+07	5.000000e+03	0
4.623116e-01	4.058827e-01	1.427301e-01	1.138123e+04	2.648682e+11	8.459072e+00	-9.876724e+07	5.000000e+03	0
4.673367e-01	4.102944e-01	1.472524e-01	1.135623e+04	2.621613e+11	8.541572e+00	-9.852595e+07	5.000000e+03	0
4.723618e-01	4.147062e-01	1.518621e-01	1.133092e+04	2.594345e+11	8.623715e+00	-9.828237e+07	5.000000e+03	0
4.773869e-01	4.191180e-01	1.565610e-01	1.130529e+04	2.566876e+11	8.705491e+00	-9.803649e+07	5.000000e+03	0
4.824121e-01	4.235297e-01	1.613484e-01	1.127934e+04	2.539213e+11	8.786898e+00	-9.778833e+07	5.000000e+03	0
4.874372e-01	4.279415e-01	1.662257e-01	1.125307e+04	2.511357e+11	8.867931e+00	-9.753790e+07	5.000000e+03	0
4.924623e-01	4.323533e-01	1.711926e-01	1.122649e+04	2.483313e+11	8.948585e+00	-9.728520e+07	5.000000e+03	0
4.974874e-01	4.367650e-01	1.762500e-01	1.119957e+04	2.455082e+11	9.028854e+00	-9.703025e+07	5.000000e+03	0
5.025126e-01	4.411768e-01	1.813981e-01	1.117234e+04	2.426668e+11	9.108736e+00	-9.677306e+07	5.000000e+03	0
5.075377e-01	4.455886e-01	1.866373e-01	1.114477e+04	2.398075e+11	9.188224e+00	-9.651364e+07	5.000000e+03	0
5.125628e-01	4.500003e-01	1.919682e-01	1.111688e+04	2.369306e+11	9.267313e+00	-9.625200e+07	5.000000e+03	0
5.175879e-01	4.544121e-01	1.973906e-01	1.108865e+04	2.340364e+11	9.346000e+00	-9.598816e+07	5.000000e+03	0
5.226131e-01	4.588239e-01	2.029056e-01	1.106009e+04	2.311252e+11	9.424277e+00	-9.572212e+07	5.000000e+03	0
5.276382e-01	4.632356e-01	2.085126e-01	1.103119e+04	2.281975e+11	9.502143e+00	-9.545390e+07	5.000000e+03	0
5.326633e-01	4.676474e-01	2.142130e-01	1.100195e+04	2.252535e+11	9.579588e+00	-9.518350e+07	5.000000e+03	0
5.376884e-01	4.720592e-01	2.200058e-01	1.097237e+04	2.222936e+11	9.656612e+00	-9.491094e+07	5.000000e+03	0
5.427136e-01	4.764709e-01	2.258926e-01	1.094244e+04	2.193181e+11	9.733205e+00	-9.463624e+07	5.000000e+03	0
5.477387e-01	4.808827e-01	2.318721e-01	1.091217e+04	2.163275e+11	9.809368e+00	-9.435939e+07	5.000000e+03	0
5.527638e-01	4.852945e-01	2.379464e-01	1.088154e+04	2.133219e+11	9.885087e+00	-9.408043e+07	5.000000e+03	0
5.577889e-01	4.897062e-01	2.441135e-01	1.085057e+04	2.103020e+11	9.960367e+00	-9.379934e+07	5.000000e+03	0
5.628141e-01	4.941180e-01	2.503760e-01	1.081923e+04	2.072678e+11	1.003519e+01	-9.351617e+07	5.000000e+03	0
5.678392e-01	4.985298e-01	2.567314e-01	1.078754e+04	2.042201e+11	1.010957e+01	-9.323091e+07	5.000000e+03	0
5.728643e-01	5.029416e-01	2.631826e-01	1.075548e+04	2.011587e+11	1.018348e+01	-9.294357e+07	5.000000e+03	0
5.778894e-01	5.073533e-01	2.697269e-01	1.072306e+04	1.980846e+11	1.025693e+01	-9.265417e+07	5.000000e+03	0
5.829146e-01	5.117651e-01	2.763674e-01	1.069026e+04	1.949976e+11	1.032990e+01	-9.236272e+07	5.000000e+03	0
5.879397e-01	5.161769e-01	2.831007e-01	1.065710e+04	1.918986e+11	1.040240e+01	-9.206924e+07	5.000000e+03	0
5.929648e-01	5.205886e-01	2.899307e-01	1.062355e+04	1.887876e+11	1.047440e+01	-9.177374e+07	5.000000e+03	0
5.979899e-01	5.250004e-01	2.968534e-01	1.058963e+04	1.856653e+11	1.054593e+01	-9.147623e+07	5.000000e+03	0
6.030151e-01	5.294122e-01	3.038728e-01	1.055531e+04	1.825317e+11	1.061696e+01	-9.117670e+07	5.000000e+03	0
6.080402e-01	5.338239e-01	3.109848e-01	1.052062e+04	1.793877e+11	1.068749e+01	-9.087525e+07	5.000000e+03	0
6.130653e-01	5.382357e-01	3.181936e-01	1.048552e+04	1.762332e+11	1.075751e+01	-9.057180e+07	5.000000e+03	0
6.180905e-01	5.426475e-01	3.254945e-01	1.045003e+04	1.730691e+11	1.082703e+01	-9.026640e+07	5.000000e+03	0
6.231156e-01	5.470592e-01	3.328923e-01	1.041413e+04	1.698952e+11	1.089601e+01	-8.995907e+07	5.000000e+03	0
6.281407e-01	5.514710e-01	3.403818e-01	1.037783e+04	1.667126e+11	1.096448e+01	-8.964983e+07	5.000000e+03	0
6.331658e-01	5.558828e-01	3.479681e-01	1.034111e+04	1.635212e+11	1.103241e+01	-8.933866e+07	5.000000e+03	0
6.381910e-01	5.602945e-01	3.556454e-01	1.030398e+04	1.603218e+11	1.109981e+01	-8.902560e+07	5.000000e+03	0
6.432161e-01	5.647063e-01	3.634193e-01	1.026642e+04	1.571144e+11	1.116665e+01	-8.871067e+07	5.000000e+03	0
6.482412e-01	5.691181e-01	3.712836e-01	1.022844e+04	1.538999e+11	1.123296e+01	-8.839389e+07	5.000000e+03	0
6.532663e-01	5.735298e-01	3.792441e-01	1.019001e+04	1.506783e+11	1.129869e+01	-8.807525e+07	5.000000e+03	0
6.582915e-01	5.779416e-01	3.872943e-01	1.015115e+04	1.474504e+11	1.136387e+01	-8.775479e+07	5.000000e+03	0
6.633166e-01	5.823534e-01	3.954401e-01	1.011183e+04	1.442163e+11	1.142846e+01	-8.743252e+07	5.000000e+03	0
6.683417e-01	5.867651e-01	4.036747e-01	1.007207e+04	1.409769e+11	1.149250e+01	-8.710844e+07	5.000000e+03	0
6.733668e-01	5.911769e-01	4.120043e-01	1.003184e+04	1.377322e+11	1.155592e+01	-8.678259e+07	5.000000e+03	0
6.783920e-01	5.955887e-01	4.204217e-01	9.991152e+03	1.344830e+11	1.161877e+01	-8.645497e+07	5.000000e+03	0
6.834171e-01	6.000004e-01	4.289333e-01	9.949971e+03	1.312294e+11	1.168100e+01	-8.612560e+07	5.000000e+03	0
6.884422e-01	6.044122e-01	4.375315e-01	9.908325e+03	1.279723e+11	1.174264e+01	-8.579451e+07	5.000000e+03	0
6.934673e-01	6.088240e-01	4.462231e-01	9.866167e+03	1.247119e+11	1.180364e+01	-8.546170e+07	5.000000e+03	0
6.984925e-01	6.132358e-01	4.549999e-01	9.823530e+03	1.214488e+11	1.186405e+01	-8.512720e+07	5.000000e+03	0
7.035176e-01	6.176475e-01	4.638689e-01	9.780360e+03	1.181833e+11	1.192379e+01	-8.479101e+07	5.000000e+03	0
7.085427e-01	6.220593e-01	4.728218e-01	9.736694e+03	1.149161e+11	1.198291e+01	-8.445317e+07	5.000000e+03	0
7.135678e-01	6.264711e-01	4.818657e-01	9.692474e+03	1.116476e+11	1.204136e+01	-8.411369e+07	5.000000e+03	0
7.185930e-01	6.308828e-01	4.909918e-01	9.647740e+03	1.083783e+11	1.209918e+01	-8.377258e+07	5.000000e+03	0
7.236181e-01	6.352946e-01	5.002075e-01	9.602428e+03	1.051087e+11	1.215630e+01	-8.342987e+07	5.000000e+03	0
7.286432e-01	6.397064e-01	5.095037e-01	9.556581e+03	1.018394e+11	1.221277e+01	-8.308560e+07	5.000000e+03	0
7.336683e-01	6.441181e-01	5.188878e-01	9.510131e+03	9.857089e+10	1.226852e+01	-8.273971e+07	5.000000e+03	0
7.386935e-01	6.485299e-01	5.283504e-01	9.463124e+03	9.530359e+10	1.232362e+01	-8.239231e+07	5.000000e+03	0
7.437186e-01	6.529417e-01	5.378991e-01	9.415484e+03	9.203822e+10	1.237797e+01	-8.204336e+07	5.000000e+03	0
7.487437e-01	6.573534e-01	5.475242e-01	9.367262e+03	8.877510e+10	1.243164e+01	-8.169293e+07	5.000000e+03	0
7.537688e-01	6.617652e-01	5.572333e-01	9.318375e+03	8.551506e+10	1.248454e+01	-8.134099e+07	5.000000e+03	0
7.587940e-01	6.661770e-01	5.670165e-01	9.268879e+03	8.225831e+10	1.253675e+01	-8.098759e+07	5.000000e+03	0
7.638191e-01	6.705887e-01	5.768814e-01	9.218681e+03	7.900585e+10	1.258816e+01	-8.063275e+07	5.000000e+03	0
7.688442e-01	6.750005e-01	5.868179e-01	9.167842e+03	7.575773e+10	1.263886e+01	-8.027648e+07	5.000000e+03	0
7.738693e-01	6.794123e-01	5.968336e-01	9.116262e+03	7.251515e+10	1.268874e+01	-7.991883e+07	5.000000e+03	0
7.788945e-01	6.838240e-01	6.069180e-01	9.064005e+03	6.927802e+10	1.273789e+01	-7.955976e+07	5.000000e+03	0
7.839196e-01	6.882358e-01	6.170787e-01	9.010961e+03	6.604771e+10	1.278619e+01	-7.919934e+07	5.000000e+03	0
7.889447e-01	6.926476e-01	6.273053e-01	8.957201e+03	6.282397e+10	1.283373e+01	-7.883761e+07	5.000000e+03	0
7.939698e-01	6.970593e-01	6.331737e-01	4.789252e+03	6.099738e+10	1.279087e+01	-7.847509e+07	5.000000e+03	1
7.989950e-01	7.014711e-01	6.387544e-01	4.770940e+03	5.928768e+10	1.274227e+01	-7.811370e+07	5.000000e+03	1
8.040201e-01	7.058829e-01	6.443874e-01	4.752617e+03	5.759178e+10	1.269493e+01	-7.775368e+07	5.000000e+03	1
8.090452e-01	7.102946e-01	6.500659e-01	4.734283e+03	5.590778e+10	1.264866e+01	-7.739504e+07	5.000000e+03	1
8.140704e-01	7.147064e-01	6.557966e-01	4.715932e+03	5.423719e+10	1.260359e+01	-7.703770e+07	5.000000e+03	1
8.190955e-01	7.191182e-01	6.615725e-01	4.697564e+03	5.257810e+10	1.255952e+01	-7.668163e+07	5.000000e+03	1
8.241206e-01	7.235300e-01	6.674003e-01	4.679176e+03	5.093207e+10	1.251657e+01	-7.632682e+07	5.000000e+03	1
8.291457e-01	7.279417e-01	6.732730e-01	4.660766e+03	4.929719e+10	1.247458e+01	-7.597323e+07	5.000000e+03	1
8.341709e-01	7.323535e-01	6.791973e-01	4.642331e+03	4.767502e+10	1.243364e+01	-7.562083e+07	5.000000e+03	1
8.391960e-01	7.367653e-01	6.851662e-01	4.623870e+03	4.606368e+10	1.239359e+01	-7.526961e+07	5.000000e+03	1
8.442211e-01	7.411770e-01	6.911864e-01	4.605377e+03	4.446474e+10	1.235454e+01	-7.491951e+07	5.000000e+03	1
8.492462e-01	7.455888e-01	6.972507e-01	4.586856e+03	4.287632e+10	1.231633e+01	-7.457053e+07	5.000000e+03	1
8.542714e-01	7.500006e-01	7.033661e-01	4.568297e+03	4.130001e+10	1.227906e+01	-7.422264e+07	5.000000e+03	1
8.592965e-01	7.544123e-01	7.095251e-01	4.549704e+03	3.973394e+10	1.224258e+01	-7.387581e+07	5.000000e+03	1
8.643216e-01	7.588241e-01	7.157348e-01	4.531069e+03	3.817972e+10	1.220698e+01	-7.353002e+07	5.000000e+03	1
8.693467e-01	7.632359e-01	7.219875e-01	4.512396e+03	3.663547e+10	1.217212e+01	-7.318524e+07	5.000000e+03	1
8.743719e-01	7.676476e-01	7.282907e-01	4.493674e+03	3.510283e+10	1.213810e+01	-7.284146e+07	5.000000e+03	1
8.793970e-01	7.720594e-01	7.346363e-01	4.474910e+03	3.357992e+10	1.210476e+01	-7.249865e+07	5.000000e+03	1
8.844221e-01	7.764712e-01	7.410318e-01	4.456092e+03	3.206839e+10	1.207221e+01	-7.215679e+07	5.000000e+03	1
8.894472e-01	7.808829e-01	7.474692e-01	4.437226e+03	3.056636e+10	1.204031e+01	-7.181586e+07	5.000000e+03	1
8.944724e-01	7.852947e-01	7.539560e-01	4.418301e+03	2.907552e+10	1.200916e+01	-7.147583e+07	5.000000e+03	1
8.994975e-01	7.897065e-01	7.604841e-01	4.399322e+03	2.759398e+10	1.197860e+01	-7.113670e+07	5.000000e+03	1
9.045226e-01	7.941182e-01	7.670610e-01	4.380278e+03	2.612343e+10	1.194874e+01	-7.079876e+07	5.000000e+03	1
9.095477e-01	7.985300e-01	7.736785e-01	4.361176e+03	2.466200e+10	1.191945e+01	-7.046104e+07	5.000000e+03	1
9.145729e-01	8.029418e-01	7.803443e-01	4.342001e+03	2.321139e+10	1.189081e+01	-7.012447e+07	5.000000e+03	1
9.195980e-01	8.073535e-01	7.870500e-01	4.322764e+03	2.176973e+10	1.186270e+01	-6.978872e+07	5.000000e+03	1
9.246231e-01	8.117653e-01	7.938032e-01	4.303446e+03	2.033875e+10	1.183521e+01	-6.945378e+07	5.000000e+03	1
9.296482e-01	8.161771e-01	8.005955e-01	4.284060e+03	1.891655e+10	1.180820e+01	-6.911962e+07	5.000000e+03	1
9.346734e-01	8.205888e-01	8.074347e-01	4.264587e+03	1.750490e+10	1.178177e+01	-6.878623e+07	5.000000e+03	1
9.396985e-01	8.250006e-01	8.143122e-01	4.245040e+03	1.610190e+10	1.175580e+01	-6.845361e+07	5.000000e+03	1
9.447236e-01	8.294124e-01	8.212357e-01	4.225397e+03	1.470934e+10	1.173036e+01	-6.812172e+07	5.000000e+03	1
9.497487e-01	8.338242e-01	8.281966e-01	4.205674e+03	1.332529e+10	1.170535e+01	-6.779057e+07	5.000000e+03	1
9.547739e-01	8.382359e-01	8.352026e-01	4.185847e+03	1.195158e+10	1.168084e+01	-6.746013e+07	5.000000e+03	1
9.597990e-01	8.426477e-01	8.422452e-01	4.165933e+03	1.058629e+10	1.165672e+01	-6.713040e+07	5.000000e+03	1
9.648241e-01	8.470595e-01	8.493320e-01	4.145906e+03	9.231241e+09	1.163307e+01	-6.680135e+07	5.000000e+03	1
9.698492e-01	8.514712e-01	8.564543e-01	4.125784e+03	7.884509e+09	1.160978e+01	-6.647298e+07	5.000000e+03	1
9.748744e-01	8.558830e-01	8.636198e-01	4.105539e+03	6.547967e+09	1.158692e+01	-6.614530e+07	5.000000e+03	1
9.798995e-01	8.602948e-01	8.708197e-01	4.085192e+03	5.219654e+09	1.156440e+01	-6.581826e+07	5.000000e+03	1
9.849246e-01	8.647065e-01	8.780616e-01	4.064711e+03	3.901481e+09	1.154227e+01	-6.549186e+07	5.000000e+03	1
9.899497e-01	8.691183e-01	8.853370e-01	4.044119e+03	2.591467e+09	1.152046e+01	-6.516612e+07	5.000000e+03	1
9.949749e-01	8.735301e-01	8.926531e-01	4.023291e+03	1.291562e+09	1.149900e+01	-6.484099e+07	5.000000e+03	1
1.000000e+00	8.779418e-01	9.000000e-01	4.000000e+03	0.000000e+00	1.147781e+01	-6.451648e+07	3.000000e+02	1
