#R=1.667401575671448
#interptype='linear'
#name='planet'
#norm={'P': 1000000000000.0, 'R': 1.667401575671448, 'M': 4.2999999999999998, 'g': 15.203241481121481, 'rho': 1000.0}
#state=1
#composition
#layer0		Fe08FeS02		0.500000
#layer1		pv_fmw		0.500000
#layer2		ice_VII		0.200000
#Cols=
 #'ur		r		mr		rho		P		g		phi		T		composition'
#-end-
0.000000e+00	0.000000e+00	8.338628e-12	1.800034e+04	1.548701e+12	0.000000e+00	-3.409658e+08	5.000000e+03	0
5.025126e-03	8.378902e-03	7.298629e-06	1.800249e+04	1.549303e+12	-1.077000e-01	-3.409584e+08	5.000000e+03	0
1.005025e-02	1.675780e-02	1.673348e-05	1.800453e+04	1.549875e+12	-1.975123e-01	-3.409370e+08	5.000000e+03	0
1.507538e-02	2.513671e-02	6.761113e-05	1.800446e+04	1.549854e+12	5.969858e-02	-3.409010e+08	5.000000e+03	0
2.010050e-02	3.351561e-02	1.270114e-04	1.800420e+04	1.549783e+12	3.181554e-01	-3.408510e+08	5.000000e+03	0
2.512563e-02	4.189451e-02	2.648201e-04	1.800232e+04	1.549256e+12	5.880751e-01	-3.407884e+08	5.000000e+03	0
3.015075e-02	5.027341e-02	4.217785e-04	1.800018e+04	1.548655e+12	8.580994e-01	-3.407076e+08	5.000000e+03	0
3.517588e-02	5.865232e-02	6.898053e-04	1.799650e+04	1.547626e+12	1.128730e+00	-3.406166e+08	5.000000e+03	0
4.020101e-02	6.703122e-02	9.918302e-04	1.799247e+04	1.546498e+12	1.399338e+00	-3.405071e+08	5.000000e+03	0
4.522613e-02	7.541012e-02	1.433247e-03	1.798699e+04	1.544967e+12	1.669855e+00	-3.403854e+08	5.000000e+03	0
5.025126e-02	8.378902e-02	1.927702e-03	1.798107e+04	1.543313e+12	1.940294e+00	-3.402493e+08	5.000000e+03	0
5.527638e-02	9.216793e-02	2.585515e-03	1.797380e+04	1.541282e+12	2.210490e+00	-3.400989e+08	5.000000e+03	0
6.030151e-02	1.005468e-01	3.319558e-03	1.796600e+04	1.539104e+12	2.480557e+00	-3.399343e+08	5.000000e+03	0
6.532663e-02	1.089257e-01	4.236555e-03	1.795693e+04	1.536574e+12	2.750314e+00	-3.397554e+08	5.000000e+03	0
7.035176e-02	1.173046e-01	5.257080e-03	1.794724e+04	1.533875e+12	3.019885e+00	-3.395590e+08	5.000000e+03	0
7.537688e-02	1.256835e-01	6.475784e-03	1.793637e+04	1.530849e+12	3.289101e+00	-3.393535e+08	5.000000e+03	0
8.040201e-02	1.340624e-01	7.829355e-03	1.792480e+04	1.527630e+12	3.558067e+00	-3.391331e+08	5.000000e+03	0
8.542714e-02	1.424413e-01	9.391970e-03	1.791213e+04	1.524112e+12	3.826646e+00	-3.388975e+08	5.000000e+03	0
9.045226e-02	1.508202e-01	1.112477e-02	1.789868e+04	1.520378e+12	4.094902e+00	-3.386474e+08	5.000000e+03	0
9.547739e-02	1.591991e-01	1.307313e-02	1.788422e+04	1.516370e+12	4.362750e+00	-3.383830e+08	5.000000e+03	0
1.005025e-01	1.675780e-01	1.523088e-02	1.786887e+04	1.512124e+12	4.630193e+00	-3.381047e+08	5.000000e+03	0
1.055276e-01	1.759570e-01	1.760640e-02	1.785262e+04	1.507630e+12	4.897215e+00	-3.378124e+08	5.000000e+03	0
1.105528e-01	1.843359e-01	2.023433e-02	1.783539e+04	1.502876e+12	5.163742e+00	-3.375058e+08	5.000000e+03	0
1.155779e-01	1.927148e-01	2.307796e-02	1.781734e+04	1.497901e+12	5.429846e+00	-3.371852e+08	5.000000e+03	0
1.206030e-01	2.010937e-01	2.622073e-02	1.779822e+04	1.492645e+12	5.695354e+00	-3.368506e+08	5.000000e+03	0
1.256281e-01	2.094726e-01	2.957289e-02	1.777837e+04	1.487193e+12	5.960445e+00	-3.365002e+08	5.000000e+03	0
1.306533e-01	2.178515e-01	3.327451e-02	1.775737e+04	1.481440e+12	6.224831e+00	-3.361391e+08	5.000000e+03	0
1.356784e-01	2.262304e-01	3.717506e-02	1.773572e+04	1.475515e+12	6.488815e+00	-3.357611e+08	5.000000e+03	0
1.407035e-01	2.346093e-01	4.147887e-02	1.771284e+04	1.469271e+12	6.751977e+00	-3.353718e+08	5.000000e+03	0
1.457286e-01	2.429882e-01	4.596704e-02	1.768939e+04	1.462881e+12	7.014761e+00	-3.349678e+08	5.000000e+03	0
1.507538e-01	2.513671e-01	5.091563e-02	1.766462e+04	1.456152e+12	7.276595e+00	-3.345490e+08	5.000000e+03	0
1.557789e-01	2.597460e-01	5.602997e-02	1.763938e+04	1.449302e+12	7.538085e+00	-3.341163e+08	5.000000e+03	0
1.608040e-01	2.681249e-01	6.166510e-02	1.761272e+04	1.442095e+12	7.798488e+00	-3.336712e+08	5.000000e+03	0
1.658291e-01	2.765038e-01	6.744345e-02	1.758568e+04	1.434791e+12	8.058591e+00	-3.332111e+08	5.000000e+03	0
1.708543e-01	2.848827e-01	7.380603e-02	1.755713e+04	1.427114e+12	8.317460e+00	-3.327375e+08	5.000000e+03	0
1.758794e-01	2.932616e-01	8.028545e-02	1.752829e+04	1.419363e+12	8.576082e+00	-3.322505e+08	5.000000e+03	0
1.809045e-01	3.016405e-01	8.741543e-02	1.749786e+04	1.411224e+12	8.833313e+00	-3.317499e+08	5.000000e+03	0
1.859296e-01	3.100194e-01	9.463216e-02	1.746721e+04	1.403033e+12	9.090360e+00	-3.312343e+08	5.000000e+03	0
1.909548e-01	3.183983e-01	1.025685e-01	1.743489e+04	1.394440e+12	9.345851e+00	-3.307077e+08	5.000000e+03	0
1.959799e-01	3.267772e-01	1.105579e-01	1.740244e+04	1.385818e+12	9.601228e+00	-3.301662e+08	5.000000e+03	0
2.010050e-01	3.351561e-01	1.193385e-01	1.736823e+04	1.376780e+12	9.854876e+00	-3.296114e+08	5.000000e+03	0
2.060302e-01	3.435350e-01	1.281597e-01	1.733393e+04	1.367722e+12	1.010843e+01	-3.290432e+08	5.000000e+03	0
2.110553e-01	3.519139e-01	1.377967e-01	1.729788e+04	1.358260e+12	1.036019e+01	-3.284616e+08	5.000000e+03	0
2.160804e-01	3.602928e-01	1.475022e-01	1.726168e+04	1.348767e+12	1.061179e+01	-3.278668e+08	5.000000e+03	0
2.211055e-01	3.686717e-01	1.580122e-01	1.722382e+04	1.338900e+12	1.086160e+01	-3.272587e+08	5.000000e+03	0
2.261307e-01	3.770506e-01	1.686374e-01	1.718573e+04	1.328982e+12	1.111114e+01	-3.266375e+08	5.000000e+03	0
2.311558e-01	3.854295e-01	1.800516e-01	1.714607e+04	1.318718e+12	1.135889e+01	-3.260031e+08	5.000000e+03	0
2.361809e-01	3.938084e-01	1.916308e-01	1.710608e+04	1.308386e+12	1.160627e+01	-3.253555e+08	5.000000e+03	0
2.412060e-01	4.021873e-01	2.039795e-01	1.706460e+04	1.297735e+12	1.185189e+01	-3.246951e+08	5.000000e+03	0
2.462312e-01	4.105662e-01	2.165455e-01	1.702272e+04	1.286999e+12	1.209700e+01	-3.240216e+08	5.000000e+03	0
2.512563e-01	4.189451e-01	2.298578e-01	1.697943e+04	1.275971e+12	1.234038e+01	-3.233353e+08	5.000000e+03	0
2.562814e-01	4.273240e-01	2.434421e-01	1.693564e+04	1.264843e+12	1.258312e+01	-3.226367e+08	5.000000e+03	0
2.613065e-01	4.357029e-01	2.577456e-01	1.689054e+04	1.253449e+12	1.282417e+01	-3.219243e+08	5.000000e+03	0
2.663317e-01	4.440818e-01	2.723783e-01	1.684484e+04	1.241940e+12	1.306443e+01	-3.211996e+08	5.000000e+03	0
2.713568e-01	4.524607e-01	2.876996e-01	1.679792e+04	1.230190e+12	1.330306e+01	-3.204607e+08	5.000000e+03	0
2.763819e-01	4.608396e-01	3.034093e-01	1.675031e+04	1.218313e+12	1.354074e+01	-3.197125e+08	5.000000e+03	0
2.814070e-01	4.692185e-01	3.197734e-01	1.670156e+04	1.206219e+12	1.377684e+01	-3.189501e+08	5.000000e+03	0
2.864322e-01	4.775974e-01	3.365872e-01	1.665204e+04	1.193986e+12	1.401184e+01	-3.181754e+08	5.000000e+03	0
2.914573e-01	4.859763e-01	3.540178e-01	1.660147e+04	1.181560e+12	1.424532e+01	-3.173881e+08	5.000000e+03	0
2.964824e-01	4.943552e-01	3.719609e-01	1.655003e+04	1.168983e+12	1.447753e+01	-3.165888e+08	5.000000e+03	0
3.015075e-01	5.027341e-01	3.904805e-01	1.649762e+04	1.156237e+12	1.470830e+01	-3.157772e+08	5.000000e+03	0
3.065327e-01	5.111130e-01	4.095766e-01	1.644426e+04	1.143330e+12	1.493761e+01	-3.149535e+08	5.000000e+03	0
3.115578e-01	5.194919e-01	4.292057e-01	1.639001e+04	1.130276e+12	1.516557e+01	-3.141176e+08	5.000000e+03	0
3.165829e-01	5.278709e-01	4.494768e-01	1.633471e+04	1.117053e+12	1.539188e+01	-3.132697e+08	5.000000e+03	0
3.216080e-01	5.362498e-01	4.702347e-01	1.627862e+04	1.103703e+12	1.561693e+01	-3.124098e+08	5.000000e+03	0
3.266332e-01	5.446287e-01	4.917007e-01	1.622138e+04	1.090179e+12	1.584013e+01	-3.115386e+08	5.000000e+03	0
3.316583e-01	5.530076e-01	5.136050e-01	1.616343e+04	1.076547e+12	1.606218e+01	-3.106553e+08	5.000000e+03	0
3.366834e-01	5.613865e-01	5.362842e-01	1.610425e+04	1.062735e+12	1.628216e+01	-3.097604e+08	5.000000e+03	0
3.417085e-01	5.697654e-01	5.593507e-01	1.604444e+04	1.048834e+12	1.650111e+01	-3.088540e+08	5.000000e+03	0
3.467337e-01	5.781443e-01	5.832592e-01	1.598330e+04	1.034749e+12	1.671777e+01	-3.079360e+08	5.000000e+03	0
3.517588e-01	5.865232e-01	6.075021e-01	1.592162e+04	1.020592e+12	1.693351e+01	-3.070066e+08	5.000000e+03	0
3.567839e-01	5.949021e-01	6.326540e-01	1.585851e+04	1.006251e+12	1.714674e+01	-3.060656e+08	5.000000e+03	0
3.618090e-01	6.032810e-01	6.580855e-01	1.579496e+04	9.918522e+11	1.735919e+01	-3.051141e+08	5.000000e+03	0
3.668342e-01	6.116599e-01	6.844929e-01	1.572986e+04	9.772688e+11	1.756887e+01	-3.041511e+08	5.000000e+03	0
3.718593e-01	6.200388e-01	7.111236e-01	1.566442e+04	9.626431e+11	1.777792e+01	-3.031772e+08	5.000000e+03	0
3.768844e-01	6.284177e-01	7.387962e-01	1.559733e+04	9.478338e+11	1.798395e+01	-3.021923e+08	5.000000e+03	0
3.819095e-01	6.367966e-01	7.666346e-01	1.552998e+04	9.329953e+11	1.818950e+01	-3.011964e+08	5.000000e+03	0
3.869347e-01	6.451755e-01	7.955800e-01	1.546088e+04	9.179763e+11	1.839176e+01	-3.001901e+08	5.000000e+03	0
3.919598e-01	6.535544e-01	8.246325e-01	1.539162e+04	9.029399e+11	1.859371e+01	-2.991729e+08	5.000000e+03	0
3.969849e-01	6.619333e-01	8.548559e-01	1.532049e+04	8.877278e+11	1.879210e+01	-2.981452e+08	5.000000e+03	0
4.020101e-01	6.703122e-01	8.851390e-01	1.524927e+04	8.725070e+11	1.899031e+01	-2.971073e+08	5.000000e+03	0
4.070352e-01	6.786911e-01	9.166311e-01	1.517613e+04	8.571203e+11	1.918474e+01	-2.960586e+08	5.000000e+03	0
4.120603e-01	6.870700e-01	9.481949e-01	1.510286e+04	8.417247e+11	1.937895e+01	-2.950067e+08	5.000000e+03	0
4.170854e-01	6.954489e-01	9.809080e-01	1.502774e+04	8.261862e+11	1.956947e+01	-2.939385e+08	5.000000e+03	0
4.221106e-01	7.038278e-01	1.013753e+00	1.495241e+04	8.106330e+11	1.975956e+01	-2.928527e+08	5.000000e+03	0
4.271357e-01	7.122067e-01	1.047684e+00	1.487530e+04	7.949586e+11	1.994607e+01	-2.917640e+08	5.000000e+03	0
4.321608e-01	7.205856e-01	1.081807e+00	1.479788e+04	7.792654e+11	2.013192e+01	-2.906652e+08	5.000000e+03	0
4.371859e-01	7.289645e-01	1.116953e+00	1.471875e+04	7.634713e+11	2.031430e+01	-2.895568e+08	5.000000e+03	0
4.422111e-01	7.373434e-01	1.152347e+00	1.463921e+04	7.476558e+11	2.049581e+01	-2.884412e+08	5.000000e+03	0
4.472362e-01	7.457223e-01	1.188701e+00	1.455805e+04	7.317583e+11	2.067395e+01	-2.873121e+08	5.000000e+03	0
4.522613e-01	7.541012e-01	1.225359e+00	1.447636e+04	7.158387e+11	2.085098e+01	-2.861759e+08	5.000000e+03	0
4.572864e-01	7.624801e-01	1.262910e+00	1.439312e+04	6.998544e+11	2.102477e+01	-2.850302e+08	5.000000e+03	0
4.623116e-01	7.708590e-01	1.300821e+00	1.430925e+04	6.838489e+11	2.119721e+01	-2.838754e+08	5.000000e+03	0
4.673367e-01	7.792379e-01	1.339557e+00	1.422392e+04	6.677949e+11	2.136654e+01	-2.827124e+08	5.000000e+03	0
4.723618e-01	7.876168e-01	1.378706e+00	1.413783e+04	6.517221e+11	2.153425e+01	-2.815390e+08	5.000000e+03	0
4.773869e-01	7.959957e-01	1.418613e+00	1.405035e+04	6.356153e+11	2.169901e+01	-2.803580e+08	5.000000e+03	0
4.824121e-01	8.043746e-01	1.458982e+00	1.396200e+04	6.194943e+11	2.186187e+01	-2.791680e+08	5.000000e+03	0
4.874372e-01	8.127535e-01	1.500041e+00	1.387235e+04	6.033521e+11	2.202192e+01	-2.779697e+08	5.000000e+03	0
4.924623e-01	8.211324e-01	1.541610e+00	1.378170e+04	5.872018e+11	2.217981e+01	-2.767631e+08	5.000000e+03	0
4.974874e-01	8.295113e-01	1.583800e+00	1.368982e+04	5.710418e+11	2.233504e+01	-2.755481e+08	5.000000e+03	0
5.025126e-01	8.378902e-01	1.626544e+00	1.359681e+04	5.548818e+11	2.248781e+01	-2.743252e+08	5.000000e+03	0
5.075377e-01	8.462691e-01	1.669842e+00	1.350266e+04	5.387218e+11	2.263810e+01	-2.730942e+08	5.000000e+03	0
5.125628e-01	8.546480e-01	1.713732e+00	1.340723e+04	5.225717e+11	2.278560e+01	-2.718556e+08	5.000000e+03	0
5.175879e-01	8.630269e-01	1.758110e+00	1.331075e+04	5.064298e+11	2.293082e+01	-2.706094e+08	5.000000e+03	0
5.226131e-01	8.714058e-01	1.803116e+00	1.321284e+04	4.903096e+11	2.307293e+01	-2.693557e+08	5.000000e+03	0
5.276382e-01	8.797848e-01	1.848543e+00	1.311397e+04	4.742040e+11	2.321294e+01	-2.680944e+08	5.000000e+03	0
5.326633e-01	8.881637e-01	1.894627e+00	1.301350e+04	4.581339e+11	2.334949e+01	-2.668261e+08	5.000000e+03	0
5.376884e-01	8.965426e-01	1.941070e+00	1.291216e+04	4.420831e+11	2.348416e+01	-2.655505e+08	5.000000e+03	0
5.427136e-01	9.049215e-01	1.988192e+00	1.280905e+04	4.260836e+11	2.361500e+01	-2.642681e+08	5.000000e+03	0
5.477387e-01	9.133004e-01	2.035612e+00	1.270516e+04	4.101066e+11	2.374418e+01	-2.629788e+08	5.000000e+03	0
5.527638e-01	9.216793e-01	2.083727e+00	1.259931e+04	3.941985e+11	2.386916e+01	-2.616833e+08	5.000000e+03	0
5.577889e-01	9.300582e-01	2.132082e+00	1.249279e+04	3.783141e+11	2.399270e+01	-2.603809e+08	5.000000e+03	0
5.628141e-01	9.384371e-01	2.164390e+00	1.025307e+04	3.679514e+11	2.392847e+01	-2.590728e+08	5.000000e+03	0
5.678392e-01	9.468160e-01	2.192539e+00	7.460294e+03	3.590201e+11	2.381555e+01	-2.577638e+08	5.000000e+03	0
5.728643e-01	9.551949e-01	2.221202e+00	6.982693e+03	3.502527e+11	2.370860e+01	-2.564593e+08	5.000000e+03	1
5.778894e-01	9.635738e-01	2.249961e+00	6.935820e+03	3.415157e+11	2.360276e+01	-2.551610e+08	5.000000e+03	1
5.829146e-01	9.719527e-01	2.279256e+00	6.888976e+03	3.329459e+11	2.350269e+01	-2.538688e+08	5.000000e+03	1
5.879397e-01	9.803316e-01	2.308617e+00	6.842135e+03	3.243962e+11	2.340332e+01	-2.525821e+08	5.000000e+03	1
5.929648e-01	9.887105e-01	2.338535e+00	6.795290e+03	3.160169e+11	2.330951e+01	-2.513020e+08	5.000000e+03	1
5.979899e-01	9.970894e-01	2.368488e+00	6.748444e+03	3.076483e+11	2.321606e+01	-2.500258e+08	5.000000e+03	1
6.030151e-01	1.005468e+00	2.399016e+00	6.701561e+03	2.994532e+11	2.312796e+01	-2.487555e+08	5.000000e+03	1
6.080402e-01	1.013847e+00	2.429573e+00	6.654675e+03	2.912666e+11	2.304011e+01	-2.474904e+08	5.000000e+03	1
6.130653e-01	1.022226e+00	2.460678e+00	6.607719e+03	2.832434e+11	2.295700e+01	-2.462303e+08	5.000000e+03	1
6.180905e-01	1.030605e+00	2.491832e+00	6.560753e+03	2.752349e+11	2.287428e+01	-2.449750e+08	5.000000e+03	1
6.231156e-01	1.038984e+00	2.523495e+00	6.513691e+03	2.673775e+11	2.279566e+01	-2.437245e+08	5.000000e+03	1
6.281407e-01	1.047363e+00	2.555232e+00	6.466609e+03	2.595422e+11	2.271760e+01	-2.424785e+08	5.000000e+03	1
6.331658e-01	1.055742e+00	2.587439e+00	6.419407e+03	2.518462e+11	2.264306e+01	-2.412369e+08	5.000000e+03	1
6.381910e-01	1.064121e+00	2.619744e+00	6.372172e+03	2.441797e+11	2.256921e+01	-2.399997e+08	5.000000e+03	1
6.432161e-01	1.072500e+00	2.652480e+00	6.324796e+03	2.366417e+11	2.249838e+01	-2.387668e+08	5.000000e+03	1
6.482412e-01	1.080878e+00	2.685338e+00	6.277370e+03	2.291402e+11	2.242833e+01	-2.375380e+08	5.000000e+03	1
6.532663e-01	1.089257e+00	2.718588e+00	6.229784e+03	2.217569e+11	2.236083e+01	-2.363134e+08	5.000000e+03	1
6.582915e-01	1.097636e+00	2.751979e+00	6.182129e+03	2.144168e+11	2.229419e+01	-2.350923e+08	5.000000e+03	1
6.633166e-01	1.106015e+00	2.785726e+00	6.134299e+03	2.071855e+11	2.222970e+01	-2.338753e+08	5.000000e+03	1
6.683417e-01	1.114394e+00	2.819632e+00	6.086375e+03	2.000040e+11	2.216611e+01	-2.326621e+08	5.000000e+03	1
6.733668e-01	1.122773e+00	2.853857e+00	6.038263e+03	1.929221e+11	2.210431e+01	-2.314525e+08	5.000000e+03	1
6.783920e-01	1.131152e+00	2.888257e+00	5.990029e+03	1.858966e+11	2.204343e+01	-2.302466e+08	5.000000e+03	1
6.834171e-01	1.139531e+00	2.922941e+00	5.941598e+03	1.789621e+11	2.198403e+01	-2.290442e+08	5.000000e+03	1
6.884422e-01	1.147910e+00	2.957813e+00	5.893011e+03	1.720904e+11	2.192554e+01	-2.278453e+08	5.000000e+03	1
6.934673e-01	1.156289e+00	2.992934e+00	5.844220e+03	1.653015e+11	2.186825e+01	-2.266497e+08	5.000000e+03	1
6.984925e-01	1.164667e+00	3.028254e+00	5.795235e+03	1.585818e+11	2.181185e+01	-2.254575e+08	5.000000e+03	1
7.035176e-01	1.173046e+00	3.063790e+00	5.746041e+03	1.519370e+11	2.175641e+01	-2.242686e+08	5.000000e+03	1
7.085427e-01	1.181425e+00	3.099532e+00	5.696609e+03	1.453679e+11	2.170182e+01	-2.230830e+08	5.000000e+03	1
7.135678e-01	1.189804e+00	3.135459e+00	5.646966e+03	1.388661e+11	2.164797e+01	-2.219005e+08	5.000000e+03	1
7.185930e-01	1.198183e+00	3.171596e+00	5.597036e+03	1.324465e+11	2.159491e+01	-2.207212e+08	5.000000e+03	1
7.236181e-01	1.206562e+00	3.207886e+00	5.546896e+03	1.260868e+11	2.154242e+01	-2.195450e+08	5.000000e+03	1
7.286432e-01	1.214941e+00	3.244388e+00	5.496410e+03	1.198158e+11	2.149063e+01	-2.183719e+08	5.000000e+03	1
7.336683e-01	1.223320e+00	3.281016e+00	5.445719e+03	1.135976e+11	2.143926e+01	-2.172018e+08	5.000000e+03	1
7.386935e-01	1.231699e+00	3.317851e+00	5.394615e+03	1.074748e+11	2.138849e+01	-2.160347e+08	5.000000e+03	1
7.437186e-01	1.240078e+00	3.354785e+00	5.343314e+03	1.013977e+11	2.133802e+01	-2.148706e+08	5.000000e+03	1
7.487437e-01	1.248456e+00	3.391918e+00	5.291522e+03	9.542299e+10	2.128804e+01	-2.137095e+08	5.000000e+03	1
7.537688e-01	1.256835e+00	3.429127e+00	5.239546e+03	8.948698e+10	2.123825e+01	-2.125512e+08	5.000000e+03	1
7.587940e-01	1.265214e+00	3.450460e+00	4.066391e+03	8.615752e+10	2.109171e+01	-2.113962e+08	5.000000e+03	1
7.638191e-01	1.273593e+00	3.467170e+00	2.566817e+03	8.358693e+10	2.091700e+01	-2.102467e+08	5.000000e+03	1
7.688442e-01	1.281972e+00	3.484145e+00	2.295837e+03	8.106357e+10	2.074826e+01	-2.091058e+08	5.000000e+03	2
7.738693e-01	1.290351e+00	3.501177e+00	2.288128e+03	7.855033e+10	2.058079e+01	-2.079743e+08	5.000000e+03	2
7.788945e-01	1.298730e+00	3.518491e+00	2.280521e+03	7.608499e+10	2.041933e+01	-2.068520e+08	5.000000e+03	2
7.839196e-01	1.307109e+00	3.535846e+00	2.272929e+03	7.362665e+10	2.025874e+01	-2.057386e+08	5.000000e+03	2
7.889447e-01	1.315488e+00	3.553500e+00	2.265441e+03	7.121678e+10	2.010416e+01	-2.046341e+08	5.000000e+03	2
7.939698e-01	1.323867e+00	3.571180e+00	2.257963e+03	6.881104e+10	1.995010e+01	-2.035381e+08	5.000000e+03	2
7.989950e-01	1.332245e+00	3.589082e+00	2.238562e+03	6.646654e+10	1.980155e+01	-2.024506e+08	5.000000e+03	2
8.040201e-01	1.340624e+00	3.606993e+00	2.218805e+03	6.412533e+10	1.965326e+01	-2.013713e+08	5.000000e+03	2
8.090452e-01	1.349003e+00	3.625029e+00	2.199308e+03	6.185588e+10	1.950974e+01	-2.003002e+08	5.000000e+03	2
8.140704e-01	1.357382e+00	3.643074e+00	2.179828e+03	5.959126e+10	1.936653e+01	-1.992371e+08	5.000000e+03	2
8.190955e-01	1.365761e+00	3.661233e+00	2.160580e+03	5.739227e+10	1.922763e+01	-1.981819e+08	5.000000e+03	2
8.241206e-01	1.374140e+00	3.679406e+00	2.141361e+03	5.520127e+10	1.908924e+01	-1.971343e+08	5.000000e+03	2
8.291457e-01	1.382519e+00	3.697682e+00	2.122348e+03	5.307020e+10	1.895471e+01	-1.960943e+08	5.000000e+03	2
8.341709e-01	1.390898e+00	3.715976e+00	2.103371e+03	5.095003e+10	1.882088e+01	-1.950622e+08	5.000000e+03	2
8.391960e-01	1.399277e+00	3.734362e+00	2.084578e+03	4.888445e+10	1.869052e+01	-1.940372e+08	5.000000e+03	2
8.442211e-01	1.407656e+00	3.752770e+00	2.065829e+03	4.683251e+10	1.856100e+01	-1.930194e+08	5.000000e+03	2
8.492462e-01	1.416035e+00	3.771260e+00	2.047241e+03	4.483016e+10	1.843459e+01	-1.920088e+08	5.000000e+03	2
8.542714e-01	1.424413e+00	3.789776e+00	2.028704e+03	4.284398e+10	1.830917e+01	-1.910052e+08	5.000000e+03	2
8.592965e-01	1.432792e+00	3.808363e+00	2.010306e+03	4.090272e+10	1.818651e+01	-1.900086e+08	5.000000e+03	2
8.643216e-01	1.441171e+00	3.826979e+00	1.991965e+03	3.898000e+10	1.806496e+01	-1.890188e+08	5.000000e+03	2
8.693467e-01	1.449550e+00	3.845656e+00	1.973744e+03	3.709782e+10	1.794586e+01	-1.880356e+08	5.000000e+03	2
8.743719e-01	1.457929e+00	3.864364e+00	1.955582e+03	3.523638e+10	1.782799e+01	-1.870595e+08	5.000000e+03	2
8.793970e-01	1.466308e+00	3.883124e+00	1.937524e+03	3.341138e+10	1.771227e+01	-1.860891e+08	5.000000e+03	2
8.844221e-01	1.474687e+00	3.901916e+00	1.919527e+03	3.160919e+10	1.759788e+01	-1.851255e+08	5.000000e+03	2
8.894472e-01	1.483066e+00	3.920752e+00	1.901617e+03	2.983958e+10	1.748538e+01	-1.841683e+08	5.000000e+03	2
8.944724e-01	1.491445e+00	3.939619e+00	1.883769e+03	2.809472e+10	1.737429e+01	-1.832173e+08	5.000000e+03	2
8.994975e-01	1.499824e+00	3.958523e+00	1.865993e+03	2.637883e+10	1.726485e+01	-1.822725e+08	5.000000e+03	2
9.045226e-01	1.508202e+00	3.977457e+00	1.848277e+03	2.468951e+10	1.715688e+01	-1.813336e+08	5.000000e+03	2
9.095477e-01	1.516581e+00	3.996419e+00	1.830620e+03	2.302574e+10	1.705034e+01	-1.804009e+08	5.000000e+03	2
9.145729e-01	1.524960e+00	4.015410e+00	1.813021e+03	2.139026e+10	1.694534e+01	-1.794740e+08	5.000000e+03	2
9.195980e-01	1.533339e+00	4.034424e+00	1.795468e+03	1.977713e+10	1.684155e+01	-1.785529e+08	5.000000e+03	2
9.246231e-01	1.541718e+00	4.053462e+00	1.777968e+03	1.819392e+10	1.673936e+01	-1.776376e+08	5.000000e+03	2
9.296482e-01	1.550097e+00	4.072517e+00	1.760504e+03	1.663001e+10	1.663819e+01	-1.767279e+08	5.000000e+03	2
9.346734e-01	1.558476e+00	4.091593e+00	1.743086e+03	1.509759e+10	1.653865e+01	-1.758239e+08	5.000000e+03	2
9.396985e-01	1.566855e+00	4.110680e+00	1.725693e+03	1.358161e+10	1.643996e+01	-1.749256e+08	5.000000e+03	2
9.447236e-01	1.575234e+00	4.129443e+00	1.677343e+03	1.212453e+10	1.634161e+01	-1.740323e+08	5.000000e+03	2
9.497487e-01	1.583613e+00	4.148073e+00	1.616093e+03	1.069199e+10	1.624341e+01	-1.731447e+08	5.000000e+03	2
9.547739e-01	1.591991e+00	4.165946e+00	1.553328e+03	9.350259e+09	1.614402e+01	-1.722626e+08	5.000000e+03	2
9.597990e-01	1.600370e+00	4.183575e+00	1.490071e+03	8.038009e+09	1.604425e+01	-1.713861e+08	5.000000e+03	2
9.648241e-01	1.608749e+00	4.200307e+00	1.423920e+03	6.824256e+09	1.594299e+01	-1.705152e+08	5.000000e+03	2
9.698492e-01	1.617128e+00	4.216820e+00	1.357063e+03	5.634526e+09	1.584138e+01	-1.696508e+08	5.000000e+03	2
9.748744e-01	1.625507e+00	4.232232e+00	1.284244e+03	4.554258e+09	1.573778e+01	-1.687903e+08	5.000000e+03	2
9.798995e-01	1.633886e+00	4.247455e+00	1.210397e+03	3.492863e+09	1.563385e+01	-1.679364e+08	5.000000e+03	2
9.849246e-01	1.642265e+00	4.261222e+00	1.120361e+03	2.560822e+09	1.552695e+01	-1.670884e+08	5.000000e+03	2
9.899497e-01	1.650644e+00	4.274830e+00	1.028566e+03	1.642842e+09	1.541972e+01	-1.662464e+08	5.000000e+03	2
9.949749e-01	1.659023e+00	4.287441e+00	1.012335e+03	8.189947e+08	1.531151e+01	-1.654104e+08	5.000000e+03	2
1.000000e+00	1.667402e+00	4.300000e+00	1.000000e+03	7.152557e-07	1.520324e+01	-1.645802e+08	3.000000e+02	2
