#R=1.8839969026217949
#interptype='linear'
#name='planet'
#norm={'P': 1000000000000.0, 'R': 1.8839969026217949, 'M': 6.7999999999999998, 'g': 18.832010906777075, 'rho': 1000.0}
#state=1
#composition
#layer0		Fe08FeS02		0.500000
#layer1		pv_fmw		0.500000
#layer2		ice_VII		0.200000
#Cols=
 #'ur		r		mr		rho		P		g		phi		T		composition'
#-end-
0.000000e+00	0.000000e+00	5.776001e-11	2.123670e+04	2.559449e+12	0.000000e+00	-4.853472e+08	5.000000e+03	0
5.025126e-03	9.467321e-03	1.242170e-05	2.123957e+04	2.560488e+12	-1.306369e-01	-4.853364e+08	5.000000e+03	0
1.005025e-02	1.893464e-02	2.847901e-05	2.124229e+04	2.561472e+12	-2.380621e-01	-4.853040e+08	5.000000e+03	0
1.507538e-02	2.840196e-02	1.150684e-04	2.124210e+04	2.561402e+12	1.048201e-01	-4.852498e+08	5.000000e+03	0
2.010050e-02	3.786928e-02	2.161621e-04	2.124166e+04	2.561244e+12	4.493614e-01	-4.851757e+08	5.000000e+03	0
2.512563e-02	4.733661e-02	4.506943e-04	2.123898e+04	2.560276e+12	8.091668e-01	-4.850775e+08	5.000000e+03	0
3.015075e-02	5.680393e-02	7.178129e-04	2.123594e+04	2.559177e+12	1.169105e+00	-4.849587e+08	5.000000e+03	0
3.517588e-02	6.627125e-02	1.173932e-03	2.123078e+04	2.557315e+12	1.529817e+00	-4.848184e+08	5.000000e+03	0
4.020101e-02	7.573857e-02	1.687895e-03	2.122515e+04	2.555279e+12	1.890487e+00	-4.846566e+08	5.000000e+03	0
4.522613e-02	8.520589e-02	2.439016e-03	2.121752e+04	2.552527e+12	2.250984e+00	-4.844724e+08	5.000000e+03	0
5.025126e-02	9.467321e-02	3.280353e-03	2.120929e+04	2.549557e+12	2.611357e+00	-4.842684e+08	5.000000e+03	0
5.527638e-02	1.041405e-01	4.399557e-03	2.119919e+04	2.545917e+12	2.971344e+00	-4.840419e+08	5.000000e+03	0
6.030151e-02	1.136079e-01	5.648388e-03	2.118836e+04	2.542017e+12	3.331128e+00	-4.837968e+08	5.000000e+03	0
6.532663e-02	1.230752e-01	7.208326e-03	2.117579e+04	2.537493e+12	3.690425e+00	-4.835245e+08	5.000000e+03	0
7.035176e-02	1.325425e-01	8.944242e-03	2.116237e+04	2.532668e+12	4.049432e+00	-4.832337e+08	5.000000e+03	0
7.537688e-02	1.420098e-01	1.101703e-02	2.114733e+04	2.527265e+12	4.407884e+00	-4.829212e+08	5.000000e+03	0
8.040201e-02	1.514771e-01	1.331897e-02	2.113132e+04	2.521521e+12	4.765945e+00	-4.825877e+08	5.000000e+03	0
8.542714e-02	1.609445e-01	1.597610e-02	2.111381e+04	2.515245e+12	5.123402e+00	-4.822328e+08	5.000000e+03	0
9.045226e-02	1.704118e-01	1.892224e-02	2.109522e+04	2.508588e+12	5.480356e+00	-4.818563e+08	5.000000e+03	0
9.547739e-02	1.798791e-01	2.223446e-02	2.107524e+04	2.501447e+12	5.836673e+00	-4.814589e+08	5.000000e+03	0
1.005025e-01	1.893464e-01	2.590208e-02	2.105405e+04	2.493885e+12	6.192360e+00	-4.810394e+08	5.000000e+03	0
1.055276e-01	1.988137e-01	2.993931e-02	2.103161e+04	2.485886e+12	6.547390e+00	-4.805992e+08	5.000000e+03	0
1.105528e-01	2.082811e-01	3.440468e-02	2.100784e+04	2.477428e+12	6.901649e+00	-4.801379e+08	5.000000e+03	0
1.155779e-01	2.177484e-01	3.923591e-02	2.098293e+04	2.468580e+12	7.255249e+00	-4.796560e+08	5.000000e+03	0
1.206030e-01	2.272157e-01	4.457417e-02	2.095658e+04	2.459237e+12	7.607921e+00	-4.791521e+08	5.000000e+03	0
1.256281e-01	2.366830e-01	5.026736e-02	2.092921e+04	2.449549e+12	7.959945e+00	-4.786271e+08	5.000000e+03	0
1.306533e-01	2.461503e-01	5.655242e-02	2.090027e+04	2.439333e+12	8.310871e+00	-4.780817e+08	5.000000e+03	0
1.356784e-01	2.556177e-01	6.317439e-02	2.087044e+04	2.428816e+12	8.661174e+00	-4.775152e+08	5.000000e+03	0
1.407035e-01	2.650850e-01	7.047877e-02	2.083892e+04	2.417738e+12	9.010196e+00	-4.769278e+08	5.000000e+03	0
1.457286e-01	2.745523e-01	7.809511e-02	2.080664e+04	2.406404e+12	9.358632e+00	-4.763194e+08	5.000000e+03	0
1.507538e-01	2.840196e-01	8.648986e-02	2.077254e+04	2.394477e+12	9.705591e+00	-4.756934e+08	5.000000e+03	0
1.557789e-01	2.934870e-01	9.516484e-02	2.073780e+04	2.382338e+12	1.005202e+01	-4.750412e+08	5.000000e+03	0
1.608040e-01	3.029543e-01	1.047194e-01	2.070113e+04	2.369577e+12	1.039675e+01	-4.743703e+08	5.000000e+03	0
1.658291e-01	3.124216e-01	1.145158e-01	2.066393e+04	2.356646e+12	1.074102e+01	-4.736796e+08	5.000000e+03	0
1.708543e-01	3.218889e-01	1.252979e-01	2.062469e+04	2.343067e+12	1.108338e+01	-4.729681e+08	5.000000e+03	0
1.758794e-01	3.313562e-01	1.362772e-01	2.058504e+04	2.329359e+12	1.142535e+01	-4.722364e+08	5.000000e+03	0
1.809045e-01	3.408236e-01	1.483527e-01	2.054322e+04	2.314977e+12	1.176517e+01	-4.714840e+08	5.000000e+03	0
1.859296e-01	3.502909e-01	1.605743e-01	2.050112e+04	2.300506e+12	1.210470e+01	-4.707133e+08	5.000000e+03	0
1.909548e-01	3.597582e-01	1.740072e-01	2.045674e+04	2.285340e+12	1.244181e+01	-4.699202e+08	5.000000e+03	0
1.959799e-01	3.692255e-01	1.875292e-01	2.041219e+04	2.270122e+12	1.277875e+01	-4.691063e+08	5.000000e+03	0
2.010050e-01	3.786928e-01	2.023812e-01	2.036524e+04	2.254189e+12	1.311302e+01	-4.682732e+08	5.000000e+03	0
2.060302e-01	3.881602e-01	2.173013e-01	2.031817e+04	2.238220e+12	1.344714e+01	-4.674208e+08	5.000000e+03	0
2.110553e-01	3.976275e-01	2.335907e-01	2.026873e+04	2.221561e+12	1.377847e+01	-4.665482e+08	5.000000e+03	0
2.160804e-01	4.070948e-01	2.499947e-01	2.021910e+04	2.204846e+12	1.410957e+01	-4.656558e+08	5.000000e+03	0
2.211055e-01	4.165621e-01	2.677470e-01	2.016721e+04	2.187492e+12	1.443788e+01	-4.647438e+08	5.000000e+03	0
2.261307e-01	4.260295e-01	2.856920e-01	2.011502e+04	2.170053e+12	1.476580e+01	-4.638122e+08	5.000000e+03	0
2.311558e-01	4.354968e-01	3.049572e-01	2.006069e+04	2.152024e+12	1.509095e+01	-4.628611e+08	5.000000e+03	0
2.361809e-01	4.449641e-01	3.244978e-01	2.000593e+04	2.133879e+12	1.541551e+01	-4.618906e+08	5.000000e+03	0
2.412060e-01	4.544314e-01	3.453238e-01	1.994917e+04	2.115196e+12	1.573736e+01	-4.609007e+08	5.000000e+03	0
2.462312e-01	4.638987e-01	3.665121e-01	1.989185e+04	2.096369e+12	1.605842e+01	-4.598920e+08	5.000000e+03	0
2.512563e-01	4.733661e-01	3.889444e-01	1.983264e+04	2.077051e+12	1.637681e+01	-4.588640e+08	5.000000e+03	0
2.562814e-01	4.828334e-01	4.118295e-01	1.977276e+04	2.057564e+12	1.669422e+01	-4.578169e+08	5.000000e+03	0
2.613065e-01	4.923007e-01	4.359112e-01	1.971111e+04	2.037633e+12	1.700902e+01	-4.567513e+08	5.000000e+03	0
2.663317e-01	5.017680e-01	4.605397e-01	1.964868e+04	2.017510e+12	1.732261e+01	-4.556650e+08	5.000000e+03	0
2.713568e-01	5.112353e-01	4.863114e-01	1.958459e+04	1.996988e+12	1.763367e+01	-4.545631e+08	5.000000e+03	0
2.763819e-01	5.207027e-01	5.127269e-01	1.951959e+04	1.976254e+12	1.794328e+01	-4.534419e+08	5.000000e+03	0
2.814070e-01	5.301700e-01	5.402266e-01	1.945306e+04	1.955164e+12	1.825046e+01	-4.523017e+08	5.000000e+03	0
2.864322e-01	5.396373e-01	5.684696e-01	1.938550e+04	1.933843e+12	1.855594e+01	-4.511438e+08	5.000000e+03	0
2.914573e-01	5.491046e-01	5.977325e-01	1.931653e+04	1.912208e+12	1.885909e+01	-4.499674e+08	5.000000e+03	0
2.964824e-01	5.585719e-01	6.278403e-01	1.924640e+04	1.890328e+12	1.916028e+01	-4.487730e+08	5.000000e+03	0
3.015075e-01	5.680393e-01	6.588988e-01	1.917499e+04	1.868172e+12	1.945926e+01	-4.475607e+08	5.000000e+03	0
3.065327e-01	5.775066e-01	6.909056e-01	1.910230e+04	1.845758e+12	1.975600e+01	-4.463306e+08	5.000000e+03	0
3.115578e-01	5.869739e-01	7.237892e-01	1.902843e+04	1.823106e+12	2.005067e+01	-4.450830e+08	5.000000e+03	0
3.165829e-01	5.964412e-01	7.577256e-01	1.895318e+04	1.800186e+12	2.034280e+01	-4.438177e+08	5.000000e+03	0
3.216080e-01	6.059086e-01	7.924607e-01	1.887686e+04	1.777063e+12	2.063301e+01	-4.425355e+08	5.000000e+03	0
3.266332e-01	6.153759e-01	8.283539e-01	1.879903e+04	1.753665e+12	2.092038e+01	-4.412357e+08	5.000000e+03	0
3.316583e-01	6.248432e-01	8.649638e-01	1.872026e+04	1.730097e+12	2.120598e+01	-4.399188e+08	5.000000e+03	0
3.366834e-01	6.343105e-01	9.028371e-01	1.863984e+04	1.706251e+12	2.148842e+01	-4.385854e+08	5.000000e+03	0
3.417085e-01	6.437778e-01	9.413420e-01	1.855861e+04	1.682265e+12	2.176927e+01	-4.372350e+08	5.000000e+03	0
3.467337e-01	6.532452e-01	9.812151e-01	1.847561e+04	1.657998e+12	2.204663e+01	-4.358676e+08	5.000000e+03	0
3.517588e-01	6.627125e-01	1.021632e+00	1.839191e+04	1.633621e+12	2.232259e+01	-4.344845e+08	5.000000e+03	0
3.567839e-01	6.721798e-01	1.063520e+00	1.830631e+04	1.608965e+12	2.259469e+01	-4.330847e+08	5.000000e+03	0
3.618090e-01	6.816471e-01	1.105862e+00	1.822013e+04	1.584224e+12	2.286561e+01	-4.316687e+08	5.000000e+03	0
3.668342e-01	6.911144e-01	1.149777e+00	1.813193e+04	1.559210e+12	2.313230e+01	-4.302370e+08	5.000000e+03	0
3.718593e-01	7.005818e-01	1.194054e+00	1.804326e+04	1.534133e+12	2.339803e+01	-4.287893e+08	5.000000e+03	0
3.768844e-01	7.100491e-01	1.240004e+00	1.795244e+04	1.508791e+12	2.365915e+01	-4.273261e+08	5.000000e+03	0
3.819095e-01	7.195164e-01	1.286220e+00	1.786127e+04	1.483407e+12	2.391954e+01	-4.258465e+08	5.000000e+03	0
3.869347e-01	7.289837e-01	1.334208e+00	1.776781e+04	1.457769e+12	2.417493e+01	-4.243529e+08	5.000000e+03	0
3.919598e-01	7.384510e-01	1.382368e+00	1.767413e+04	1.432107e+12	2.442983e+01	-4.228434e+08	5.000000e+03	0
3.969849e-01	7.479184e-01	1.432392e+00	1.757802e+04	1.406206e+12	2.467932e+01	-4.213188e+08	5.000000e+03	0
4.020101e-01	7.573857e-01	1.482511e+00	1.748178e+04	1.380293e+12	2.492853e+01	-4.197801e+08	5.000000e+03	0
4.070352e-01	7.668530e-01	1.534546e+00	1.738302e+04	1.354163e+12	2.517200e+01	-4.182262e+08	5.000000e+03	0
4.120603e-01	7.763203e-01	1.586694e+00	1.728411e+04	1.328022e+12	2.541512e+01	-4.166580e+08	5.000000e+03	0
4.170854e-01	7.857877e-01	1.640654e+00	1.718279e+04	1.301704e+12	2.565266e+01	-4.150757e+08	5.000000e+03	0
4.221106e-01	7.952550e-01	1.694820e+00	1.708118e+04	1.275369e+12	2.588953e+01	-4.134786e+08	5.000000e+03	0
4.271357e-01	8.047223e-01	1.750691e+00	1.697725e+04	1.248893e+12	2.612096e+01	-4.118684e+08	5.000000e+03	0
4.321608e-01	8.141896e-01	1.806858e+00	1.687292e+04	1.222398e+12	2.635141e+01	-4.102469e+08	5.000000e+03	0
4.371859e-01	8.236569e-01	1.864619e+00	1.676637e+04	1.195795e+12	2.657658e+01	-4.086066e+08	5.000000e+03	0
4.422111e-01	8.331243e-01	1.922766e+00	1.665928e+04	1.169173e+12	2.680043e+01	-4.069555e+08	5.000000e+03	0
4.472362e-01	8.425916e-01	1.982395e+00	1.655008e+04	1.142475e+12	2.701919e+01	-4.052916e+08	5.000000e+03	0
4.522613e-01	8.520589e-01	2.042493e+00	1.644019e+04	1.115762e+12	2.723626e+01	-4.036144e+08	5.000000e+03	0
4.572864e-01	8.615262e-01	2.103962e+00	1.632830e+04	1.089001e+12	2.744844e+01	-4.019250e+08	5.000000e+03	0
4.623116e-01	8.709935e-01	2.165979e+00	1.621558e+04	1.062230e+12	2.765856e+01	-4.002226e+08	5.000000e+03	0
4.673367e-01	8.804609e-01	2.229253e+00	1.610096e+04	1.035438e+12	2.786399e+01	-3.985074e+08	5.000000e+03	0
4.723618e-01	8.899282e-01	2.293151e+00	1.598535e+04	1.008646e+12	2.806698e+01	-3.967822e+08	5.000000e+03	0
4.773869e-01	8.993955e-01	2.358192e+00	1.586795e+04	9.818551e+11	2.826549e+01	-3.950432e+08	5.000000e+03	0
4.824121e-01	9.088628e-01	2.423925e+00	1.574940e+04	9.550778e+11	2.846115e+01	-3.932931e+08	5.000000e+03	0
4.874372e-01	9.183301e-01	2.490688e+00	1.562916e+04	9.283209e+11	2.865257e+01	-3.915317e+08	5.000000e+03	0
4.924623e-01	9.277975e-01	2.558205e+00	1.550762e+04	9.015942e+11	2.884071e+01	-3.897591e+08	5.000000e+03	0
4.974874e-01	9.372648e-01	2.626641e+00	1.538449e+04	8.749044e+11	2.902486e+01	-3.879752e+08	5.000000e+03	0
5.025126e-01	9.467321e-01	2.695884e+00	1.525987e+04	8.482649e+11	2.920529e+01	-3.861814e+08	5.000000e+03	0
5.075377e-01	9.561994e-01	2.765936e+00	1.513377e+04	8.216757e+11	2.938199e+01	-3.843757e+08	5.000000e+03	0
5.125628e-01	9.656668e-01	2.836841e+00	1.500600e+04	7.951602e+11	2.955449e+01	-3.825605e+08	5.000000e+03	0
5.175879e-01	9.751341e-01	2.908447e+00	1.487686e+04	7.687053e+11	2.972354e+01	-3.807355e+08	5.000000e+03	0
5.226131e-01	9.846014e-01	2.980941e+00	1.474585e+04	7.423511e+11	2.988791e+01	-3.788988e+08	5.000000e+03	0
5.276382e-01	9.940687e-01	3.054032e+00	1.461357e+04	7.160645e+11	3.004913e+01	-3.770554e+08	5.000000e+03	0
5.326633e-01	1.003536e+00	3.128035e+00	1.447920e+04	6.899092e+11	3.020513e+01	-3.752013e+08	5.000000e+03	0
5.376884e-01	1.013003e+00	3.202535e+00	1.434369e+04	6.638255e+11	3.035830e+01	-3.733391e+08	5.000000e+03	0
5.427136e-01	1.022471e+00	3.277959e+00	1.420583e+04	6.379071e+11	3.050573e+01	-3.714663e+08	5.000000e+03	0
5.477387e-01	1.031938e+00	3.353786e+00	1.406696e+04	6.120609e+11	3.065064e+01	-3.695861e+08	5.000000e+03	0
5.527638e-01	1.041405e+00	3.406730e+00	1.175565e+04	5.944178e+11	3.057814e+01	-3.676977e+08	5.000000e+03	0
5.577889e-01	1.050873e+00	3.451847e+00	8.701137e+03	5.795809e+11	3.043127e+01	-3.658081e+08	5.000000e+03	0
5.628141e-01	1.060340e+00	3.497682e+00	8.022213e+03	5.650280e+11	3.029121e+01	-3.639251e+08	5.000000e+03	1
5.678392e-01	1.069807e+00	3.543702e+00	7.959184e+03	5.505487e+11	3.015290e+01	-3.620514e+08	5.000000e+03	1
5.728643e-01	1.079275e+00	3.590468e+00	7.896248e+03	5.363608e+11	3.002117e+01	-3.601864e+08	5.000000e+03	1
5.778894e-01	1.088742e+00	3.637372e+00	7.833330e+03	5.222271e+11	2.989066e+01	-3.583300e+08	5.000000e+03	1
5.829146e-01	1.098209e+00	3.685046e+00	7.770469e+03	5.083919e+11	2.976647e+01	-3.564819e+08	5.000000e+03	1
5.879397e-01	1.107677e+00	3.732813e+00	7.707614e+03	4.945928e+11	2.964304e+01	-3.546407e+08	5.000000e+03	1
5.929648e-01	1.117144e+00	3.781370e+00	7.644776e+03	4.810995e+11	2.952566e+01	-3.528123e+08	5.000000e+03	1
5.979899e-01	1.126611e+00	3.829976e+00	7.581938e+03	4.676253e+11	2.940866e+01	-3.509856e+08	5.000000e+03	1
6.030151e-01	1.136079e+00	3.879388e+00	7.519072e+03	4.544641e+11	2.929741e+01	-3.491683e+08	5.000000e+03	1
6.080402e-01	1.145546e+00	3.928839e+00	7.456203e+03	4.413181e+11	2.918643e+01	-3.473588e+08	5.000000e+03	1
6.130653e-01	1.155013e+00	3.979047e+00	7.393261e+03	4.284683e+11	2.908049e+01	-3.455563e+08	5.000000e+03	1
6.180905e-01	1.164480e+00	4.029321e+00	7.330308e+03	4.156451e+11	2.897496e+01	-3.437608e+08	5.000000e+03	1
6.231156e-01	1.173948e+00	4.080286e+00	7.267245e+03	4.030965e+11	2.887374e+01	-3.419720e+08	5.000000e+03	1
6.281407e-01	1.183415e+00	4.131352e+00	7.204158e+03	3.905885e+11	2.877310e+01	-3.401899e+08	5.000000e+03	1
6.331658e-01	1.192882e+00	4.183044e+00	7.140926e+03	3.783350e+11	2.867611e+01	-3.384143e+08	5.000000e+03	1
6.381910e-01	1.202350e+00	4.234866e+00	7.077654e+03	3.661354e+11	2.857981e+01	-3.366449e+08	5.000000e+03	1
6.432161e-01	1.211817e+00	4.287253e+00	7.014206e+03	3.541715e+11	2.848659e+01	-3.348821e+08	5.000000e+03	1
6.482412e-01	1.221284e+00	4.339795e+00	6.950696e+03	3.422746e+11	2.839415e+01	-3.331253e+08	5.000000e+03	1
6.532663e-01	1.230752e+00	4.392840e+00	6.886982e+03	3.305954e+11	2.830426e+01	-3.313745e+08	5.000000e+03	1
6.582915e-01	1.240219e+00	4.446062e+00	6.823179e+03	3.189961e+11	2.821521e+01	-3.296293e+08	5.000000e+03	1
6.633166e-01	1.249686e+00	4.499728e+00	6.759148e+03	3.075976e+11	2.812825e+01	-3.278901e+08	5.000000e+03	1
6.683417e-01	1.259154e+00	4.553587e+00	6.694995e+03	2.962914e+11	2.804215e+01	-3.261567e+08	5.000000e+03	1
6.733668e-01	1.268621e+00	4.607834e+00	6.630594e+03	2.851699e+11	2.795774e+01	-3.244289e+08	5.000000e+03	1
6.783920e-01	1.278088e+00	4.662286e+00	6.566029e+03	2.741532e+11	2.787417e+01	-3.227065e+08	5.000000e+03	1
6.834171e-01	1.287556e+00	4.717069e+00	6.501200e+03	2.633058e+11	2.779194e+01	-3.209896e+08	5.000000e+03	1
6.884422e-01	1.297023e+00	4.772065e+00	6.436161e+03	2.525755e+11	2.771051e+01	-3.192777e+08	5.000000e+03	1
6.934673e-01	1.306490e+00	4.827340e+00	6.370843e+03	2.419996e+11	2.763013e+01	-3.175720e+08	5.000000e+03	1
6.984925e-01	1.315958e+00	4.882828e+00	6.305259e+03	2.315533e+11	2.755048e+01	-3.158710e+08	5.000000e+03	1
7.035176e-01	1.325425e+00	4.938545e+00	6.239387e+03	2.212470e+11	2.747161e+01	-3.141754e+08	5.000000e+03	1
7.085427e-01	1.334892e+00	4.994469e+00	6.173183e+03	2.110827e+11	2.739337e+01	-3.124849e+08	5.000000e+03	1
7.135678e-01	1.344360e+00	5.050577e+00	6.106683e+03	2.010446e+11	2.731570e+01	-3.107995e+08	5.000000e+03	1
7.185930e-01	1.353827e+00	5.106878e+00	6.039776e+03	1.911610e+11	2.723855e+01	-3.091193e+08	5.000000e+03	1
7.236181e-01	1.363294e+00	5.163320e+00	5.972571e+03	1.813901e+11	2.716177e+01	-3.074440e+08	5.000000e+03	1
7.286432e-01	1.372762e+00	5.219934e+00	5.904867e+03	1.717864e+11	2.708537e+01	-3.057739e+08	5.000000e+03	1
7.336683e-01	1.382229e+00	5.276650e+00	5.836867e+03	1.622822e+11	2.700919e+01	-3.041086e+08	5.000000e+03	1
7.386935e-01	1.391696e+00	5.333508e+00	5.768263e+03	1.529583e+11	2.693322e+01	-3.024484e+08	5.000000e+03	1
7.437186e-01	1.401164e+00	5.390435e+00	5.699369e+03	1.437207e+11	2.685735e+01	-3.007931e+08	5.000000e+03	1
7.487437e-01	1.410631e+00	5.424347e+00	4.485777e+03	1.383271e+11	2.666917e+01	-2.991432e+08	5.000000e+03	1
7.537688e-01	1.420098e+00	5.449550e+00	2.839056e+03	1.343881e+11	2.643848e+01	-2.975016e+08	5.000000e+03	1
7.587940e-01	1.429565e+00	5.475093e+00	2.459207e+03	1.305258e+11	2.621505e+01	-2.958728e+08	5.000000e+03	2
7.638191e-01	1.439033e+00	5.500733e+00	2.448193e+03	1.266859e+11	2.599372e+01	-2.942580e+08	5.000000e+03	2
7.688442e-01	1.448500e+00	5.526735e+00	2.437330e+03	1.229241e+11	2.577970e+01	-2.926569e+08	5.000000e+03	2
7.738693e-01	1.457967e+00	5.552813e+00	2.426499e+03	1.191790e+11	2.556724e+01	-2.910692e+08	5.000000e+03	2
7.788945e-01	1.467435e+00	5.579274e+00	2.415820e+03	1.155132e+11	2.536214e+01	-2.894946e+08	5.000000e+03	2
7.839196e-01	1.476902e+00	5.605791e+00	2.405163e+03	1.118589e+11	2.515811e+01	-2.879329e+08	5.000000e+03	2
7.889447e-01	1.486369e+00	5.632713e+00	2.394660e+03	1.082848e+11	2.496145e+01	-2.863839e+08	5.000000e+03	2
7.939698e-01	1.495837e+00	5.659669e+00	2.384170e+03	1.047176e+11	2.476542e+01	-2.848471e+08	5.000000e+03	2
7.989950e-01	1.505304e+00	5.687052e+00	2.373835e+03	1.012313e+11	2.457678e+01	-2.833225e+08	5.000000e+03	2
8.040201e-01	1.514771e+00	5.714456e+00	2.363508e+03	9.774899e+10	2.438849e+01	-2.818097e+08	5.000000e+03	2
8.090452e-01	1.524239e+00	5.742291e+00	2.353330e+03	9.434519e+10	2.420730e+01	-2.803086e+08	5.000000e+03	2
8.140704e-01	1.533706e+00	5.770156e+00	2.343162e+03	9.094666e+10	2.402657e+01	-2.788189e+08	5.000000e+03	2
8.190955e-01	1.543173e+00	5.798432e+00	2.333131e+03	8.761969e+10	2.385226e+01	-2.773404e+08	5.000000e+03	2
8.241206e-01	1.552641e+00	5.826759e+00	2.323115e+03	8.430142e+10	2.367871e+01	-2.758728e+08	5.000000e+03	2
8.291457e-01	1.562108e+00	5.855474e+00	2.313223e+03	8.104828e+10	2.351094e+01	-2.744160e+08	5.000000e+03	2
8.341709e-01	1.571575e+00	5.884263e+00	2.303354e+03	7.780697e+10	2.334421e+01	-2.729697e+08	5.000000e+03	2
8.391960e-01	1.581043e+00	5.913419e+00	2.293596e+03	7.462480e+10	2.318268e+01	-2.715337e+08	5.000000e+03	2
8.442211e-01	1.590510e+00	5.942669e+00	2.283865e+03	7.145736e+10	2.302243e+01	-2.701080e+08	5.000000e+03	2
8.492462e-01	1.599977e+00	5.972265e+00	2.274235e+03	6.834346e+10	2.286683e+01	-2.686921e+08	5.000000e+03	2
8.542714e-01	1.609445e+00	6.001922e+00	2.260407e+03	6.525255e+10	2.271253e+01	-2.672861e+08	5.000000e+03	2
8.592965e-01	1.618912e+00	6.031749e+00	2.234916e+03	6.222549e+10	2.256182e+01	-2.658895e+08	5.000000e+03	2
8.643216e-01	1.628379e+00	6.061580e+00	2.209518e+03	5.923128e+10	2.241233e+01	-2.645024e+08	5.000000e+03	2
8.693467e-01	1.637847e+00	6.091420e+00	2.184323e+03	5.630897e+10	2.226551e+01	-2.631248e+08	5.000000e+03	2
8.743719e-01	1.647314e+00	6.121259e+00	2.159226e+03	5.342342e+10	2.212002e+01	-2.617567e+08	5.000000e+03	2
8.793970e-01	1.656781e+00	6.151096e+00	2.134302e+03	5.060247e+10	2.197687e+01	-2.603970e+08	5.000000e+03	2
8.844221e-01	1.666249e+00	6.180926e+00	2.109482e+03	4.782194e+10	2.183517e+01	-2.590466e+08	5.000000e+03	2
8.894472e-01	1.675716e+00	6.210746e+00	2.084807e+03	4.509917e+10	2.169552e+01	-2.577051e+08	5.000000e+03	2
8.944724e-01	1.685183e+00	6.240550e+00	2.060237e+03	4.242025e+10	2.155740e+01	-2.563722e+08	5.000000e+03	2
8.994975e-01	1.694650e+00	6.270335e+00	2.035789e+03	3.979265e+10	2.142106e+01	-2.550482e+08	5.000000e+03	2
9.045226e-01	1.704118e+00	6.300094e+00	2.011444e+03	3.721214e+10	2.128632e+01	-2.537326e+08	5.000000e+03	2
9.095477e-01	1.713585e+00	6.329828e+00	1.987197e+03	3.467689e+10	2.115312e+01	-2.524254e+08	5.000000e+03	2
9.145729e-01	1.723052e+00	6.359522e+00	1.963050e+03	3.219178e+10	2.102158e+01	-2.511267e+08	5.000000e+03	2
9.195980e-01	1.732520e+00	6.389187e+00	1.938980e+03	2.974624e+10	2.089136e+01	-2.498361e+08	5.000000e+03	2
9.246231e-01	1.741987e+00	6.418797e+00	1.915002e+03	2.735372e+10	2.076285e+01	-2.485537e+08	5.000000e+03	2
9.296482e-01	1.751454e+00	6.448373e+00	1.891083e+03	2.499540e+10	2.063544e+01	-2.472793e+08	5.000000e+03	2
9.346734e-01	1.760922e+00	6.477877e+00	1.867244e+03	2.269285e+10	2.050978e+01	-2.460128e+08	5.000000e+03	2
9.396985e-01	1.770389e+00	6.507345e+00	1.843447e+03	2.041943e+10	2.038503e+01	-2.447650e+08	5.000000e+03	2
9.447236e-01	1.779856e+00	6.536721e+00	1.819716e+03	1.820441e+10	2.026206e+01	-2.435037e+08	5.000000e+03	2
9.497487e-01	1.789324e+00	6.566059e+00	1.796012e+03	1.601371e+10	2.013983e+01	-2.422607e+08	5.000000e+03	2
9.547739e-01	1.798791e+00	6.594555e+00	1.727013e+03	1.393642e+10	2.001720e+01	-2.410254e+08	5.000000e+03	2
9.597990e-01	1.808258e+00	6.622778e+00	1.643308e+03	1.189594e+10	1.989445e+01	-2.397977e+08	5.000000e+03	2
9.648241e-01	1.817726e+00	6.649211e+00	1.556533e+03	1.003331e+10	1.976875e+01	-2.385779e+08	5.000000e+03	2
9.698492e-01	1.827193e+00	6.675207e+00	1.469010e+03	8.214061e+09	1.964232e+01	-2.373662e+08	5.000000e+03	2
9.748744e-01	1.836660e+00	6.699047e+00	1.374340e+03	6.591029e+09	1.951226e+01	-2.361621e+08	5.000000e+03	2
9.798995e-01	1.846128e+00	6.722516e+00	1.278439e+03	5.001827e+09	1.938158e+01	-2.349664e+08	5.000000e+03	2
9.849246e-01	1.855595e+00	6.743158e+00	1.160015e+03	3.644590e+09	1.924580e+01	-2.337791e+08	5.000000e+03	2
9.899497e-01	1.865062e+00	6.763494e+00	1.039142e+03	2.312565e+09	1.910948e+01	-2.326002e+08	5.000000e+03	2
9.949749e-01	1.874530e+00	6.781799e+00	1.017026e+03	1.151867e+09	1.897081e+01	-2.314302e+08	5.000000e+03	2
1.000000e+00	1.883997e+00	6.800000e+00	1.000000e+03	0.000000e+00	1.883201e+01	-2.302687e+08	3.000000e+02	2
