#t		Qconv[W]	Ri[Rp]		R*[Rp]		Qc[W]		Qm[W]		Qr[W]		Tcmb[K]		Tl[K]		Tup[K]		RiFlag		Bs[T]
0.000000e+00	7.337610e+12	0.000000e+00	7.192980e-01	1.342739e+14	1.280035e+15	1.197147e+14	6.231749e+03	3.500457e+03	2.243096e+03	0	5.665422e-04
1.000000e+07	7.186419e+12	0.000000e+00	7.192980e-01	1.323567e+14	1.135861e+15	1.190514e+14	6.224552e+03	3.424391e+03	2.194353e+03	0	5.626240e-04
2.000000e+07	7.033760e+12	0.000000e+00	7.192980e-01	1.304220e+14	1.019562e+15	1.183931e+14	6.217457e+03	3.358469e+03	2.152110e+03	0	5.586116e-04
3.000000e+07	6.883385e+12	0.000000e+00	7.192980e-01	1.285163e+14	9.242202e+14	1.177397e+14	6.210465e+03	3.300758e+03	2.115128e+03	0	5.546020e-04
4.000000e+07	6.737319e+12	0.000000e+00	7.192980e-01	1.266646e+14	8.449504e+14	1.170911e+14	6.203575e+03	3.249793e+03	2.082470e+03	0	5.506510e-04
5.000000e+07	6.596587e+12	0.000000e+00	7.192980e-01	1.248793e+14	7.782244e+14	1.164474e+14	6.196784e+03	3.204445e+03	2.053411e+03	0	5.467899e-04
6.000000e+07	6.461629e+12	0.000000e+00	7.192980e-01	1.231661e+14	7.214415e+14	1.158085e+14	6.190088e+03	3.163824e+03	2.027381e+03	0	5.430353e-04
7.000000e+07	6.332542e+12	0.000000e+00	7.192980e-01	1.215260e+14	6.726502e+14	1.151743e+14	6.183484e+03	3.127225e+03	2.003928e+03	0	5.393948e-04
8.000000e+07	6.209226e+12	0.000000e+00	7.192980e-01	1.199577e+14	6.303618e+14	1.145449e+14	6.176968e+03	3.094077e+03	1.982687e+03	0	5.358706e-04
9.000000e+07	6.091467e+12	0.000000e+00	7.192980e-01	1.184586e+14	5.934238e+14	1.139201e+14	6.170535e+03	3.063913e+03	1.963358e+03	0	5.324613e-04
1.000000e+08	5.978996e+12	0.000000e+00	7.192980e-01	1.170254e+14	5.609327e+14	1.133000e+14	6.164183e+03	3.036350e+03	1.945696e+03	0	5.291638e-04
1.100000e+08	5.871516e+12	0.000000e+00	7.192980e-01	1.156544e+14	5.321710e+14	1.126845e+14	6.157907e+03	3.011068e+03	1.929495e+03	0	5.259739e-04
1.200000e+08	5.768724e+12	0.000000e+00	7.192980e-01	1.143417e+14	5.065629e+14	1.120735e+14	6.151705e+03	2.987796e+03	1.914582e+03	0	5.228864e-04
1.300000e+08	5.670321e+12	0.000000e+00	7.192980e-01	1.130838e+14	4.836419e+14	1.114671e+14	6.145573e+03	2.966309e+03	1.900813e+03	0	5.198962e-04
1.400000e+08	5.576023e+12	0.000000e+00	7.192980e-01	1.118769e+14	4.630262e+14	1.108652e+14	6.139509e+03	2.946410e+03	1.888062e+03	0	5.169981e-04
1.500000e+08	5.485558e+12	0.000000e+00	7.192980e-01	1.107179e+14	4.444009e+14	1.102677e+14	6.133508e+03	2.927934e+03	1.876222e+03	0	5.141869e-04
1.600000e+08	5.398671e+12	0.000000e+00	7.192980e-01	1.096035e+14	4.275042e+14	1.096746e+14	6.127570e+03	2.910735e+03	1.865202e+03	0	5.114577e-04
1.700000e+08	5.315126e+12	0.000000e+00	7.192980e-01	1.085308e+14	4.121168e+14	1.090859e+14	6.121692e+03	2.894690e+03	1.854920e+03	0	5.088057e-04
1.800000e+08	5.234704e+12	0.000000e+00	7.192980e-01	1.074970e+14	3.980540e+14	1.085015e+14	6.115871e+03	2.879688e+03	1.845306e+03	0	5.062264e-04
1.900000e+08	5.157201e+12	0.000000e+00	7.192980e-01	1.064996e+14	3.851588e+14	1.079215e+14	6.110105e+03	2.865633e+03	1.836300e+03	0	5.037156e-04
2.000000e+08	5.082429e+12	0.000000e+00	7.192980e-01	1.055364e+14	3.732978e+14	1.073457e+14	6.104393e+03	2.852441e+03	1.827846e+03	0	5.012694e-04
2.100000e+08	5.010216e+12	0.000000e+00	7.192980e-01	1.046051e+14	3.623560e+14	1.067741e+14	6.098732e+03	2.840036e+03	1.819898e+03	0	4.988840e-04
2.200000e+08	4.940402e+12	0.000000e+00	7.192980e-01	1.037038e+14	3.522346e+14	1.062068e+14	6.093121e+03	2.828353e+03	1.812411e+03	0	4.965559e-04
2.300000e+08	4.872840e+12	0.000000e+00	7.192980e-01	1.028306e+14	3.428479e+14	1.056436e+14	6.087558e+03	2.817332e+03	1.805349e+03	0	4.942820e-04
2.400000e+08	4.807393e+12	0.000000e+00	7.192980e-01	1.019838e+14	3.341215e+14	1.050845e+14	6.082043e+03	2.806920e+03	1.798676e+03	0	4.920591e-04
2.500000e+08	4.743936e+12	0.000000e+00	7.192980e-01	1.011620e+14	3.259902e+14	1.045295e+14	6.076572e+03	2.797069e+03	1.792364e+03	0	4.898845e-04
2.600000e+08	4.682354e+12	0.000000e+00	7.192980e-01	1.003636e+14	3.183968e+14	1.039786e+14	6.071145e+03	2.787736e+03	1.786383e+03	0	4.877555e-04
2.700000e+08	4.622539e+12	0.000000e+00	7.192980e-01	9.958734e+13	3.112911e+14	1.034317e+14	6.065761e+03	2.778882e+03	1.780710e+03	0	4.856696e-04
2.800000e+08	4.564393e+12	0.000000e+00	7.192980e-01	9.883195e+13	3.046288e+14	1.028888e+14	6.060419e+03	2.770473e+03	1.775321e+03	0	4.836246e-04
2.900000e+08	4.507822e+12	0.000000e+00	7.192980e-01	9.809631e+13	2.983703e+14	1.023499e+14	6.055117e+03	2.762476e+03	1.770197e+03	0	4.816183e-04
3.000000e+08	4.452743e+12	0.000000e+00	7.192980e-01	9.737936e+13	2.924806e+14	1.018149e+14	6.049855e+03	2.754863e+03	1.765318e+03	0	4.796487e-04
3.100000e+08	4.399076e+12	0.000000e+00	7.192980e-01	9.668012e+13	2.869287e+14	1.012838e+14	6.044631e+03	2.747607e+03	1.760669e+03	0	4.777139e-04
3.200000e+08	4.346748e+12	0.000000e+00	7.192980e-01	9.599767e+13	2.816864e+14	1.007566e+14	6.039444e+03	2.740684e+03	1.756233e+03	0	4.758122e-04
3.300000e+08	4.295691e+12	0.000000e+00	7.192980e-01	9.533116e+13	2.767288e+14	1.002332e+14	6.034294e+03	2.734072e+03	1.751995e+03	0	4.739419e-04
3.400000e+08	4.245840e+12	0.000000e+00	7.192980e-01	9.467981e+13	2.720334e+14	9.971358e+13	6.029180e+03	2.727750e+03	1.747945e+03	0	4.721014e-04
3.500000e+08	4.197138e+12	0.000000e+00	7.192980e-01	9.404288e+13	2.675798e+14	9.919774e+13	6.024100e+03	2.721701e+03	1.744068e+03	0	4.702894e-04
3.600000e+08	4.149529e+12	0.000000e+00	7.192980e-01	9.341968e+13	2.633497e+14	9.868565e+13	6.019055e+03	2.715907e+03	1.740355e+03	0	4.685044e-04
3.700000e+08	4.102960e+12	0.000000e+00	7.192980e-01	9.280957e+13	2.593265e+14	9.817727e+13	6.014043e+03	2.710351e+03	1.736795e+03	0	4.667452e-04
3.800000e+08	4.057385e+12	0.000000e+00	7.192980e-01	9.221196e+13	2.554951e+14	9.767256e+13	6.009064e+03	2.705021e+03	1.733379e+03	0	4.650106e-04
3.900000e+08	4.012758e+12	0.000000e+00	7.192980e-01	9.162627e+13	2.518419e+14	9.717151e+13	6.004116e+03	2.699901e+03	1.730099e+03	0	4.632994e-04
4.000000e+08	3.969037e+12	0.000000e+00	7.192980e-01	9.105198e+13	2.483543e+14	9.667407e+13	5.999200e+03	2.694980e+03	1.726945e+03	0	4.616106e-04
4.100000e+08	3.926182e+12	0.000000e+00	7.192980e-01	9.048861e+13	2.450210e+14	9.618022e+13	5.994315e+03	2.690246e+03	1.723912e+03	0	4.599432e-04
4.200000e+08	3.884156e+12	0.000000e+00	7.192980e-01	8.993569e+13	2.418316e+14	9.568993e+13	5.989460e+03	2.685688e+03	1.720991e+03	0	4.582962e-04
4.300000e+08	3.842925e+12	0.000000e+00	7.192980e-01	8.939278e+13	2.387765e+14	9.520317e+13	5.984635e+03	2.681296e+03	1.718177e+03	0	4.566688e-04
4.400000e+08	3.802455e+12	0.000000e+00	7.192980e-01	8.885948e+13	2.358470e+14	9.471991e+13	5.979838e+03	2.677061e+03	1.715463e+03	0	4.550601e-04
4.500000e+08	3.762716e+12	0.000000e+00	7.192980e-01	8.833540e+13	2.330350e+14	9.424012e+13	5.975071e+03	2.672975e+03	1.712844e+03	0	4.534693e-04
4.600000e+08	3.723679e+12	0.000000e+00	7.192980e-01	8.782019e+13	2.303332e+14	9.376378e+13	5.970331e+03	2.669029e+03	1.710316e+03	0	4.518956e-04
4.700000e+08	3.685316e+12	0.000000e+00	7.192980e-01	8.731350e+13	2.277347e+14	9.329086e+13	5.965619e+03	2.665215e+03	1.707872e+03	0	4.503384e-04
4.800000e+08	3.647602e+12	0.000000e+00	7.192980e-01	8.681501e+13	2.252333e+14	9.282132e+13	5.960934e+03	2.661527e+03	1.705509e+03	0	4.487970e-04
4.900000e+08	3.610513e+12	0.000000e+00	7.192980e-01	8.632442e+13	2.228231e+14	9.235515e+13	5.956276e+03	2.657958e+03	1.703222e+03	0	4.472706e-04
5.000000e+08	3.574025e+12	0.000000e+00	7.192980e-01	8.584144e+13	2.204988e+14	9.189231e+13	5.951644e+03	2.654502e+03	1.701007e+03	0	4.457588e-04
5.100000e+08	3.538117e+12	0.000000e+00	7.192980e-01	8.536580e+13	2.182554e+14	9.143277e+13	5.947037e+03	2.651153e+03	1.698861e+03	0	4.442610e-04
5.200000e+08	3.502769e+12	0.000000e+00	7.192980e-01	8.489724e+13	2.160883e+14	9.097652e+13	5.942457e+03	2.647905e+03	1.696780e+03	0	4.427765e-04
5.300000e+08	3.467960e+12	0.000000e+00	7.192980e-01	8.443553e+13	2.139932e+14	9.052352e+13	5.937901e+03	2.644754e+03	1.694761e+03	0	4.413049e-04
5.400000e+08	3.433673e+12	0.000000e+00	7.192980e-01	8.398043e+13	2.119661e+14	9.007374e+13	5.933371e+03	2.641695e+03	1.692800e+03	0	4.398458e-04
5.500000e+08	3.399890e+12	0.000000e+00	7.192980e-01	8.353172e+13	2.100033e+14	8.962717e+13	5.928864e+03	2.638723e+03	1.690896e+03	0	4.383985e-04
5.600000e+08	3.366595e+12	0.000000e+00	7.192980e-01	8.308921e+13	2.081013e+14	8.918377e+13	5.924382e+03	2.635834e+03	1.689045e+03	0	4.369627e-04
5.700000e+08	3.333771e+12	0.000000e+00	7.192980e-01	8.265268e+13	2.062570e+14	8.874352e+13	5.919923e+03	2.633024e+03	1.687244e+03	0	4.355380e-04
5.800000e+08	3.301405e+12	0.000000e+00	7.192980e-01	8.222196e+13	2.044673e+14	8.830639e+13	5.915488e+03	2.630290e+03	1.685492e+03	0	4.341239e-04
5.900000e+08	3.269481e+12	0.000000e+00	7.192980e-01	8.179687e+13	2.027295e+14	8.787236e+13	5.911076e+03	2.627627e+03	1.683785e+03	0	4.327200e-04
6.000000e+08	3.237986e+12	0.000000e+00	7.192980e-01	8.137724e+13	2.010408e+14	8.744141e+13	5.906686e+03	2.625032e+03	1.682123e+03	0	4.313261e-04
6.100000e+08	3.206908e+12	0.000000e+00	7.192980e-01	8.096291e+13	1.993989e+14	8.701350e+13	5.902319e+03	2.622503e+03	1.680502e+03	0	4.299417e-04
6.200000e+08	3.176234e+12	0.000000e+00	7.192980e-01	8.055372e+13	1.978015e+14	8.658862e+13	5.897975e+03	2.620036e+03	1.678921e+03	0	4.285665e-04
6.300000e+08	3.145952e+12	0.000000e+00	7.192980e-01	8.014954e+13	1.962463e+14	8.616673e+13	5.893652e+03	2.617628e+03	1.677378e+03	0	4.272002e-04
6.400000e+08	3.116052e+12	0.000000e+00	7.192980e-01	7.975021e+13	1.947314e+14	8.574782e+13	5.889351e+03	2.615277e+03	1.675872e+03	0	4.258425e-04
6.500000e+08	3.086523e+12	0.000000e+00	7.192980e-01	7.935562e+13	1.932548e+14	8.533187e+13	5.885071e+03	2.612980e+03	1.674400e+03	0	4.244930e-04
6.600000e+08	3.057354e+12	0.000000e+00	7.192980e-01	7.896562e+13	1.918149e+14	8.491883e+13	5.880812e+03	2.610736e+03	1.672961e+03	0	4.231516e-04
6.700000e+08	3.028536e+12	0.000000e+00	7.192980e-01	7.858011e+13	1.904098e+14	8.450871e+13	5.876575e+03	2.608540e+03	1.671555e+03	0	4.218179e-04
6.800000e+08	3.000060e+12	0.000000e+00	7.192980e-01	7.819896e+13	1.890381e+14	8.410146e+13	5.872357e+03	2.606393e+03	1.670179e+03	0	4.204917e-04
6.900000e+08	2.971918e+12	0.000000e+00	7.192980e-01	7.782206e+13	1.876982e+14	8.369707e+13	5.868161e+03	2.604291e+03	1.668832e+03	0	4.191727e-04
7.000000e+08	2.944099e+12	0.000000e+00	7.192980e-01	7.744932e+13	1.863887e+14	8.329551e+13	5.863984e+03	2.602232e+03	1.667512e+03	0	4.178607e-04
7.100000e+08	2.916597e+12	0.000000e+00	7.192980e-01	7.708062e+13	1.851083e+14	8.289677e+13	5.859828e+03	2.600215e+03	1.666220e+03	0	4.165555e-04
7.200000e+08	2.889404e+12	0.000000e+00	7.192980e-01	7.671586e+13	1.838558e+14	8.250082e+13	5.855691e+03	2.598238e+03	1.664953e+03	0	4.152569e-04
7.300000e+08	2.862511e+12	0.000000e+00	7.192980e-01	7.635497e+13	1.826300e+14	8.210763e+13	5.851574e+03	2.596300e+03	1.663711e+03	0	4.139646e-04
7.400000e+08	2.835913e+12	0.000000e+00	7.192980e-01	7.599784e+13	1.814298e+14	8.171718e+13	5.847476e+03	2.594398e+03	1.662492e+03	0	4.126784e-04
7.500000e+08	2.809602e+12	0.000000e+00	7.192980e-01	7.564439e+13	1.802541e+14	8.132946e+13	5.843398e+03	2.592532e+03	1.661296e+03	0	4.113982e-04
7.600000e+08	2.783572e+12	0.000000e+00	7.192980e-01	7.529453e+13	1.791019e+14	8.094444e+13	5.839338e+03	2.590699e+03	1.660122e+03	0	4.101237e-04
7.700000e+08	2.757816e+12	0.000000e+00	7.192980e-01	7.494820e+13	1.779724e+14	8.056210e+13	5.835297e+03	2.588899e+03	1.658969e+03	0	4.088549e-04
7.800000e+08	2.732328e+12	0.000000e+00	7.192980e-01	7.460530e+13	1.768645e+14	8.018241e+13	5.831274e+03	2.587131e+03	1.657835e+03	0	4.075914e-04
7.900000e+08	2.707102e+12	0.000000e+00	7.192980e-01	7.426578e+13	1.757775e+14	7.980536e+13	5.827270e+03	2.585392e+03	1.656721e+03	0	4.063332e-04
8.000000e+08	2.682133e+12	0.000000e+00	7.192980e-01	7.392955e+13	1.747105e+14	7.943093e+13	5.823284e+03	2.583682e+03	1.655626e+03	0	4.050801e-04
8.100000e+08	2.657416e+12	0.000000e+00	7.192980e-01	7.359656e+13	1.736629e+14	7.905909e+13	5.819317e+03	2.582001e+03	1.654548e+03	0	4.038319e-04
8.200000e+08	2.632945e+12	0.000000e+00	7.192980e-01	7.326672e+13	1.726338e+14	7.868983e+13	5.815367e+03	2.580346e+03	1.653487e+03	0	4.025885e-04
8.300000e+08	2.608715e+12	0.000000e+00	7.192980e-01	7.293999e+13	1.716226e+14	7.832312e+13	5.811434e+03	2.578716e+03	1.652443e+03	0	4.013497e-04
8.400000e+08	2.584721e+12	0.000000e+00	7.192980e-01	7.261630e+13	1.706286e+14	7.795894e+13	5.807519e+03	2.577112e+03	1.651415e+03	0	4.001154e-04
8.500000e+08	2.560958e+12	0.000000e+00	7.192980e-01	7.229559e+13	1.696513e+14	7.759727e+13	5.803622e+03	2.575531e+03	1.650402e+03	0	3.988855e-04
8.600000e+08	2.537423e+12	0.000000e+00	7.192980e-01	7.197781e+13	1.686900e+14	7.723810e+13	5.799742e+03	2.573974e+03	1.649404e+03	0	3.976598e-04
8.700000e+08	2.514111e+12	0.000000e+00	7.192980e-01	7.166289e+13	1.677442e+14	7.688140e+13	5.795879e+03	2.572438e+03	1.648421e+03	0	3.964383e-04
8.800000e+08	2.491017e+12	0.000000e+00	7.192980e-01	7.135079e+13	1.668134e+14	7.652715e+13	5.792032e+03	2.570925e+03	1.647451e+03	0	3.952207e-04
8.900000e+08	2.468138e+12	0.000000e+00	7.192980e-01	7.104146e+13	1.658970e+14	7.617534e+13	5.788203e+03	2.569431e+03	1.646494e+03	0	3.940070e-04
9.000000e+08	2.445469e+12	0.000000e+00	7.192980e-01	7.073484e+13	1.649946e+14	7.582594e+13	5.784389e+03	2.567958e+03	1.645550e+03	0	3.927970e-04
9.100000e+08	2.423007e+12	0.000000e+00	7.192980e-01	7.043089e+13	1.641057e+14	7.547894e+13	5.780593e+03	2.566504e+03	1.644618e+03	0	3.915907e-04
9.200000e+08	2.400749e+12	0.000000e+00	7.192980e-01	7.012957e+13	1.632298e+14	7.513431e+13	5.776813e+03	2.565069e+03	1.643698e+03	0	3.903879e-04
9.300000e+08	2.378689e+12	0.000000e+00	7.192980e-01	6.983082e+13	1.623666e+14	7.479204e+13	5.773048e+03	2.563651e+03	1.642790e+03	0	3.891885e-04
9.400000e+08	2.356826e+12	0.000000e+00	7.192980e-01	6.953460e+13	1.615157e+14	7.445211e+13	5.769300e+03	2.562251e+03	1.641893e+03	0	3.879924e-04
9.500000e+08	2.335156e+12	0.000000e+00	7.192980e-01	6.924088e+13	1.606766e+14	7.411450e+13	5.765568e+03	2.560868e+03	1.641006e+03	0	3.867996e-04
9.600000e+08	2.313675e+12	0.000000e+00	7.192980e-01	6.894961e+13	1.598490e+14	7.377919e+13	5.761851e+03	2.559501e+03	1.640130e+03	0	3.856099e-04
9.700000e+08	2.292381e+12	0.000000e+00	7.192980e-01	6.866075e+13	1.590326e+14	7.344617e+13	5.758150e+03	2.558150e+03	1.639264e+03	0	3.844233e-04
9.800000e+08	2.271270e+12	0.000000e+00	7.192980e-01	6.837426e+13	1.582271e+14	7.311541e+13	5.754465e+03	2.556814e+03	1.638408e+03	0	3.832395e-04
9.900000e+08	2.250339e+12	0.000000e+00	7.192980e-01	6.809010e+13	1.574320e+14	7.278690e+13	5.750795e+03	2.555492e+03	1.637562e+03	0	3.820587e-04
1.000000e+09	2.229586e+12	0.000000e+00	7.192980e-01	6.780825e+13	1.566472e+14	7.246062e+13	5.747140e+03	2.554185e+03	1.636724e+03	0	3.808806e-04
1.010000e+09	2.209008e+12	0.000000e+00	7.192980e-01	6.752866e+13	1.558722e+14	7.213655e+13	5.743500e+03	2.552892e+03	1.635895e+03	0	3.797052e-04
1.020000e+09	2.188602e+12	0.000000e+00	7.192980e-01	6.725130e+13	1.551069e+14	7.181468e+13	5.739876e+03	2.551612e+03	1.635075e+03	0	3.785323e-04
1.030000e+09	2.168365e+12	0.000000e+00	7.192980e-01	6.697613e+13	1.543510e+14	7.149498e+13	5.736266e+03	2.550346e+03	1.634264e+03	0	3.773620e-04
1.040000e+09	2.148295e+12	0.000000e+00	7.192980e-01	6.670313e+13	1.536043e+14	7.117745e+13	5.732671e+03	2.549091e+03	1.633460e+03	0	3.761942e-04
1.050000e+09	2.128389e+12	0.000000e+00	7.192980e-01	6.643226e+13	1.528663e+14	7.086206e+13	5.729090e+03	2.547849e+03	1.632664e+03	0	3.750287e-04
1.060000e+09	2.108646e+12	0.000000e+00	7.192980e-01	6.616349e+13	1.521371e+14	7.054880e+13	5.725524e+03	2.546619e+03	1.631876e+03	0	3.738654e-04
1.070000e+09	2.089062e+12	0.000000e+00	7.192980e-01	6.589680e+13	1.514162e+14	7.023765e+13	5.721972e+03	2.545401e+03	1.631095e+03	0	3.727044e-04
1.080000e+09	2.069635e+12	0.000000e+00	7.192980e-01	6.563214e+13	1.507036e+14	6.992859e+13	5.718435e+03	2.544194e+03	1.630321e+03	0	3.715455e-04
1.090000e+09	2.050364e+12	0.000000e+00	7.192980e-01	6.536950e+13	1.499989e+14	6.962161e+13	5.714912e+03	2.542997e+03	1.629555e+03	0	3.703887e-04
1.100000e+09	2.031245e+12	0.000000e+00	7.192980e-01	6.510885e+13	1.493021e+14	6.931669e+13	5.711403e+03	2.541811e+03	1.628795e+03	0	3.692339e-04
1.110000e+09	2.012277e+12	0.000000e+00	7.192980e-01	6.485016e+13	1.486128e+14	6.901382e+13	5.707908e+03	2.540636e+03	1.628041e+03	0	3.680810e-04
1.120000e+09	1.993458e+12	0.000000e+00	7.192980e-01	6.459340e+13	1.479310e+14	6.871297e+13	5.704427e+03	2.539470e+03	1.627294e+03	0	3.669299e-04
1.130000e+09	1.974786e+12	0.000000e+00	7.192980e-01	6.433855e+13	1.472564e+14	6.841414e+13	5.700959e+03	2.538314e+03	1.626554e+03	0	3.657807e-04
1.140000e+09	1.956258e+12	0.000000e+00	7.192980e-01	6.408558e+13	1.465889e+14	6.811731e+13	5.697506e+03	2.537168e+03	1.625819e+03	0	3.646331e-04
1.150000e+09	1.937873e+12	0.000000e+00	7.192980e-01	6.383447e+13	1.459283e+14	6.782245e+13	5.694066e+03	2.536031e+03	1.625090e+03	0	3.634873e-04
1.160000e+09	1.919629e+12	0.000000e+00	7.192980e-01	6.358519e+13	1.452744e+14	6.752957e+13	5.690639e+03	2.534902e+03	1.624367e+03	0	3.623430e-04
1.170000e+09	1.901524e+12	0.000000e+00	7.192980e-01	6.333773e+13	1.446272e+14	6.723864e+13	5.687225e+03	2.533783e+03	1.623650e+03	0	3.612003e-04
1.180000e+09	1.883557e+12	0.000000e+00	7.192980e-01	6.309205e+13	1.439864e+14	6.694964e+13	5.683825e+03	2.532672e+03	1.622938e+03	0	3.600590e-04
1.190000e+09	1.865725e+12	0.000000e+00	7.192980e-01	6.284814e+13	1.433519e+14	6.666256e+13	5.680438e+03	2.531569e+03	1.622232e+03	0	3.589191e-04
1.200000e+09	1.848026e+12	0.000000e+00	7.192980e-01	6.260597e+13	1.427236e+14	6.637739e+13	5.677065e+03	2.530475e+03	1.621530e+03	0	3.577806e-04
1.210000e+09	1.830460e+12	0.000000e+00	7.192980e-01	6.236552e+13	1.421014e+14	6.609411e+13	5.673704e+03	2.529388e+03	1.620834e+03	0	3.566434e-04
1.220000e+09	1.813025e+12	0.000000e+00	7.192980e-01	6.212678e+13	1.414851e+14	6.581271e+13	5.670356e+03	2.528310e+03	1.620143e+03	0	3.555074e-04
1.230000e+09	1.795718e+12	0.000000e+00	7.192980e-01	6.188972e+13	1.408746e+14	6.553316e+13	5.667021e+03	2.527238e+03	1.619456e+03	0	3.543726e-04
1.240000e+09	1.778539e+12	0.000000e+00	7.192980e-01	6.165432e+13	1.402697e+14	6.525547e+13	5.663698e+03	2.526174e+03	1.618775e+03	0	3.532389e-04
1.250000e+09	1.761485e+12	0.000000e+00	7.192980e-01	6.142056e+13	1.396705e+14	6.497961e+13	5.660388e+03	2.525118e+03	1.618097e+03	0	3.521063e-04
1.260000e+09	1.744556e+12	0.000000e+00	7.192980e-01	6.118842e+13	1.390767e+14	6.470557e+13	5.657091e+03	2.524068e+03	1.617425e+03	0	3.509746e-04
1.270000e+09	1.727750e+12	0.000000e+00	7.192980e-01	6.095789e+13	1.384883e+14	6.443333e+13	5.653806e+03	2.523025e+03	1.616757e+03	0	3.498439e-04
1.280000e+09	1.711065e+12	0.000000e+00	7.192980e-01	6.072895e+13	1.379051e+14	6.416288e+13	5.650534e+03	2.521989e+03	1.616093e+03	0	3.487141e-04
1.290000e+09	1.694500e+12	0.000000e+00	7.192980e-01	6.050157e+13	1.373271e+14	6.389422e+13	5.647273e+03	2.520960e+03	1.615433e+03	0	3.475852e-04
1.300000e+09	1.678053e+12	0.000000e+00	7.192980e-01	6.027574e+13	1.367541e+14	6.362731e+13	5.644025e+03	2.519937e+03	1.614777e+03	0	3.464570e-04
1.310000e+09	1.661724e+12	0.000000e+00	7.192980e-01	6.005144e+13	1.361861e+14	6.336216e+13	5.640790e+03	2.518920e+03	1.614126e+03	0	3.453295e-04
1.320000e+09	1.645511e+12	0.000000e+00	7.192980e-01	5.982866e+13	1.356230e+14	6.309874e+13	5.637566e+03	2.517909e+03	1.613478e+03	0	3.442027e-04
1.330000e+09	1.629412e+12	0.000000e+00	7.192980e-01	5.960738e+13	1.350647e+14	6.283704e+13	5.634354e+03	2.516905e+03	1.612834e+03	0	3.430766e-04
1.340000e+09	1.613427e+12	0.000000e+00	7.192980e-01	5.938758e+13	1.345111e+14	6.257705e+13	5.631154e+03	2.515906e+03	1.612195e+03	0	3.419510e-04
1.350000e+09	1.597554e+12	0.000000e+00	7.192980e-01	5.916924e+13	1.339621e+14	6.231876e+13	5.627965e+03	2.514913e+03	1.611558e+03	0	3.408259e-04
1.360000e+09	1.581791e+12	0.000000e+00	7.192980e-01	5.895236e+13	1.334177e+14	6.206216e+13	5.624789e+03	2.513926e+03	1.610926e+03	0	3.397012e-04
1.370000e+09	1.566138e+12	0.000000e+00	7.192980e-01	5.873691e+13	1.328777e+14	6.180722e+13	5.621624e+03	2.512944e+03	1.610297e+03	0	3.385770e-04
1.380000e+09	1.550594e+12	0.000000e+00	7.192980e-01	5.852288e+13	1.323421e+14	6.155394e+13	5.618470e+03	2.511968e+03	1.609671e+03	0	3.374531e-04
1.390000e+09	1.535157e+12	0.000000e+00	7.192980e-01	5.831025e+13	1.318109e+14	6.130231e+13	5.615328e+03	2.510997e+03	1.609049e+03	0	3.363295e-04
1.400000e+09	1.519826e+12	0.000000e+00	7.192980e-01	5.809902e+13	1.312839e+14	6.105231e+13	5.612198e+03	2.510032e+03	1.608430e+03	0	3.352062e-04
1.410000e+09	1.504600e+12	0.000000e+00	7.192980e-01	5.788916e+13	1.307611e+14	6.080393e+13	5.609079e+03	2.509071e+03	1.607815e+03	0	3.340830e-04
1.420000e+09	1.489477e+12	0.000000e+00	7.192980e-01	5.768066e+13	1.302424e+14	6.055716e+13	5.605971e+03	2.508116e+03	1.607203e+03	0	3.329600e-04
1.430000e+09	1.474458e+12	0.000000e+00	7.192980e-01	5.747351e+13	1.297278e+14	6.031198e+13	5.602874e+03	2.507166e+03	1.606594e+03	0	3.318371e-04
1.440000e+09	1.459540e+12	0.000000e+00	7.192980e-01	5.726770e+13	1.292172e+14	6.006839e+13	5.599788e+03	2.506220e+03	1.605988e+03	0	3.307141e-04
1.450000e+09	1.444723e+12	0.000000e+00	7.192980e-01	5.706320e+13	1.287106e+14	5.982636e+13	5.596714e+03	2.505280e+03	1.605385e+03	0	3.295912e-04
1.460000e+09	1.430006e+12	0.000000e+00	7.192980e-01	5.686001e+13	1.282078e+14	5.958590e+13	5.593650e+03	2.504344e+03	1.604786e+03	0	3.284682e-04
1.470000e+09	1.415387e+12	0.000000e+00	7.192980e-01	5.665812e+13	1.277088e+14	5.934698e+13	5.590597e+03	2.503413e+03	1.604189e+03	0	3.273451e-04
1.480000e+09	1.400866e+12	0.000000e+00	7.192980e-01	5.645750e+13	1.272136e+14	5.910960e+13	5.587555e+03	2.502486e+03	1.603595e+03	0	3.262218e-04
1.490000e+09	1.386441e+12	0.000000e+00	7.192980e-01	5.625816e+13	1.267221e+14	5.887374e+13	5.584524e+03	2.501564e+03	1.603004e+03	0	3.250982e-04
1.500000e+09	1.372112e+12	0.000000e+00	7.192980e-01	5.606007e+13	1.262342e+14	5.863939e+13	5.581504e+03	2.500646e+03	1.602416e+03	0	3.239744e-04
1.510000e+09	1.357878e+12	0.000000e+00	7.192980e-01	5.586322e+13	1.257500e+14	5.840655e+13	5.578494e+03	2.499733e+03	1.601831e+03	0	3.228502e-04
1.520000e+09	1.343738e+12	0.000000e+00	7.192980e-01	5.566761e+13	1.252693e+14	5.817519e+13	5.575495e+03	2.498824e+03	1.601248e+03	0	3.217256e-04
1.530000e+09	1.329690e+12	0.000000e+00	7.192980e-01	5.547322e+13	1.247922e+14	5.794531e+13	5.572506e+03	2.497919e+03	1.600668e+03	0	3.206005e-04
1.540000e+09	1.315735e+12	0.000000e+00	7.192980e-01	5.528003e+13	1.243185e+14	5.771690e+13	5.569527e+03	2.497018e+03	1.600091e+03	0	3.194750e-04
1.550000e+09	1.301870e+12	0.000000e+00	7.192980e-01	5.508804e+13	1.238482e+14	5.748994e+13	5.566559e+03	2.496121e+03	1.599517e+03	0	3.183489e-04
1.560000e+09	1.288096e+12	0.000000e+00	7.192980e-01	5.489724e+13	1.233813e+14	5.726443e+13	5.563602e+03	2.495229e+03	1.598945e+03	0	3.172221e-04
1.570000e+09	1.274410e+12	0.000000e+00	7.192980e-01	5.470761e+13	1.229177e+14	5.704035e+13	5.560654e+03	2.494340e+03	1.598375e+03	0	3.160947e-04
1.580000e+09	1.260814e+12	0.000000e+00	7.192980e-01	5.451914e+13	1.224574e+14	5.681769e+13	5.557717e+03	2.493455e+03	1.597808e+03	0	3.149665e-04
1.590000e+09	1.247305e+12	0.000000e+00	7.192980e-01	5.433183e+13	1.220003e+14	5.659645e+13	5.554789e+03	2.492575e+03	1.597244e+03	0	3.138376e-04
1.600000e+09	1.233882e+12	0.000000e+00	7.192980e-01	5.414565e+13	1.215465e+14	5.637660e+13	5.551872e+03	2.491698e+03	1.596682e+03	0	3.127077e-04
1.610000e+09	1.220546e+12	0.000000e+00	7.192980e-01	5.396061e+13	1.210958e+14	5.615815e+13	5.548965e+03	2.490824e+03	1.596122e+03	0	3.115770e-04
1.620000e+09	1.207294e+12	0.000000e+00	7.192980e-01	5.377669e+13	1.206482e+14	5.594108e+13	5.546068e+03	2.489955e+03	1.595565e+03	0	3.104453e-04
1.630000e+09	1.194127e+12	0.000000e+00	7.192980e-01	5.359388e+13	1.202037e+14	5.572537e+13	5.543180e+03	2.489089e+03	1.595010e+03	0	3.093126e-04
1.640000e+09	1.181044e+12	0.000000e+00	7.192980e-01	5.341217e+13	1.197623e+14	5.551103e+13	5.540303e+03	2.488227e+03	1.594458e+03	0	3.081788e-04
1.650000e+09	1.168043e+12	0.000000e+00	7.192980e-01	5.323155e+13	1.193238e+14	5.529804e+13	5.537435e+03	2.487368e+03	1.593908e+03	0	3.070438e-04
1.660000e+09	1.155125e+12	0.000000e+00	7.192980e-01	5.305201e+13	1.188884e+14	5.508638e+13	5.534577e+03	2.486513e+03	1.593360e+03	0	3.059077e-04
1.670000e+09	1.142287e+12	0.000000e+00	7.192980e-01	5.287354e+13	1.184559e+14	5.487606e+13	5.531728e+03	2.485661e+03	1.592814e+03	0	3.047702e-04
1.680000e+09	1.129530e+12	0.000000e+00	7.192980e-01	5.269614e+13	1.180263e+14	5.466705e+13	5.528889e+03	2.484813e+03	1.592270e+03	0	3.036314e-04
1.690000e+09	1.116853e+12	0.000000e+00	7.192980e-01	5.251978e+13	1.175995e+14	5.445935e+13	5.526060e+03	2.483968e+03	1.591729e+03	0	3.024912e-04
1.700000e+09	1.104255e+12	0.000000e+00	7.192980e-01	5.234447e+13	1.171756e+14	5.425295e+13	5.523240e+03	2.483127e+03	1.591190e+03	0	3.013496e-04
1.710000e+09	1.091735e+12	0.000000e+00	7.192980e-01	5.217019e+13	1.167545e+14	5.404784e+13	5.520429e+03	2.482289e+03	1.590653e+03	0	3.002064e-04
1.720000e+09	1.079293e+12	0.000000e+00	7.192980e-01	5.199693e+13	1.163362e+14	5.384401e+13	5.517628e+03	2.481454e+03	1.590118e+03	0	2.990616e-04
1.730000e+09	1.066928e+12	0.000000e+00	7.192980e-01	5.182469e+13	1.159207e+14	5.364146e+13	5.514836e+03	2.480622e+03	1.589585e+03	0	2.979151e-04
1.740000e+09	1.054640e+12	0.000000e+00	7.192980e-01	5.165346e+13	1.155078e+14	5.344016e+13	5.512053e+03	2.479794e+03	1.589054e+03	0	2.967669e-04
1.750000e+09	1.042426e+12	0.000000e+00	7.192980e-01	5.148322e+13	1.150976e+14	5.324011e+13	5.509280e+03	2.478969e+03	1.588525e+03	0	2.956169e-04
1.760000e+09	1.030288e+12	0.000000e+00	7.192980e-01	5.131397e+13	1.146901e+14	5.304131e+13	5.506515e+03	2.478147e+03	1.587998e+03	0	2.944650e-04
1.770000e+09	1.018224e+12	0.000000e+00	7.192980e-01	5.114571e+13	1.142853e+14	5.284374e+13	5.503760e+03	2.477328e+03	1.587474e+03	0	2.933111e-04
1.780000e+09	1.006234e+12	0.000000e+00	7.192980e-01	5.097841e+13	1.138830e+14	5.264739e+13	5.501014e+03	2.476512e+03	1.586951e+03	0	2.921553e-04
1.790000e+09	9.943163e+11	0.000000e+00	7.192980e-01	5.081208e+13	1.134833e+14	5.245226e+13	5.498276e+03	2.475699e+03	1.586430e+03	0	2.909973e-04
1.800000e+09	9.824712e+11	0.000000e+00	7.192980e-01	5.064671e+13	1.130861e+14	5.225833e+13	5.495548e+03	2.474889e+03	1.585911e+03	0	2.898371e-04
1.810000e+09	9.706978e+11	0.000000e+00	7.192980e-01	5.048228e+13	1.126915e+14	5.206560e+13	5.492829e+03	2.474082e+03	1.585394e+03	0	2.886747e-04
1.820000e+09	9.589956e+11	0.000000e+00	7.192980e-01	5.031880e+13	1.122994e+14	5.187406e+13	5.490118e+03	2.473278e+03	1.584879e+03	0	2.875100e-04
1.830000e+09	9.473638e+11	0.000000e+00	7.192980e-01	5.015624e+13	1.119097e+14	5.168369e+13	5.487416e+03	2.472477e+03	1.584365e+03	0	2.863429e-04
1.840000e+09	9.358020e+11	0.000000e+00	7.192980e-01	4.999461e+13	1.115225e+14	5.149450e+13	5.484723e+03	2.471679e+03	1.583854e+03	0	2.851732e-04
1.850000e+09	9.243094e+11	0.000000e+00	7.192980e-01	4.983389e+13	1.111377e+14	5.130646e+13	5.482038e+03	2.470884e+03	1.583344e+03	0	2.840010e-04
1.860000e+09	9.128855e+11	0.000000e+00	7.192980e-01	4.967409e+13	1.107553e+14	5.111958e+13	5.479362e+03	2.470092e+03	1.582837e+03	0	2.828261e-04
1.870000e+09	9.015298e+11	0.000000e+00	7.192980e-01	4.951518e+13	1.103752e+14	5.093385e+13	5.476695e+03	2.469302e+03	1.582331e+03	0	2.816485e-04
1.880000e+09	8.902416e+11	0.000000e+00	7.192980e-01	4.935717e+13	1.099975e+14	5.074925e+13	5.474036e+03	2.468515e+03	1.581827e+03	0	2.804680e-04
1.890000e+09	8.790204e+11	0.000000e+00	7.192980e-01	4.920005e+13	1.096222e+14	5.056578e+13	5.471386e+03	2.467731e+03	1.581324e+03	0	2.792846e-04
1.900000e+09	8.678656e+11	0.000000e+00	7.192980e-01	4.904380e+13	1.092491e+14	5.038342e+13	5.468744e+03	2.466950e+03	1.580824e+03	0	2.780982e-04
1.910000e+09	8.567767e+11	0.000000e+00	7.192980e-01	4.888843e+13	1.088784e+14	5.020218e+13	5.466110e+03	2.466171e+03	1.580325e+03	0	2.769087e-04
1.920000e+09	8.457531e+11	0.000000e+00	7.192980e-01	4.873392e+13	1.085098e+14	5.002204e+13	5.463485e+03	2.465396e+03	1.579827e+03	0	2.757160e-04
1.930000e+09	8.347942e+11	0.000000e+00	7.192980e-01	4.858027e+13	1.081436e+14	4.984300e+13	5.460868e+03	2.464622e+03	1.579332e+03	0	2.745199e-04
1.940000e+09	8.238996e+11	0.000000e+00	7.192980e-01	4.842747e+13	1.077795e+14	4.966504e+13	5.458259e+03	2.463852e+03	1.578838e+03	0	2.733205e-04
1.950000e+09	8.130688e+11	0.000000e+00	7.192980e-01	4.827552e+13	1.074177e+14	4.948816e+13	5.455659e+03	2.463084e+03	1.578346e+03	0	2.721175e-04
1.960000e+09	8.023011e+11	0.000000e+00	7.192980e-01	4.812440e+13	1.070580e+14	4.931235e+13	5.453066e+03	2.462319e+03	1.577856e+03	0	2.709109e-04
1.970000e+09	7.915961e+11	0.000000e+00	7.192980e-01	4.797411e+13	1.067005e+14	4.913760e+13	5.450482e+03	2.461556e+03	1.577367e+03	0	2.697006e-04
1.980000e+09	7.809533e+11	0.000000e+00	7.192980e-01	4.782465e+13	1.063451e+14	4.896391e+13	5.447906e+03	2.460796e+03	1.576880e+03	0	2.684865e-04
1.990000e+09	7.703721e+11	0.000000e+00	7.192980e-01	4.767600e+13	1.059918e+14	4.879126e+13	5.445338e+03	2.460038e+03	1.576394e+03	0	2.672684e-04
2.000000e+09	7.598521e+11	0.000000e+00	7.192980e-01	4.752817e+13	1.056407e+14	4.861966e+13	5.442778e+03	2.459283e+03	1.575910e+03	0	2.660462e-04
2.010000e+09	7.493928e+11	0.000000e+00	7.192980e-01	4.738114e+13	1.052916e+14	4.844909e+13	5.440225e+03	2.458530e+03	1.575428e+03	0	2.648199e-04
2.020000e+09	7.389936e+11	0.000000e+00	7.192980e-01	4.723490e+13	1.049446e+14	4.827954e+13	5.437681e+03	2.457780e+03	1.574948e+03	0	2.635892e-04
2.030000e+09	7.286542e+11	0.000000e+00	7.192980e-01	4.708946e+13	1.045996e+14	4.811101e+13	5.435145e+03	2.457032e+03	1.574468e+03	0	2.623541e-04
2.040000e+09	7.183739e+11	0.000000e+00	7.192980e-01	4.694481e+13	1.042566e+14	4.794348e+13	5.432616e+03	2.456287e+03	1.573991e+03	0	2.611145e-04
2.050000e+09	7.081524e+11	0.000000e+00	7.192980e-01	4.680094e+13	1.039157e+14	4.777696e+13	5.430095e+03	2.455544e+03	1.573515e+03	0	2.598701e-04
2.060000e+09	6.979892e+11	0.000000e+00	7.192980e-01	4.665784e+13	1.035767e+14	4.761144e+13	5.427582e+03	2.454804e+03	1.573040e+03	0	2.586209e-04
2.070000e+09	6.878838e+11	0.000000e+00	7.192980e-01	4.651550e+13	1.032398e+14	4.744690e+13	5.425076e+03	2.454066e+03	1.572568e+03	0	2.573668e-04
2.080000e+09	6.778357e+11	0.000000e+00	7.192980e-01	4.637393e+13	1.029047e+14	4.728334e+13	5.422578e+03	2.453330e+03	1.572096e+03	0	2.561075e-04
2.090000e+09	6.678446e+11	0.000000e+00	7.192980e-01	4.623312e+13	1.025716e+14	4.712076e+13	5.420088e+03	2.452597e+03	1.571626e+03	0	2.548429e-04
2.100000e+09	6.579099e+11	0.000000e+00	7.192980e-01	4.609305e+13	1.022405e+14	4.695914e+13	5.417605e+03	2.451866e+03	1.571158e+03	0	2.535729e-04
2.110000e+09	6.480313e+11	0.000000e+00	7.192980e-01	4.595373e+13	1.019112e+14	4.679848e+13	5.415130e+03	2.451138e+03	1.570691e+03	0	2.522974e-04
2.120000e+09	6.382082e+11	0.000000e+00	7.192980e-01	4.581515e+13	1.015839e+14	4.663877e+13	5.412662e+03	2.450411e+03	1.570226e+03	0	2.510161e-04
2.130000e+09	6.284403e+11	0.000000e+00	7.192980e-01	4.567730e+13	1.012584e+14	4.648001e+13	5.410202e+03	2.449687e+03	1.569762e+03	0	2.497289e-04
2.140000e+09	6.187270e+11	0.000000e+00	7.192980e-01	4.554018e+13	1.009347e+14	4.632219e+13	5.407749e+03	2.448966e+03	1.569299e+03	0	2.484356e-04
2.150000e+09	6.090681e+11	0.000000e+00	7.192980e-01	4.540378e+13	1.006129e+14	4.616530e+13	5.405303e+03	2.448246e+03	1.568838e+03	0	2.471360e-04
2.160000e+09	5.994631e+11	0.000000e+00	7.192980e-01	4.526810e+13	1.002930e+14	4.600933e+13	5.402865e+03	2.447529e+03	1.568379e+03	0	2.458300e-04
2.170000e+09	5.899115e+11	0.000000e+00	7.192980e-01	4.513312e+13	9.997483e+13	4.585428e+13	5.400434e+03	2.446814e+03	1.567920e+03	0	2.445174e-04
2.180000e+09	5.804130e+11	0.000000e+00	7.192980e-01	4.499886e+13	9.965848e+13	4.570015e+13	5.398010e+03	2.446101e+03	1.567464e+03	0	2.431979e-04
2.190000e+09	5.709670e+11	0.000000e+00	7.192980e-01	4.486529e+13	9.934391e+13	4.554691e+13	5.395594e+03	2.445391e+03	1.567008e+03	0	2.418714e-04
2.200000e+09	5.615734e+11	0.000000e+00	7.192980e-01	4.473242e+13	9.903111e+13	4.539458e+13	5.393184e+03	2.444682e+03	1.566555e+03	0	2.405376e-04
2.210000e+09	5.522316e+11	0.000000e+00	7.192980e-01	4.460024e+13	9.872007e+13	4.524314e+13	5.390782e+03	2.443976e+03	1.566102e+03	0	2.391963e-04
2.220000e+09	5.429412e+11	0.000000e+00	7.192980e-01	4.446874e+13	9.841076e+13	4.509258e+13	5.388387e+03	2.443272e+03	1.565651e+03	0	2.378474e-04
2.230000e+09	5.337019e+11	0.000000e+00	7.192980e-01	4.433793e+13	9.810319e+13	4.494291e+13	5.385999e+03	2.442570e+03	1.565201e+03	0	2.364905e-04
2.240000e+09	5.245132e+11	0.000000e+00	7.192980e-01	4.420779e+13	9.779732e+13	4.479410e+13	5.383617e+03	2.441871e+03	1.564753e+03	0	2.351254e-04
2.250000e+09	5.153748e+11	0.000000e+00	7.192980e-01	4.407831e+13	9.749315e+13	4.464617e+13	5.381243e+03	2.441173e+03	1.564306e+03	0	2.337519e-04
2.260000e+09	5.062864e+11	0.000000e+00	7.192980e-01	4.394951e+13	9.719067e+13	4.449909e+13	5.378876e+03	2.440478e+03	1.563860e+03	0	2.323697e-04
2.270000e+09	4.972474e+11	0.000000e+00	7.192980e-01	4.382136e+13	9.688986e+13	4.435287e+13	5.376516e+03	2.439784e+03	1.563416e+03	0	2.309785e-04
2.280000e+09	4.882577e+11	0.000000e+00	7.192980e-01	4.369387e+13	9.659071e+13	4.420749e+13	5.374162e+03	2.439093e+03	1.562973e+03	0	2.295781e-04
2.290000e+09	4.793167e+11	0.000000e+00	7.192980e-01	4.356703e+13	9.629321e+13	4.406296e+13	5.371816e+03	2.438404e+03	1.562531e+03	0	2.281681e-04
2.300000e+09	4.704241e+11	0.000000e+00	7.192980e-01	4.344083e+13	9.599734e+13	4.391927e+13	5.369476e+03	2.437717e+03	1.562091e+03	0	2.267482e-04
2.310000e+09	4.615796e+11	0.000000e+00	7.192980e-01	4.331528e+13	9.570308e+13	4.377640e+13	5.367143e+03	2.437032e+03	1.561652e+03	0	2.253182e-04
2.320000e+09	4.527829e+11	0.000000e+00	7.192980e-01	4.319036e+13	9.541044e+13	4.363436e+13	5.364817e+03	2.436348e+03	1.561214e+03	0	2.238777e-04
2.330000e+09	4.440335e+11	0.000000e+00	7.192980e-01	4.306607e+13	9.511939e+13	4.349313e+13	5.362497e+03	2.435667e+03	1.560778e+03	0	2.224262e-04
2.340000e+09	4.353311e+11	0.000000e+00	7.192980e-01	4.294242e+13	9.482993e+13	4.335272e+13	5.360185e+03	2.434988e+03	1.560343e+03	0	2.209635e-04
2.350000e+09	4.266753e+11	0.000000e+00	7.192980e-01	4.281938e+13	9.454203e+13	4.321312e+13	5.357878e+03	2.434311e+03	1.559909e+03	0	2.194893e-04
2.360000e+09	4.180659e+11	0.000000e+00	7.192980e-01	4.269696e+13	9.425570e+13	4.307431e+13	5.355579e+03	2.433636e+03	1.559476e+03	0	2.180029e-04
2.370000e+09	4.095025e+11	0.000000e+00	7.192980e-01	4.257516e+13	9.397091e+13	4.293631e+13	5.353286e+03	2.432963e+03	1.559045e+03	0	2.165042e-04
2.380000e+09	4.009847e+11	0.000000e+00	7.192980e-01	4.245396e+13	9.368765e+13	4.279909e+13	5.350999e+03	2.432292e+03	1.558615e+03	0	2.149925e-04
2.390000e+09	3.925122e+11	0.000000e+00	7.192980e-01	4.233337e+13	9.340592e+13	4.266265e+13	5.348719e+03	2.431623e+03	1.558186e+03	0	2.134675e-04
2.400000e+09	3.840847e+11	0.000000e+00	7.192980e-01	4.221338e+13	9.312570e+13	4.252700e+13	5.346446e+03	2.430956e+03	1.557759e+03	0	2.119287e-04
2.410000e+09	3.757018e+11	0.000000e+00	7.192980e-01	4.209399e+13	9.284699e+13	4.239211e+13	5.344178e+03	2.430291e+03	1.557332e+03	0	2.103755e-04
2.420000e+09	3.673633e+11	0.000000e+00	7.192980e-01	4.197519e+13	9.256976e+13	4.225800e+13	5.341918e+03	2.429628e+03	1.556907e+03	0	2.088075e-04
2.430000e+09	3.590688e+11	0.000000e+00	7.192980e-01	4.185697e+13	9.229401e+13	4.212464e+13	5.339663e+03	2.428966e+03	1.556484e+03	0	2.072240e-04
2.440000e+09	3.508180e+11	0.000000e+00	7.192980e-01	4.173935e+13	9.201973e+13	4.199205e+13	5.337415e+03	2.428307e+03	1.556061e+03	0	2.056244e-04
2.450000e+09	3.426105e+11	0.000000e+00	7.192980e-01	4.162230e+13	9.174690e+13	4.186020e+13	5.335174e+03	2.427649e+03	1.555640e+03	0	2.040082e-04
2.460000e+09	3.344462e+11	0.000000e+00	7.192980e-01	4.150582e+13	9.147552e+13	4.172910e+13	5.332938e+03	2.426994e+03	1.555219e+03	0	2.023747e-04
2.470000e+09	3.263245e+11	0.000000e+00	7.192980e-01	4.138992e+13	9.120557e+13	4.159874e+13	5.330709e+03	2.426340e+03	1.554800e+03	0	2.007231e-04
2.480000e+09	3.182454e+11	0.000000e+00	7.192980e-01	4.127459e+13	9.093705e+13	4.146912e+13	5.328486e+03	2.425688e+03	1.554383e+03	0	1.990527e-04
2.490000e+09	3.102084e+11	0.000000e+00	7.192980e-01	4.115982e+13	9.066995e+13	4.134022e+13	5.326269e+03	2.425038e+03	1.553966e+03	0	1.973628e-04
2.500000e+09	3.022132e+11	0.000000e+00	7.192980e-01	4.104561e+13	9.040424e+13	4.121205e+13	5.324059e+03	2.424390e+03	1.553551e+03	0	1.956524e-04
2.510000e+09	2.942596e+11	0.000000e+00	7.192980e-01	4.093195e+13	9.013993e+13	4.108461e+13	5.321854e+03	2.423743e+03	1.553137e+03	0	1.939207e-04
2.520000e+09	2.863472e+11	0.000000e+00	7.192980e-01	4.081885e+13	8.987700e+13	4.095787e+13	5.319656e+03	2.423099e+03	1.552724e+03	0	1.921668e-04
2.530000e+09	2.784758e+11	0.000000e+00	7.192980e-01	4.070630e+13	8.961545e+13	4.083185e+13	5.317464e+03	2.422456e+03	1.552312e+03	0	1.903896e-04
2.540000e+09	2.706451e+11	0.000000e+00	7.192980e-01	4.059429e+13	8.935526e+13	4.070653e+13	5.315278e+03	2.421815e+03	1.551901e+03	0	1.885880e-04
2.550000e+09	2.628548e+11	0.000000e+00	7.192980e-01	4.048282e+13	8.909642e+13	4.058191e+13	5.313097e+03	2.421176e+03	1.551492e+03	0	1.867609e-04
2.560000e+09	2.551045e+11	0.000000e+00	7.192980e-01	4.037189e+13	8.883893e+13	4.045799e+13	5.310923e+03	2.420539e+03	1.551083e+03	0	1.849071e-04
2.570000e+09	2.473941e+11	0.000000e+00	7.192980e-01	4.026149e+13	8.858277e+13	4.033476e+13	5.308755e+03	2.419903e+03	1.550676e+03	0	1.830251e-04
2.580000e+09	2.397233e+11	0.000000e+00	7.192980e-01	4.015162e+13	8.832793e+13	4.021221e+13	5.306592e+03	2.419270e+03	1.550270e+03	0	1.811135e-04
2.590000e+09	2.320917e+11	0.000000e+00	7.192980e-01	4.004228e+13	8.807441e+13	4.009034e+13	5.304436e+03	2.418638e+03	1.549865e+03	0	1.791708e-04
2.600000e+09	2.244991e+11	0.000000e+00	7.192980e-01	3.993346e+13	8.782220e+13	3.996915e+13	5.302285e+03	2.418008e+03	1.549461e+03	0	1.771953e-04
2.610000e+09	2.169452e+11	0.000000e+00	7.192980e-01	3.982516e+13	8.757128e+13	3.984863e+13	5.300140e+03	2.417379e+03	1.549058e+03	0	1.751852e-04
2.620000e+09	2.094298e+11	0.000000e+00	7.192980e-01	3.971738e+13	8.732165e+13	3.972878e+13	5.298002e+03	2.416752e+03	1.548657e+03	0	1.731385e-04
2.630000e+09	2.019526e+11	0.000000e+00	7.192980e-01	3.961010e+13	8.707330e+13	3.960959e+13	5.295868e+03	2.416127e+03	1.548256e+03	0	1.710529e-04
2.640000e+09	1.945133e+11	0.000000e+00	7.192980e-01	3.950334e+13	8.682621e+13	3.949106e+13	5.293741e+03	2.415504e+03	1.547857e+03	0	1.689263e-04
2.650000e+09	1.871117e+11	0.000000e+00	7.192980e-01	3.939708e+13	8.658039e+13	3.937318e+13	5.291619e+03	2.414883e+03	1.547459e+03	0	1.667558e-04
2.660000e+09	1.797474e+11	0.000000e+00	7.192980e-01	3.929133e+13	8.633581e+13	3.925594e+13	5.289503e+03	2.414263e+03	1.547062e+03	0	1.645388e-04
2.670000e+09	1.724204e+11	0.000000e+00	7.192980e-01	3.918607e+13	8.609248e+13	3.913936e+13	5.287393e+03	2.413645e+03	1.546666e+03	0	1.622720e-04
2.680000e+09	1.651302e+11	0.000000e+00	7.192980e-01	3.908130e+13	8.585039e+13	3.902341e+13	5.285288e+03	2.413029e+03	1.546271e+03	0	1.599520e-04
2.690000e+09	1.578766e+11	0.000000e+00	7.192980e-01	3.897703e+13	8.560952e+13	3.890809e+13	5.283189e+03	2.412414e+03	1.545877e+03	0	1.575748e-04
2.700000e+09	1.506595e+11	0.000000e+00	7.192980e-01	3.887325e+13	8.536986e+13	3.879341e+13	5.281096e+03	2.411801e+03	1.545484e+03	0	1.551361e-04
2.710000e+09	1.434784e+11	0.000000e+00	7.192980e-01	3.876995e+13	8.513142e+13	3.867935e+13	5.279008e+03	2.411190e+03	1.545092e+03	0	1.526311e-04
2.720000e+09	1.363333e+11	0.000000e+00	7.192980e-01	3.866714e+13	8.489417e+13	3.856592e+13	5.276925e+03	2.410580e+03	1.544702e+03	0	1.500542e-04
2.730000e+09	1.292239e+11	0.000000e+00	7.192980e-01	3.856480e+13	8.465811e+13	3.845310e+13	5.274849e+03	2.409972e+03	1.544312e+03	0	1.473992e-04
2.740000e+09	1.221498e+11	0.000000e+00	7.192980e-01	3.846294e+13	8.442324e+13	3.834089e+13	5.272777e+03	2.409366e+03	1.543923e+03	0	1.446589e-04
2.750000e+09	1.151109e+11	0.000000e+00	7.192980e-01	3.836155e+13	8.418955e+13	3.822930e+13	5.270711e+03	2.408761e+03	1.543536e+03	0	1.418250e-04
2.760000e+09	1.081070e+11	0.000000e+00	7.192980e-01	3.826063e+13	8.395702e+13	3.811831e+13	5.268651e+03	2.408158e+03	1.543150e+03	0	1.388882e-04
2.770000e+09	1.011377e+11	0.000000e+00	7.192980e-01	3.816018e+13	8.372565e+13	3.800792e+13	5.266596e+03	2.407556e+03	1.542764e+03	0	1.358371e-04
2.780000e+09	9.420296e+10	0.000000e+00	7.192980e-01	3.806019e+13	8.349543e+13	3.789812e+13	5.264546e+03	2.406957e+03	1.542380e+03	0	1.326587e-04
2.790000e+09	8.730241e+10	0.000000e+00	7.192980e-01	3.796066e+13	8.326636e+13	3.778892e+13	5.262502e+03	2.406359e+03	1.541996e+03	0	1.293370e-04
2.800000e+09	8.043587e+10	0.000000e+00	7.192980e-01	3.786159e+13	8.303842e+13	3.768031e+13	5.260463e+03	2.405762e+03	1.541614e+03	0	1.258531e-04
2.810000e+09	7.360311e+10	0.000000e+00	7.192980e-01	3.776297e+13	8.281160e+13	3.757228e+13	5.258430e+03	2.405167e+03	1.541233e+03	0	1.221836e-04
2.820000e+09	6.680391e+10	0.000000e+00	7.192980e-01	3.766480e+13	8.258591e+13	3.746483e+13	5.256401e+03	2.404574e+03	1.540853e+03	0	1.182991e-04
2.830000e+09	6.003803e+10	0.000000e+00	7.192980e-01	3.756709e+13	8.236134e+13	3.735796e+13	5.254378e+03	2.403982e+03	1.540473e+03	0	1.141623e-04
2.840000e+09	5.330526e+10	0.000000e+00	7.192980e-01	3.746981e+13	8.213786e+13	3.725166e+13	5.252360e+03	2.403392e+03	1.540095e+03	0	1.097246e-04
2.850000e+09	4.660538e+10	0.000000e+00	7.192980e-01	3.737299e+13	8.191549e+13	3.714593e+13	5.250348e+03	2.402803e+03	1.539718e+03	0	1.049203e-04
2.860000e+09	3.993818e+10	0.000000e+00	7.192980e-01	3.727660e+13	8.169420e+13	3.704077e+13	5.248340e+03	2.402216e+03	1.539342e+03	0	9.965754e-05
2.870000e+09	3.330343e+10	0.000000e+00	7.192980e-01	3.718064e+13	8.147400e+13	3.693616e+13	5.246338e+03	2.401630e+03	1.538967e+03	0	9.380163e-05
2.880000e+09	2.670092e+10	0.000000e+00	7.192980e-01	3.708512e+13	8.125488e+13	3.683212e+13	5.244341e+03	2.401046e+03	1.538592e+03	0	8.714106e-05
2.890000e+09	2.013044e+10	0.000000e+00	7.192980e-01	3.699004e+13	8.103682e+13	3.672862e+13	5.242349e+03	2.400464e+03	1.538219e+03	0	7.931071e-05
2.900000e+09	1.359178e+10	0.000000e+00	7.192980e-01	3.689538e+13	8.081982e+13	3.662568e+13	5.240362e+03	2.399883e+03	1.537847e+03	0	6.957815e-05
2.910000e+09	7.084733e+09	0.000000e+00	7.192980e-01	3.680115e+13	8.060388e+13	3.652328e+13	5.238381e+03	2.399304e+03	1.537476e+03	0	5.599577e-05
2.920000e+09	6.090886e+08	0.000000e+00	7.192980e-01	3.670734e+13	8.038899e+13	3.642142e+13	5.236404e+03	2.398726e+03	1.537106e+03	0	2.471388e-05
2.930000e+09	-5.835357e+09	0.000000e+00	7.192980e-01	3.661395e+13	8.017513e+13	3.632010e+13	5.234432e+03	2.398150e+03	1.536736e+03	0	nan
