#t		Qconv[W]	Ri[Rp]		R*[Rp]		Qc[W]		Qm[W]		Qr[W]		Tcmb[K]		Tl[K]		Tup[K]		RiFlag		Bs[T]
0.000000e+00	9.155480e+12	0.000000e+00	7.076021e-01	2.533837e+14	1.745646e+15	2.005390e+14	8.129765e+03	4.188952e+03	2.429471e+03	0	6.027549e-04
1.000000e+07	8.813024e+12	0.000000e+00	7.076021e-01	2.499120e+14	1.604352e+15	1.994279e+14	8.122455e+03	4.128157e+03	2.394212e+03	0	5.951439e-04
2.000000e+07	8.485438e+12	0.000000e+00	7.076021e-01	2.465867e+14	1.484135e+15	1.983251e+14	8.115245e+03	4.073633e+03	2.362590e+03	0	5.876767e-04
3.000000e+07	8.172900e+12	0.000000e+00	7.076021e-01	2.434094e+14	1.380858e+15	1.972305e+14	8.108130e+03	4.024444e+03	2.334062e+03	0	5.803711e-04
4.000000e+07	7.875101e+12	0.000000e+00	7.076021e-01	2.403770e+14	1.291366e+15	1.961441e+14	8.101107e+03	3.979835e+03	2.308190e+03	0	5.732346e-04
5.000000e+07	7.591463e+12	0.000000e+00	7.076021e-01	2.374838e+14	1.213215e+15	1.950658e+14	8.094172e+03	3.939191e+03	2.284618e+03	0	5.662682e-04
6.000000e+07	7.321267e+12	0.000000e+00	7.076021e-01	2.347228e+14	1.144489e+15	1.939955e+14	8.087319e+03	3.902004e+03	2.263050e+03	0	5.594687e-04
7.000000e+07	7.063736e+12	0.000000e+00	7.076021e-01	2.320863e+14	1.083667e+15	1.929332e+14	8.080547e+03	3.867848e+03	2.243241e+03	0	5.528303e-04
8.000000e+07	6.818080e+12	0.000000e+00	7.076021e-01	2.295665e+14	1.029528e+15	1.918788e+14	8.073850e+03	3.836370e+03	2.224984e+03	0	5.463459e-04
9.000000e+07	6.583528e+12	0.000000e+00	7.076021e-01	2.271560e+14	9.810821e+14	1.908322e+14	8.067225e+03	3.807266e+03	2.208105e+03	0	5.400077e-04
1.000000e+08	6.359342e+12	0.000000e+00	7.076021e-01	2.248475e+14	9.375209e+14	1.897935e+14	8.060670e+03	3.780281e+03	2.192454e+03	0	5.338072e-04
1.100000e+08	6.144823e+12	0.000000e+00	7.076021e-01	2.226342e+14	8.981765e+14	1.887624e+14	8.054182e+03	3.755192e+03	2.177903e+03	0	5.277361e-04
1.200000e+08	5.939319e+12	0.000000e+00	7.076021e-01	2.205097e+14	8.624938e+14	1.877389e+14	8.047757e+03	3.731810e+03	2.164342e+03	0	5.217862e-04
1.300000e+08	5.742224e+12	0.000000e+00	7.076021e-01	2.184680e+14	8.300084e+14	1.867231e+14	8.041394e+03	3.709968e+03	2.151674e+03	0	5.159493e-04
1.400000e+08	5.552975e+12	0.000000e+00	7.076021e-01	2.165037e+14	8.003285e+14	1.857147e+14	8.035089e+03	3.689521e+03	2.139816e+03	0	5.102178e-04
1.500000e+08	5.371052e+12	0.000000e+00	7.076021e-01	2.146116e+14	7.731221e+14	1.847139e+14	8.028841e+03	3.670343e+03	2.128693e+03	0	5.045840e-04
1.600000e+08	5.195978e+12	0.000000e+00	7.076021e-01	2.127871e+14	7.481059e+14	1.837204e+14	8.022648e+03	3.652321e+03	2.118241e+03	0	4.990409e-04
1.700000e+08	5.027309e+12	0.000000e+00	7.076021e-01	2.110258e+14	7.250370e+14	1.827342e+14	8.016507e+03	3.635356e+03	2.108402e+03	0	4.935815e-04
1.800000e+08	4.864640e+12	0.000000e+00	7.076021e-01	2.093238e+14	7.037058e+14	1.817553e+14	8.010416e+03	3.619360e+03	2.099125e+03	0	4.881994e-04
1.900000e+08	4.707594e+12	0.000000e+00	7.076021e-01	2.076773e+14	6.839311e+14	1.807836e+14	8.004375e+03	3.604254e+03	2.090364e+03	0	4.828883e-04
2.000000e+08	4.555827e+12	0.000000e+00	7.076021e-01	2.060830e+14	6.655550e+14	1.798191e+14	7.998382e+03	3.589968e+03	2.082078e+03	0	4.776423e-04
2.100000e+08	4.409018e+12	0.000000e+00	7.076021e-01	2.045378e+14	6.484399e+14	1.788617e+14	7.992434e+03	3.576438e+03	2.074231e+03	0	4.724556e-04
2.200000e+08	4.266874e+12	0.000000e+00	7.076021e-01	2.030388e+14	6.324647e+14	1.779112e+14	7.986530e+03	3.563608e+03	2.066790e+03	0	4.673228e-04
2.300000e+08	4.129122e+12	0.000000e+00	7.076021e-01	2.015832e+14	6.175230e+14	1.769678e+14	7.980670e+03	3.551426e+03	2.059725e+03	0	4.622386e-04
2.400000e+08	3.995509e+12	0.000000e+00	7.076021e-01	2.001687e+14	6.035210e+14	1.760313e+14	7.974852e+03	3.539845e+03	2.053008e+03	0	4.571981e-04
2.500000e+08	3.865804e+12	0.000000e+00	7.076021e-01	1.987929e+14	5.903753e+14	1.751016e+14	7.969075e+03	3.528823e+03	2.046616e+03	0	4.521962e-04
2.600000e+08	3.739789e+12	0.000000e+00	7.076021e-01	1.974538e+14	5.780117e+14	1.741788e+14	7.963337e+03	3.518322e+03	2.040525e+03	0	4.472284e-04
2.700000e+08	3.617264e+12	0.000000e+00	7.076021e-01	1.961493e+14	5.663643e+14	1.732627e+14	7.957638e+03	3.508306e+03	2.034717e+03	0	4.422900e-04
2.800000e+08	3.498044e+12	0.000000e+00	7.076021e-01	1.948776e+14	5.553739e+14	1.723533e+14	7.951976e+03	3.498744e+03	2.029171e+03	0	4.373765e-04
2.900000e+08	3.381954e+12	0.000000e+00	7.076021e-01	1.936371e+14	5.449877e+14	1.714505e+14	7.946352e+03	3.489605e+03	2.023870e+03	0	4.324835e-04
3.000000e+08	3.268834e+12	0.000000e+00	7.076021e-01	1.924261e+14	5.351578e+14	1.705543e+14	7.940762e+03	3.480863e+03	2.018800e+03	0	4.276068e-04
3.100000e+08	3.158534e+12	0.000000e+00	7.076021e-01	1.912432e+14	5.258414e+14	1.696646e+14	7.935208e+03	3.472494e+03	2.013946e+03	0	4.227421e-04
3.200000e+08	3.050913e+12	0.000000e+00	7.076021e-01	1.900870e+14	5.169998e+14	1.687814e+14	7.929688e+03	3.464473e+03	2.009294e+03	0	4.178852e-04
3.300000e+08	2.945841e+12	0.000000e+00	7.076021e-01	1.889561e+14	5.085977e+14	1.679047e+14	7.924201e+03	3.456780e+03	2.004833e+03	0	4.130318e-04
3.400000e+08	2.843196e+12	0.000000e+00	7.076021e-01	1.878495e+14	5.006033e+14	1.670343e+14	7.918747e+03	3.449396e+03	2.000550e+03	0	4.081777e-04
3.500000e+08	2.742864e+12	0.000000e+00	7.076021e-01	1.867660e+14	4.929876e+14	1.661702e+14	7.913325e+03	3.442302e+03	1.996436e+03	0	4.033188e-04
3.600000e+08	2.644737e+12	0.000000e+00	7.076021e-01	1.857046e+14	4.857242e+14	1.653123e+14	7.907933e+03	3.435482e+03	1.992481e+03	0	3.984506e-04
3.700000e+08	2.548716e+12	0.000000e+00	7.076021e-01	1.846642e+14	4.787890e+14	1.644607e+14	7.902573e+03	3.428920e+03	1.988675e+03	0	3.935689e-04
3.800000e+08	2.454706e+12	0.000000e+00	7.076021e-01	1.836439e+14	4.721601e+14	1.636153e+14	7.897242e+03	3.422602e+03	1.985011e+03	0	3.886692e-04
3.900000e+08	2.362619e+12	0.000000e+00	7.076021e-01	1.826429e+14	4.658170e+14	1.627759e+14	7.891941e+03	3.416514e+03	1.981480e+03	0	3.837470e-04
4.000000e+08	2.272373e+12	0.000000e+00	7.076021e-01	1.816603e+14	4.597415e+14	1.619426e+14	7.886669e+03	3.410644e+03	1.978075e+03	0	3.787973e-04
4.100000e+08	2.183889e+12	0.000000e+00	7.076021e-01	1.806954e+14	4.539164e+14	1.611154e+14	7.881425e+03	3.404980e+03	1.974790e+03	0	3.738154e-04
4.200000e+08	2.097095e+12	0.000000e+00	7.076021e-01	1.797474e+14	4.483261e+14	1.602941e+14	7.876209e+03	3.399511e+03	1.971619e+03	0	3.687961e-04
4.300000e+08	2.011920e+12	0.000000e+00	7.076021e-01	1.788158e+14	4.429561e+14	1.594787e+14	7.871020e+03	3.394227e+03	1.968554e+03	0	3.637340e-04
4.400000e+08	1.928299e+12	0.000000e+00	7.076021e-01	1.778997e+14	4.377932e+14	1.586692e+14	7.865858e+03	3.389119e+03	1.965591e+03	0	3.586233e-04
4.500000e+08	1.846172e+12	0.000000e+00	7.076021e-01	1.769987e+14	4.328249e+14	1.578655e+14	7.860723e+03	3.384177e+03	1.962725e+03	0	3.534580e-04
4.600000e+08	1.765480e+12	0.000000e+00	7.076021e-01	1.761122e+14	4.280400e+14	1.570675e+14	7.855613e+03	3.379393e+03	1.959951e+03	0	3.482314e-04
4.700000e+08	1.686169e+12	0.000000e+00	7.076021e-01	1.752395e+14	4.234278e+14	1.562753e+14	7.850529e+03	3.374759e+03	1.957263e+03	0	3.429368e-04
4.800000e+08	1.608186e+12	0.000000e+00	7.076021e-01	1.743803e+14	4.189785e+14	1.554888e+14	7.845470e+03	3.370269e+03	1.954659e+03	0	3.375663e-04
4.900000e+08	1.531482e+12	0.000000e+00	7.076021e-01	1.735339e+14	4.146830e+14	1.547079e+14	7.840436e+03	3.365914e+03	1.952133e+03	0	3.321118e-04
5.000000e+08	1.456012e+12	0.000000e+00	7.076021e-01	1.727001e+14	4.105330e+14	1.539325e+14	7.835427e+03	3.361689e+03	1.949683e+03	0	3.265642e-04
5.100000e+08	1.381730e+12	0.000000e+00	7.076021e-01	1.718783e+14	4.065203e+14	1.531627e+14	7.830441e+03	3.357587e+03	1.947304e+03	0	3.209136e-04
5.200000e+08	1.308596e+12	0.000000e+00	7.076021e-01	1.710680e+14	4.026379e+14	1.523985e+14	7.825479e+03	3.353602e+03	1.944993e+03	0	3.151487e-04
5.300000e+08	1.236569e+12	0.000000e+00	7.076021e-01	1.702690e+14	3.988787e+14	1.516396e+14	7.820540e+03	3.349730e+03	1.942747e+03	0	3.092572e-04
5.400000e+08	1.165612e+12	0.000000e+00	7.076021e-01	1.694809e+14	3.952363e+14	1.508862e+14	7.815625e+03	3.345964e+03	1.940563e+03	0	3.032250e-04
5.500000e+08	1.095690e+12	0.000000e+00	7.076021e-01	1.687032e+14	3.917049e+14	1.501381e+14	7.810732e+03	3.342301e+03	1.938438e+03	0	2.970363e-04
5.600000e+08	1.026768e+12	0.000000e+00	7.076021e-01	1.679358e+14	3.882788e+14	1.493953e+14	7.805862e+03	3.338735e+03	1.936370e+03	0	2.906729e-04
5.700000e+08	9.588146e+11	0.000000e+00	7.076021e-01	1.671781e+14	3.849528e+14	1.486579e+14	7.801013e+03	3.335262e+03	1.934356e+03	0	2.841135e-04
5.800000e+08	8.917985e+11	0.000000e+00	7.076021e-01	1.664300e+14	3.817219e+14	1.479256e+14	7.796187e+03	3.331878e+03	1.932393e+03	0	2.773337e-04
5.900000e+08	8.256906e+11	0.000000e+00	7.076021e-01	1.656912e+14	3.785815e+14	1.471986e+14	7.791382e+03	3.328579e+03	1.930480e+03	0	2.703042e-04
6.000000e+08	7.604630e+11	0.000000e+00	7.076021e-01	1.649613e+14	3.755273e+14	1.464766e+14	7.786599e+03	3.325361e+03	1.928614e+03	0	2.629903e-04
6.100000e+08	6.960893e+11	0.000000e+00	7.076021e-01	1.642402e+14	3.725553e+14	1.457598e+14	7.781836e+03	3.322222e+03	1.926793e+03	0	2.553497e-04
6.200000e+08	6.325441e+11	0.000000e+00	7.076021e-01	1.635275e+14	3.696617e+14	1.450481e+14	7.777094e+03	3.319156e+03	1.925015e+03	0	2.473303e-04
6.300000e+08	5.698032e+11	0.000000e+00	7.076021e-01	1.628230e+14	3.668428e+14	1.443414e+14	7.772373e+03	3.316163e+03	1.923279e+03	0	2.388665e-04
6.400000e+08	5.078436e+11	0.000000e+00	7.076021e-01	1.621265e+14	3.640952e+14	1.436397e+14	7.767672e+03	3.313238e+03	1.921582e+03	0	2.298743e-04
6.500000e+08	4.466431e+11	0.000000e+00	7.076021e-01	1.614378e+14	3.614157e+14	1.429429e+14	7.762992e+03	3.310378e+03	1.919924e+03	0	2.202422e-04
6.600000e+08	3.861808e+11	0.000000e+00	7.076021e-01	1.607567e+14	3.588015e+14	1.422510e+14	7.758331e+03	3.307582e+03	1.918302e+03	0	2.098186e-04
6.700000e+08	3.264364e+11	0.000000e+00	7.076021e-01	1.600829e+14	3.562495e+14	1.415640e+14	7.753689e+03	3.304846e+03	1.916715e+03	0	1.983870e-04
6.800000e+08	2.673907e+11	0.000000e+00	7.076021e-01	1.594163e+14	3.537572e+14	1.408818e+14	7.749068e+03	3.302168e+03	1.915162e+03	0	1.856219e-04
6.900000e+08	2.090253e+11	0.000000e+00	7.076021e-01	1.587567e+14	3.513219e+14	1.402044e+14	7.744465e+03	3.299545e+03	1.913641e+03	0	1.709936e-04
7.000000e+08	1.513224e+11	0.000000e+00	7.076021e-01	1.581039e+14	3.489414e+14	1.395317e+14	7.739881e+03	3.296976e+03	1.912151e+03	0	1.535376e-04
7.100000e+08	9.426512e+10	0.000000e+00	7.076021e-01	1.574577e+14	3.466132e+14	1.388637e+14	7.735317e+03	3.294459e+03	1.910691e+03	0	1.311286e-04
7.200000e+08	3.783724e+10	0.000000e+00	7.076021e-01	1.568181e+14	3.443354e+14	1.382005e+14	7.730770e+03	3.291990e+03	1.909260e+03	0	9.672829e-05
7.300000e+08	-1.797683e+10	0.000000e+00	7.076021e-01	1.561847e+14	3.421058e+14	1.375418e+14	7.726243e+03	3.289570e+03	1.907856e+03	0	nan
