#R=1.6407358309146953
#interptype='linear'
#name='planet'
#norm={'P': 1000000000000.0, 'R': 1.6407358309146953, 'M': 5.0, 'g': 18.257479961362542, 'rho': 1000.0}
#state=1
#composition
#layer0		Fe08FeS02		0.500000
#layer1		pv_fmw		0.500000
#layer2		ice_VII		0.100000
#Cols=
 #'ur		r		mr		rho		P		g		phi		T		composition'
#-end-
0.000000e+00	0.000000e+00	2.885982e-11	1.916001e+04	1.875947e+12	0.000000e+00	-3.866828e+08	5.000000e+03	0
5.025126e-03	8.244904e-03	7.857500e-06	1.916229e+04	1.876653e+12	-1.254614e-01	-3.866757e+08	5.000000e+03	0
1.005025e-02	1.648981e-02	1.571497e-05	1.916457e+04	1.877359e+12	-2.509227e-01	-3.866533e+08	5.000000e+03	0
1.507538e-02	2.473471e-02	7.000785e-05	1.916459e+04	1.877367e+12	1.463008e-02	-3.866164e+08	5.000000e+03	0
2.010050e-02	3.297961e-02	1.247746e-04	1.916460e+04	1.877368e+12	2.841728e-01	-3.865646e+08	5.000000e+03	0
2.512563e-02	4.122452e-02	2.712196e-04	1.916279e+04	1.876809e+12	5.667158e-01	-3.864982e+08	5.000000e+03	0
3.015075e-02	4.946942e-02	4.195548e-04	1.916094e+04	1.876239e+12	8.495267e-01	-3.864170e+08	5.000000e+03	0
3.517588e-02	5.771433e-02	7.038028e-04	1.915731e+04	1.875117e+12	1.133060e+00	-3.863210e+08	5.000000e+03	0
4.020101e-02	6.595923e-02	9.922980e-04	1.915363e+04	1.873979e+12	1.416615e+00	-3.862102e+08	5.000000e+03	0
4.522613e-02	7.420413e-02	1.459882e-03	1.914818e+04	1.872296e+12	1.700061e+00	-3.860848e+08	5.000000e+03	0
5.025126e-02	8.244904e-02	1.935007e-03	1.914265e+04	1.870590e+12	1.983501e+00	-3.859445e+08	5.000000e+03	0
5.527638e-02	9.069394e-02	2.631291e-03	1.913538e+04	1.868348e+12	2.266630e+00	-3.857896e+08	5.000000e+03	0
6.030151e-02	9.893884e-02	3.339339e-03	1.912801e+04	1.866076e+12	2.549741e+00	-3.856199e+08	5.000000e+03	0
6.532663e-02	1.071837e-01	4.309465e-03	1.911892e+04	1.863276e+12	2.832427e+00	-3.854355e+08	5.000000e+03	0
7.035176e-02	1.154287e-01	5.296500e-03	1.910971e+04	1.860442e+12	3.115085e+00	-3.852363e+08	5.000000e+03	0
7.537688e-02	1.236736e-01	6.585338e-03	1.909880e+04	1.857086e+12	3.397225e+00	-3.850225e+08	5.000000e+03	0
8.040201e-02	1.319185e-01	7.897140e-03	1.908775e+04	1.853691e+12	3.679325e+00	-3.847943e+08	5.000000e+03	0
8.542714e-02	1.401634e-01	9.549234e-03	1.907502e+04	1.849784e+12	3.960821e+00	-3.845509e+08	5.000000e+03	0
9.045226e-02	1.484083e-01	1.123124e-02	1.906214e+04	1.845831e+12	4.242264e+00	-3.842931e+08	5.000000e+03	0
9.547739e-02	1.566532e-01	1.329076e-02	1.904758e+04	1.841375e+12	4.523020e+00	-3.840208e+08	5.000000e+03	0
1.005025e-01	1.648981e-01	1.538803e-02	1.903286e+04	1.836869e+12	4.803708e+00	-3.837338e+08	5.000000e+03	0
1.055276e-01	1.731430e-01	1.789872e-02	1.901649e+04	1.831869e+12	5.083629e+00	-3.834317e+08	5.000000e+03	0
1.105528e-01	1.813879e-01	2.045585e-02	1.899993e+04	1.826813e+12	5.363464e+00	-3.831160e+08	5.000000e+03	0
1.155779e-01	1.896328e-01	2.346095e-02	1.898174e+04	1.821273e+12	5.642455e+00	-3.827855e+08	5.000000e+03	0
1.206030e-01	1.978777e-01	2.652206e-02	1.896334e+04	1.815673e+12	5.921340e+00	-3.824404e+08	5.000000e+03	0
1.256281e-01	2.061226e-01	3.006431e-02	1.894333e+04	1.809598e+12	6.199306e+00	-3.820808e+08	5.000000e+03	0
1.306533e-01	2.143675e-01	3.367293e-02	1.892310e+04	1.803458e+12	6.477144e+00	-3.817067e+08	5.000000e+03	0
1.356784e-01	2.226124e-01	3.779448e-02	1.890127e+04	1.796854e+12	6.753989e+00	-3.813182e+08	5.000000e+03	0
1.407035e-01	2.308573e-01	4.199357e-02	1.887920e+04	1.790180e+12	7.030683e+00	-3.809154e+08	5.000000e+03	0
1.457286e-01	2.391022e-01	4.673592e-02	1.885555e+04	1.783053e+12	7.306312e+00	-3.804981e+08	5.000000e+03	0
1.507538e-01	2.473471e-01	5.156775e-02	1.883164e+04	1.775851e+12	7.581766e+00	-3.800665e+08	5.000000e+03	0
1.557789e-01	2.555920e-01	5.697172e-02	1.880617e+04	1.768207e+12	7.856085e+00	-3.796206e+08	5.000000e+03	0
1.608040e-01	2.638369e-01	6.247786e-02	1.878043e+04	1.760485e+12	8.130200e+00	-3.791606e+08	5.000000e+03	0
1.658291e-01	2.720818e-01	6.858354e-02	1.875315e+04	1.752332e+12	8.403113e+00	-3.786862e+08	5.000000e+03	0
1.708543e-01	2.803267e-01	7.480480e-02	1.872557e+04	1.744095e+12	8.675794e+00	-3.781977e+08	5.000000e+03	0
1.758794e-01	2.885716e-01	8.165148e-02	1.869647e+04	1.735440e+12	8.947205e+00	-3.776951e+08	5.000000e+03	0
1.809045e-01	2.968165e-01	8.862781e-02	1.866705e+04	1.726698e+12	9.218354e+00	-3.771783e+08	5.000000e+03	0
1.859296e-01	3.050614e-01	9.625394e-02	1.863613e+04	1.717548e+12	9.488170e+00	-3.766475e+08	5.000000e+03	0
1.909548e-01	3.133063e-01	1.040245e-01	1.860488e+04	1.708308e+12	9.757689e+00	-3.761027e+08	5.000000e+03	0
1.959799e-01	3.215512e-01	1.124676e-01	1.857214e+04	1.698672e+12	1.002581e+01	-3.755439e+08	5.000000e+03	0
2.010050e-01	3.297961e-01	1.210705e-01	1.853905e+04	1.688943e+12	1.029361e+01	-3.749712e+08	5.000000e+03	0
2.060302e-01	3.380411e-01	1.303672e-01	1.850450e+04	1.678830e+12	1.055995e+01	-3.743847e+08	5.000000e+03	0
2.110553e-01	3.462860e-01	1.398396e-01	1.846958e+04	1.668621e+12	1.082592e+01	-3.737842e+08	5.000000e+03	0
2.160804e-01	3.545309e-01	1.500256e-01	1.843320e+04	1.658040e+12	1.109037e+01	-3.731700e+08	5.000000e+03	0
2.211055e-01	3.627758e-01	1.604036e-01	1.839644e+04	1.647360e+12	1.135442e+01	-3.725421e+08	5.000000e+03	0
2.261307e-01	3.710207e-01	1.715134e-01	1.835825e+04	1.636322e+12	1.161690e+01	-3.719005e+08	5.000000e+03	0
2.311558e-01	3.792656e-01	1.828322e-01	1.831965e+04	1.625181e+12	1.187893e+01	-3.712446e+08	5.000000e+03	0
2.361809e-01	3.875105e-01	1.948992e-01	1.827964e+04	1.613695e+12	1.213934e+01	-3.705764e+08	5.000000e+03	0
2.412060e-01	3.957554e-01	2.071926e-01	1.823920e+04	1.602104e+12	1.239926e+01	-3.698940e+08	5.000000e+03	0
2.462312e-01	4.040003e-01	2.202491e-01	1.819737e+04	1.590180e+12	1.265750e+01	-3.691985e+08	5.000000e+03	0
2.512563e-01	4.122452e-01	2.335499e-01	1.815510e+04	1.578150e+12	1.291520e+01	-3.684890e+08	5.000000e+03	0
2.562814e-01	4.204901e-01	2.476271e-01	1.811144e+04	1.565801e+12	1.317118e+01	-3.677666e+08	5.000000e+03	0
2.613065e-01	4.287350e-01	2.619666e-01	1.806733e+04	1.553343e+12	1.342658e+01	-3.670308e+08	5.000000e+03	0
2.663317e-01	4.369799e-01	2.770942e-01	1.802185e+04	1.540578e+12	1.368020e+01	-3.662817e+08	5.000000e+03	0
2.713568e-01	4.452248e-01	2.925026e-01	1.797589e+04	1.527704e+12	1.393319e+01	-3.655197e+08	5.000000e+03	0
2.763819e-01	4.534697e-01	3.087093e-01	1.792859e+04	1.514536e+12	1.418435e+01	-3.647443e+08	5.000000e+03	0
2.814070e-01	4.617146e-01	3.252153e-01	1.788079e+04	1.501258e+12	1.443484e+01	-3.639559e+08	5.000000e+03	0
2.864322e-01	4.699595e-01	3.425282e-01	1.783166e+04	1.487699e+12	1.468345e+01	-3.631548e+08	5.000000e+03	0
2.914573e-01	4.782044e-01	3.601592e-01	1.778201e+04	1.474029e+12	1.493133e+01	-3.623407e+08	5.000000e+03	0
2.964824e-01	4.864493e-01	3.786039e-01	1.773105e+04	1.460092e+12	1.517730e+01	-3.615138e+08	5.000000e+03	0
3.015075e-01	4.946942e-01	3.973858e-01	1.767955e+04	1.446044e+12	1.542248e+01	-3.606741e+08	5.000000e+03	0
3.065327e-01	5.029391e-01	4.169867e-01	1.762676e+04	1.431742e+12	1.566571e+01	-3.598217e+08	5.000000e+03	0
3.115578e-01	5.111840e-01	4.369437e-01	1.757341e+04	1.417328e+12	1.590809e+01	-3.589567e+08	5.000000e+03	0
3.165829e-01	5.194289e-01	4.577235e-01	1.751879e+04	1.402674e+12	1.614848e+01	-3.580793e+08	5.000000e+03	0
3.216080e-01	5.276738e-01	4.788784e-01	1.746358e+04	1.387909e+12	1.638797e+01	-3.571894e+08	5.000000e+03	0
3.266332e-01	5.359187e-01	5.008583e-01	1.740711e+04	1.372917e+12	1.662542e+01	-3.562871e+08	5.000000e+03	0
3.316583e-01	5.441636e-01	5.232321e-01	1.735004e+04	1.357815e+12	1.686191e+01	-3.553723e+08	5.000000e+03	0
3.366834e-01	5.524085e-01	5.464315e-01	1.729173e+04	1.342497e+12	1.709633e+01	-3.544456e+08	5.000000e+03	0
3.417085e-01	5.606534e-01	5.700437e-01	1.723280e+04	1.327073e+12	1.732973e+01	-3.535067e+08	5.000000e+03	0
3.467337e-01	5.688984e-01	5.944805e-01	1.717264e+04	1.311446e+12	1.756102e+01	-3.525556e+08	5.000000e+03	0
3.517588e-01	5.771433e-01	6.193486e-01	1.711183e+04	1.295713e+12	1.779122e+01	-3.515928e+08	5.000000e+03	0
3.567839e-01	5.853882e-01	6.450388e-01	1.704981e+04	1.279791e+12	1.801928e+01	-3.506179e+08	5.000000e+03	0
3.618090e-01	5.936331e-01	6.711785e-01	1.698713e+04	1.263765e+12	1.824619e+01	-3.496312e+08	5.000000e+03	0
3.668342e-01	6.018780e-01	6.981364e-01	1.692325e+04	1.247563e+12	1.847093e+01	-3.486330e+08	5.000000e+03	0
3.718593e-01	6.101229e-01	7.255617e-01	1.685868e+04	1.231260e+12	1.869444e+01	-3.476230e+08	5.000000e+03	0
3.768844e-01	6.183678e-01	7.537995e-01	1.679292e+04	1.214793e+12	1.891576e+01	-3.466015e+08	5.000000e+03	0
3.819095e-01	6.266127e-01	7.825222e-01	1.672646e+04	1.198228e+12	1.913577e+01	-3.455683e+08	5.000000e+03	0
3.869347e-01	6.348576e-01	8.120505e-01	1.665883e+04	1.181512e+12	1.935356e+01	-3.445242e+08	5.000000e+03	0
3.919598e-01	6.431025e-01	8.420806e-01	1.659046e+04	1.164702e+12	1.956998e+01	-3.434693e+08	5.000000e+03	0
3.969849e-01	6.513474e-01	8.729078e-01	1.652094e+04	1.147753e+12	1.978415e+01	-3.424027e+08	5.000000e+03	0
4.020101e-01	6.595923e-01	9.042530e-01	1.645066e+04	1.130713e+12	1.999686e+01	-3.413246e+08	5.000000e+03	0
4.070352e-01	6.678372e-01	9.363853e-01	1.637923e+04	1.113548e+12	2.020731e+01	-3.402342e+08	5.000000e+03	0
4.120603e-01	6.760821e-01	9.690514e-01	1.630703e+04	1.096296e+12	2.041622e+01	-3.391365e+08	5.000000e+03	0
4.170854e-01	6.843270e-01	1.002493e+00	1.623369e+04	1.078930e+12	2.062284e+01	-3.380259e+08	5.000000e+03	0
4.221106e-01	6.925719e-01	1.036483e+00	1.615954e+04	1.061483e+12	2.082785e+01	-3.369057e+08	5.000000e+03	0
4.271357e-01	7.008168e-01	1.071237e+00	1.608427e+04	1.043934e+12	2.103054e+01	-3.357729e+08	5.000000e+03	0
4.321608e-01	7.090617e-01	1.106552e+00	1.600817e+04	1.026309e+12	2.123153e+01	-3.346320e+08	5.000000e+03	0
4.371859e-01	7.173066e-01	1.142617e+00	1.593096e+04	1.008594e+12	2.143020e+01	-3.334783e+08	5.000000e+03	0
4.422111e-01	7.255515e-01	1.179256e+00	1.585289e+04	9.908083e+11	2.162707e+01	-3.323129e+08	5.000000e+03	0
4.472362e-01	7.337964e-01	1.216629e+00	1.577371e+04	9.729439e+11	2.182160e+01	-3.311449e+08	5.000000e+03	0
4.522613e-01	7.420413e-01	1.254589e+00	1.569365e+04	9.550161e+11	2.201424e+01	-3.299621e+08	5.000000e+03	0
4.572864e-01	7.502862e-01	1.293266e+00	1.561250e+04	9.370204e+11	2.220453e+01	-3.287694e+08	5.000000e+03	0
4.623116e-01	7.585311e-01	1.332540e+00	1.553043e+04	9.189682e+11	2.239284e+01	-3.275675e+08	5.000000e+03	0
4.673367e-01	7.667760e-01	1.372512e+00	1.544727e+04	9.008591e+11	2.257877e+01	-3.263556e+08	5.000000e+03	0
4.723618e-01	7.750209e-01	1.413092e+00	1.536316e+04	8.827008e+11	2.276264e+01	-3.251340e+08	5.000000e+03	0
4.773869e-01	7.832658e-01	1.454350e+00	1.527797e+04	8.644964e+11	2.294411e+01	-3.239034e+08	5.000000e+03	0
4.824121e-01	7.915108e-01	1.496223e+00	1.519180e+04	8.462506e+11	2.312342e+01	-3.226630e+08	5.000000e+03	0
4.874372e-01	7.997557e-01	1.538754e+00	1.510456e+04	8.279693e+11	2.330033e+01	-3.214136e+08	5.000000e+03	0
4.924623e-01	8.080006e-01	1.581906e+00	1.501630e+04	8.096547e+11	2.347497e+01	-3.201553e+08	5.000000e+03	0
4.974874e-01	8.162455e-01	1.625695e+00	1.492697e+04	7.913151e+11	2.364719e+01	-3.188878e+08	5.000000e+03	0
5.025126e-01	8.244904e-01	1.670109e+00	1.483659e+04	7.729509e+11	2.381704e+01	-3.176115e+08	5.000000e+03	0
5.075377e-01	8.327353e-01	1.715137e+00	1.474514e+04	7.545718e+11	2.398446e+01	-3.163266e+08	5.000000e+03	0
5.125628e-01	8.409802e-01	1.760791e+00	1.465260e+04	7.361773e+11	2.414940e+01	-3.150331e+08	5.000000e+03	0
5.175879e-01	8.492251e-01	1.807037e+00	1.455899e+04	7.177776e+11	2.431191e+01	-3.137316e+08	5.000000e+03	0
5.226131e-01	8.574700e-01	1.853909e+00	1.446425e+04	6.993723e+11	2.447182e+01	-3.124210e+08	5.000000e+03	0
5.276382e-01	8.657149e-01	1.901347e+00	1.436845e+04	6.809713e+11	2.462929e+01	-3.111027e+08	5.000000e+03	0
5.326633e-01	8.739598e-01	1.949410e+00	1.427146e+04	6.625750e+11	2.478405e+01	-3.097763e+08	5.000000e+03	0
5.376884e-01	8.822047e-01	1.998013e+00	1.417340e+04	6.441921e+11	2.493635e+01	-3.084420e+08	5.000000e+03	0
5.427136e-01	8.904496e-01	2.047237e+00	1.407412e+04	6.258247e+11	2.508583e+01	-3.071000e+08	5.000000e+03	0
5.477387e-01	8.986945e-01	2.096973e+00	1.397376e+04	6.074797e+11	2.523285e+01	-3.057503e+08	5.000000e+03	0
5.527638e-01	9.069394e-01	2.147323e+00	1.387212e+04	5.891615e+11	2.537691e+01	-3.043926e+08	5.000000e+03	0
5.577889e-01	9.151843e-01	2.198158e+00	1.376940e+04	5.708742e+11	2.551851e+01	-3.030280e+08	5.000000e+03	0
5.628141e-01	9.234292e-01	2.249597e+00	1.366534e+04	5.526256e+11	2.565702e+01	-3.016570e+08	5.000000e+03	0
5.678392e-01	9.316741e-01	2.301491e+00	1.356020e+04	5.344162e+11	2.579306e+01	-3.002786e+08	5.000000e+03	0
5.728643e-01	9.399190e-01	2.353978e+00	1.345364e+04	5.162578e+11	2.592588e+01	-2.988928e+08	5.000000e+03	0
5.778894e-01	9.481639e-01	2.406889e+00	1.334600e+04	4.981467e+11	2.605622e+01	-2.975004e+08	5.000000e+03	0
5.829146e-01	9.564088e-01	2.460376e+00	1.323686e+04	4.800995e+11	2.618320e+01	-2.961016e+08	5.000000e+03	0
5.879397e-01	9.646537e-01	2.504683e+00	1.199688e+04	4.652972e+11	2.620925e+01	-2.946963e+08	5.000000e+03	0
5.929648e-01	9.728986e-01	2.536001e+00	9.157137e+03	4.550851e+11	2.609253e+01	-2.932878e+08	5.000000e+03	0
5.979899e-01	9.811435e-01	2.567585e+00	7.445068e+03	4.449622e+11	2.597869e+01	-2.918815e+08	5.000000e+03	1
6.030151e-01	9.893884e-01	2.599560e+00	7.396315e+03	4.349711e+11	2.586907e+01	-2.904816e+08	5.000000e+03	1
6.080402e-01	9.976333e-01	2.631790e+00	7.347585e+03	4.250639e+11	2.576202e+01	-2.890876e+08	5.000000e+03	1
6.130653e-01	1.005878e+00	2.664412e+00	7.298894e+03	4.152860e+11	2.565891e+01	-2.877000e+08	5.000000e+03	1
6.180905e-01	1.014123e+00	2.697278e+00	7.250214e+03	4.055873e+11	2.555808e+01	-2.863180e+08	5.000000e+03	1
6.231156e-01	1.022368e+00	2.730537e+00	7.201551e+03	3.960157e+11	2.546093e+01	-2.849418e+08	5.000000e+03	1
6.281407e-01	1.030613e+00	2.764029e+00	7.152885e+03	3.865188e+11	2.536581e+01	-2.835710e+08	5.000000e+03	1
6.331658e-01	1.038858e+00	2.797913e+00	7.104217e+03	3.771471e+11	2.527410e+01	-2.822056e+08	5.000000e+03	1
6.381910e-01	1.047103e+00	2.832019e+00	7.055535e+03	3.678460e+11	2.518420e+01	-2.808454e+08	5.000000e+03	1
6.432161e-01	1.055348e+00	2.866515e+00	7.006829e+03	3.586686e+11	2.509747e+01	-2.794902e+08	5.000000e+03	1
6.482412e-01	1.063593e+00	2.901222e+00	6.958097e+03	3.495580e+11	2.501234e+01	-2.781400e+08	5.000000e+03	1
6.532663e-01	1.071837e+00	2.936317e+00	6.909320e+03	3.405697e+11	2.493014e+01	-2.767946e+08	5.000000e+03	1
6.582915e-01	1.080082e+00	2.971612e+00	6.860508e+03	3.316448e+11	2.484935e+01	-2.754539e+08	5.000000e+03	1
6.633166e-01	1.088327e+00	3.007290e+00	6.811627e+03	3.228410e+11	2.477127e+01	-2.741176e+08	5.000000e+03	1
6.683417e-01	1.096572e+00	3.043157e+00	6.762702e+03	3.140973e+11	2.469444e+01	-2.727860e+08	5.000000e+03	1
6.733668e-01	1.104817e+00	3.079403e+00	6.713686e+03	3.054740e+11	2.462011e+01	-2.714587e+08	5.000000e+03	1
6.783920e-01	1.113062e+00	3.115827e+00	6.664615e+03	2.969078e+11	2.454686e+01	-2.701356e+08	5.000000e+03	1
6.834171e-01	1.121307e+00	3.152623e+00	6.615431e+03	2.884612e+11	2.447591e+01	-2.688167e+08	5.000000e+03	1
6.884422e-01	1.129552e+00	3.189586e+00	6.566183e+03	2.800690e+11	2.440591e+01	-2.675019e+08	5.000000e+03	1
6.934673e-01	1.137797e+00	3.226915e+00	6.516796e+03	2.717960e+11	2.433801e+01	-2.661911e+08	5.000000e+03	1
6.984925e-01	1.146042e+00	3.264398e+00	6.467337e+03	2.635748e+11	2.427093e+01	-2.648841e+08	5.000000e+03	1
7.035176e-01	1.154287e+00	3.302239e+00	6.417713e+03	2.554725e+11	2.420575e+01	-2.635810e+08	5.000000e+03	1
7.085427e-01	1.162531e+00	3.340224e+00	6.368010e+03	2.474196e+11	2.414129e+01	-2.622816e+08	5.000000e+03	1
7.135678e-01	1.170776e+00	3.378556e+00	6.318114e+03	2.394856e+11	2.407855e+01	-2.609859e+08	5.000000e+03	1
7.185930e-01	1.179021e+00	3.417021e+00	6.268130e+03	2.315987e+11	2.401642e+01	-2.596939e+08	5.000000e+03	1
7.236181e-01	1.187266e+00	3.455821e+00	6.217924e+03	2.238309e+11	2.395583e+01	-2.584053e+08	5.000000e+03	1
7.286432e-01	1.195511e+00	3.494743e+00	6.167624e+03	2.161080e+11	2.389576e+01	-2.571203e+08	5.000000e+03	1
7.336683e-01	1.203756e+00	3.533989e+00	6.117070e+03	2.085046e+11	2.383706e+01	-2.558388e+08	5.000000e+03	1
7.386935e-01	1.212001e+00	3.573344e+00	6.066413e+03	2.009441e+11	2.377880e+01	-2.545606e+08	5.000000e+03	1
7.437186e-01	1.220246e+00	3.613008e+00	6.015469e+03	1.935037e+11	2.372173e+01	-2.532857e+08	5.000000e+03	1
7.487437e-01	1.228491e+00	3.652772e+00	5.964416e+03	1.861042e+11	2.366502e+01	-2.520142e+08	5.000000e+03	1
7.537688e-01	1.236736e+00	3.692827e+00	5.913038e+03	1.788256e+11	2.360935e+01	-2.507459e+08	5.000000e+03	1
7.587940e-01	1.244980e+00	3.732971e+00	5.861543e+03	1.715861e+11	2.355396e+01	-2.494808e+08	5.000000e+03	1
7.638191e-01	1.253225e+00	3.773389e+00	5.809683e+03	1.644684e+11	2.349945e+01	-2.482189e+08	5.000000e+03	1
7.688442e-01	1.261470e+00	3.813883e+00	5.757700e+03	1.573881e+11	2.344516e+01	-2.469602e+08	5.000000e+03	1
7.738693e-01	1.269715e+00	3.854632e+00	5.705306e+03	1.504308e+11	2.339160e+01	-2.457046e+08	5.000000e+03	1
7.788945e-01	1.277960e+00	3.895447e+00	5.652782e+03	1.435091e+11	2.333819e+01	-2.444521e+08	5.000000e+03	1
7.839196e-01	1.286205e+00	3.936493e+00	5.599799e+03	1.367119e+11	2.328535e+01	-2.432026e+08	5.000000e+03	1
7.889447e-01	1.294450e+00	3.977595e+00	5.546677e+03	1.299486e+11	2.323262e+01	-2.419562e+08	5.000000e+03	1
7.939698e-01	1.302695e+00	4.018903e+00	5.493041e+03	1.233115e+11	2.318030e+01	-2.407129e+08	5.000000e+03	1
7.989950e-01	1.310940e+00	4.060257e+00	5.439258e+03	1.167067e+11	2.312805e+01	-2.394725e+08	5.000000e+03	1
8.040201e-01	1.319185e+00	4.101789e+00	5.384899e+03	1.102297e+11	2.307604e+01	-2.382352e+08	5.000000e+03	1
8.090452e-01	1.327429e+00	4.143356e+00	5.330385e+03	1.037837e+11	2.302406e+01	-2.370008e+08	5.000000e+03	1
8.140704e-01	1.335674e+00	4.185070e+00	5.275223e+03	9.746759e+10	2.297218e+01	-2.357695e+08	5.000000e+03	1
8.190955e-01	1.343919e+00	4.226810e+00	5.219899e+03	9.118086e+10	2.292028e+01	-2.345411e+08	5.000000e+03	1
8.241206e-01	1.352164e+00	4.268663e+00	5.163844e+03	8.502637e+10	2.286832e+01	-2.333158e+08	5.000000e+03	1
8.291457e-01	1.360409e+00	4.310532e+00	5.107618e+03	7.889982e+10	2.281631e+01	-2.320934e+08	5.000000e+03	1
8.341709e-01	1.368654e+00	4.352476e+00	5.050566e+03	7.290808e+10	2.276407e+01	-2.308740e+08	5.000000e+03	1
8.391960e-01	1.376899e+00	4.394427e+00	4.993332e+03	6.694286e+10	2.271176e+01	-2.296576e+08	5.000000e+03	1
8.442211e-01	1.385144e+00	4.436411e+00	4.935160e+03	6.111532e+10	2.265905e+01	-2.284442e+08	5.000000e+03	1
8.492462e-01	1.393389e+00	4.474844e+00	4.676658e+03	5.579353e+10	2.258867e+01	-2.272338e+08	5.000000e+03	1
8.542714e-01	1.401634e+00	4.493395e+00	3.296303e+03	5.330402e+10	2.241930e+01	-2.260272e+08	5.000000e+03	1
8.592965e-01	1.409879e+00	4.511953e+00	2.108061e+03	5.082694e+10	2.225064e+01	-2.248272e+08	5.000000e+03	2
8.643216e-01	1.418123e+00	4.530552e+00	2.086223e+03	4.842540e+10	2.208634e+01	-2.236360e+08	5.000000e+03	2
8.693467e-01	1.426368e+00	4.549157e+00	2.064419e+03	4.603498e+10	2.192266e+01	-2.224537e+08	5.000000e+03	2
8.743719e-01	1.434613e+00	4.567796e+00	2.042837e+03	4.371821e+10	2.176317e+01	-2.212802e+08	5.000000e+03	2
8.793970e-01	1.442858e+00	4.586439e+00	2.021284e+03	4.141134e+10	2.160424e+01	-2.201155e+08	5.000000e+03	2
8.844221e-01	1.451103e+00	4.605110e+00	1.999938e+03	3.917633e+10	2.144932e+01	-2.189594e+08	5.000000e+03	2
8.894472e-01	1.459348e+00	4.623782e+00	1.978615e+03	3.695008e+10	2.129489e+01	-2.178117e+08	5.000000e+03	2
8.944724e-01	1.467593e+00	4.642475e+00	1.957483e+03	3.479399e+10	2.114431e+01	-2.166724e+08	5.000000e+03	2
8.994975e-01	1.475838e+00	4.661168e+00	1.936370e+03	3.264561e+10	2.099416e+01	-2.155414e+08	5.000000e+03	2
9.045226e-01	1.484083e+00	4.679873e+00	1.915430e+03	3.056580e+10	2.084772e+01	-2.144184e+08	5.000000e+03	2
9.095477e-01	1.492328e+00	4.698578e+00	1.894506e+03	2.849270e+10	2.070164e+01	-2.133035e+08	5.000000e+03	2
9.145729e-01	1.500572e+00	4.717285e+00	1.873737e+03	2.648667e+10	2.055913e+01	-2.121963e+08	5.000000e+03	2
9.195980e-01	1.508817e+00	4.735991e+00	1.852980e+03	2.448642e+10	2.041691e+01	-2.110970e+08	5.000000e+03	2
9.246231e-01	1.517062e+00	4.754690e+00	1.832358e+03	2.255184e+10	2.027813e+01	-2.100055e+08	5.000000e+03	2
9.296482e-01	1.525307e+00	4.773387e+00	1.811745e+03	2.062216e+10	2.013960e+01	-2.089211e+08	5.000000e+03	2
9.346734e-01	1.533552e+00	4.792065e+00	1.791247e+03	1.875683e+10	2.000435e+01	-2.078449e+08	5.000000e+03	2
9.396985e-01	1.541797e+00	4.810742e+00	1.770755e+03	1.689559e+10	1.986932e+01	-2.067758e+08	5.000000e+03	2
9.447236e-01	1.550042e+00	4.829390e+00	1.750355e+03	1.509748e+10	1.973744e+01	-2.057140e+08	5.000000e+03	2
9.497487e-01	1.558287e+00	4.848006e+00	1.727349e+03	1.330531e+10	1.960561e+01	-2.046594e+08	5.000000e+03	2
9.547739e-01	1.566532e+00	4.866046e+00	1.655342e+03	1.162475e+10	1.947469e+01	-2.036119e+08	5.000000e+03	2
9.597990e-01	1.574777e+00	4.884036e+00	1.583207e+03	9.951076e+09	1.934371e+01	-2.025715e+08	5.000000e+03	2
9.648241e-01	1.583022e+00	4.900821e+00	1.508036e+03	8.440766e+09	1.921126e+01	-2.015385e+08	5.000000e+03	2
9.698492e-01	1.591266e+00	4.917563e+00	1.432668e+03	6.935775e+09	1.907875e+01	-2.005126e+08	5.000000e+03	2
9.748744e-01	1.599511e+00	4.932923e+00	1.350979e+03	5.601001e+09	1.894430e+01	-1.994941e+08	5.000000e+03	2
9.798995e-01	1.607756e+00	4.948248e+00	1.268953e+03	4.270099e+09	1.880980e+01	-1.984828e+08	5.000000e+03	2
9.849246e-01	1.616001e+00	4.961870e+00	1.170559e+03	3.127017e+09	1.867238e+01	-1.974789e+08	5.000000e+03	2
9.899497e-01	1.624246e+00	4.975479e+00	1.072792e+03	1.985453e+09	1.853496e+01	-1.964826e+08	5.000000e+03	2
9.949749e-01	1.632491e+00	4.987739e+00	1.036396e+03	9.927265e+08	1.839622e+01	-1.954937e+08	5.000000e+03	2
1.000000e+00	1.640736e+00	5.000000e+00	1.000000e+03	1.430511e-06	1.825748e+01	-1.945127e+08	3.000000e+02	2
